2013-06-01T11:00:00 0 0 0 0 0
2013-06-01T10:00:00 0 0 0 0 0
2013-06-01T09:00:00 0 0 0 0 0
2013-06-01T08:00:00 0 0 0 0 0
2013-06-01T07:00:00 0 0 0 0 0
2013-06-01T06:00:00 0 0 0 0 0
2013-06-05T04:00:00 0 0 0 0 0
2013-06-05T03:00:00 0 0 0 0 0
2013-06-05T02:00:00 0 0 0 0 0
2013-06-05T01:00:00 0 0 0 0 0
2013-06-05T00:00:00 0 0 0 0 0
2013-06-04T23:00:00 0 0 0 0 0
2013-06-09T13:00:00 0 0 0 0 0
2013-06-09T12:00:00 0 0 0 0 0
2013-06-09T11:00:00 0 0 0 0 0
2013-06-09T10:00:00 0 0 0 0 0
2013-06-09T09:00:00 0 0 0 0 0
2013-06-09T08:00:00 0 0 0 0 0
2013-06-13T22:00:00 0 0 0 0 0
2013-06-13T21:00:00 0 0 0 0 0
2013-06-13T20:00:00 0 0 0 0 0
2013-06-13T19:00:00 0 0 0 0 0
2013-06-14T23:00:00 0 0 0 0 0
2013-06-14T22:00:00 0 0 0 0 0
2013-06-14T21:00:00 0 0 0 0 0
2013-06-14T20:00:00 0 0 0 0 0
2013-06-14T19:00:00 0 0 0 0 0
2013-06-14T18:00:00 0 0 0 0 0
2013-06-17T10:00:00 0 0 0 0 0
2013-06-17T09:00:00 0 0 0 0 0
2013-06-17T08:00:00 0 0 0 0 0
2013-06-17T07:00:00 0 0 0 0 0
2013-06-17T06:00:00 0 0 0 0 0
2013-06-17T05:00:00 0 0 0 0 0
2013-06-27T13:00:00 0 0 0 0 0
2013-06-27T12:00:00 0 0 0 0 0
2013-06-27T11:00:00 0 0 0 0 0
2013-06-27T10:00:00 0 0 0 0 0
2013-06-27T09:00:00 0 0 0 0 0
2013-06-27T08:00:00 0 0 0 0 0
2013-06-29T19:00:00 0 0 0 0 0
2013-06-29T18:00:00 0 0 0 0 0
2013-06-29T17:00:00 0 0 0 0 0
2013-06-29T16:00:00 0 0 0 0 0
2013-06-29T15:00:00 0 0 0 0 0
2013-06-29T14:00:00 0 0 0 0 0
2013-07-20T09:00:00 0.329293369738 0.670706630261 0 2 2
2013-07-20T08:00:00 0.329293369738 0.670706630261 0 2 2
2013-07-20T07:00:00 0.316824939705 0.683175060295 0 1 1
2013-07-20T06:00:00 0 0 0 0 0
2013-07-20T05:00:00 0 0 0 0 0
2013-07-20T04:00:00 0.327645192126 0.672354807874 0 1 1
2013-07-28T07:00:00 0.246720391933 0.753279608067 0 1 1
2013-07-28T06:00:00 0 0 0 0 0
2013-07-28T05:00:00 0 0 0 0 0
2013-07-28T04:00:00 0.729984424857 0.270015575143 1 0 1
2013-07-28T03:00:00 0.524888812011 0.475111187989 1 1 2
2013-07-30T22:00:00 0 0 0 0 0
2013-07-30T21:00:00 0 0 0 0 0
2013-07-30T20:00:00 0 0 0 0 0
2013-07-30T19:00:00 0 0 0 0 0
2013-07-30T18:00:00 0 0 0 0 0
2013-08-17T09:00:00 0.248137656412 0.751862343588 0 2 2
2013-08-17T08:00:00 0.248137656412 0.751862343588 0 2 2
2013-08-17T07:00:00 0.346500182133 0.653499817867 0 1 1
2013-08-17T06:00:00 0 0 0 0 0
2013-08-17T05:00:00 0 0 0 0 0
2013-08-17T04:00:00 0 0 0 0 0
2013-09-13T09:00:00 0 0 0 0 0
2013-09-13T08:00:00 0 0 0 0 0
2013-09-13T07:00:00 0 0 0 0 0
2013-09-13T06:00:00 0 0 0 0 0
2013-09-13T05:00:00 0 0 0 0 0
2013-09-13T04:00:00 0 0 0 0 0
2013-09-20T05:00:00 0 0 0 0 0
2013-09-20T04:00:00 0 0 0 0 0
2013-09-20T03:00:00 0 0 0 0 0
2013-09-20T02:00:00 0.29979312605 0.70020687395 0 1 1
2013-09-20T01:00:00 0.29979312605 0.70020687395 0 1 1
2013-09-20T00:00:00 0.29979312605 0.70020687395 0 1 1
2013-10-07T17:00:00 0.29940807059 0.70059192941 0 3 3
2013-10-07T16:00:00 0.315188122967 0.684811877033 0 5 5
2013-10-07T15:00:00 0.315188122967 0.684811877033 0 5 5
2013-10-07T14:00:00 0.417965632925 0.582034367075 1 3 4
2013-10-07T13:00:00 0.399766797637 0.600233202363 1 5 6
2013-10-07T12:00:00 0.516524072098 0.483475927902 3 4 7
2013-10-10T17:00:00 0.391065642269 0.608934357731 1 4 5
2013-10-10T16:00:00 0.391065642269 0.608934357731 1 4 5
2013-10-10T15:00:00 0.391065642269 0.608934357731 1 4 5
2013-10-10T14:00:00 0.391065642269 0.608934357731 1 4 5
2013-10-10T13:00:00 0.473696682949 0.526303317051 1 2 3
2013-10-10T12:00:00 0.310293206406 0.689706793594 0 1 1
2013-10-19T18:00:00 0.260766645148 0.739233354852 0 19 19
2013-10-19T17:00:00 0.286089589964 0.713910410036 1 21 22
2013-10-19T16:00:00 0.284794603561 0.715205396439 1 20 21
2013-10-19T15:00:00 0.296363755344 0.703636244656 1 15 16
2013-10-19T14:00:00 0.314432485326 0.685567514674 1 12 13
2013-10-19T13:00:00 0.318102555681 0.681897444319 1 11 12
2013-10-22T19:00:00 0.0 0.0 0 0 0
2013-10-22T18:00:00 0.0 0.0 0 0 0
2013-10-22T17:00:00 0.398092203687 0.601907796313 0 1 1
2013-10-22T16:00:00 0.398092203687 0.601907796313 0 1 1
2013-10-29T17:00:00 0.433643806197 0.566356193802 1 1 2
2013-10-29T16:00:00 0.433643806197 0.566356193802 1 1 2
2013-10-29T15:00:00 0.433643806197 0.566356193802 1 1 2
2013-10-29T14:00:00 0.250746005998 0.749253994001 0 2 2
2013-10-29T13:00:00 0.268878968218 0.731121031782 0 2 2
2013-10-29T12:00:00 0.3116462757 0.6883537243 0 3 3
2013-11-09T19:00:00 0.284446585803 0.715553414197 0 4 4
2013-11-09T18:00:00 0.355985675902 0.644014324098 1 4 5
2013-11-09T17:00:00 0.427019939542 0.572980060458 2 2 4
2013-11-09T16:00:00 0.52805898661 0.47194101339 3 1 4
2013-11-09T15:00:00 0.622786498885 0.377213501115 3 0 3
2013-11-09T14:00:00 0.592634339751 0.407365660249 4 1 5
2013-11-14T16:00:00 0.304707375711 0.695292624289 2 11 13
2013-11-14T15:00:00 0.332527635362 0.667472364638 4 11 15
2013-11-14T14:00:00 0.326536011566 0.673463988434 3 13 16
2013-11-14T13:00:00 0.385585350624 0.614414649376 6 13 19
2013-11-14T12:00:00 0.397367458309 0.602632541691 6 12 18
2013-11-14T11:00:00 0.461531821797 0.538468178203 6 8 14
2013-11-24T17:00:00 0.620617382706 0.379382617294 5 2 7
2013-11-24T16:00:00 0.659299942569 0.340700057431 6 1 7
2013-11-24T15:00:00 0.565939980769 0.434060019231 8 5 13
2013-11-24T14:00:00 0.546572949041 0.453427050959 6 5 11
2013-11-24T13:00:00 0.567395042209 0.432604957791 7 5 12
2013-11-24T12:00:00 0.584422062083 0.415577937917 8 5 13
2013-12-09T06:00:00 0.693429924292 0.306570075709 2 0 2
2013-12-09T05:00:00 0.526710066448 0.473289933552 7 4 11
2013-12-09T04:00:00 0.600919151988 0.399080848012 14 4 18
2013-12-09T03:00:00 0.57631024147 0.42368975853 20 10 30
2013-12-09T02:00:00 0.547699224491 0.452300775509 26 17 43
2013-12-09T01:00:00 0.559246130295 0.440753869705 36 21 57
2013-12-26T04:00:00 0.56043050797 0.43956949203 11 6 17
2013-12-26T03:00:00 0.569459571693 0.430540428307 17 9 26
2013-12-26T02:00:00 0.550337809901 0.449662190099 24 16 40
2013-12-26T01:00:00 0.555789229474 0.444210770526 32 18 50
2013-12-26T00:00:00 0.549792268186 0.450207731814 32 19 51
2013-12-25T23:00:00 0.561097943506 0.438902056494 34 18 52
2014-01-03T01:00:00 0.586506576517 0.413493423483 7 3 10
2014-01-03T00:00:00 0.620014811843 0.379985188157 8 2 10
2014-01-02T23:00:00 0.67003493899 0.32996506101 7 1 8
2014-01-02T22:00:00 0.731431192438 0.268568807562 5 0 5
2014-01-02T21:00:00 0.711853725646 0.288146274354 5 0 5
2014-01-02T20:00:00 0.633857513002 0.366142486998 5 1 6
2014-01-05T05:00:00 0.499776393421 0.500223606579 3 2 5
2014-01-05T04:00:00 0.578326854568 0.421673145432 6 2 8
2014-01-05T03:00:00 0.581681633407 0.418318366593 7 2 9
2014-01-05T02:00:00 0.581681633407 0.418318366593 7 2 9
2014-01-05T01:00:00 0.581681633407 0.418318366593 7 2 9
2014-01-05T00:00:00 0.60271700213 0.39728299787 8 2 10
2014-01-11T22:00:00 0.53994548078 0.46005451922 3 2 5
2014-01-11T21:00:00 0.423416434322 0.576583565678 2 3 5
2014-01-11T20:00:00 0.423416434322 0.576583565678 2 3 5
2014-01-11T19:00:00 0.306959358966 0.693040641034 1 6 7
2014-01-11T18:00:00 0.236440026375 0.763559973625 0 5 5
2014-01-11T17:00:00 0.248514269547 0.751485730453 1 8 9
2014-01-14T01:00:00 0.658683854309 0.341316145691 9 2 11
2014-01-14T00:00:00 0.645802560321 0.354197439679 10 2 12
2014-01-13T23:00:00 0.673571836892 0.326428163108 10 1 11
2014-01-13T22:00:00 0.702120641914 0.297879358086 9 0 9
2014-01-13T21:00:00 0.641450155402 0.358549844598 6 1 7
2014-01-13T20:00:00 0.646371235114 0.353628764886 5 1 6
2014-01-17T05:00:00 0.628274245792 0.371725754208 7 2 9
2014-01-17T04:00:00 0.629224220019 0.370775779981 11 3 14
2014-01-17T03:00:00 0.665186952906 0.334813047094 17 3 20
2014-01-17T02:00:00 0.684562261946 0.315437738054 22 3 25
2014-01-17T01:00:00 0.68000231577 0.31999768423 23 5 28
2014-01-17T00:00:00 0.696215021232 0.303784978768 25 4 29
2014-01-18T00:00:00 0.641884723337 0.358115276663 25 6 31
2014-01-17T23:00:00 0.635428873252 0.364571126748 22 5 27
2014-01-17T22:00:00 0.578812372993 0.421187627007 20 9 29
2014-01-17T21:00:00 0.592603955922 0.407396044078 16 7 23
2014-01-17T20:00:00 0.4909838863 0.5090161137 7 7 14
2014-01-17T19:00:00 0.473551323215 0.526448676785 6 7 13
2014-01-19T21:00:00 0.556222351499 0.443777648501 6 3 9
2014-01-19T20:00:00 0.532754416773 0.467245583227 4 2 6
2014-01-19T19:00:00 0.641556545797 0.358443454203 6 1 7
2014-01-19T18:00:00 0.636831275466 0.363168724534 5 1 6
2014-01-19T17:00:00 0.63405541298 0.36594458702 7 1 8
2014-01-19T16:00:00 0.631028968856 0.368971031144 6 1 7
2014-01-24T13:00:00 0.631213011142 0.368786988858 14 2 16
2014-01-24T12:00:00 0.641309905122 0.358690094878 14 2 16
2014-01-24T11:00:00 0.64648051275 0.35351948725 15 2 17
2014-01-24T10:00:00 0.638738201872 0.361261798128 12 3 15
2014-01-24T09:00:00 0.619259875823 0.380740124178 11 3 14
2014-01-24T08:00:00 0.649845467438 0.350154532562 7 2 9
2014-01-30T02:00:00 0.61751297727 0.38248702273 2 1 3
2014-01-30T01:00:00 0.654367188921 0.345632811079 4 1 5
2014-01-30T00:00:00 0.63478822947 0.36521177053 4 1 5
2014-01-29T23:00:00 0.629937300793 0.370062699207 5 1 6
2014-01-29T22:00:00 0.681599360341 0.318400639659 5 0 5
2014-01-29T21:00:00 0.664670479458 0.335329520542 5 0 5
2014-01-31T07:00:00 0.715793294417 0.284206705583 3 0 3
2014-01-31T06:00:00 0.683899462021 0.316100537979 9 0 9
2014-01-31T05:00:00 0.673154554355 0.326845445645 13 0 13
2014-01-31T04:00:00 0.681966803133 0.318033196867 14 0 14
2014-01-31T03:00:00 0.681966803133 0.318033196867 14 0 14
2014-01-31T02:00:00 0.657308305771 0.342691694228 15 1 16
2014-02-02T09:00:00 0.5963045885 0.4036954115 5 2 7
2014-02-02T08:00:00 0.663794446979 0.336205553021 4 1 5
2014-02-02T07:00:00 0.364799722238 0.635200277762 0 2 2
2014-02-02T06:00:00 0.43940017288 0.56059982712 2 3 5
2014-02-02T05:00:00 0.451438607467 0.548561392533 2 2 4
2014-02-02T04:00:00 0.507992818427 0.492007181573 3 2 5
2014-02-06T13:00:00 0.576054513018 0.423945486982 4 2 6
2014-02-06T12:00:00 0.59564719259 0.40435280741 5 2 7
2014-02-06T11:00:00 0.59564719259 0.40435280741 5 2 7
2014-02-06T10:00:00 0.611366409532 0.388633590468 6 2 8
2014-02-06T09:00:00 0.66164877828 0.33835122172 5 1 6
2014-02-06T08:00:00 0.592121999307 0.407878000693 2 1 3
2014-02-12T07:00:00 0.341761799772 0.658238200228 0 1 1
2014-02-12T06:00:00 0.773334392211 0.226665607789 1 0 1
2014-02-12T05:00:00 0.458519388439 0.541480611561 1 2 3
2014-02-12T04:00:00 0.534170961367 0.465829038633 2 2 4
2014-02-12T03:00:00 0.471572835213 0.528427164787 3 5 8
2014-02-12T02:00:00 0.471572835213 0.528427164787 3 5 8
2014-02-17T04:00:00 0.657618411106 0.342381588894 16 2 18
2014-02-17T03:00:00 0.629825820895 0.370174179105 19 4 23
2014-02-17T02:00:00 0.60117371473 0.39882628527 20 7 27
2014-02-17T01:00:00 0.594201326488 0.405798673512 22 8 30
2014-02-17T00:00:00 0.582966253706 0.417033746294 20 8 28
2014-02-16T23:00:00 0.572935121474 0.427064878526 23 10 33
2014-03-04T04:00:00 0.617499472819 0.382500527181 9 2 11
2014-03-04T03:00:00 0.621722809658 0.378277190342 16 4 20
2014-03-04T02:00:00 0.627406472066 0.372593527934 19 4 23
2014-03-04T01:00:00 0.619572270652 0.380427729348 20 5 25
2014-03-04T00:00:00 0.571507125311 0.428492874689 19 9 28
2014-03-03T23:00:00 0.559511582631 0.440488417369 20 10 30
2014-03-11T19:00:00 0.588441240763 0.411558759237 13 4 17
2014-03-11T18:00:00 0.617284863281 0.382715136719 12 2 14
2014-03-11T17:00:00 0.652742762925 0.347257237075 14 2 16
2014-03-11T16:00:00 0.635926126911 0.364073873089 15 3 18
2014-03-11T15:00:00 0.637811706782 0.362188293218 19 4 23
2014-03-11T14:00:00 0.633921443548 0.366078556452 22 4 26
2014-03-16T06:00:00 0.644378061995 0.355621938005 1 0 1
2014-03-16T05:00:00 0.3878420881 0.6121579119 0 1 1
2014-03-16T04:00:00 0.445996879102 0.554003120898 1 2 3
2014-03-16T03:00:00 0.489593569005 0.510406430995 2 2 4
2014-03-16T02:00:00 0.477601428185 0.522398571815 3 3 6
2014-03-16T01:00:00 0.493143333994 0.506856666006 5 5 10
2014-03-28T11:00:00 0.558677340233 0.441322659767 17 8 25
2014-03-28T10:00:00 0.546358731468 0.453641268532 14 8 22
2014-03-28T09:00:00 0.541784535673 0.458215464327 13 7 20
2014-03-28T08:00:00 0.593696099694 0.406303900306 8 2 10
2014-03-28T07:00:00 0.637298149495 0.362701850505 6 1 7
2014-03-28T06:00:00 0.61190551386 0.38809448614 13 2 15
2014-03-29T01:00:00 0.506936448067 0.493063551933 4 4 8
2014-03-29T00:00:00 0.460808415634 0.539191584366 3 5 8
2014-03-28T23:00:00 0.471876752143 0.528123247857 3 4 7
2014-03-28T22:00:00 0.488474056665 0.511525943335 4 4 8
2014-03-28T21:00:00 0.421773472268 0.578226527732 4 8 12
2014-03-28T20:00:00 0.404056865275 0.595943134725 3 8 11
2014-04-01T14:00:00 0.559850276333 0.440149723667 32 16 48
2014-04-01T13:00:00 0.564101792328 0.435898207672 34 16 50
2014-04-01T12:00:00 0.572126413975 0.427873586025 32 14 46
2014-04-01T11:00:00 0.5690726405 0.4309273595 28 13 41
2014-04-01T10:00:00 0.582503185038 0.417496814962 24 10 34
2014-04-01T09:00:00 0.610827832456 0.389172167544 21 6 27
2014-04-15T08:00:00 0.561914343632 0.438085656368 10 6 16
2014-04-15T07:00:00 0.588541718509 0.411458281491 7 3 10
2014-04-15T06:00:00 0.616835337391 0.383164662609 4 1 5
2014-04-15T05:00:00 0.61716281893 0.38283718107 4 1 5
2014-04-15T04:00:00 0.568187211812 0.431812788188 7 3 10
2014-04-15T03:00:00 0.608753216196 0.391246783804 11 3 14
2014-04-23T19:00:00 0.592092671705 0.407907328295 9 3 12
2014-04-23T18:00:00 0.598580650447 0.401419349553 11 2 13
2014-04-23T17:00:00 0.619864747159 0.380135252841 11 1 12
2014-04-23T16:00:00 0.660499793078 0.339500206922 10 0 10
2014-04-23T15:00:00 0.619082210933 0.380917789067 7 1 8
2014-04-23T14:00:00 0.591161587573 0.408838412427 7 2 9
2014-04-25T22:00:00 0.262655964971 0.737344035029 0 2 2
2014-04-25T21:00:00 0.446117913838 0.553882086162 1 2 3
2014-04-25T20:00:00 0.515400220054 0.484599779946 2 2 4
2014-04-25T19:00:00 0.456459839569 0.543540160431 3 4 7
2014-04-25T18:00:00 0.456459839569 0.543540160431 3 4 7
2014-04-25T17:00:00 0.456459839569 0.543540160431 3 4 7
2014-05-07T07:00:00 0 0 0 0 0
2014-05-07T06:00:00 0 0 0 0 0
2014-05-07T05:00:00 0 0 0 0 0
2014-05-07T04:00:00 0 0 0 0 0
2014-05-07T03:00:00 0 0 0 0 0
2014-05-07T02:00:00 0 0 0 0 0
2014-05-16T00:00:00 0.0 0.0 0 0 0
2014-05-15T23:00:00 0.0 0.0 0 0 0
2014-05-15T22:00:00 0.0 0.0 0 0 0
2014-05-15T21:00:00 0.0 0.0 0 0 0
2014-05-15T20:00:00 0 0 0 0 0
2014-05-15T19:00:00 0 0 0 0 0
2014-05-19T00:00:00 0.284609713422 0.715390286578 0 1 1
2014-05-18T23:00:00 0.284609713422 0.715390286578 0 1 1
2014-05-18T22:00:00 0.284609713422 0.715390286578 0 1 1
2014-05-18T21:00:00 0.338922157908 0.661077842092 0 2 2
2014-05-18T20:00:00 0.393234602395 0.606765397605 0 1 1
2014-05-18T19:00:00 0.393234602395 0.606765397605 0 1 1
2014-05-20T06:00:00 0.0 0.0 0 0 0
2014-05-20T05:00:00 0.0 0.0 0 0 0
2014-05-20T04:00:00 0.0 0.0 0 0 0
2014-05-20T03:00:00 0.0 0.0 0 0 0
2014-05-20T02:00:00 0.0 0.0 0 0 0
2014-05-20T01:00:00 0.0 0.0 0 0 0
2014-05-22T14:00:00 0.489547152136 0.510452847864 6 7 13
2014-05-22T13:00:00 0.477309956548 0.522690043452 6 9 15
2014-05-22T12:00:00 0.46247447225 0.53752552775 6 12 18
2014-05-22T11:00:00 0.436048659114 0.563951340886 4 12 16
2014-05-22T10:00:00 0.396913081778 0.603086918222 2 12 14
2014-05-22T09:00:00 0.380698103686 0.619301896314 1 12 13
2014-05-25T11:00:00 0.710328571824 0.289671428176 1 0 1
2014-05-25T10:00:00 0.710328571824 0.289671428176 1 0 1
2014-05-25T09:00:00 0.710328571824 0.289671428176 1 0 1
2014-05-25T08:00:00 0.710328571824 0.289671428176 1 0 1
2014-05-25T07:00:00 0.710328571824 0.289671428176 1 0 1
2014-05-25T06:00:00 0 0 0 0 0
2014-05-30T18:00:00 0.255488429945 0.744511570055 0 3 3
2014-05-30T17:00:00 0.255488429945 0.744511570055 0 3 3
2014-05-30T16:00:00 0.321503946214 0.678496053786 0 4 4
2014-05-30T15:00:00 0.321503946214 0.678496053786 0 4 4
2014-05-31T23:00:00 0.498127816592 0.501872183408 3 3 6
2014-05-31T22:00:00 0.498127816592 0.501872183408 3 3 6
2014-05-31T21:00:00 0.612701584816 0.387298415184 3 1 4
2014-05-31T20:00:00 0.511691888403 0.488308111597 2 2 4
2014-05-31T19:00:00 0.502847918919 0.497152081081 2 2 4
2014-05-31T18:00:00 0.431601397473 0.568398602527 1 3 4
2014-06-17T03:00:00 0.423359616328 0.576640383672 1 2 3
2014-06-17T02:00:00 0.481548764063 0.518451235937 2 2 4
2014-06-17T01:00:00 0.520070243138 0.479929756862 3 2 5
2014-06-17T00:00:00 0.571676554397 0.428323445603 3 1 4
2014-06-16T23:00:00 0.62496533479 0.37503466521 3 1 4
2014-06-16T22:00:00 0.532562040034 0.467437959966 3 2 5
2014-06-17T17:00:00 0.578602327083 0.421397672917 2 1 3
2014-06-17T16:00:00 0.444734314574 0.555265685426 2 3 5
2014-06-17T15:00:00 0.375406733316 0.624593266684 1 3 4
2014-06-17T14:00:00 0.369222316037 0.630777683963 1 4 5
2014-07-05T11:00:00 0.369486763145 0.630513236855 0 1 1
2014-07-05T10:00:00 0.0 0.0 0 0 0
2014-07-05T09:00:00 0.0 0.0 0 0 0
2014-07-05T08:00:00 0.0 0.0 0 0 0
2014-07-05T07:00:00 0 0 0 0 0
2014-07-05T06:00:00 0 0 0 0 0
2014-07-19T00:00:00 0.417243789668 0.582756210332 1 1 2
2014-07-18T23:00:00 0.417243789668 0.582756210332 1 1 2
2014-07-18T22:00:00 0.548605102638 0.451394897362 3 1 4
2014-07-18T21:00:00 0.548605102638 0.451394897362 3 1 4
2014-07-18T20:00:00 0.679966415609 0.320033584391 2 0 2
2014-07-18T19:00:00 0.655205162876 0.344794837124 3 0 3
2014-07-29T12:00:00 0.292819124777 0.707180875222 0 2 2
2014-07-29T11:00:00 0.292819124777 0.707180875222 0 2 2
2014-07-29T10:00:00 0.453084702206 0.546915297794 1 2 3
2014-07-29T09:00:00 0.453084702206 0.546915297794 1 2 3
2014-07-29T08:00:00 0.453084702206 0.546915297794 1 2 3
2014-07-29T07:00:00 0.557688828417 0.442311171583 1 1 2
2014-08-09T11:00:00 0.37949297526 0.62050702474 0 1 1
2014-08-09T10:00:00 0.37949297526 0.62050702474 0 1 1
2014-08-09T09:00:00 0.0 0.0 0 0 0
2014-08-09T08:00:00 0.0 0.0 0 0 0
2014-08-21T21:00:00 0.434199848807 0.565800151193 2 3 5
2014-08-21T20:00:00 0.35886912721 0.64113087279 1 4 5
2014-08-21T19:00:00 0.335284482423 0.664715517577 1 5 6
2014-08-21T18:00:00 0.360225012579 0.639774987421 1 4 5
2014-08-21T17:00:00 0.360225012579 0.639774987421 1 4 5
2014-08-21T16:00:00 0.366556284741 0.633443715259 1 3 4
2014-08-23T22:00:00 0.278957027524 0.721042972476 1 9 10
2014-08-23T21:00:00 0.272938705877 0.727061294123 1 6 7
2014-08-23T20:00:00 0.272938705877 0.727061294123 1 6 7
2014-08-23T19:00:00 0.232348502808 0.767651497192 0 4 4
2014-08-30T23:00:00 0.471266422555 0.528733577445 2 3 5
2014-08-30T22:00:00 0.325453828446 0.674546171554 0 3 3
2014-08-30T21:00:00 0.320146209311 0.679853790689 0 1 1
2014-08-30T20:00:00 0.320146209311 0.679853790689 0 1 1
2014-08-30T19:00:00 0.462914433361 0.53708556664 1 1 2
2014-08-30T18:00:00 0.439025100418 0.560974899582 1 2 3
2014-09-01T15:00:00 0.391461465432 0.608538534568 0 1 1
2014-09-01T14:00:00 0.391461465432 0.608538534568 0 1 1
2014-09-01T13:00:00 0.488722866049 0.511277133951 1 2 3
2014-09-01T12:00:00 0.43444170008 0.56555829992 1 4 5
2014-09-01T11:00:00 0.480717602798 0.519282397202 2 4 6
2014-09-01T10:00:00 0.480717602798 0.519282397202 2 4 6
2014-09-07T22:00:00 0.259080734096 0.740919265904 0 2 2
2014-09-07T21:00:00 0.361784612513 0.638215387487 1 3 4
2014-09-07T20:00:00 0.336246208379 0.663753791621 1 5 6
2014-09-07T19:00:00 0.413592862195 0.586407137805 3 7 10
2014-09-07T18:00:00 0.417571323677 0.582428676323 4 8 12
2014-09-07T17:00:00 0.393331629531 0.606668370469 4 9 13
2014-09-21T05:00:00 0.628356341612 0.371643658388 2 1 3
2014-09-21T04:00:00 0.539164893988 0.460835106012 2 2 4
2014-09-21T03:00:00 0.539164893988 0.460835106012 2 2 4
2014-09-21T02:00:00 0.539164893988 0.460835106012 2 2 4
2014-09-21T01:00:00 0.570305934262 0.429694065738 3 2 5
2014-09-21T00:00:00 0.605547306979 0.394452693021 3 1 4
2014-09-25T23:00:00 0.275446453776 0.724553546224 0 2 2
2014-09-25T22:00:00 0.275446453776 0.724553546224 0 2 2
2014-09-25T21:00:00 0.0 0.0 0 0 0
2014-09-25T20:00:00 0.0 0.0 0 0 0
2014-09-25T19:00:00 0.395157651478 0.604842348522 0 1 1
2014-09-25T18:00:00 0.520386134753 0.479613865247 2 2 4
2014-09-26T23:00:00 0.566196524869 0.433803475131 5 2 7
2014-09-26T22:00:00 0.632768519274 0.367231480726 6 1 7
2014-09-26T21:00:00 0.670906067824 0.329093932176 5 0 5
2014-09-26T20:00:00 0.608156971051 0.391843028949 4 1 5
2014-09-26T19:00:00 0.605105809308 0.394894190692 4 1 5
2014-09-26T18:00:00 0.547803934493 0.452196065507 2 1 3
2014-10-04T00:00:00 0.402785051456 0.597214948544 3 9 12
2014-10-03T23:00:00 0.391687783191 0.608312216809 3 10 13
2014-10-03T22:00:00 0.392344039244 0.607655960756 4 11 15
2014-10-03T21:00:00 0.440770948383 0.559229051617 5 9 14
2014-10-03T20:00:00 0.416751540442 0.583248459558 4 8 12
2014-10-03T19:00:00 0.388267214449 0.611732785551 4 10 14
2014-10-11T18:00:00 0.596247801642 0.403752198358 193 45 238
2014-10-11T17:00:00 0.604916737324 0.395083262676 218 47 265
2014-10-11T16:00:00 0.619321672076 0.380678327924 270 45 315
2014-10-11T15:00:00 0.624202636355 0.375797363645 346 56 402
2014-10-11T14:00:00 0.624523500129 0.375476499871 438 66 504
2014-10-11T13:00:00 0.63059032621 0.36940967379 484 70 554
2014-10-18T04:00:00 0.700260718047 0.299739281953 7 0 7
2014-10-18T03:00:00 0.66937437084 0.33062562916 10 1 11
2014-10-18T02:00:00 0.662833241306 0.337166758694 14 1 15
2014-10-18T01:00:00 0.655990909369 0.344009090631 17 1 18
2014-10-18T00:00:00 0.647336406433 0.352663593567 20 1 21
2014-10-17T23:00:00 0.615482066608 0.384517933392 17 2 19
2014-10-20T23:00:00 0.624808942069 0.375191057931 33 8 41
2014-10-20T22:00:00 0.62195906174 0.37804093826 32 8 40
2014-10-20T21:00:00 0.616209691532 0.383790308468 32 8 40
2014-10-20T20:00:00 0.635912951761 0.364087048239 34 7 41
2014-10-26T04:00:00 0.645195847138 0.354804152862 48 3 51
2014-10-26T03:00:00 0.64315230125 0.35684769875 67 5 72
2014-10-26T02:00:00 0.644863130475 0.355136869525 71 6 77
2014-10-26T01:00:00 0.63363422949 0.36636577051 74 9 83
2014-10-26T00:00:00 0.635130660995 0.364869339005 68 8 76
2014-10-25T23:00:00 0.623849910684 0.376150089316 59 11 70
