2013-06-01T04:00:00 0 0 0 0 0
2013-06-01T03:00:00 0 0 0 0 0
2013-06-01T02:00:00 0 0 0 0 0
2013-06-01T01:00:00 0 0 0 0 0
2013-06-01T00:00:00 0 0 0 0 0
2013-05-31T23:00:00 0 0 0 0 0
2013-06-02T14:00:00 0 0 0 0 0
2013-06-02T13:00:00 0 0 0 0 0
2013-06-02T12:00:00 0 0 0 0 0
2013-06-02T11:00:00 0 0 0 0 0
2013-06-02T10:00:00 0 0 0 0 0
2013-06-02T09:00:00 0 0 0 0 0
2013-06-05T20:00:00 0 0 0 0 0
2013-06-05T19:00:00 0 0 0 0 0
2013-06-05T18:00:00 0 0 0 0 0
2013-06-05T17:00:00 0 0 0 0 0
2013-06-05T16:00:00 0 0 0 0 0
2013-06-05T15:00:00 0 0 0 0 0
2013-06-14T16:00:00 0 0 0 0 0
2013-06-14T15:00:00 0 0 0 0 0
2013-06-14T14:00:00 0 0 0 0 0
2013-06-14T13:00:00 0 0 0 0 0
2013-06-14T12:00:00 0 0 0 0 0
2013-06-14T11:00:00 0 0 0 0 0
2013-06-15T17:00:00 0 0 0 0 0
2013-06-15T16:00:00 0 0 0 0 0
2013-06-15T15:00:00 0 0 0 0 0
2013-06-15T14:00:00 0 0 0 0 0
2013-06-15T13:00:00 0 0 0 0 0
2013-06-15T12:00:00 0 0 0 0 0
2013-06-26T01:00:00 0 0 0 0 0
2013-06-26T00:00:00 0 0 0 0 0
2013-06-25T23:00:00 0 0 0 0 0
2013-06-25T22:00:00 0 0 0 0 0
2013-06-25T21:00:00 0 0 0 0 0
2013-06-25T20:00:00 0 0 0 0 0
2013-06-28T05:00:00 0 0 0 0 0
2013-06-28T04:00:00 0 0 0 0 0
2013-06-28T03:00:00 0 0 0 0 0
2013-06-28T02:00:00 0 0 0 0 0
2013-06-28T01:00:00 0 0 0 0 0
2013-06-28T00:00:00 0 0 0 0 0
2013-06-30T01:00:00 0 0 0 0 0
2013-06-30T00:00:00 0 0 0 0 0
2013-06-29T23:00:00 0 0 0 0 0
2013-06-29T22:00:00 0 0 0 0 0
2013-06-29T21:00:00 0 0 0 0 0
2013-06-29T20:00:00 0 0 0 0 0
2013-07-18T14:00:00 0.0 0.0 0 0 0
2013-07-18T13:00:00 0.0 0.0 0 0 0
2013-07-18T12:00:00 0.0 0.0 0 0 0
2013-07-18T11:00:00 0.0 0.0 0 0 0
2013-07-18T10:00:00 0.0 0.0 0 0 0
2013-07-18T09:00:00 0.0 0.0 0 0 0
2013-08-15T21:00:00 0.0 0.0 0 0 0
2013-08-15T20:00:00 0 0 0 0 0
2013-08-15T19:00:00 0 0 0 0 0
2013-08-15T18:00:00 0 0 0 0 0
2013-08-15T17:00:00 0.0 0.0 0 0 0
2013-08-15T16:00:00 0.0 0.0 0 0 0
2013-09-12T15:00:00 0.769329283988 0.230670716012 1 0 1
2013-09-12T14:00:00 0.769329283988 0.230670716012 1 0 1
2013-09-12T13:00:00 0.769329283988 0.230670716012 1 0 1
2013-09-12T12:00:00 0.563041779956 0.436958220045 1 1 2
2013-09-12T11:00:00 0.563041779956 0.436958220045 1 1 2
2013-09-12T10:00:00 0.563041779956 0.436958220045 1 1 2
2013-09-19T22:00:00 0.247281161446 0.752718838554 0 3 3
2013-09-19T21:00:00 0.24642998353 0.753570016469 0 4 4
2013-09-19T20:00:00 0.228642269357 0.771357730643 0 3 3
2013-09-19T19:00:00 0.228642269357 0.771357730643 0 3 3
2013-09-19T18:00:00 0.228642269357 0.771357730643 0 3 3
2013-09-19T17:00:00 0.291735754142 0.708264245858 0 2 2
2013-09-27T17:00:00 0.251402556754 0.748597443246 0 2 2
2013-09-27T16:00:00 0.251402556754 0.748597443246 0 2 2
2013-09-27T15:00:00 0.246338253575 0.753661746425 0 2 2
2013-09-27T14:00:00 0.246338253575 0.753661746425 0 2 2
2013-09-27T13:00:00 0.246338253575 0.753661746425 0 2 2
2013-09-27T12:00:00 0.246338253575 0.753661746425 0 2 2
2013-10-04T21:00:00 0.32657094984 0.67342905016 0 7 7
2013-10-04T20:00:00 0.383443636441 0.616556363559 1 7 8
2013-10-04T19:00:00 0.380996786413 0.619003213587 1 7 8
2013-10-04T18:00:00 0.394679848761 0.605320151239 1 5 6
2013-10-04T17:00:00 0.474149465576 0.525850534424 2 4 6
2013-10-04T16:00:00 0.643832405089 0.356167594911 2 1 3
2013-10-09T19:00:00 0.679070286239 0.320929713761 2 0 2
2013-10-09T18:00:00 0.679070286239 0.320929713761 2 0 2
2013-10-09T17:00:00 0.704177124741 0.295822875259 1 0 1
2013-10-09T16:00:00 0 0 0 0 0
2013-10-09T15:00:00 0 0 0 0 0
2013-10-09T14:00:00 0 0 0 0 0
2013-10-27T14:00:00 0.206760854744 0.793239145256 0 1 1
2013-10-27T13:00:00 0.206760854744 0.793239145256 0 1 1
2013-10-27T12:00:00 0 0 0 0 0
2013-10-27T11:00:00 0 0 0 0 0
2013-10-27T10:00:00 0 0 0 0 0
2013-10-27T09:00:00 0 0 0 0 0
2013-10-31T12:00:00 0 0 0 0 0
2013-10-31T11:00:00 0 0 0 0 0
2013-10-31T10:00:00 0 0 0 0 0
2013-10-31T09:00:00 0 0 0 0 0
2013-10-31T08:00:00 0 0 0 0 0
2013-10-31T07:00:00 0 0 0 0 0
2013-11-08T20:00:00 0.578458496794 0.421541503206 2 1 3
2013-11-08T19:00:00 0.578458496794 0.421541503206 2 1 3
2013-11-08T18:00:00 0.488272389817 0.511727610183 1 1 2
2013-11-08T17:00:00 0.488272389817 0.511727610183 1 1 2
2013-11-08T16:00:00 0 0 0 0 0
2013-11-08T15:00:00 0.45463741448 0.54536258552 1 1 2
2013-11-13T17:00:00 0.604531852303 0.395468147697 4 1 5
2013-11-13T16:00:00 0.680919538962 0.319080461038 3 0 3
2013-11-13T15:00:00 0.694186677166 0.305813322834 5 0 5
2013-11-13T14:00:00 0.711022488306 0.288977511694 5 0 5
2013-11-13T13:00:00 0.709927846166 0.290072153834 6 0 6
2013-11-13T12:00:00 0.661568044725 0.338431955275 6 1 7
2013-11-22T18:00:00 0.585461853484 0.414538146516 19 4 23
2013-11-22T17:00:00 0.511573626839 0.488426373161 13 7 20
2013-11-22T16:00:00 0.519796953206 0.480203046794 15 8 23
2013-11-22T15:00:00 0.556675994959 0.443324005041 19 7 26
2013-11-22T14:00:00 0.567371569777 0.432628430223 25 9 34
2013-11-22T13:00:00 0.587784104521 0.412215895479 29 9 38
2013-12-06T21:00:00 0.650438320506 0.349561679494 16 3 19
2013-12-06T20:00:00 0.631058576219 0.368941423781 15 4 19
2013-12-06T19:00:00 0.653511252052 0.346488747948 15 3 18
2013-12-06T18:00:00 0.591868807221 0.408131192779 14 6 20
2013-12-06T17:00:00 0.583865107355 0.416134892645 13 6 19
2013-12-06T16:00:00 0.610896332578 0.389103667422 13 4 17
2013-12-22T18:00:00 0.619508516391 0.380491483609 9 2 11
2013-12-22T17:00:00 0.616365890179 0.383634109821 9 2 11
2013-12-22T16:00:00 0.588868626825 0.411131373175 7 3 10
2013-12-22T15:00:00 0.606302330187 0.393697669813 9 4 13
2013-12-22T14:00:00 0.621386690132 0.378613309868 11 4 15
2013-12-22T13:00:00 0.604032566444 0.395967433556 8 4 12
2014-01-04T11:00:00 0.545054656884 0.454945343116 3 2 5
2014-01-04T10:00:00 0.525351668318 0.474648331682 2 2 4
2014-01-04T09:00:00 0.525351668318 0.474648331682 2 2 4
2014-01-04T08:00:00 0.341761799772 0.658238200228 0 1 1
2014-01-04T07:00:00 0.341761799772 0.658238200228 0 1 1
2014-01-04T06:00:00 0 0 0 0 0
2014-01-05T22:00:00 0.460035596748 0.539964403252 3 4 7
2014-01-05T21:00:00 0.412834464031 0.587165535969 1 3 4
2014-01-05T20:00:00 0.381624833678 0.618375166322 1 5 6
2014-01-05T19:00:00 0.408562722701 0.591437277299 1 3 4
2014-01-05T18:00:00 0.366941251368 0.633058748632 1 4 5
2014-01-05T17:00:00 0.336782212855 0.663217787145 1 5 6
2014-01-11T15:00:00 0.323414394827 0.676585605173 2 10 12
2014-01-11T14:00:00 0.35936686248 0.64063313752 3 10 13
2014-01-11T13:00:00 0.383590082994 0.616409917006 3 7 10
2014-01-11T12:00:00 0.399113820018 0.600886179982 3 6 9
2014-01-11T11:00:00 0.507519217221 0.492480782779 2 3 5
2014-01-11T10:00:00 0.619578557372 0.380421442628 2 1 3
2014-01-17T17:00:00 0.44063765247 0.55936234753 4 7 11
2014-01-17T16:00:00 0.564825960723 0.435174039277 5 3 8
2014-01-17T15:00:00 0.503697854464 0.496302145536 5 5 10
2014-01-17T14:00:00 0.557887758991 0.442112241009 7 4 11
2014-01-17T13:00:00 0.58783714074 0.41216285926 10 4 14
2014-01-18T20:00:00 0.537658087967 0.462341912033 5 5 10
2014-01-18T19:00:00 0.497934792024 0.502065207976 6 6 12
2014-01-18T18:00:00 0.536617466564 0.463382533436 8 6 14
2014-01-18T17:00:00 0.491534567213 0.508465432787 6 7 13
2014-01-18T16:00:00 0.5171801102 0.4828198898 9 8 17
2014-01-18T15:00:00 0.57441132094 0.42558867906 13 8 21
2014-01-19T07:00:00 0.698668143612 0.301331856389 2 0 2
2014-01-19T06:00:00 0.698668143612 0.301331856389 2 0 2
2014-01-19T05:00:00 0.698668143612 0.301331856389 2 0 2
2014-01-19T04:00:00 0.707087093906 0.292912906094 3 0 3
2014-01-19T03:00:00 0.632331515334 0.367668484666 4 1 5
2014-01-22T16:00:00 0.380663223127 0.619336776873 1 4 5
2014-01-22T15:00:00 0.46993773904 0.53006226096 3 5 8
2014-01-22T14:00:00 0.533648505908 0.466351494092 5 5 10
2014-01-22T13:00:00 0.597663392639 0.402336607361 5 3 8
2014-01-22T12:00:00 0.608421700322 0.391578299678 4 2 6
2014-01-22T11:00:00 0.623390495994 0.376609504006 5 2 7
2014-01-27T08:00:00 0.0 0.0 0 0 0
2014-01-27T07:00:00 0.0 0.0 0 0 0
2014-01-27T06:00:00 0.615183238585 0.384816761415 1 0 1
2014-01-27T05:00:00 0.503214836559 0.496785163441 1 1 2
2014-01-27T04:00:00 0.503214836559 0.496785163441 1 1 2
2014-01-27T03:00:00 0.437957714837 0.562042285163 1 2 3
2014-01-29T12:00:00 0.633171038779 0.366828961221 7 1 8
2014-01-29T11:00:00 0.633171038779 0.366828961221 7 1 8
2014-01-29T10:00:00 0.627112747078 0.372887252922 4 1 5
2014-01-29T09:00:00 0.557364737677 0.442635262323 2 1 3
2014-01-29T08:00:00 0.557364737677 0.442635262323 2 1 3
2014-01-29T07:00:00 0 0 0 0 0
2014-01-30T19:00:00 0.357835747482 0.642164252518 1 5 6
2014-01-30T18:00:00 0.317838227559 0.682161772441 1 7 8
2014-01-30T17:00:00 0.298840614036 0.701159385964 1 10 11
2014-01-30T16:00:00 0.338418105478 0.661581894522 2 9 11
2014-01-30T15:00:00 0.338331951797 0.661668048203 2 10 12
2014-01-30T14:00:00 0.344525674175 0.655474325825 2 9 11
2014-01-31T16:00:00 0.808539566422 0.191460433578 1 0 1
2014-01-31T15:00:00 0.590973265902 0.409026734098 1 1 2
2014-01-31T14:00:00 0.586806610644 0.413193389356 5 2 7
2014-01-31T13:00:00 0.602551346678 0.397448653322 6 2 8
2014-01-31T12:00:00 0.573124458144 0.426875541856 5 2 7
2014-01-31T11:00:00 0.601894073122 0.398105926878 6 2 8
2014-02-05T21:00:00 0.441018146528 0.558981853472 2 3 5
2014-02-05T20:00:00 0.397271937492 0.602728062508 1 3 4
2014-02-05T19:00:00 0.451683464802 0.548316535198 2 2 4
2014-02-05T18:00:00 0.572776479477 0.427223520523 3 1 4
2014-02-05T17:00:00 0.556949217049 0.443050782951 2 1 3
2014-02-05T16:00:00 0.518882894758 0.481117105242 2 1 3
2014-02-11T17:00:00 0.3479072443 0.6520927557 1 6 7
2014-02-11T16:00:00 0.427877695878 0.572122304122 2 4 6
2014-02-11T15:00:00 0.36757753731 0.63242246269 1 5 6
2014-02-11T14:00:00 0.345308051366 0.654691948634 1 9 10
2014-02-11T13:00:00 0.377539205444 0.622460794556 3 11 14
2014-02-11T12:00:00 0.388781487771 0.611218512229 3 9 12
2014-02-12T17:00:00 0.42993308152 0.57006691848 3 4 7
2014-02-12T16:00:00 0.42993308152 0.57006691848 3 4 7
2014-02-12T15:00:00 0.386308542923 0.613691457077 2 4 6
2014-02-12T14:00:00 0.423634169181 0.576365830819 3 4 7
2014-02-12T13:00:00 0.516813965622 0.483186034378 6 4 10
2014-02-12T12:00:00 0.537619413634 0.462380586366 5 3 8
2014-02-19T21:00:00 0.274886370608 0.725113629392 1 19 20
2014-02-19T20:00:00 0.276335244159 0.723664755841 1 27 28
2014-02-19T19:00:00 0.286370914656 0.713629085344 2 34 36
2014-02-19T18:00:00 0.292160337344 0.707839662656 3 39 42
2014-02-19T17:00:00 0.300818449944 0.699181550056 4 36 40
2014-02-19T16:00:00 0.300093805751 0.699906194249 3 38 41
2014-03-10T18:00:00 0.54800430226 0.45199569774 4 2 6
2014-03-10T17:00:00 0.586393901275 0.413606098725 5 1 6
2014-03-10T16:00:00 0.522495138716 0.477504861284 5 3 8
2014-03-10T15:00:00 0.508267467746 0.491732532254 4 3 7
2014-03-10T14:00:00 0.520635085802 0.479364914198 5 3 8
2014-03-10T13:00:00 0.520635085802 0.479364914198 5 3 8
2014-03-16T15:00:00 0.441817074233 0.558182925767 4 8 12
2014-03-16T14:00:00 0.452068419375 0.547931580625 4 7 11
2014-03-16T13:00:00 0.477235930973 0.522764069027 5 8 13
2014-03-16T12:00:00 0.487790966887 0.512209033113 5 7 12
2014-03-16T11:00:00 0.509406770567 0.490593229433 6 6 12
2014-03-16T10:00:00 0.547202889051 0.452797110949 5 4 9
2014-03-28T18:00:00 0.457645094708 0.542354905292 5 8 13
2014-03-28T17:00:00 0.482791636662 0.517208363338 7 9 16
2014-03-28T16:00:00 0.524392001252 0.475607998748 10 8 18
2014-03-28T15:00:00 0.591860511717 0.408139488283 11 5 16
2014-03-28T14:00:00 0.568427389128 0.431572610872 18 9 27
2014-03-28T13:00:00 0.556416935101 0.443583064899 19 9 28
2014-04-17T22:00:00 0.45583626142 0.544163738581 1 1 2
2014-04-17T21:00:00 0.45583626142 0.544163738581 1 1 2
2014-04-17T20:00:00 0.694311264349 0.305688735651 1 0 1
2014-04-17T19:00:00 0.694311264349 0.305688735651 1 0 1
2014-04-17T18:00:00 0.694311264349 0.305688735651 1 0 1
2014-04-17T17:00:00 0.509846161616 0.490153838384 1 1 2
2014-04-23T07:00:00 0.683245667283 0.316754332717 1 0 1
2014-04-23T06:00:00 0 0 0 0 0
2014-04-23T05:00:00 0.0 0.0 0 0 0
2014-04-23T04:00:00 0.280361290456 0.719638709544 0 1 1
2014-04-23T03:00:00 0.262118870119 0.73788112988 0 2 2
2014-04-23T02:00:00 0.262118870119 0.73788112988 0 2 2
2014-05-01T02:00:00 0.471524453941 0.528475546059 1 1 2
2014-05-01T01:00:00 0.471524453941 0.528475546059 1 1 2
2014-05-01T00:00:00 0.471524453941 0.528475546059 1 1 2
2014-04-30T23:00:00 0.471524453941 0.528475546059 1 1 2
2014-04-30T22:00:00 0.471524453941 0.528475546059 1 1 2
2014-04-30T21:00:00 0.471524453941 0.528475546059 1 1 2
2014-05-07T00:00:00 0 0 0 0 0
2014-05-06T23:00:00 0 0 0 0 0
2014-05-06T22:00:00 0 0 0 0 0
2014-05-06T21:00:00 0 0 0 0 0
2014-05-06T20:00:00 0 0 0 0 0
2014-05-06T19:00:00 0 0 0 0 0
2014-05-15T13:00:00 0.326183102445 0.673816897555 0 6 6
2014-05-15T12:00:00 0.326183102445 0.673816897555 0 6 6
2014-05-15T11:00:00 0.311571297391 0.688428702609 0 5 5
2014-05-15T10:00:00 0.311571297391 0.688428702609 0 5 5
2014-05-15T09:00:00 0.0 0.0 0 0 0
2014-05-15T08:00:00 0.0 0.0 0 0 0
2014-05-18T17:00:00 0.393234602395 0.606765397605 0 1 1
2014-05-18T16:00:00 0.498499522495 0.501500477505 1 1 2
2014-05-18T15:00:00 0.603764442595 0.396235557405 1 0 1
2014-05-18T14:00:00 0.440988095794 0.559011904205 1 1 2
2014-05-18T13:00:00 0.440988095794 0.559011904205 1 1 2
2014-05-18T12:00:00 0.440988095794 0.559011904205 1 1 2
2014-05-19T11:00:00 0.0 0.0 0 0 0
2014-05-19T10:00:00 0.0 0.0 0 0 0
2014-05-19T09:00:00 0.0 0.0 0 0 0
2014-05-19T08:00:00 0.0 0.0 0 0 0
2014-05-19T07:00:00 0 0 0 0 0
2014-05-19T06:00:00 0 0 0 0 0
2014-05-21T14:00:00 0.361392286434 0.638607713566 2 23 25
2014-05-21T13:00:00 0.354967384048 0.645032615952 1 24 25
2014-05-21T12:00:00 0.345847863446 0.654152136554 0 26 26
2014-05-21T11:00:00 0.345847863446 0.654152136554 0 26 26
2014-05-21T10:00:00 0.345598778742 0.654401221258 0 25 25
2014-05-21T09:00:00 0.340510334084 0.659489665916 0 14 14
2014-05-25T04:00:00 0 0 0 0 0
2014-05-25T03:00:00 0 0 0 0 0
2014-05-25T02:00:00 0.0 0.0 0 0 0
2014-05-25T01:00:00 0.0 0.0 0 0 0
2014-05-25T00:00:00 0.396654427096 0.603345572904 0 1 1
2014-05-24T23:00:00 0.396654427096 0.603345572904 0 1 1
2014-07-07T09:00:00 0.164286564192 0.835713435808 0 1 1
2014-07-07T08:00:00 0 0 0 0 0
2014-07-07T07:00:00 0 0 0 0 0
2014-07-07T06:00:00 0 0 0 0 0
2014-07-07T05:00:00 0 0 0 0 0
2014-07-26T04:00:00 0.0 0.0 0 0 0
2014-07-26T03:00:00 0.0 0.0 0 0 0
2014-07-26T02:00:00 0.236547608912 0.763452391088 0 1 1
2014-07-26T01:00:00 0.236547608912 0.763452391088 0 1 1
2014-07-26T00:00:00 0.288044692489 0.711955307511 0 3 3
2014-07-25T23:00:00 0.288044692489 0.711955307511 0 3 3
2014-07-28T01:00:00 0.241299791672 0.758700208327 0 2 2
2014-07-28T00:00:00 0.241299791672 0.758700208327 0 2 2
2014-07-27T23:00:00 0.380144283557 0.619855716443 0 1 1
2014-07-27T22:00:00 0.380144283557 0.619855716443 0 1 1
2014-07-27T21:00:00 0.453050848271 0.546949151729 1 2 3
2014-07-27T20:00:00 0.439598668132 0.560401331868 1 3 4
2014-07-30T08:00:00 0 0 0 0 0
2014-07-30T07:00:00 0 0 0 0 0
2014-07-30T06:00:00 0 0 0 0 0
2014-07-30T05:00:00 0.495272259351 0.504727740649 1 1 2
2014-07-30T04:00:00 0.337847386106 0.662152613894 1 4 5
2014-07-30T03:00:00 0.328681061958 0.671318938042 1 5 6
2014-08-02T09:00:00 0 0 0 0 0
2014-08-02T08:00:00 0 0 0 0 0
2014-08-02T07:00:00 0 0 0 0 0
2014-08-02T06:00:00 0 0 0 0 0
2014-08-02T05:00:00 0 0 0 0 0
2014-08-21T01:00:00 0.488502085098 0.511497914902 8 7 15
2014-08-21T00:00:00 0.462966977253 0.537033022747 7 9 16
2014-08-20T23:00:00 0.412602829545 0.587397170455 6 11 17
2014-08-20T22:00:00 0.392467090864 0.607532909136 5 11 16
2014-08-20T21:00:00 0.384428165111 0.615571834889 4 13 17
2014-08-20T20:00:00 0.369303529964 0.630696470036 3 11 14
2014-08-30T03:00:00 0.360868929477 0.639131070523 0 1 1
2014-08-30T02:00:00 0.0 0.0 0 0 0
2014-08-30T01:00:00 0.0 0.0 0 0 0
2014-08-30T00:00:00 0.0 0.0 0 0 0
2014-08-29T23:00:00 0.0 0.0 0 0 0
2014-08-29T22:00:00 0.0 0.0 0 0 0
2014-09-01T09:00:00 0.498568830271 0.501431169729 2 3 5
2014-09-01T08:00:00 0.498568830271 0.501431169729 2 3 5
2014-09-01T07:00:00 0.472712339546 0.527287660454 1 2 3
2014-09-01T06:00:00 0.696402428729 0.303597571271 2 0 2
2014-09-01T05:00:00 0.476608486609 0.523391513391 1 1 2
2014-09-01T04:00:00 0.432484439841 0.567515560159 1 2 3
2014-09-05T19:00:00 0.371517752066 0.628482247934 2 4 6
2014-09-05T18:00:00 0.371517752066 0.628482247934 2 4 6
2014-09-05T17:00:00 0.491242793728 0.508757206272 3 2 5
2014-09-05T16:00:00 0.46751941516 0.53248058484 3 3 6
2014-09-05T15:00:00 0.398437794034 0.601562205966 1 3 4
2014-09-20T17:00:00 0.312612712144 0.687387287856 2 6 8
2014-09-20T16:00:00 0.376281122865 0.623718877135 3 5 8
2014-09-20T15:00:00 0.413128994955 0.586871005045 3 3 6
2014-09-20T14:00:00 0.402933681358 0.597066318642 3 4 7
2014-09-25T10:00:00 0.267496862149 0.732503137851 0 3 3
2014-09-25T09:00:00 0.267496862149 0.732503137851 0 3 3
2014-09-25T08:00:00 0.357868252363 0.642131747637 0 2 2
2014-09-25T07:00:00 0.324331335181 0.675668664819 0 1 1
2014-09-25T06:00:00 0.324331335181 0.675668664819 0 1 1
2014-09-25T05:00:00 0.324331335181 0.675668664819 0 1 1
2014-10-03T14:00:00 0.341014685269 0.658985314732 2 6 8
2014-10-03T13:00:00 0.450719995528 0.549280004472 4 4 8
2014-10-03T12:00:00 0.492319261227 0.507680738773 4 3 7
2014-10-03T11:00:00 0.534257078038 0.465742921962 4 2 6
2014-10-03T10:00:00 0.559789525869 0.440210474131 5 2 7
2014-10-03T09:00:00 0.559789525869 0.440210474131 5 2 7
2014-10-07T13:00:00 0.331295265514 0.668704734486 1 6 7
2014-10-07T12:00:00 0.339338564439 0.660661435561 1 6 7
2014-10-07T11:00:00 0.343100195385 0.656899804615 1 4 5
2014-10-07T10:00:00 0.390749787949 0.609250212051 1 3 4
2014-10-17T17:00:00 0.456823227507 0.543176772493 11 17 28
2014-10-17T16:00:00 0.425272129467 0.574727870533 6 14 20
2014-10-17T15:00:00 0.447332500213 0.552667499787 7 12 19
2014-10-17T14:00:00 0.480377308491 0.519622691509 8 10 18
2014-10-17T13:00:00 0.53102741392 0.46897258608 6 5 11
2014-10-17T12:00:00 0.598083844038 0.401916155962 7 2 9
2014-10-18T11:00:00 0.521907070411 0.478092929589 11 6 17
2014-10-18T10:00:00 0.593238900689 0.406761099311 11 2 13
2014-10-18T09:00:00 0.566694184835 0.433305815165 7 2 9
2014-10-18T08:00:00 0.585881886234 0.414118113766 4 1 5
2014-10-18T07:00:00 0.717964826225 0.282035173775 1 0 1
2014-10-18T06:00:00 0.769699898411 0.230300101589 1 0 1
2014-10-29T15:00:00 0 0 0 0 0
2014-10-29T14:00:00 0 0 0 0 0
2014-10-29T13:00:00 0 0 0 0 0
2014-10-29T12:00:00 0 0 0 0 0
2014-10-29T11:00:00 0 0 0 0 0
2014-10-29T10:00:00 0 0 0 0 0
