2013-06-02T15:00:00 0 0 0 0 0
2013-06-02T16:00:00 0 0 0 0 0
2013-06-02T17:00:00 0 0 0 0 0
2013-06-02T18:00:00 0 0 0 0 0
2013-06-02T19:00:00 0 0 0 0 0
2013-06-02T20:00:00 0 0 0 0 0
2013-06-02T21:00:00 0 0 0 0 0
2013-06-02T22:00:00 0 0 0 0 0
2013-06-02T23:00:00 0 0 0 0 0
2013-06-03T00:00:00 0 0 0 0 0
2013-06-03T01:00:00 0 0 0 0 0
2013-06-03T02:00:00 0 0 0 0 0
2013-06-03T03:00:00 0 0 0 0 0
2013-06-03T04:00:00 0 0 0 0 0
2013-06-03T05:00:00 0 0 0 0 0
2013-06-03T06:00:00 0 0 0 0 0
2013-06-03T07:00:00 0 0 0 0 0
2013-06-03T08:00:00 0 0 0 0 0
2013-06-03T09:00:00 0 0 0 0 0
2013-06-03T10:00:00 0 0 0 0 0
2013-06-03T11:00:00 0 0 0 0 0
2013-06-03T12:00:00 0 0 0 0 0
2013-06-03T13:00:00 0 0 0 0 0
2013-06-03T14:00:00 0 0 0 0 0
2013-06-03T15:00:00 0 0 0 0 0
2013-06-03T16:00:00 0 0 0 0 0
2013-06-03T17:00:00 0 0 0 0 0
2013-06-03T18:00:00 0 0 0 0 0
2013-06-03T19:00:00 0 0 0 0 0
2013-06-03T20:00:00 0 0 0 0 0
2013-06-03T21:00:00 0 0 0 0 0
2013-06-03T22:00:00 0 0 0 0 0
2013-06-03T23:00:00 0 0 0 0 0
2013-06-04T00:00:00 0 0 0 0 0
2013-06-04T01:00:00 0 0 0 0 0
2013-06-04T02:00:00 0 0 0 0 0
2013-06-04T03:00:00 0 0 0 0 0
2013-06-04T04:00:00 0 0 0 0 0
2013-06-04T05:00:00 0 0 0 0 0
2013-06-04T06:00:00 0 0 0 0 0
2013-06-04T07:00:00 0 0 0 0 0
2013-06-04T08:00:00 0 0 0 0 0
2013-06-04T09:00:00 0 0 0 0 0
2013-06-04T10:00:00 0 0 0 0 0
2013-06-04T11:00:00 0 0 0 0 0
2013-06-04T12:00:00 0 0 0 0 0
2013-06-04T13:00:00 0 0 0 0 0
2013-06-04T14:00:00 0 0 0 0 0
2013-06-04T15:00:00 0 0 0 0 0
2013-06-04T16:00:00 0 0 0 0 0
2013-06-04T17:00:00 0 0 0 0 0
2013-06-04T18:00:00 0 0 0 0 0
2013-06-05T21:00:00 0 0 0 0 0
2013-06-05T22:00:00 0 0 0 0 0
2013-06-05T23:00:00 0 0 0 0 0
2013-06-06T00:00:00 0 0 0 0 0
2013-06-06T01:00:00 0 0 0 0 0
2013-06-06T02:00:00 0 0 0 0 0
2013-06-06T03:00:00 0 0 0 0 0
2013-06-06T04:00:00 0 0 0 0 0
2013-06-06T05:00:00 0 0 0 0 0
2013-06-06T06:00:00 0 0 0 0 0
2013-06-06T07:00:00 0 0 0 0 0
2013-06-06T08:00:00 0 0 0 0 0
2013-06-06T09:00:00 0 0 0 0 0
2013-06-06T10:00:00 0 0 0 0 0
2013-06-06T11:00:00 0 0 0 0 0
2013-06-06T12:00:00 0 0 0 0 0
2013-06-06T13:00:00 0 0 0 0 0
2013-06-06T14:00:00 0 0 0 0 0
2013-06-06T15:00:00 0 0 0 0 0
2013-06-06T16:00:00 0 0 0 0 0
2013-06-06T17:00:00 0 0 0 0 0
2013-06-06T18:00:00 0 0 0 0 0
2013-06-06T19:00:00 0 0 0 0 0
2013-06-06T20:00:00 0 0 0 0 0
2013-06-06T21:00:00 0 0 0 0 0
2013-06-06T22:00:00 0 0 0 0 0
2013-06-06T23:00:00 0 0 0 0 0
2013-06-07T00:00:00 0 0 0 0 0
2013-06-07T01:00:00 0 0 0 0 0
2013-06-07T02:00:00 0 0 0 0 0
2013-06-07T03:00:00 0 0 0 0 0
2013-06-07T04:00:00 0 0 0 0 0
2013-06-07T05:00:00 0 0 0 0 0
2013-06-07T06:00:00 0 0 0 0 0
2013-06-07T07:00:00 0 0 0 0 0
2013-06-07T08:00:00 0 0 0 0 0
2013-06-07T09:00:00 0 0 0 0 0
2013-06-07T10:00:00 0 0 0 0 0
2013-06-07T11:00:00 0 0 0 0 0
2013-06-07T12:00:00 0 0 0 0 0
2013-06-07T13:00:00 0 0 0 0 0
2013-06-07T14:00:00 0 0 0 0 0
2013-06-07T15:00:00 0 0 0 0 0
2013-06-07T16:00:00 0 0 0 0 0
2013-06-07T17:00:00 0 0 0 0 0
2013-06-07T18:00:00 0 0 0 0 0
2013-06-07T19:00:00 0 0 0 0 0
2013-06-07T20:00:00 0 0 0 0 0
2013-06-07T21:00:00 0 0 0 0 0
2013-06-07T22:00:00 0 0 0 0 0
2013-06-07T23:00:00 0 0 0 0 0
2013-06-08T00:00:00 0 0 0 0 0
2013-06-08T01:00:00 0 0 0 0 0
2013-06-08T02:00:00 0 0 0 0 0
2013-06-08T03:00:00 0 0 0 0 0
2013-06-08T04:00:00 0 0 0 0 0
2013-06-08T05:00:00 0 0 0 0 0
2013-06-08T06:00:00 0 0 0 0 0
2013-06-08T07:00:00 0 0 0 0 0
2013-06-08T08:00:00 0 0 0 0 0
2013-06-08T09:00:00 0 0 0 0 0
2013-06-08T10:00:00 0 0 0 0 0
2013-06-08T11:00:00 0 0 0 0 0
2013-06-08T12:00:00 0 0 0 0 0
2013-06-08T13:00:00 0 0 0 0 0
2013-06-08T14:00:00 0 0 0 0 0
2013-06-08T15:00:00 0 0 0 0 0
2013-06-08T16:00:00 0 0 0 0 0
2013-06-08T17:00:00 0 0 0 0 0
2013-06-08T18:00:00 0 0 0 0 0
2013-06-08T19:00:00 0 0 0 0 0
2013-06-08T20:00:00 0 0 0 0 0
2013-06-08T21:00:00 0 0 0 0 0
2013-06-08T22:00:00 0 0 0 0 0
2013-06-08T23:00:00 0 0 0 0 0
2013-06-09T00:00:00 0 0 0 0 0
2013-06-09T01:00:00 0 0 0 0 0
2013-06-09T02:00:00 0 0 0 0 0
2013-06-09T03:00:00 0 0 0 0 0
2013-06-15T18:00:00 0.0 0.0 0 0 0
2013-06-15T19:00:00 0.0 0.0 0 0 0
2013-06-15T20:00:00 0.0 0.0 0 0 0
2013-06-15T21:00:00 0.0 0.0 0 0 0
2013-06-15T22:00:00 0.0 0.0 0 0 0
2013-06-15T23:00:00 0.0 0.0 0 0 0
2013-06-16T00:00:00 0 0 0 0 0
2013-06-16T01:00:00 0 0 0 0 0
2013-06-16T02:00:00 0 0 0 0 0
2013-06-16T03:00:00 0 0 0 0 0
2013-06-16T04:00:00 0 0 0 0 0
2013-06-16T05:00:00 0 0 0 0 0
2013-06-16T06:00:00 0 0 0 0 0
2013-06-16T07:00:00 0 0 0 0 0
2013-06-16T08:00:00 0 0 0 0 0
2013-06-16T09:00:00 0 0 0 0 0
2013-06-16T10:00:00 0 0 0 0 0
2013-06-16T11:00:00 0 0 0 0 0
2013-06-16T12:00:00 0 0 0 0 0
2013-06-16T13:00:00 0 0 0 0 0
2013-06-16T14:00:00 0 0 0 0 0
2013-06-16T15:00:00 0 0 0 0 0
2013-06-16T16:00:00 0 0 0 0 0
2013-06-16T17:00:00 0 0 0 0 0
2013-06-16T18:00:00 0 0 0 0 0
2013-06-16T19:00:00 0 0 0 0 0
2013-06-16T20:00:00 0 0 0 0 0
2013-06-16T21:00:00 0 0 0 0 0
2013-06-16T22:00:00 0 0 0 0 0
2013-06-16T23:00:00 0 0 0 0 0
2013-06-17T00:00:00 0 0 0 0 0
2013-06-26T02:00:00 0 0 0 0 0
2013-06-26T03:00:00 0 0 0 0 0
2013-06-26T04:00:00 0 0 0 0 0
2013-06-26T05:00:00 0 0 0 0 0
2013-06-26T21:00:00 0 0 0 0 0
2013-06-26T22:00:00 0 0 0 0 0
2013-06-26T23:00:00 0 0 0 0 0
2013-06-27T00:00:00 0 0 0 0 0
2013-06-27T01:00:00 0 0 0 0 0
2013-06-27T02:00:00 0 0 0 0 0
2013-06-27T03:00:00 0 0 0 0 0
2013-06-28T06:00:00 0 0 0 0 0
2013-06-28T07:00:00 0 0 0 0 0
2013-06-28T08:00:00 0 0 0 0 0
2013-06-28T09:00:00 0 0 0 0 0
2013-06-28T10:00:00 0 0 0 0 0
2013-06-28T11:00:00 0 0 0 0 0
2013-06-28T12:00:00 0 0 0 0 0
2013-06-28T13:00:00 0 0 0 0 0
2013-06-28T14:00:00 0 0 0 0 0
2013-06-28T15:00:00 0 0 0 0 0
2013-06-28T16:00:00 0 0 0 0 0
2013-06-28T17:00:00 0 0 0 0 0
2013-06-28T18:00:00 0 0 0 0 0
2013-06-28T19:00:00 0 0 0 0 0
2013-06-28T20:00:00 0 0 0 0 0
2013-06-28T21:00:00 0 0 0 0 0
2013-06-28T22:00:00 0 0 0 0 0
2013-06-28T23:00:00 0 0 0 0 0
2013-06-29T00:00:00 0 0 0 0 0
2013-06-29T01:00:00 0 0 0 0 0
2013-06-29T02:00:00 0 0 0 0 0
2013-06-29T03:00:00 0 0 0 0 0
2013-06-29T04:00:00 0 0 0 0 0
2013-06-29T05:00:00 0 0 0 0 0
2013-06-29T06:00:00 0 0 0 0 0
2013-06-29T07:00:00 0 0 0 0 0
2013-06-29T08:00:00 0 0 0 0 0
2013-06-29T09:00:00 0 0 0 0 0
2013-06-30T02:00:00 0 0 0 0 0
2013-06-30T03:00:00 0 0 0 0 0
2013-07-18T15:00:00 0.0 0.0 0 0 0
2013-07-18T16:00:00 0 0 0 0 0
2013-07-18T17:00:00 0 0 0 0 0
2013-07-18T18:00:00 0 0 0 0 0
2013-07-18T19:00:00 0 0 0 0 0
2013-07-18T20:00:00 0.133398234385 0.866601765615 0 1 1
2013-07-18T21:00:00 0.133398234385 0.866601765615 0 1 1
2013-07-18T22:00:00 0.133398234385 0.866601765615 0 1 1
2013-07-18T23:00:00 0.182564195711 0.81743580429 0 2 2
2013-07-19T00:00:00 0.182564195711 0.81743580429 0 2 2
2013-07-19T01:00:00 0.182564195711 0.81743580429 0 2 2
2013-07-19T02:00:00 0.231730157036 0.768269842964 0 1 1
2013-07-19T03:00:00 0.231730157036 0.768269842964 0 1 1
2013-07-19T04:00:00 0.231730157036 0.768269842964 0 1 1
2013-07-19T05:00:00 0 0 0 0 0
2013-07-19T06:00:00 0 0 0 0 0
2013-07-19T07:00:00 0.341761799772 0.658238200228 0 1 1
2013-07-19T08:00:00 0.341761799772 0.658238200228 0 1 1
2013-07-19T09:00:00 0.33735689555 0.66264310445 0 2 2
2013-07-19T10:00:00 0.33735689555 0.66264310445 0 2 2
2013-07-19T11:00:00 0.385786253426 0.614213746574 1 3 4
2013-07-19T12:00:00 0.385786253426 0.614213746574 1 3 4
2013-07-19T13:00:00 0.40046107131 0.59953892869 1 2 3
2013-07-19T14:00:00 0.40046107131 0.59953892869 1 2 3
2013-07-19T15:00:00 0.32888409993 0.67111590007 1 3 4
2013-07-19T16:00:00 0.32888409993 0.67111590007 1 3 4
2013-07-19T17:00:00 0.262864140411 0.737135859589 0 4 4
2013-07-19T18:00:00 0.27103881156 0.72896118844 0 5 5
2013-07-19T19:00:00 0.290268786495 0.709731213506 0 6 6
2013-07-19T20:00:00 0.281157167218 0.718842832782 0 9 9
2013-07-19T21:00:00 0.297615618264 0.702384381736 0 7 7
2013-07-19T22:00:00 0.297615618264 0.702384381736 0 7 7
2013-07-19T23:00:00 0.301100522575 0.698899477425 0 6 6
2013-08-15T22:00:00 0.0 0.0 0 0 0
2013-08-15T23:00:00 0.0 0.0 0 0 0
2013-08-16T22:00:00 0 0 0 0 0
2013-08-16T23:00:00 0 0 0 0 0
2013-09-12T16:00:00 0 0 0 0 0
2013-09-12T17:00:00 0 0 0 0 0
2013-09-12T18:00:00 0 0 0 0 0
2013-09-12T19:00:00 0 0 0 0 0
2013-09-12T20:00:00 0 0 0 0 0
2013-09-12T21:00:00 0 0 0 0 0
2013-09-12T22:00:00 0 0 0 0 0
2013-09-12T23:00:00 0 0 0 0 0
2013-09-27T18:00:00 0.492299586372 0.507700413628 1 1 2
2013-09-27T19:00:00 0.492299586372 0.507700413628 1 1 2
2013-09-27T20:00:00 0.492299586372 0.507700413628 1 1 2
2013-09-27T21:00:00 0.492299586372 0.507700413628 1 1 2
2013-09-27T22:00:00 0.742751921185 0.257248078815 1 0 1
2013-09-27T23:00:00 0.742751921185 0.257248078815 1 0 1
2013-09-28T00:00:00 0.0 0.0 0 0 0
2013-09-28T01:00:00 0.0 0.0 0 0 0
2013-09-28T02:00:00 0.0 0.0 0 0 0
2013-09-28T03:00:00 0 0 0 0 0
2013-09-28T04:00:00 0 0 0 0 0
2013-09-28T05:00:00 0 0 0 0 0
2013-09-28T06:00:00 0 0 0 0 0
2013-09-28T07:00:00 0 0 0 0 0
2013-09-28T08:00:00 0 0 0 0 0
2013-09-28T09:00:00 0 0 0 0 0
2013-09-28T10:00:00 0 0 0 0 0
2013-09-28T11:00:00 0.278211748994 0.721788251006 0 1 1
2013-09-28T12:00:00 0.261044099388 0.738955900611 0 2 2
2013-09-28T13:00:00 0.376455843933 0.623544156067 1 2 3
2013-09-28T14:00:00 0.376455843933 0.623544156067 1 2 3
2013-09-28T15:00:00 0.347619931438 0.652380068562 1 3 4
2013-09-28T16:00:00 0.347619931438 0.652380068562 1 3 4
2013-09-28T17:00:00 0.370755992253 0.629244007747 1 2 3
2013-09-28T18:00:00 0.434195763487 0.565804236513 1 1 2
2013-09-28T19:00:00 0.261112193954 0.738887806046 0 1 1
2013-09-28T20:00:00 0.261112193954 0.738887806046 0 1 1
2013-09-28T21:00:00 0.693370170336 0.306629829664 1 0 1
2013-09-28T22:00:00 0.693370170336 0.306629829664 1 0 1
2013-09-28T23:00:00 0.468623310059 0.53137668994 1 1 2
2013-09-29T00:00:00 0.468623310059 0.53137668994 1 1 2
2013-09-29T01:00:00 0.468623310059 0.53137668994 1 1 2
2013-09-29T02:00:00 0.468623310059 0.53137668994 1 1 2
2013-09-29T03:00:00 0.243876449783 0.756123550217 0 1 1
2013-09-29T04:00:00 0.243876449783 0.756123550217 0 1 1
2013-09-29T05:00:00 0 0 0 0 0
2013-09-29T06:00:00 0 0 0 0 0
2013-09-29T07:00:00 0 0 0 0 0
2013-09-29T08:00:00 0 0 0 0 0
2013-09-29T09:00:00 0 0 0 0 0
2013-09-29T10:00:00 0 0 0 0 0
2013-09-29T11:00:00 0 0 0 0 0
2013-09-29T12:00:00 0.553982468734 0.446017531266 1 1 2
2013-09-29T13:00:00 0.553982468734 0.446017531266 1 1 2
2013-09-29T14:00:00 0.553982468734 0.446017531266 1 1 2
2013-09-29T15:00:00 0.487219996463 0.512780003537 1 2 3
2013-09-29T16:00:00 0.529357690492 0.470642309508 2 2 4
2013-09-29T17:00:00 0.529357690492 0.470642309508 2 2 4
2013-09-29T18:00:00 0.462986266586 0.537013733414 1 2 3
2013-09-29T19:00:00 0.504764466891 0.495235533109 2 2 4
2013-09-29T20:00:00 0.504764466891 0.495235533109 2 2 4
2013-09-29T21:00:00 0.555120938548 0.444879061452 2 1 3
2013-09-29T22:00:00 0.504796021532 0.495203978468 1 1 2
2013-09-29T23:00:00 0.504796021532 0.495203978468 1 1 2
2013-09-30T00:00:00 0.630099067804 0.369900932196 1 0 1
2013-09-30T01:00:00 0 0 0 0 0
2013-09-30T02:00:00 0 0 0 0 0
2013-09-30T03:00:00 0 0 0 0 0
2013-09-30T04:00:00 0 0 0 0 0
2013-10-04T22:00:00 0.32657094984 0.67342905016 0 7 7
2013-10-04T23:00:00 0.343149267674 0.656850732326 0 4 4
2013-10-05T00:00:00 0.354956971079 0.645043028921 0 3 3
2013-10-05T01:00:00 0.384975714494 0.615024285506 0 1 1
2013-10-05T02:00:00 0.0 0.0 0 0 0
2013-10-05T18:00:00 0.461245660394 0.538754339606 2 2 4
2013-10-05T19:00:00 0.461245660394 0.538754339606 2 2 4
2013-10-05T20:00:00 0.46004447925 0.53995552075 2 2 4
2013-10-05T21:00:00 0.493219102999 0.506780897001 3 2 5
2013-10-05T22:00:00 0.493219102999 0.506780897001 3 2 5
2013-10-05T23:00:00 0.493219102999 0.506780897001 3 2 5
2013-10-06T00:00:00 0.64122942756 0.35877057244 3 0 3
2013-10-06T01:00:00 0.64122942756 0.35877057244 3 0 3
2013-10-06T02:00:00 0.653312187537 0.346687812463 2 0 2
2013-10-06T03:00:00 0.680706777081 0.319293222919 1 0 1
2013-10-06T04:00:00 0.680706777081 0.319293222919 1 0 1
2013-10-06T05:00:00 0.680706777081 0.319293222919 1 0 1
2013-10-06T06:00:00 0 0 0 0 0
2013-10-06T07:00:00 0.782304585071 0.217695414929 1 0 1
2013-10-06T08:00:00 0.782304585071 0.217695414929 1 0 1
2013-10-06T09:00:00 0.622859515168 0.377140484832 4 1 5
2013-10-06T10:00:00 0.641376551255 0.358623448745 6 1 7
2013-10-06T11:00:00 0.607216039535 0.392783960465 6 2 8
2013-10-06T12:00:00 0.602984113077 0.397015886923 9 3 12
2013-10-06T13:00:00 0.605031780817 0.394968219183 11 3 14
2013-10-06T14:00:00 0.605031780817 0.394968219183 11 3 14
2013-10-06T15:00:00 0.577801199924 0.422198800076 8 3 11
2013-10-06T16:00:00 0.563240461335 0.436759538665 7 3 10
2013-10-06T17:00:00 0.584923572872 0.415076427128 7 2 9
2013-10-06T18:00:00 0.536387322974 0.463612677026 4 2 6
2013-10-06T19:00:00 0.400461259419 0.599538740581 1 2 3
2013-10-06T20:00:00 0.524293048461 0.475706951539 3 2 5
2013-10-06T21:00:00 0.63003666378 0.36996333622 4 1 5
2013-10-06T22:00:00 0.624563405443 0.375436594557 3 1 4
2013-10-06T23:00:00 0.624563405443 0.375436594557 3 1 4
2013-10-07T00:00:00 0.722053599711 0.277946400289 3 0 3
2013-10-07T01:00:00 0.722053599711 0.277946400289 3 0 3
2013-10-07T02:00:00 0.782552277022 0.217447722978 2 0 2
2013-10-07T03:00:00 0.81902521896 0.18097478104 1 0 1
2013-10-07T04:00:00 0.81902521896 0.18097478104 1 0 1
2013-10-07T05:00:00 0.81902521896 0.18097478104 1 0 1
2013-10-07T06:00:00 0.81902521896 0.18097478104 1 0 1
2013-10-07T07:00:00 0.74799615079 0.25200384921 3 0 3
2013-10-09T20:00:00 0.679070286239 0.320929713761 2 0 2
2013-10-09T21:00:00 0.679070286239 0.320929713761 2 0 2
2013-10-09T22:00:00 0.679070286239 0.320929713761 2 0 2
2013-10-09T23:00:00 0.653963447736 0.346036552264 1 0 1
2013-10-10T00:00:00 0 0 0 0 0
2013-10-10T01:00:00 0 0 0 0 0
2013-10-10T02:00:00 0 0 0 0 0
2013-10-10T03:00:00 0 0 0 0 0
2013-10-10T04:00:00 0 0 0 0 0
2013-10-10T05:00:00 0 0 0 0 0
2013-10-10T06:00:00 0 0 0 0 0
2013-10-10T07:00:00 0 0 0 0 0
2013-10-27T15:00:00 0.206760854744 0.793239145256 0 1 1
2013-10-27T16:00:00 0.206760854744 0.793239145256 0 1 1
2013-10-27T17:00:00 0.206760854744 0.793239145256 0 1 1
2013-10-27T18:00:00 0.206760854744 0.793239145256 0 1 1
2013-10-27T19:00:00 0 0 0 0 0
2013-10-27T20:00:00 0 0 0 0 0
2013-10-27T21:00:00 0 0 0 0 0
2013-10-27T22:00:00 0 0 0 0 0
2013-10-27T23:00:00 0 0 0 0 0
2013-10-28T00:00:00 0.328115192684 0.671884807316 0 1 1
2013-10-28T01:00:00 0.328115192684 0.671884807316 0 1 1
2013-10-28T02:00:00 0.328115192684 0.671884807316 0 1 1
2013-10-28T03:00:00 0.328115192684 0.671884807316 0 1 1
2013-10-28T04:00:00 0.328115192684 0.671884807316 0 1 1
2013-10-28T05:00:00 0.328115192684 0.671884807316 0 1 1
2013-10-28T06:00:00 0 0 0 0 0
2013-10-28T07:00:00 0 0 0 0 0
2013-10-28T08:00:00 0.0 0.0 0 0 0
2013-10-28T09:00:00 0.722241329693 0.277758670307 1 0 1
2013-10-28T10:00:00 0.772768323318 0.227231676682 2 0 2
2013-10-28T11:00:00 0.721582147855 0.278417852145 3 0 3
2013-10-28T12:00:00 0.710036512334 0.289963487666 5 0 5
2013-10-28T13:00:00 0.710036512334 0.289963487666 5 0 5
2013-10-28T14:00:00 0.70039908069 0.29960091931 6 0 6
2013-10-28T15:00:00 0.681108774951 0.318891225049 7 0 7
2013-10-28T16:00:00 0.658832388141 0.341167611859 7 0 7
2013-10-28T17:00:00 0.665436153343 0.334563846657 6 0 6
2013-10-28T18:00:00 0.651795200487 0.348204799513 4 0 4
2013-10-28T19:00:00 0.651795200487 0.348204799513 4 0 4
2013-10-28T20:00:00 0.65165629316 0.34834370684 3 0 3
2013-10-28T21:00:00 0.667360609269 0.332639390731 1 0 1
2013-10-28T22:00:00 0.464186898972 0.535813101028 1 1 2
2013-10-28T23:00:00 0.464186898972 0.535813101028 1 1 2
2013-10-29T00:00:00 0.464186898972 0.535813101028 1 1 2
2013-10-29T01:00:00 0.464186898972 0.535813101028 1 1 2
2013-10-29T02:00:00 0.464186898972 0.535813101028 1 1 2
2013-10-29T03:00:00 0.464186898972 0.535813101028 1 1 2
2013-10-29T04:00:00 0 0 0 0 0
2013-10-29T05:00:00 0 0 0 0 0
2013-10-29T06:00:00 0 0 0 0 0
2013-10-29T07:00:00 0.397180890663 0.602819109337 0 1 1
2013-10-31T13:00:00 0.656275349705 0.343724650295 1 0 1
2013-10-31T14:00:00 0.656275349705 0.343724650295 1 0 1
2013-10-31T15:00:00 0.475028412524 0.524971587476 1 1 2
2013-10-31T16:00:00 0.475028412524 0.524971587476 1 1 2
2013-10-31T17:00:00 0.475028412524 0.524971587476 1 1 2
2013-10-31T18:00:00 0.475028412524 0.524971587476 1 1 2
2013-10-31T19:00:00 0.293781475343 0.706218524657 0 1 1
2013-10-31T20:00:00 0.293781475343 0.706218524657 0 1 1
2013-10-31T21:00:00 0 0 0 0 0
2013-10-31T22:00:00 0.0 0.0 0 0 0
2013-10-31T23:00:00 0.339014594859 0.660985405141 0 1 1
2013-11-01T00:00:00 0.339014594859 0.660985405141 0 1 1
2013-11-01T01:00:00 0.339014594859 0.660985405141 0 1 1
2013-11-01T02:00:00 0.339014594859 0.660985405141 0 1 1
2013-11-01T03:00:00 0.339014594859 0.660985405141 0 1 1
2013-11-01T04:00:00 0.339014594859 0.660985405141 0 1 1
2013-11-01T05:00:00 0 0 0 0 0
2013-11-01T06:00:00 0 0 0 0 0
2013-11-01T07:00:00 0.476979445545 0.523020554455 1 2 3
2013-11-01T08:00:00 0.476979445545 0.523020554455 1 2 3
2013-11-01T09:00:00 0.476979445545 0.523020554455 1 2 3
2013-11-01T10:00:00 0.424679734319 0.575320265681 1 3 4
2013-11-01T11:00:00 0.498637596052 0.501362403948 2 3 5
2013-11-01T12:00:00 0.528118946331 0.471881053669 3 3 6
2013-11-01T13:00:00 0.579258447118 0.420741552882 2 1 3
2013-11-01T14:00:00 0.520913541705 0.479086458295 2 2 4
2013-11-01T15:00:00 0.520913541705 0.479086458295 2 2 4
2013-11-01T16:00:00 0.605291188727 0.394708811273 2 1 3
2013-11-01T17:00:00 0.580773435096 0.419226564904 3 1 4
2013-11-01T18:00:00 0.582570338838 0.417429661161 3 1 4
2013-11-01T19:00:00 0.582570338838 0.417429661161 3 1 4
2013-11-01T20:00:00 0.661040505893 0.338959494107 4 0 4
2013-11-01T21:00:00 0.661040505893 0.338959494107 4 0 4
2013-11-01T22:00:00 0.661040505893 0.338959494107 4 0 4
2013-11-01T23:00:00 0.67123640319 0.32876359681 2 0 2
2013-11-02T00:00:00 0.659759493685 0.340240506315 1 0 1
2013-11-02T01:00:00 0.659759493685 0.340240506315 1 0 1
2013-11-02T02:00:00 0.0 0.0 0 0 0
2013-11-02T03:00:00 0.102455299788 0.897544700212 0 1 1
2013-11-02T04:00:00 0.102455299788 0.897544700212 0 1 1
2013-11-02T05:00:00 0.102455299788 0.897544700212 0 1 1
2013-11-02T06:00:00 0.102455299788 0.897544700212 0 1 1
2013-11-02T07:00:00 0.504374313228 0.495625686772 2 1 3
2013-11-02T08:00:00 0.545560373642 0.454439626358 3 1 4
2013-11-02T09:00:00 0.620982642776 0.379017357224 4 1 5
2013-11-02T10:00:00 0.65130984009 0.34869015991 6 1 7
2013-11-02T11:00:00 0.578943592097 0.421056407903 7 4 11
2013-11-02T12:00:00 0.601770360575 0.398229639425 9 4 13
2013-11-02T13:00:00 0.532751682913 0.467248317087 7 6 13
2013-11-02T14:00:00 0.512472184517 0.487527815483 7 7 14
2013-11-02T15:00:00 0.493852363193 0.506147636807 6 8 14
2013-11-02T16:00:00 0.440466602512 0.559533397488 5 11 16
2013-11-02T17:00:00 0.454744923986 0.545255076014 5 8 13
2013-11-02T18:00:00 0.405186257947 0.594813742053 3 8 11
2013-11-02T19:00:00 0.438180445235 0.561819554765 3 6 9
2013-11-02T20:00:00 0.432238106694 0.567761893306 2 5 7
2013-11-02T21:00:00 0.419492283087 0.580507716913 2 4 6
2013-11-02T22:00:00 0.382366777019 0.617633222981 1 2 3
2013-11-02T23:00:00 0.377250784368 0.622749215632 1 2 3
2013-11-03T00:00:00 0.435841574457 0.564158425543 2 3 5
2013-11-03T01:00:00 0.494382062528 0.505617937472 3 3 6
2013-11-03T02:00:00 0.494382062528 0.505617937472 3 3 6
2013-11-03T03:00:00 0.542111180589 0.457888819411 3 2 5
2013-11-03T04:00:00 0.623155262043 0.376844737957 3 1 4
2013-11-03T05:00:00 0.611513340688 0.388486659312 2 1 3
2013-11-03T06:00:00 0.787084502885 0.212915497115 1 0 1
2013-11-03T07:00:00 0.734338962927 0.265661037073 2 0 2
2013-11-08T21:00:00 0.554589311773 0.445410688227 3 2 5
2013-11-08T22:00:00 0.571288083261 0.428711916739 4 2 6
2013-11-08T23:00:00 0.612795929983 0.387204070016 3 1 4
2013-11-09T00:00:00 0.612795929983 0.387204070016 3 1 4
2013-11-09T01:00:00 0.564117669728 0.435882330272 2 1 3
2013-11-09T02:00:00 0.564117669728 0.435882330272 2 1 3
2013-11-09T03:00:00 0.654781940703 0.345218059297 1 0 1
2013-11-09T04:00:00 0.0 0.0 0 0 0
2013-11-09T05:00:00 0.0 0.0 0 0 0
2013-11-09T06:00:00 0.0 0.0 0 0 0
2013-11-09T07:00:00 0 0 0 0 0
2013-11-09T08:00:00 0.653059757614 0.346940242386 1 0 1
2013-11-09T09:00:00 0.582623986571 0.417376013429 2 1 3
2013-11-22T19:00:00 0.613501555713 0.386498444287 19 3 22
2013-11-22T20:00:00 0.617949186244 0.382050813756 19 3 22
2013-11-22T21:00:00 0.608196681619 0.391803318381 19 4 23
2013-11-22T22:00:00 0.6159614146 0.3840385854 16 3 19
2013-11-22T23:00:00 0.640341405557 0.359658594443 15 2 17
2013-11-23T00:00:00 0.630105770022 0.369894229978 8 2 10
2013-11-23T01:00:00 0.608195055348 0.391804944652 7 2 9
2013-11-23T02:00:00 0.584448685505 0.415551314495 5 2 7
2013-11-23T03:00:00 0.704371270339 0.295628729661 4 0 4
2013-11-23T04:00:00 0.729273785813 0.270726214187 3 0 3
2013-11-23T05:00:00 0.700916361833 0.299083638167 2 0 2
2013-11-23T06:00:00 0.700588452965 0.299411547035 2 0 2
2013-11-23T07:00:00 0.782087448577 0.217912551423 3 0 3
2013-11-23T08:00:00 0.7840862703 0.2159137297 5 0 5
2013-11-23T09:00:00 0.656848486533 0.343151513467 7 2 9
2013-11-23T10:00:00 0.678005482846 0.321994517154 13 2 15
2013-11-23T11:00:00 0.678005482846 0.321994517154 13 2 15
2013-11-23T12:00:00 0.649630504026 0.350369495974 15 3 18
2013-11-23T13:00:00 0.632007871572 0.367992128428 13 3 16
2013-11-23T14:00:00 0.589608119884 0.410391880116 14 4 18
2013-11-23T15:00:00 0.640009002176 0.359990997824 14 2 16
2013-11-23T16:00:00 0.585344568044 0.414655431956 9 3 12
2013-11-23T17:00:00 0.551015341155 0.448984658845 9 5 14
2013-11-23T18:00:00 0.518036703945 0.481963296055 6 5 11
2013-11-23T19:00:00 0.518036703945 0.481963296055 6 5 11
2013-11-23T20:00:00 0.517630646409 0.482369353591 3 4 7
2013-11-23T21:00:00 0.3763808114 0.6236191886 1 6 7
2013-11-23T22:00:00 0.330202707606 0.669797292394 0 6 6
2013-11-23T23:00:00 0.322784071497 0.677215928503 0 4 4
2013-11-24T00:00:00 0.54847350945 0.45152649055 5 3 8
2013-11-24T01:00:00 0.555247499145 0.444752500855 6 3 9
2013-11-24T02:00:00 0.555247499145 0.444752500855 6 3 9
2013-11-24T03:00:00 0.623939061882 0.376060938118 6 1 7
2013-11-24T04:00:00 0.66309770362 0.33690229638 6 0 6
2013-11-24T05:00:00 0.66309770362 0.33690229638 6 0 6
2013-11-24T06:00:00 0.722556230171 0.277443769829 3 0 3
2013-11-24T07:00:00 0.781268056019 0.218731943981 4 0 4
2013-12-06T22:00:00 0.631754482435 0.368245517565 19 4 23
2013-12-06T23:00:00 0.639417874551 0.360582125449 19 3 22
2013-12-07T00:00:00 0.660040324978 0.339959675022 22 3 25
2013-12-07T01:00:00 0.666004470763 0.333995529237 25 3 28
2013-12-07T02:00:00 0.667946862907 0.332053137093 23 3 26
2013-12-07T03:00:00 0.664827982762 0.335172017238 21 3 24
2013-12-07T04:00:00 0.686327385648 0.313672614352 20 2 22
2013-12-07T05:00:00 0.708892109408 0.291107890592 22 1 23
2013-12-07T06:00:00 0.695032279517 0.304967720483 18 1 19
2013-12-07T07:00:00 0.658573530386 0.341426469614 22 3 25
2013-12-07T08:00:00 0.639565622747 0.360434377253 32 6 38
2013-12-07T09:00:00 0.649205492767 0.350794507233 47 6 53
2013-12-07T10:00:00 0.627585234407 0.372414765593 51 9 60
2013-12-07T11:00:00 0.603024493425 0.396975506575 55 16 71
2013-12-07T12:00:00 0.603978687553 0.396021312447 61 17 78
2013-12-07T13:00:00 0.599336433133 0.400663566867 59 17 76
2013-12-07T14:00:00 0.605343130445 0.394656869555 56 15 71
2013-12-07T15:00:00 0.584352829866 0.415647170134 45 17 62
2013-12-07T16:00:00 0.587751073035 0.412248926965 41 16 57
2013-12-07T17:00:00 0.611295733137 0.388704266863 43 10 53
2013-12-07T18:00:00 0.600956014197 0.399043985803 39 11 50
2013-12-07T19:00:00 0.605500249481 0.394499750519 36 10 46
2013-12-07T20:00:00 0.608537486704 0.391462513296 32 8 40
2013-12-07T21:00:00 0.625212414751 0.374787585249 35 8 43
2013-12-07T22:00:00 0.651283267432 0.348716732568 44 8 52
2013-12-07T23:00:00 0.645702811623 0.354297188377 46 11 57
2013-12-08T00:00:00 0.658665423283 0.341334576717 49 9 58
2013-12-08T01:00:00 0.655204260789 0.344795739211 49 10 59
2013-12-08T02:00:00 0.652063899156 0.347936100844 53 11 64
2013-12-08T03:00:00 0.654364772313 0.345635227687 47 9 56
2013-12-08T04:00:00 0.640849963642 0.359150036358 34 7 41
2013-12-08T05:00:00 0.657549262727 0.342450737273 22 3 25
2013-12-08T06:00:00 0.647458754849 0.352541245151 17 4 21
2013-12-08T07:00:00 0.669659872274 0.330340127726 17 2 19
2013-12-08T08:00:00 0.694321320112 0.305678679888 28 2 30
2013-12-08T09:00:00 0.652031073193 0.347968926807 61 13 74
2013-12-08T10:00:00 0.655641086938 0.344358913062 95 18 113
2013-12-08T11:00:00 0.652835200179 0.347164799821 121 23 144
2013-12-08T12:00:00 0.646715415168 0.353284584832 142 27 169
2013-12-08T13:00:00 0.645318388619 0.354681611381 150 31 181
2013-12-08T14:00:00 0.641725852619 0.358274147381 152 31 183
2013-12-08T15:00:00 0.639047463187 0.360952536813 133 25 158
2013-12-08T16:00:00 0.62733525733 0.37266474267 106 23 129
2013-12-08T17:00:00 0.601213764401 0.398786235599 94 31 125
2013-12-08T18:00:00 0.590041788768 0.409958211232 87 34 121
2013-12-08T19:00:00 0.571672681361 0.428327318639 76 34 110
2013-12-08T20:00:00 0.556309774665 0.443690225335 66 37 103
2013-12-22T19:00:00 0.640710630858 0.359289369143 12 2 14
2013-12-22T20:00:00 0.627049025213 0.372950974787 9 2 11
2013-12-22T21:00:00 0.606952305917 0.393047694083 10 3 13
2013-12-22T22:00:00 0.601839527571 0.398160472429 9 3 12
2013-12-22T23:00:00 0.616608457433 0.383391542567 8 3 11
2013-12-23T00:00:00 0.606376885135 0.393623114865 8 3 11
2013-12-23T01:00:00 0.652461672803 0.347538327197 7 1 8
2013-12-23T02:00:00 0.668834442349 0.331165557651 9 1 10
2013-12-23T03:00:00 0.711937965489 0.288062034511 8 0 8
2013-12-23T04:00:00 0.725704371342 0.274295628658 9 0 9
2013-12-23T05:00:00 0.70792644547 0.29207355453 10 0 10
2013-12-23T06:00:00 0.710579764096 0.289420235904 9 0 9
2013-12-23T07:00:00 0.681892877521 0.318107122479 12 1 13
2013-12-23T08:00:00 0.675119271337 0.324880728663 12 1 13
2013-12-23T09:00:00 0.659058317833 0.340941682167 16 2 18
2013-12-23T10:00:00 0.635303834639 0.364696165361 19 4 23
2013-12-23T11:00:00 0.641291866734 0.358708133266 22 5 27
2013-12-23T12:00:00 0.641291866734 0.358708133266 22 5 27
2013-12-23T13:00:00 0.63661002515 0.36338997485 16 4 20
2013-12-23T14:00:00 0.597252461195 0.402747538805 14 6 20
2013-12-23T15:00:00 0.578471694383 0.421528305617 12 6 18
2013-12-23T16:00:00 0.545478748586 0.454521251414 7 5 12
2013-12-23T17:00:00 0.416868106815 0.583131893185 2 4 6
2013-12-23T18:00:00 0.416868106815 0.583131893185 2 4 6
2013-12-23T19:00:00 0.416868106815 0.583131893185 2 4 6
2013-12-23T20:00:00 0.534399509952 0.465600490048 3 2 5
2013-12-23T21:00:00 0.559028540586 0.440971459414 1 1 2
2013-12-23T22:00:00 0.780403267333 0.219596732667 2 0 2
2013-12-23T23:00:00 0.611116465955 0.388883534045 4 2 6
2013-12-24T00:00:00 0.661150110506 0.338849889494 8 2 10
2013-12-24T01:00:00 0.648452025373 0.351547974627 10 3 13
2013-12-24T02:00:00 0.638803711616 0.361196288384 9 3 12
2013-12-24T03:00:00 0.638803711616 0.361196288384 9 3 12
2013-12-24T04:00:00 0.624460890471 0.375539109529 8 3 11
2013-12-24T17:00:00 0.710425369441 0.289574630559 29 0 29
2013-12-24T18:00:00 0.681262558177 0.318737441823 29 1 30
2013-12-24T19:00:00 0.654669273956 0.345330726044 28 3 31
2013-12-24T20:00:00 0.653701622168 0.346298377832 29 4 33
2013-12-24T21:00:00 0.632406819343 0.367593180657 27 6 33
2013-12-24T22:00:00 0.628513631148 0.371486368853 29 7 36
2013-12-24T23:00:00 0.634619780467 0.365380219533 30 8 38
2013-12-25T00:00:00 0.637456013653 0.362543986347 30 9 39
2013-12-25T01:00:00 0.655184367751 0.34481563225 29 7 36
2013-12-25T02:00:00 0.650154823885 0.349845176115 24 6 30
2013-12-25T03:00:00 0.659196949069 0.340803050931 19 4 23
2013-12-25T04:00:00 0.648110254987 0.351889745013 14 4 18
2013-12-25T05:00:00 0.578920398692 0.421079601308 8 4 12
2013-12-25T06:00:00 0.583103777132 0.416896222868 5 2 7
2013-12-25T07:00:00 0.656080038383 0.343919961617 11 3 14
2013-12-25T08:00:00 0.68120835932 0.31879164068 31 4 35
2013-12-25T09:00:00 0.678769588296 0.321230411704 51 5 56
2013-12-25T10:00:00 0.670072204897 0.329927795103 76 10 86
2013-12-25T11:00:00 0.663437010015 0.336562989985 90 12 102
2013-12-25T12:00:00 0.664774785634 0.335225214366 100 14 114
2013-12-25T13:00:00 0.652794067343 0.347205932657 101 16 117
2013-12-25T14:00:00 0.632616733094 0.367383266906 93 20 113
2013-12-25T15:00:00 0.635786276026 0.364213723974 82 19 101
2013-12-25T16:00:00 0.632831317196 0.367168682804 61 14 75
2013-12-25T17:00:00 0.638276787716 0.361723212284 50 12 62
2013-12-25T18:00:00 0.631552547776 0.368447452224 43 10 53
2014-01-02T14:00:00 0.567292514421 0.432707485579 4 3 7
2014-01-02T15:00:00 0.461836952492 0.538163047508 2 4 6
2014-01-04T12:00:00 0.484453554285 0.515546445715 3 4 7
2014-01-04T13:00:00 0.525101925551 0.474898074449 5 4 9
2014-01-04T14:00:00 0.515224254094 0.484775745906 6 6 12
2014-01-04T15:00:00 0.491449575069 0.508550424931 4 5 9
2014-01-04T16:00:00 0.498396334977 0.501603665023 6 6 12
2014-01-04T17:00:00 0.476136973708 0.523863026292 5 7 12
2014-01-04T18:00:00 0.491413285139 0.508586714861 6 7 13
2014-01-04T19:00:00 0.510571746292 0.489428253708 6 6 12
2014-01-05T23:00:00 0.473412602125 0.526587397875 6 6 12
2014-01-06T00:00:00 0.50534839461 0.49465160539 8 6 14
2014-01-06T01:00:00 0.552485548528 0.447514451472 11 5 16
2014-01-06T02:00:00 0.598637310264 0.401362689736 13 3 16
2014-01-06T03:00:00 0.615211299132 0.384788700868 16 3 19
2014-01-06T04:00:00 0.643732688509 0.356267311491 17 2 19
2014-01-06T05:00:00 0.697759083279 0.302240916721 16 0 16
2014-01-06T06:00:00 0.697759083279 0.302240916721 16 0 16
2014-01-06T07:00:00 0.635415993575 0.364584006425 13 3 16
2014-01-06T08:00:00 0.629807033274 0.370192966726 14 3 17
2014-01-06T09:00:00 0.594438967903 0.405561032097 14 4 18
2014-01-06T10:00:00 0.572605580198 0.427394419802 11 4 15
2014-01-06T11:00:00 0.55835289724 0.44164710276 12 5 17
2014-01-06T12:00:00 0.55630419908 0.44369580092 12 6 18
2014-01-06T13:00:00 0.574608564924 0.425391435076 12 4 16
2014-01-15T23:00:00 0.597527720671 0.402472279329 10 4 14
2014-01-16T00:00:00 0.59484509495 0.40515490505 9 4 13
2014-01-16T01:00:00 0.580833505854 0.419166494146 9 4 13
2014-01-16T02:00:00 0.562797366838 0.437202633162 7 4 11
2014-01-16T03:00:00 0.562436203231 0.437563796769 7 4 11
2014-01-16T04:00:00 0.580316711411 0.419683288589 6 3 9
2014-01-16T05:00:00 0.625590947893 0.374409052108 5 1 6
2014-01-16T06:00:00 0.629622758724 0.370377241276 6 1 7
2014-01-16T07:00:00 0.687753872905 0.312246127094 9 1 10
2014-01-16T08:00:00 0.720018769221 0.279981230779 25 0 25
2014-01-16T09:00:00 0.716429222349 0.283570777651 40 1 41
2014-01-16T10:00:00 0.705162219219 0.294837780781 53 4 57
2014-01-16T11:00:00 0.697305563661 0.302694436339 59 6 65
2014-01-16T12:00:00 0.704061162038 0.295938837962 65 6 71
2014-01-16T13:00:00 0.69958645354 0.30041354646 68 6 74
2014-01-16T14:00:00 0.705600927774 0.294399072226 64 6 70
2014-01-16T15:00:00 0.701012027469 0.298987972531 53 6 59
2014-01-16T16:00:00 0.713506163438 0.286493836562 43 3 46
2014-01-16T17:00:00 0.73080913338 0.26919086662 40 1 41
2014-01-16T18:00:00 0.713201985141 0.286798014859 33 2 35
2014-01-16T19:00:00 0.715742928655 0.284257071345 29 2 31
2014-01-19T08:00:00 0.587782926915 0.412217073085 3 1 4
2014-01-19T09:00:00 0.604446717061 0.395553282939 4 1 5
2014-01-19T10:00:00 0.580441868398 0.419558131602 6 2 8
2014-01-19T11:00:00 0.591104905665 0.408895094335 7 2 9
2014-01-22T17:00:00 0.421488714287 0.578511285713 1 3 4
2014-01-22T18:00:00 0.421488714287 0.578511285713 1 3 4
2014-01-22T19:00:00 0.459016999322 0.540983000678 1 2 3
2014-01-22T20:00:00 0.576030927007 0.423969072993 2 1 3
2014-01-22T21:00:00 0.576030927007 0.423969072993 2 1 3
2014-01-22T22:00:00 0.576030927007 0.423969072993 2 1 3
2014-01-22T23:00:00 0.563944559639 0.436055440361 3 2 5
2014-01-23T00:00:00 0.50552064174 0.49447935826 4 3 7
2014-01-23T01:00:00 0.422949694566 0.577050305434 3 4 7
2014-01-23T02:00:00 0.410885632189 0.589114367811 2 3 5
2014-01-23T03:00:00 0.410885632189 0.589114367811 2 3 5
2014-01-23T04:00:00 0.410885632189 0.589114367811 2 3 5
2014-01-23T05:00:00 0.320932714591 0.679067285409 1 2 3
2014-01-23T06:00:00 0.243876449783 0.756123550217 0 1 1
2014-01-23T07:00:00 0.753065408346 0.246934591654 3 0 3
2014-01-23T08:00:00 0.753285430557 0.246714569443 6 0 6
2014-01-23T09:00:00 0.725941357866 0.274058642134 9 0 9
2014-01-23T10:00:00 0.633219356694 0.366780643306 10 2 12
2014-01-23T11:00:00 0.633219356694 0.366780643306 10 2 12
2014-01-23T12:00:00 0.633219356694 0.366780643306 10 2 12
2014-01-23T13:00:00 0.59327067281 0.40672932719 7 2 9
2014-01-23T14:00:00 0.464711690787 0.535288309213 4 3 7
2014-01-23T15:00:00 0.402567611024 0.597432388976 2 3 5
2014-01-23T16:00:00 0.473838997793 0.526161002206 1 1 2
2014-01-23T17:00:00 0.551762839859 0.448237160141 3 1 4
2014-01-23T18:00:00 0.633804991849 0.366195008151 7 1 8
2014-01-23T19:00:00 0.642110856561 0.357889143439 8 1 9
2014-01-23T20:00:00 0.655150706381 0.344849293619 9 1 10
2014-01-23T21:00:00 0.63882726967 0.36117273033 9 1 10
2014-01-23T22:00:00 0.655966145724 0.344033854276 11 1 12
2014-01-23T23:00:00 0.672056764335 0.327943235665 15 1 16
2014-01-24T00:00:00 0.662979222216 0.337020777784 12 1 13
2014-01-24T01:00:00 0.635398349111 0.364601650889 15 2 17
2014-01-24T02:00:00 0.657013362773 0.342986637227 14 1 15
2014-01-24T03:00:00 0.660344210832 0.339655789168 13 1 14
2014-01-29T13:00:00 0.635877577352 0.364122422648 8 1 9
2014-01-29T14:00:00 0.675133997189 0.324866002811 6 0 6
2014-01-29T15:00:00 0.675133997189 0.324866002811 6 0 6
2014-01-29T16:00:00 0.652492433273 0.347507566727 5 0 5
2014-01-30T20:00:00 0.310095398473 0.689904601527 0 4 4
2014-01-30T21:00:00 0.387915647347 0.612084352653 1 4 5
2014-02-01T04:00:00 0.416569153407 0.583430846593 1 1 2
2014-02-01T05:00:00 0.416569153407 0.583430846593 1 1 2
2014-02-01T06:00:00 0.416569153407 0.583430846593 1 1 2
2014-02-01T07:00:00 0.730683007026 0.269316992974 2 0 2
2014-02-01T08:00:00 0.730683007026 0.269316992974 1 0 1
2014-02-01T09:00:00 0.638955217205 0.361044782795 6 2 8
2014-02-01T10:00:00 0.649576478894 0.350423521106 8 2 10
2014-02-01T11:00:00 0.649683038666 0.350316961334 9 2 11
2014-02-01T12:00:00 0.632621377339 0.367378622661 16 4 20
2014-02-01T13:00:00 0.629829896344 0.370170103656 17 4 21
2014-02-01T14:00:00 0.63942104857 0.36057895143 21 4 25
2014-02-01T15:00:00 0.645974071787 0.354025928213 17 2 19
2014-02-01T16:00:00 0.642162261963 0.357837738037 16 2 18
2014-02-01T17:00:00 0.641657181115 0.358342818885 15 2 17
2014-02-01T18:00:00 0.578815875977 0.421184124023 9 3 12
2014-02-01T19:00:00 0.564110722824 0.435889277176 7 3 10
2014-02-01T20:00:00 0.480334806204 0.519665193796 3 3 6
2014-02-01T21:00:00 0.442613791381 0.557386208619 2 3 5
2014-02-01T22:00:00 0.435186881852 0.564813118148 2 3 5
2014-02-01T23:00:00 0.485024011921 0.514975988079 3 3 6
2014-02-05T22:00:00 0.441018146528 0.558981853472 2 3 5
2014-02-05T23:00:00 0.43162348655 0.56837651345 2 3 5
2014-02-06T00:00:00 0.384464791498 0.615535208502 1 3 4
2014-02-06T01:00:00 0.440165969167 0.559834030833 1 2 3
2014-02-06T02:00:00 0.468853963959 0.531146036041 1 1 2
2014-02-06T03:00:00 0.321704945247 0.678295054753 0 1 1
2014-02-11T18:00:00 0.390620537026 0.609379462974 2 5 7
2014-02-11T19:00:00 0.437274902882 0.562725097118 3 4 7
2014-02-11T20:00:00 0.467742163624 0.532257836376 3 3 6
2014-02-11T21:00:00 0.467742163624 0.532257836376 3 3 6
2014-02-12T18:00:00 0.477368959687 0.522631040313 3 3 6
2014-02-12T19:00:00 0.551755870402 0.448244129598 2 1 3
2014-02-12T20:00:00 0.534058679186 0.465941320814 3 3 6
2014-02-12T21:00:00 0.548770202363 0.451229797637 3 3 6
2014-02-12T22:00:00 0.523310512506 0.476689487494 4 4 8
2014-02-12T23:00:00 0.540243734661 0.459756265339 7 5 12
2014-02-13T00:00:00 0.517297188958 0.482702811042 7 6 13
2014-02-13T01:00:00 0.520293153841 0.479706846159 8 7 15
2014-02-13T02:00:00 0.532370484762 0.467629515238 8 5 13
2014-02-13T03:00:00 0.516736349605 0.483263650395 7 5 12
2014-02-13T04:00:00 0.551956374982 0.448043625018 7 4 11
2014-02-13T05:00:00 0.555072858389 0.444927141611 5 3 8
2014-02-13T06:00:00 0.656366520782 0.343633479218 6 1 7
2014-02-13T07:00:00 0.662703559095 0.337296440905 6 1 7
2014-02-13T08:00:00 0.671590574166 0.328409425834 9 2 11
2014-02-13T09:00:00 0.669834323687 0.330165676313 15 3 18
2014-02-13T10:00:00 0.662012281909 0.337987718091 19 4 23
2014-02-13T11:00:00 0.655606208571 0.344393791429 19 5 24
2014-02-13T12:00:00 0.656933096156 0.343066903844 19 5 24
2014-02-13T13:00:00 0.66989904593 0.33010095407 20 4 24
2014-02-13T14:00:00 0.665019526672 0.334980473328 17 3 20
2014-02-13T15:00:00 0.667016717708 0.332983282292 13 2 15
2014-02-13T16:00:00 0.639744027731 0.360255972269 9 3 12
2014-02-13T17:00:00 0.655717760017 0.344282239983 10 2 12
2014-02-13T18:00:00 0.646223565289 0.353776434711 12 2 14
2014-02-13T19:00:00 0.646858730939 0.353141269061 11 2 13
2014-02-13T20:00:00 0.652129619866 0.347870380134 12 2 14
2014-02-13T21:00:00 0.64628607795 0.35371392205 10 2 12
2014-02-13T22:00:00 0.682282947774 0.317717052226 8 0 8
2014-02-13T23:00:00 0.700522162599 0.299477837401 7 0 7
2014-02-14T00:00:00 0.583195890655 0.416804109345 4 2 6
2014-02-14T01:00:00 0.540413168365 0.459586831635 3 2 5
2014-02-14T02:00:00 0.44817545815 0.55182454185 1 2 3
2014-02-14T03:00:00 0.44817545815 0.55182454185 1 2 3
2014-02-14T04:00:00 0.44817545815 0.55182454185 1 2 3
2014-02-14T05:00:00 0.26684002552 0.73315997448 0 2 2
2014-02-14T06:00:00 0.77699165045 0.223008349551 2 0 2
2014-02-14T07:00:00 0.631915033557 0.368084966443 2 1 3
2014-02-14T08:00:00 0.704184689064 0.295815310936 5 1 6
2014-02-14T09:00:00 0.710381368357 0.289618631643 6 1 7
2014-02-14T10:00:00 0.721119073505 0.278880926495 7 1 8
2014-02-14T11:00:00 0.678644489489 0.321355510511 8 2 10
2014-02-14T12:00:00 0.655840060243 0.344159939757 9 2 11
2014-02-14T13:00:00 0.68724788629 0.31275211371 9 1 10
2014-02-14T14:00:00 0.659224854527 0.340775145473 7 1 8
2014-02-14T15:00:00 0.671141055414 0.328858944586 8 1 9
2014-02-14T16:00:00 0.681713897943 0.318286102057 11 1 12
2014-02-14T17:00:00 0.716307446847 0.283692553153 10 0 10
2014-02-14T18:00:00 0.747465793188 0.252534206812 13 0 13
2014-02-14T19:00:00 0.742577421987 0.257422578013 14 0 14
2014-02-14T20:00:00 0.740197207389 0.259802792611 18 0 18
2014-02-14T21:00:00 0.727632823246 0.272367176754 20 0 20
2014-02-14T22:00:00 0.722309806611 0.277690193389 18 0 18
2014-02-14T23:00:00 0.702995524155 0.297004475845 23 1 24
2014-02-15T00:00:00 0.697875049599 0.302124950401 24 1 25
2014-02-15T01:00:00 0.695735155383 0.304264844617 25 2 27
2014-02-15T02:00:00 0.687577289234 0.312422710766 20 2 22
2014-02-15T03:00:00 0.687975640255 0.312024359745 16 2 18
2014-02-15T04:00:00 0.68831519602 0.31168480398 15 2 17
2014-02-15T05:00:00 0.711912933783 0.288087066217 10 1 11
2014-02-15T06:00:00 0.680074674925 0.319925325075 3 1 4
2014-02-15T07:00:00 0.703297147948 0.296702852052 1 0 1
2014-02-15T08:00:00 0.711140809724 0.288859190276 6 0 6
2014-02-15T09:00:00 0.718929850178 0.281070149821 10 0 10
2014-02-15T10:00:00 0.671716910779 0.328283089221 17 2 19
2014-02-15T11:00:00 0.692502722119 0.307497277881 29 2 31
2014-02-15T12:00:00 0.691154151144 0.308845848856 31 2 33
2014-02-15T13:00:00 0.682788779862 0.317211220138 34 3 37
2014-02-15T14:00:00 0.655948671013 0.344051328987 30 5 35
2014-02-15T15:00:00 0.653720310017 0.346279689983 28 5 33
2014-02-15T16:00:00 0.663117252303 0.336882747697 28 5 33
2014-02-15T17:00:00 0.620590770392 0.379409229608 19 7 26
2014-02-15T18:00:00 0.663968792202 0.336031207798 29 7 36
2014-02-15T19:00:00 0.682101896051 0.317898103949 35 6 41
2014-02-15T20:00:00 0.705730897316 0.294269102684 42 4 46
2014-02-15T21:00:00 0.695056060729 0.304943939271 47 4 51
2014-02-15T22:00:00 0.695106101562 0.304893898438 45 3 48
2014-02-15T23:00:00 0.705924727003 0.294075272997 56 2 58
2014-02-16T00:00:00 0.687224887682 0.312775112318 49 3 52
2014-02-16T01:00:00 0.673888454572 0.326111545428 48 4 52
2014-02-16T02:00:00 0.665006656446 0.334993343554 42 5 47
2014-02-16T03:00:00 0.668351366095 0.331648633905 35 5 40
2014-02-16T04:00:00 0.672429773596 0.327570226404 30 4 34
2014-02-16T05:00:00 0.648769327684 0.351230672316 16 3 19
2014-02-16T06:00:00 0.648084026425 0.351915973575 12 2 14
2014-02-16T07:00:00 0.66913422494 0.33086577506 6 1 7
2014-02-16T08:00:00 0.637464241945 0.362535758055 11 3 14
2014-02-16T09:00:00 0.678957718246 0.321042281754 20 3 23
2014-02-16T10:00:00 0.652149975934 0.347850024066 23 5 28
2014-02-16T11:00:00 0.646810665277 0.353189334723 29 7 36
2014-02-16T12:00:00 0.637877038872 0.362122961128 31 8 39
2014-02-16T13:00:00 0.640242587372 0.359757412628 34 9 43
2014-02-16T14:00:00 0.659984570754 0.340015429246 32 6 38
2014-02-16T15:00:00 0.580710249294 0.419289750706 23 12 35
2014-02-16T16:00:00 0.601941235707 0.398058764293 26 12 38
2014-02-16T17:00:00 0.56137043686 0.43862956314 24 15 39
2014-02-16T18:00:00 0.563679738128 0.436320261872 26 16 42
2014-02-19T22:00:00 0.294548237258 0.705451762742 2 17 19
2014-02-19T23:00:00 0.277776567227 0.722223432772 1 15 16
2014-02-20T00:00:00 0.290098267805 0.709901732195 1 12 13
2014-02-20T01:00:00 0.326464861098 0.673535138902 2 9 11
2014-02-20T02:00:00 0.335042111172 0.664957888828 2 8 10
2014-02-20T03:00:00 0.347588677967 0.652411322033 2 7 9
2014-02-20T04:00:00 0.315958027382 0.684041972618 1 4 5
2014-02-20T05:00:00 0.36341925935 0.63658074065 1 3 4
2014-02-20T06:00:00 0.629814143301 0.370185856699 1 0 1
2014-02-21T13:00:00 0.658325469584 0.341674530416 44 5 49
2014-02-21T14:00:00 0.664546938626 0.335453061374 45 3 48
2014-02-21T15:00:00 0.680047659712 0.319952340288 46 2 48
2014-02-21T16:00:00 0.665751625153 0.334248374847 41 3 44
2014-02-21T17:00:00 0.676374521164 0.323625478836 37 3 40
2014-02-21T18:00:00 0.669137467216 0.330862532784 37 4 41
2014-02-21T19:00:00 0.679602158653 0.320397841347 42 3 45
2014-02-21T20:00:00 0.687553713261 0.312446286739 38 3 41
2014-02-21T21:00:00 0.660453894942 0.339546105058 44 7 51
2014-02-21T22:00:00 0.673999211339 0.326000788661 53 6 59
2014-02-21T23:00:00 0.659595169612 0.340404830388 58 7 65
2014-02-22T00:00:00 0.654166815351 0.345833184649 62 8 70
2014-02-22T01:00:00 0.646882428486 0.353117571514 58 9 67
2014-02-22T02:00:00 0.632508107782 0.367491892218 56 11 67
2014-02-22T03:00:00 0.637905293959 0.362094706041 46 7 53
2014-02-22T04:00:00 0.620218729595 0.379781270405 34 7 41
2014-02-22T05:00:00 0.632221460047 0.367778539953 24 5 29
2014-02-22T19:00:00 0.627754560555 0.372245439445 117 26 143
2014-02-22T20:00:00 0.636558056323 0.363441943677 121 21 142
2014-02-22T21:00:00 0.632403346903 0.367596653097 117 22 139
2014-02-22T22:00:00 0.638470328473 0.361529671527 116 21 137
2014-02-22T23:00:00 0.638743228943 0.361256771057 109 22 131
2014-02-23T00:00:00 0.62812872217 0.37187127783 100 24 124
2014-02-23T01:00:00 0.631388531134 0.368611468866 94 23 117
2014-02-23T02:00:00 0.622723798694 0.377276201306 80 24 104
2014-02-23T03:00:00 0.644488650544 0.355511349456 71 18 89
2014-02-23T04:00:00 0.644713330026 0.355286669974 55 15 70
2014-02-23T05:00:00 0.634953937582 0.365046062418 41 11 52
2014-02-23T06:00:00 0.659702315077 0.340297684923 31 6 37
2014-02-23T07:00:00 0.697083697192 0.302916302808 26 3 29
2014-02-23T08:00:00 0.691134639863 0.308865360137 35 4 39
2014-02-23T09:00:00 0.654046707483 0.345953292517 63 10 73
2014-02-23T10:00:00 0.64413845711 0.35586154289 112 18 130
2014-02-23T11:00:00 0.616484087375 0.383515912625 160 39 199
2014-02-23T12:00:00 0.609434179112 0.390565820888 197 53 250
2014-02-23T13:00:00 0.605558687608 0.394441312392 228 62 290
2014-02-23T14:00:00 0.601237328703 0.398762671297 244 70 314
2014-02-23T15:00:00 0.594800517975 0.405199482025 234 72 306
2014-02-23T16:00:00 0.586838757863 0.413161242137 211 71 282
2014-02-23T17:00:00 0.593742757649 0.406257242351 182 57 239
2014-02-23T18:00:00 0.590256696188 0.409743303812 170 54 224
2014-02-23T19:00:00 0.597839117972 0.402160882028 156 47 203
2014-02-23T20:00:00 0.60527887314 0.39472112686 144 40 184
2014-02-23T21:00:00 0.60818000731 0.39181999269 130 35 165
2014-02-23T22:00:00 0.609731254334 0.390268745666 117 33 150
2014-02-23T23:00:00 0.603849818525 0.396150181475 106 33 139
2014-02-24T00:00:00 0.619321171773 0.380678828227 95 24 119
2014-02-24T01:00:00 0.603875116025 0.396124883975 73 23 96
2014-02-24T02:00:00 0.593349794423 0.406650205577 58 20 78
2014-02-24T03:00:00 0.594203019062 0.405796980938 49 17 66
2014-02-24T04:00:00 0.589174675739 0.410825324261 34 12 46
2014-02-24T05:00:00 0.618053249219 0.381946750781 24 5 29
2014-02-24T06:00:00 0.630155017989 0.369844982011 9 2 11
2014-02-24T07:00:00 0.670234980516 0.329765019484 13 1 14
2014-02-24T08:00:00 0.59689987762 0.40310012238 15 5 20
2014-02-24T09:00:00 0.592954791075 0.407045208925 28 11 39
2014-02-24T10:00:00 0.587501839507 0.412498160493 37 14 51
2014-02-24T23:00:00 0.609146690351 0.390853309649 63 17 80
2014-02-25T00:00:00 0.600654677964 0.399345322036 62 18 80
2014-02-25T01:00:00 0.6003925851 0.3996074149 62 17 79
2014-02-25T02:00:00 0.618503700339 0.381496299661 53 11 64
2014-03-03T07:00:00 0.696903062497 0.303096937503 10 1 11
2014-03-03T08:00:00 0.637157468003 0.362842531997 13 3 16
2014-03-03T09:00:00 0.643950415872 0.356049584128 22 4 26
2014-03-03T10:00:00 0.635456290417 0.364543709583 27 5 32
2014-03-03T11:00:00 0.653212862243 0.346787137757 38 5 43
2014-03-03T12:00:00 0.642880970065 0.357119029935 40 6 46
2014-03-03T13:00:00 0.619487819925 0.380512180075 37 8 45
2014-03-03T14:00:00 0.631271225104 0.368728774896 34 6 40
2014-03-03T15:00:00 0.636171262253 0.363828737747 32 5 37
2014-03-03T16:00:00 0.656665784917 0.343334215083 34 5 39
2014-03-03T17:00:00 0.636011668683 0.363988331317 26 6 32
2014-03-03T18:00:00 0.633008017205 0.366991982795 27 7 34
2014-03-10T19:00:00 0.512673925021 0.487326074979 3 3 6
2014-03-10T20:00:00 0.512673925021 0.487326074979 3 3 6
2014-03-10T21:00:00 0.5392589207 0.4607410793 4 3 7
2014-03-10T22:00:00 0.520954100152 0.479045899849 3 3 6
2014-03-10T23:00:00 0.567468744652 0.432531255348 5 3 8
2014-03-11T00:00:00 0.609669043333 0.390330956667 6 2 8
2014-03-11T01:00:00 0.66531336371 0.33468663629 8 1 9
2014-03-11T02:00:00 0.66531336371 0.33468663629 8 1 9
2014-03-11T03:00:00 0.661131422327 0.338868577673 7 1 8
2014-03-11T04:00:00 0.652680749932 0.347319250068 6 1 7
2014-03-11T05:00:00 0.63073724415 0.369262755849 3 1 4
2014-03-11T06:00:00 0.641342826521 0.358657173478 3 1 4
2014-03-11T07:00:00 0.641798332715 0.358201667285 4 1 5
2014-03-11T08:00:00 0.635053520157 0.364946479843 10 3 13
2014-03-11T09:00:00 0.615248851343 0.384751148657 13 4 17
2014-03-15T20:00:00 0.545371592143 0.454628407857 7 4 11
2014-03-16T16:00:00 0.344183455124 0.655816544876 1 7 8
2014-03-16T17:00:00 0.39095705246 0.60904294754 2 7 9
2014-03-16T18:00:00 0.391703131788 0.608296868212 2 6 8
2014-03-16T19:00:00 0.427873516537 0.572126483463 3 5 8
2014-03-16T20:00:00 0.460790939898 0.539209060102 3 4 7
2014-03-16T21:00:00 0.533430525163 0.466569474837 6 4 10
2014-03-16T22:00:00 0.537944225801 0.462055774199 6 4 10
2014-03-16T23:00:00 0.539362511075 0.460637488925 5 3 8
2014-03-17T00:00:00 0.539362511075 0.460637488925 5 3 8
2014-03-17T01:00:00 0.524994501516 0.475005498484 4 3 7
2014-03-17T02:00:00 0.524994501516 0.475005498484 4 3 7
2014-03-17T03:00:00 0.412380186864 0.587619813136 1 2 3
2014-03-17T04:00:00 0.444329453547 0.555670546453 1 1 2
2014-03-17T05:00:00 0.0 0.0 0 0 0
2014-03-23T15:00:00 0.464444139026 0.535555860974 10 11 21
2014-03-23T16:00:00 0.424537989115 0.575462010885 7 12 19
2014-03-23T17:00:00 0.447719758095 0.552280241905 7 11 18
2014-03-23T18:00:00 0.461855421249 0.538144578751 8 10 18
2014-03-23T19:00:00 0.430933094946 0.569066905054 7 12 19
2014-03-23T20:00:00 0.471972611371 0.528027388629 10 12 22
2014-03-23T21:00:00 0.513953365534 0.486046634466 14 11 25
2014-03-23T22:00:00 0.562251134048 0.437748865953 16 8 24
2014-03-23T23:00:00 0.557126761813 0.442873238187 15 8 23
2014-03-24T00:00:00 0.54413524979 0.45586475021 15 10 25
2014-03-24T01:00:00 0.568942288485 0.431057711515 19 10 29
2014-03-24T02:00:00 0.552441481564 0.447558518436 16 10 26
2014-03-24T03:00:00 0.552913897316 0.447086102684 13 9 22
2014-03-24T04:00:00 0.564759878401 0.435240121599 13 8 21
2014-03-24T05:00:00 0.5617738561 0.4382261439 11 7 18
2014-03-24T06:00:00 0.568799773404 0.431200226596 9 5 14
2014-03-24T07:00:00 0.639087022765 0.360912977235 14 4 18
2014-03-24T08:00:00 0.663393456067 0.336606543933 26 5 31
2014-03-24T09:00:00 0.66409879517 0.33590120483 31 5 36
2014-03-24T23:00:00 0.615341896884 0.384658103116 14 3 17
2014-03-25T00:00:00 0.638101014982 0.361898985018 16 3 19
2014-03-25T01:00:00 0.671145511909 0.328854488091 15 1 16
2014-03-25T02:00:00 0.679770225462 0.320229774538 8 1 9
2014-03-25T03:00:00 0.709982377597 0.290017622403 7 0 7
2014-03-25T04:00:00 0.712625962299 0.287374037701 5 0 5
2014-03-25T05:00:00 0.754431908272 0.245568091728 5 0 5
2014-03-25T06:00:00 0.714049198946 0.285950801054 2 0 2
2014-03-25T07:00:00 0.576163901953 0.423836098047 3 1 4
2014-03-25T08:00:00 0.576163901953 0.423836098047 3 1 4
2014-03-25T09:00:00 0.595600714243 0.404399285757 5 1 6
2014-03-25T10:00:00 0.619399549073 0.380600450927 7 1 8
2014-03-25T11:00:00 0.603693990038 0.396306009962 7 1 8
2014-03-25T12:00:00 0.630287665084 0.369712334916 13 1 14
2014-03-25T13:00:00 0.649944004508 0.350055995492 15 1 16
2014-03-25T14:00:00 0.654355699256 0.345644300744 17 1 18
2014-03-25T15:00:00 0.644429860754 0.355570139246 17 2 19
2014-03-25T16:00:00 0.636864761041 0.363135238959 16 2 18
2014-03-25T17:00:00 0.600849366337 0.399150633663 18 5 23
2014-03-25T18:00:00 0.582163209196 0.417836790804 12 5 17
2014-03-25T19:00:00 0.566759677564 0.433240322436 12 6 18
2014-03-25T20:00:00 0.507330711561 0.492669288439 11 9 20
2014-03-25T21:00:00 0.522966205784 0.477033794216 12 8 20
2014-03-25T22:00:00 0.508935031326 0.491064968674 13 9 22
2014-03-25T23:00:00 0.535829500046 0.464170499954 13 6 19
2014-03-26T00:00:00 0.528420058259 0.471579941741 14 7 21
2014-03-26T01:00:00 0.526873660039 0.473126339961 12 6 18
2014-03-26T02:00:00 0.582820523654 0.417179476346 11 3 14
2014-03-26T03:00:00 0.555642181936 0.444357818064 8 3 11
2014-03-26T04:00:00 0.596728372037 0.403271627963 6 2 8
2014-03-26T05:00:00 0.548919904516 0.451080095484 3 2 5
2014-03-26T06:00:00 0.57171913397 0.42828086603 1 1 2
2014-03-26T07:00:00 0.620218892154 0.379781107846 10 4 14
2014-03-26T08:00:00 0.669012079009 0.330987920991 30 5 35
2014-03-26T09:00:00 0.638928870593 0.361071129407 37 9 46
2014-03-26T10:00:00 0.647785934866 0.352214065134 51 11 62
2014-03-26T11:00:00 0.644918448714 0.355081551286 58 12 70
2014-03-26T12:00:00 0.639912483327 0.360087516673 60 13 73
2014-03-26T13:00:00 0.631913291999 0.368086708001 54 13 67
2014-03-26T14:00:00 0.59497895397 0.40502104603 36 14 50
2014-03-26T15:00:00 0.618196939518 0.381803060482 35 11 46
2014-03-26T16:00:00 0.607690504379 0.392309495621 25 9 34
2014-03-26T17:00:00 0.611124747559 0.388875252441 25 10 35
2014-03-26T18:00:00 0.628395734269 0.371604265731 31 10 41
2014-03-26T19:00:00 0.653260033216 0.346739966784 34 7 41
2014-03-26T20:00:00 0.65414084085 0.34585915915 37 8 45
2014-03-26T21:00:00 0.637979869923 0.362020130077 41 9 50
2014-03-26T22:00:00 0.650540728672 0.349459271328 52 10 62
2014-03-26T23:00:00 0.645581125537 0.354418874463 56 11 67
2014-03-27T00:00:00 0.640041953032 0.359958046968 56 12 68
2014-03-27T01:00:00 0.642803698309 0.357196301691 53 11 64
2014-03-27T02:00:00 0.646944251106 0.353055748894 49 9 58
2014-03-27T03:00:00 0.660797697934 0.339202302066 39 7 46
2014-03-27T04:00:00 0.633047881554 0.366952118446 25 6 31
2014-03-27T20:00:00 0.601444170725 0.398555829275 133 34 167
2014-03-27T21:00:00 0.604112620709 0.395887379291 120 29 149
2014-03-27T22:00:00 0.593667796921 0.406332203079 97 27 124
2014-03-27T23:00:00 0.6059103712 0.3940896288 91 21 112
2014-03-28T00:00:00 0.618119694765 0.381880305235 74 14 88
2014-03-28T01:00:00 0.611488436047 0.388511563953 59 12 71
2014-04-13T12:00:00 0.440847750166 0.559152249834 5 7 12
2014-04-13T13:00:00 0.43070777758 0.56929222242 5 8 13
2014-04-13T14:00:00 0.405067891156 0.594932108844 4 7 11
2014-04-13T15:00:00 0.440489625937 0.559510374063 6 7 13
2014-04-13T16:00:00 0.449169303679 0.550830696321 6 6 12
2014-04-13T17:00:00 0.496445603829 0.503554396171 5 3 8
2014-04-13T18:00:00 0.544884734376 0.455115265624 7 2 9
2014-04-13T19:00:00 0.592399021556 0.407600978444 10 1 11
2014-04-13T20:00:00 0.589519742198 0.410480257802 8 1 9
2014-04-13T21:00:00 0.622106685097 0.377893314903 10 1 11
2014-04-13T22:00:00 0.634842753856 0.365157246144 12 1 13
2014-04-13T23:00:00 0.61691652636 0.38308347364 11 2 13
2014-04-14T00:00:00 0.635934744493 0.364065255507 11 2 13
2014-04-14T01:00:00 0.598762664044 0.401237335956 8 3 11
2014-04-14T02:00:00 0.608636253283 0.391363746717 10 3 13
2014-04-14T03:00:00 0.56712856688 0.43287143312 6 3 9
2014-04-14T04:00:00 0.569650149228 0.430349850772 4 2 6
2014-04-14T05:00:00 0.608443750662 0.391556249338 4 1 5
2014-04-14T06:00:00 0.571526204912 0.428473795088 3 1 4
2014-04-14T07:00:00 0.626201207795 0.373798792205 7 1 8
2014-04-14T08:00:00 0.583147450859 0.416852549141 12 3 15
2014-04-14T09:00:00 0.59421474365 0.40578525635 18 4 22
2014-04-14T10:00:00 0.594795955569 0.405204044431 23 6 29
2014-04-14T11:00:00 0.619019571148 0.380980428852 29 6 35
2014-04-14T12:00:00 0.625757376072 0.374242623928 32 6 38
2014-04-14T13:00:00 0.622792273582 0.377207726418 31 6 37
2014-04-17T23:00:00 0.21736125849 0.78263874151 0 1 1
2014-04-18T00:00:00 0.21736125849 0.78263874151 0 1 1
2014-04-18T01:00:00 0.241677450175 0.758322549825 0 3 3
2014-04-18T02:00:00 0.241677450175 0.758322549825 0 3 3
2014-04-18T03:00:00 0.253835546017 0.746164453983 0 2 2
2014-04-18T04:00:00 0.253835546017 0.746164453983 0 2 2
2014-04-18T05:00:00 0.253835546017 0.746164453983 0 2 2
2014-04-23T08:00:00 0.56819705654 0.43180294346 2 1 3
2014-04-23T09:00:00 0.51809694258 0.48190305742 2 2 4
2014-05-01T03:00:00 0 0 0 0 0
2014-05-01T04:00:00 0 0 0 0 0
2014-05-01T05:00:00 0 0 0 0 0
2014-05-01T06:00:00 0.745441903036 0.254558096964 1 0 1
2014-05-01T07:00:00 0.745441903036 0.254558096964 1 0 1
2014-05-15T14:00:00 0.326183102445 0.673816897555 0 6 6
2014-05-19T12:00:00 0.0 0.0 0 0 0
2014-05-19T13:00:00 0.263044190133 0.736955809867 0 1 1
2014-05-19T14:00:00 0.263044190133 0.736955809867 0 1 1
2014-05-19T15:00:00 0.471867344034 0.528132655967 1 1 2
2014-05-19T16:00:00 0.471867344034 0.528132655967 1 1 2
2014-05-19T17:00:00 0.471867344034 0.528132655967 1 1 2
2014-05-19T18:00:00 0.471867344034 0.528132655967 1 1 2
2014-05-19T19:00:00 0.502823817906 0.497176182094 1 1 2
2014-05-19T20:00:00 0.502823817906 0.497176182094 1 1 2
2014-05-21T15:00:00 0.361710335051 0.638289664949 2 22 24
2014-05-21T16:00:00 0.369863326911 0.630136673089 2 11 13
2014-05-21T17:00:00 0.371345689067 0.628654310933 2 10 12
2014-05-21T18:00:00 0.371345689067 0.628654310933 2 10 12
2014-05-21T19:00:00 0.360644911639 0.639355088361 1 9 10
2014-05-21T20:00:00 0.0 0.0 0 0 0
2014-05-21T21:00:00 0.313793234278 0.686206765722 0 1 1
2014-05-21T22:00:00 0.313793234278 0.686206765722 0 1 1
2014-05-21T23:00:00 0.322946764239 0.677053235761 0 2 2
2014-05-22T00:00:00 0.296589992754 0.703410007246 0 3 3
2014-05-22T01:00:00 0.3939101217 0.6060898783 1 3 4
2014-05-22T02:00:00 0.366922914132 0.633077085868 1 5 6
2014-05-22T03:00:00 0.377548850103 0.622451149897 1 4 5
2014-05-22T04:00:00 0.377548850103 0.622451149897 1 4 5
2014-05-31T11:00:00 0.482758078484 0.517241921516 1 1 2
2014-05-31T12:00:00 0.459395679183 0.540604320817 2 2 4
2014-05-31T13:00:00 0.44661486735 0.55338513265 2 3 5
2014-06-16T13:00:00 0.676749346125 0.323250653875 3 0 3
2014-06-16T14:00:00 0.673389020894 0.326610979106 4 0 4
2014-06-16T15:00:00 0.649855552938 0.350144447062 4 0 4
2014-06-16T16:00:00 0.649855552938 0.350144447062 4 0 4
2014-06-16T17:00:00 0.595151773198 0.404848226802 5 1 6
2014-07-04T09:00:00 0.63114196977 0.36885803023 3 1 4
2014-07-04T10:00:00 0.578796240795 0.421203759205 4 2 6
2014-07-04T11:00:00 0.578796240795 0.421203759205 4 2 6
2014-07-04T12:00:00 0.605758057977 0.394241942023 5 2 7
2014-07-04T13:00:00 0.588788102192 0.411211897808 3 1 4
2014-07-04T14:00:00 0.588788102192 0.411211897808 3 1 4
2014-07-04T15:00:00 0.595604231694 0.404395768306 3 1 4
2014-07-04T16:00:00 0.717103680542 0.282896319457 2 0 2
2014-07-04T17:00:00 0.717103680542 0.282896319457 2 0 2
2014-07-04T18:00:00 0.666678400014 0.333321599986 1 0 1
2014-07-04T19:00:00 0.660718512203 0.339281487797 2 0 2
2014-07-04T20:00:00 0.660718512203 0.339281487797 2 0 2
2014-07-04T21:00:00 0.654758624393 0.345241375607 1 0 1
2014-07-04T22:00:00 0.654758624393 0.345241375607 1 0 1
2014-07-04T23:00:00 0.666565279998 0.333434720003 2 0 2
2014-07-05T00:00:00 0.525669003259 0.474330996741 2 1 3
2014-07-05T01:00:00 0.461124192693 0.538875807307 1 1 2
2014-07-06T00:00:00 0.281965784773 0.718034215227 0 2 2
2014-07-06T01:00:00 0.324209868332 0.675790131668 0 1 1
2014-07-07T10:00:00 0.164286564192 0.835713435808 0 1 1
2014-07-07T11:00:00 0.164286564192 0.835713435808 0 1 1
2014-07-07T12:00:00 0.164286564192 0.835713435808 0 1 1
2014-07-07T13:00:00 0.357645314865 0.642354685135 1 3 4
2014-07-07T14:00:00 0.306607311849 0.693392688151 1 4 5
2014-07-07T15:00:00 0.394886530493 0.605113469507 2 3 5
2014-07-07T16:00:00 0.444883791304 0.555116208696 3 3 6
2014-07-07T17:00:00 0.432293860535 0.567706139465 3 4 7
2014-07-07T18:00:00 0.432293860535 0.567706139465 3 4 7
2014-07-07T19:00:00 0.55437538373 0.44562461627 4 2 6
2014-07-07T20:00:00 0.644759400519 0.355240599481 4 1 5
2014-07-07T21:00:00 0.654528586296 0.345471413704 3 1 4
2014-07-07T22:00:00 0.633183259011 0.366816740989 3 1 4
2014-07-07T23:00:00 0.710813488658 0.289186511342 4 0 4
2014-07-08T00:00:00 0.689787322409 0.310212677591 5 0 5
2014-07-17T09:00:00 0.282157631282 0.717842368719 0 2 2
2014-07-17T10:00:00 0.312262333424 0.687737666575 0 4 4
2014-07-17T11:00:00 0.312262333424 0.687737666575 0 4 4
2014-07-17T12:00:00 0.270300926697 0.729699073303 0 5 5
2014-07-17T13:00:00 0.252435708428 0.747564291571 0 4 4
2014-07-17T14:00:00 0.252435708428 0.747564291571 0 4 4
2014-07-17T15:00:00 0.245460702509 0.754539297491 0 5 5
2014-07-17T16:00:00 0.160007989309 0.83999201069 0 2 2
2014-07-17T17:00:00 0.187964142801 0.812035857199 0 3 3
2014-07-17T18:00:00 0.276059927145 0.723940072855 0 4 4
2014-07-17T19:00:00 0.276059927145 0.723940072855 0 4 4
2014-07-17T20:00:00 0.276059927145 0.723940072855 0 4 4
2014-07-17T21:00:00 0.295559676582 0.704440323418 0 3 3
2014-07-17T22:00:00 0.295559676582 0.704440323418 0 3 3
2014-07-17T23:00:00 0.271488144396 0.728511855604 0 3 3
2014-07-18T00:00:00 0.171661853223 0.828338146777 0 1 1
2014-07-18T01:00:00 0.221413033576 0.778586966424 0 2 2
2014-07-18T02:00:00 0.221413033576 0.778586966424 0 2 2
2014-07-18T03:00:00 0.228900838978 0.771099161022 0 3 3
2014-07-18T04:00:00 0.228900838978 0.771099161022 0 3 3
2014-07-18T05:00:00 0.257520331856 0.742479668144 0 2 2
2014-07-18T06:00:00 0.257520331856 0.742479668144 0 2 2
2014-07-18T07:00:00 0.26864920007 0.73135079993 0 2 2
2014-07-18T08:00:00 0.379074875736 0.620925124264 1 3 4
2014-07-18T09:00:00 0.42414101772 0.57585898228 1 2 3
2014-07-18T10:00:00 0.406545543194 0.593454456806 1 3 4
2014-07-18T11:00:00 0.406545543194 0.593454456806 1 3 4
2014-07-18T12:00:00 0.406545543194 0.593454456806 1 3 4
2014-07-18T13:00:00 0.426104471702 0.573895528298 1 3 4
2014-07-18T14:00:00 0.443699813805 0.556300186195 1 2 3
2014-07-28T02:00:00 0.102455299788 0.897544700212 0 1 1
2014-07-28T03:00:00 0.102455299788 0.897544700212 0 1 1
2014-07-30T09:00:00 0.672710755262 0.327289244738 1 0 1
2014-07-30T10:00:00 0.672710755262 0.327289244738 1 0 1
2014-07-30T11:00:00 0.672710755262 0.327289244738 1 0 1
2014-07-30T12:00:00 0.672710755262 0.327289244738 1 0 1
2014-07-30T13:00:00 0.672710755262 0.327289244738 1 0 1
2014-07-30T14:00:00 0.672710755262 0.327289244738 1 0 1
2014-07-30T15:00:00 0 0 0 0 0
2014-07-30T16:00:00 0 0 0 0 0
2014-07-30T17:00:00 0 0 0 0 0
2014-07-30T18:00:00 0 0 0 0 0
2014-07-30T19:00:00 0 0 0 0 0
2014-07-30T20:00:00 0 0 0 0 0
2014-07-30T21:00:00 0 0 0 0 0
2014-07-30T22:00:00 0.0 0.0 0 0 0
2014-07-30T23:00:00 0.0 0.0 0 0 0
2014-07-31T00:00:00 0.0 0.0 0 0 0
2014-07-31T01:00:00 0.291107255927 0.708892744073 0 1 1
2014-07-31T02:00:00 0.291107255927 0.708892744073 0 1 1
2014-07-31T03:00:00 0.291107255927 0.708892744073 0 1 1
2014-07-31T04:00:00 0.291107255927 0.708892744073 0 1 1
2014-07-31T17:00:00 0.376095273933 0.623904726067 0 1 1
2014-07-31T18:00:00 0 0 0 0 0
2014-07-31T19:00:00 0 0 0 0 0
2014-07-31T20:00:00 0 0 0 0 0
2014-07-31T21:00:00 0 0 0 0 0
2014-07-31T22:00:00 0 0 0 0 0
2014-07-31T23:00:00 0 0 0 0 0
2014-08-01T00:00:00 0 0 0 0 0
2014-08-01T01:00:00 0 0 0 0 0
2014-08-01T02:00:00 0 0 0 0 0
2014-08-01T03:00:00 0 0 0 0 0
2014-08-01T04:00:00 0 0 0 0 0
2014-08-01T05:00:00 0 0 0 0 0
2014-08-01T06:00:00 0 0 0 0 0
2014-08-01T07:00:00 0 0 0 0 0
2014-08-01T08:00:00 0 0 0 0 0
2014-08-01T09:00:00 0.683213907369 0.316786092631 1 0 1
2014-08-01T10:00:00 0.683213907369 0.316786092631 1 0 1
2014-08-01T11:00:00 0.683213907369 0.316786092631 1 0 1
2014-08-01T12:00:00 0.683213907369 0.316786092631 1 0 1
2014-08-01T13:00:00 0.683213907369 0.316786092631 1 0 1
2014-08-01T14:00:00 0.684157219723 0.315842780277 2 0 2
2014-08-01T15:00:00 0.685100532077 0.314899467923 1 0 1
2014-08-01T16:00:00 0.746596563986 0.253403436014 2 0 2
2014-08-01T17:00:00 0.746596563986 0.253403436014 2 0 2
2014-08-01T18:00:00 0.707067997866 0.292932002134 4 0 4
2014-08-02T10:00:00 0 0 0 0 0
2014-08-02T11:00:00 0 0 0 0 0
2014-08-02T12:00:00 0.0 0.0 0 0 0
2014-08-02T13:00:00 0.0 0.0 0 0 0
2014-08-02T14:00:00 0.102455299788 0.897544700212 0 1 1
2014-08-02T15:00:00 0.102455299788 0.897544700212 0 1 1
2014-08-02T16:00:00 0.102455299788 0.897544700212 0 1 1
2014-08-02T17:00:00 0.102455299788 0.897544700212 0 1 1
2014-08-02T18:00:00 0.102455299788 0.897544700212 0 1 1
2014-08-02T19:00:00 0.159908279139 0.840091720861 0 2 2
2014-08-02T20:00:00 0.21736125849 0.78263874151 0 1 1
2014-08-02T21:00:00 0.21736125849 0.78263874151 0 1 1
2014-08-02T22:00:00 0.21736125849 0.78263874151 0 1 1
2014-08-02T23:00:00 0.21736125849 0.78263874151 0 1 1
2014-08-03T00:00:00 0.21736125849 0.78263874151 0 1 1
2014-08-21T02:00:00 0.485973954604 0.514026045396 8 7 15
2014-08-21T03:00:00 0.523425104908 0.476574895092 9 5 14
2014-08-21T04:00:00 0.595766083651 0.404233916349 10 3 13
2014-08-21T05:00:00 0.639641331007 0.360358668993 11 2 13
2014-08-21T06:00:00 0.64117276633 0.35882723367 11 2 13
2014-08-21T07:00:00 0.591110171101 0.408889828899 11 4 15
2014-08-21T08:00:00 0.634773957637 0.365226042363 12 2 14
2014-08-21T09:00:00 0.648186811884 0.351813188116 18 2 20
2014-08-21T10:00:00 0.593420497811 0.406579502189 16 5 21
2014-08-21T11:00:00 0.57402140566 0.42597859434 13 5 18
2014-08-30T04:00:00 0.360868929477 0.639131070523 0 1 1
2014-08-30T05:00:00 0.360868929477 0.639131070523 0 1 1
2014-08-30T06:00:00 0.367154814121 0.632845185879 0 2 2
2014-08-30T07:00:00 0.399044001554 0.600955998446 1 3 4
2014-08-30T08:00:00 0.445864212082 0.554135787918 3 4 7
2014-08-30T09:00:00 0.468991354812 0.531008645188 5 5 10
2014-08-30T10:00:00 0.462767403674 0.537232596326 6 6 12
2014-08-30T11:00:00 0.457282331502 0.542717668498 6 7 13
2014-08-30T12:00:00 0.46426913423 0.53573086577 6 6 12
2014-08-30T13:00:00 0.463691787938 0.536308212062 5 6 11
2014-09-05T20:00:00 0.397682830407 0.602317169593 2 3 5
2014-09-05T21:00:00 0.405008136987 0.594991863012 2 2 4
2014-09-05T22:00:00 0.204333616565 0.795666383435 0 2 2
2014-09-05T23:00:00 0.231922366233 0.768077633767 0 3 3
2014-09-06T00:00:00 0.263896112964 0.736103887036 0 2 2
2014-09-06T01:00:00 0.263896112964 0.736103887036 0 2 2
2014-09-06T02:00:00 0.263896112964 0.736103887036 0 2 2
2014-09-06T03:00:00 0.308889523044 0.691110476956 0 3 3
2014-09-06T04:00:00 0.308889523044 0.691110476956 0 3 3
2014-09-06T05:00:00 0.319784351782 0.680215648218 0 2 2
2014-09-06T06:00:00 0.370319071488 0.629680928512 0 2 2
2014-09-06T07:00:00 0.466452842271 0.533547157729 1 2 3
2014-09-06T08:00:00 0.585325156404 0.414674843596 5 2 7
2014-09-06T09:00:00 0.575359922296 0.424640077704 7 2 9
2014-09-06T10:00:00 0.584993321529 0.415006678471 9 2 11
2014-09-06T11:00:00 0.588846234941 0.411153765059 10 2 12
2014-09-06T12:00:00 0.612274160618 0.387725839382 12 2 14
2014-09-06T13:00:00 0.576776992899 0.423223007101 11 4 15
2014-09-06T14:00:00 0.54124884777 0.45875115223 7 4 11
2014-09-06T15:00:00 0.534379477655 0.465620522345 5 4 9
2014-09-06T16:00:00 0.507532580391 0.492467419609 3 4 7
2014-09-06T17:00:00 0.486916630043 0.513083369957 2 4 6
2014-09-06T18:00:00 0.358018183712 0.641981816288 0 3 3
2014-09-06T19:00:00 0.484484363133 0.515515636867 1 1 2
2014-09-06T20:00:00 0.459779583992 0.540220416008 2 2 4
2014-09-06T21:00:00 0.501200271168 0.498799728832 2 1 3
2014-09-06T22:00:00 0.542747898459 0.457252101541 3 1 4
2014-09-06T23:00:00 0.50649690061 0.49350309939 3 2 5
2014-09-07T00:00:00 0.50649690061 0.49350309939 3 2 5
2014-09-07T01:00:00 0.474758324812 0.525241675188 2 2 4
2014-09-07T02:00:00 0.514441844772 0.485558155228 1 1 2
2014-09-07T03:00:00 0.514441844772 0.485558155228 1 1 2
2014-09-07T04:00:00 0.361492909211 0.638507090789 0 1 1
2014-09-07T05:00:00 0 0 0 0 0
2014-09-07T06:00:00 0 0 0 0 0
2014-09-07T07:00:00 0 0 0 0 0
2014-09-07T08:00:00 0.498572061421 0.501427938579 1 1 2
2014-09-07T09:00:00 0.456782402957 0.543217597043 1 2 3
2014-09-07T10:00:00 0.605231649726 0.394768350274 4 2 6
2014-09-07T11:00:00 0.567528425889 0.432471574111 5 3 8
2014-09-07T12:00:00 0.5158536341 0.4841463659 5 4 9
2014-09-20T18:00:00 0.294935068395 0.705064931605 2 6 8
2014-09-20T19:00:00 0.254096261968 0.745903738032 1 6 7
2014-09-25T11:00:00 0.267496862149 0.732503137851 0 3 3
2014-09-25T12:00:00 0.355127116245 0.644872883755 1 3 4
2014-09-25T13:00:00 0.443842193216 0.556157806784 3 4 7
2014-09-26T13:00:00 0.510572752152 0.489427247848 1 1 2
2014-10-07T14:00:00 0.330633718907 0.669366281093 2 8 10
2014-10-07T15:00:00 0.329397265478 0.670602734522 2 7 9
2014-10-07T16:00:00 0.390316389366 0.609683610634 3 5 8
2014-10-07T17:00:00 0.467124660207 0.532875339793 5 6 11
2014-10-07T18:00:00 0.494320325934 0.505679674066 6 5 11
2014-10-07T19:00:00 0.481873018746 0.518126981254 5 5 10
2014-10-07T20:00:00 0.509417038346 0.490582961654 4 4 8
2014-10-07T21:00:00 0.544536160801 0.455463839199 8 5 13
2014-10-07T22:00:00 0.496862820232 0.503137179768 8 7 15
2014-10-07T23:00:00 0.497303735047 0.502696264953 8 6 14
2014-10-08T00:00:00 0.500269249459 0.499730750541 7 5 12
2014-10-08T01:00:00 0.527298539596 0.472701460404 10 7 17
2014-10-08T02:00:00 0.538162099239 0.461837900761 11 7 18
2014-10-08T03:00:00 0.52821431183 0.47178568817 8 6 14
2014-10-08T04:00:00 0.600305196892 0.399694803108 9 4 13
2014-10-08T05:00:00 0.612631559994 0.387368440006 7 3 10
2014-10-08T06:00:00 0.626841682864 0.373158317136 8 3 11
2014-10-08T07:00:00 0.644816460466 0.355183539534 7 2 9
2014-10-08T08:00:00 0.716137015559 0.283862984441 15 1 16
2014-10-08T09:00:00 0.71506649581 0.284933504191 19 1 20
2014-10-08T10:00:00 0.683115093226 0.316884906774 23 3 26
2014-10-08T11:00:00 0.668558455439 0.331441544561 28 5 33
2014-10-08T12:00:00 0.658943579039 0.341056420961 28 6 34
2014-10-08T13:00:00 0.659735790198 0.340264209802 29 6 35
2014-10-08T14:00:00 0.624276815992 0.375723184008 23 7 30
2014-10-08T15:00:00 0.633850653289 0.366149346711 28 8 36
2014-10-08T16:00:00 0.640244419951 0.359755580049 30 7 37
2014-10-08T17:00:00 0.648346977198 0.351653022802 38 7 45
2014-10-08T18:00:00 0.643090652717 0.356909347283 58 10 68
2014-10-08T19:00:00 0.653267894247 0.346732105753 116 11 127
2014-10-08T20:00:00 0.655526129398 0.344473870602 181 16 197
2014-10-08T21:00:00 0.651982172732 0.348017827268 206 19 225
2014-10-08T22:00:00 0.646066718035 0.353933281965 218 23 241
2014-10-08T23:00:00 0.642343230155 0.357656769845 223 24 247
2014-10-09T00:00:00 0.643701510406 0.356298489594 216 22 238
2014-10-09T01:00:00 0.635989972258 0.364010027742 163 21 184
2014-10-09T02:00:00 0.623971028734 0.376028971266 96 15 111
2014-10-09T03:00:00 0.616054801722 0.383945198278 64 11 75
2014-10-09T04:00:00 0.631173482422 0.368826517578 45 6 51
2014-10-09T05:00:00 0.65340100827 0.34659899173 28 3 31
2014-10-09T06:00:00 0.6520227367 0.3479772633 14 2 16
2014-10-09T07:00:00 0.674271890174 0.325728109826 20 3 23
2014-10-09T08:00:00 0.670043554932 0.329956445068 40 5 45
2014-10-09T09:00:00 0.668892945175 0.331107054825 63 7 70
2014-10-09T10:00:00 0.670765342024 0.329234657976 79 8 87
2014-10-09T11:00:00 0.670030823779 0.329969176221 91 9 100
2014-10-09T12:00:00 0.663470315701 0.336529684299 111 10 121
2014-10-09T13:00:00 0.651709083478 0.348290916522 105 13 118
2014-10-09T14:00:00 0.639249275714 0.360750724286 91 16 107
2014-10-09T15:00:00 0.624932707091 0.375067292909 71 15 86
2014-10-09T16:00:00 0.614192134839 0.385807865161 68 15 83
2014-10-09T17:00:00 0.604997144798 0.395002855202 66 17 83
2014-10-09T18:00:00 0.620499680784 0.379500319216 84 19 103
2014-10-09T19:00:00 0.642813085842 0.357186914158 129 20 149
2014-10-10T08:00:00 0.639959331041 0.360040668959 59 10 69
2014-10-10T09:00:00 0.622258621661 0.377741378339 90 21 111
2014-10-10T10:00:00 0.621153357894 0.378846642106 113 27 140
2014-10-10T11:00:00 0.620859853951 0.379140146049 131 30 161
2014-10-10T12:00:00 0.627234219073 0.372765780927 146 30 176
2014-10-10T13:00:00 0.621400823931 0.378599176069 141 31 172
2014-10-10T14:00:00 0.61489549222 0.38510450778 126 30 156
2014-10-10T15:00:00 0.622440643764 0.377559356236 98 20 118
2014-10-10T16:00:00 0.612917068827 0.387082931173 78 18 96
2014-10-10T17:00:00 0.610638227339 0.389361772661 70 17 87
2014-10-10T18:00:00 0.599325184971 0.400674815029 72 22 94
2014-10-10T19:00:00 0.596828867668 0.403171132332 78 25 103
2014-10-10T20:00:00 0.610049461563 0.389950538437 82 21 103
2014-10-10T21:00:00 0.604224078442 0.395775921558 97 25 122
2014-10-10T22:00:00 0.606337191173 0.393662808827 103 26 129
2014-10-10T23:00:00 0.595503494714 0.404496505286 110 33 143
2014-10-11T00:00:00 0.601415743473 0.398584256527 114 30 144
2014-10-11T01:00:00 0.599925194068 0.400074805932 107 29 136
2014-10-11T02:00:00 0.597918800895 0.402081199105 99 28 127
2014-10-11T03:00:00 0.596663262449 0.403336737551 78 25 103
2014-10-11T04:00:00 0.595413350922 0.404586649078 64 21 85
2014-10-11T05:00:00 0.613541179162 0.386458820838 45 12 57
2014-10-11T06:00:00 0.620892819626 0.379107180374 37 9 46
2014-10-11T07:00:00 0.629817288174 0.370182711826 72 13 85
2014-10-11T08:00:00 0.636064712161 0.363935287839 151 26 177
2014-10-17T18:00:00 0.450925753075 0.549074246925 10 16 26
2014-10-18T12:00:00 0.509920266787 0.490079733213 13 9 22
2014-10-18T13:00:00 0.493671779099 0.506328220901 15 12 27
2014-10-18T14:00:00 0.480050230741 0.519949769259 13 12 25
2014-10-18T15:00:00 0.463193976177 0.536806023823 11 12 23
2014-10-18T16:00:00 0.423101053135 0.576898946865 8 14 22
2014-10-18T17:00:00 0.48104106497 0.51895893503 11 11 22
2014-10-18T18:00:00 0.467467096804 0.532532903196 11 14 25
2014-10-18T19:00:00 0.461559792072 0.538440207928 9 14 23
2014-10-18T20:00:00 0.496442402869 0.503557597131 13 15 28
2014-10-18T21:00:00 0.532325360575 0.467674639425 18 16 34
2014-10-18T22:00:00 0.558012669694 0.441987330306 23 15 38
2014-10-18T23:00:00 0.561035593367 0.438964406633 23 14 37
2014-10-19T00:00:00 0.594645039123 0.405354960877 25 9 34
2014-10-19T01:00:00 0.61785400359 0.38214599641 25 6 31
2014-10-19T02:00:00 0.624391654618 0.375608345382 20 4 24
2014-10-19T03:00:00 0.622730050982 0.377269949018 14 2 16
2014-10-19T04:00:00 0.621293540506 0.378706459494 8 1 9
2014-10-19T05:00:00 0.600468601654 0.399531398346 5 1 6
2014-10-19T06:00:00 0.751068568833 0.248931431167 2 0 2
2014-10-19T07:00:00 0.600861840503 0.399138159497 5 2 7
2014-10-19T08:00:00 0.591147589853 0.408852410147 11 4 15
2014-10-19T09:00:00 0.620966950969 0.379033049031 22 4 26
2014-10-19T10:00:00 0.616879970812 0.383120029188 38 7 45
2014-10-19T11:00:00 0.6172666171 0.3827333829 52 11 63
2014-10-19T12:00:00 0.61969081982 0.38030918018 59 12 71
2014-10-19T13:00:00 0.627345340899 0.372654659101 64 11 75
2014-10-19T14:00:00 0.6377030255 0.3622969745 65 9 74
2014-10-19T15:00:00 0.635443703161 0.364556296839 60 9 69
2014-10-19T16:00:00 0.633505095797 0.366494904203 46 8 54
2014-10-19T17:00:00 0.6350849236 0.3649150764 34 5 39
2014-10-19T18:00:00 0.618364383882 0.381635616118 30 7 37
2014-10-19T19:00:00 0.608486538012 0.391513461988 21 6 27
2014-10-19T20:00:00 0.568264976966 0.431735023034 17 10 27
2014-10-19T21:00:00 0.552696913312 0.447303086688 16 11 27
2014-10-19T22:00:00 0.567724620622 0.432275379378 18 10 28
2014-10-19T23:00:00 0.561225686788 0.438774313212 19 11 30
2014-10-20T00:00:00 0.563575225203 0.436424774797 17 8 25
2014-10-20T01:00:00 0.556439571086 0.443560428914 18 9 27
2014-10-23T13:00:00 0.603590990397 0.396409009603 12 3 15
2014-10-23T14:00:00 0.587222467525 0.412777532475 10 3 13
2014-10-23T15:00:00 0.59291297532 0.40708702468 10 3 13
2014-10-23T16:00:00 0.574689743574 0.425310256426 13 4 17
2014-10-23T17:00:00 0.568753738824 0.431246261176 15 6 21
2014-10-23T18:00:00 0.594421308402 0.405578691598 18 5 23
2014-10-23T19:00:00 0.618180979923 0.381819020077 25 4 29
2014-10-23T20:00:00 0.610893366883 0.389106633117 26 5 31
2014-10-23T21:00:00 0.61571109977 0.38428890023 28 5 33
2014-10-23T22:00:00 0.616915307613 0.383084692387 25 6 31
2014-10-23T23:00:00 0.595751854036 0.404248145964 21 7 28
2014-10-24T00:00:00 0.592576276577 0.407423723423 16 6 22
2014-10-24T01:00:00 0.574267851905 0.425732148095 10 6 16
2014-10-24T02:00:00 0.593765349692 0.406234650308 10 5 15
2014-10-24T03:00:00 0.552017177907 0.447982822093 6 5 11
2014-10-24T04:00:00 0.567081767525 0.432918232475 5 3 8
2014-10-24T05:00:00 0.706245778854 0.293754221146 5 0 5
2014-10-24T06:00:00 0.599290607628 0.400709392372 3 1 4
2014-10-24T07:00:00 0.551031013186 0.448968986814 2 1 3
2014-10-24T08:00:00 0.594940942042 0.405059057958 6 2 8
2014-10-24T09:00:00 0.60658502995 0.39341497005 10 3 13
2014-10-24T10:00:00 0.611238137681 0.388761862319 16 4 20
2014-10-24T11:00:00 0.597207837713 0.402792162287 18 6 24
2014-10-24T12:00:00 0.60626719378 0.39373280622 21 6 27
2014-10-24T13:00:00 0.591960193376 0.408039806624 21 7 28
2014-10-24T14:00:00 0.585831958627 0.414168041373 19 6 25
2014-10-24T15:00:00 0.596656629632 0.403343370368 23 6 29
2014-10-24T16:00:00 0.590063951332 0.409936048668 22 8 30
2014-10-24T17:00:00 0.603406727695 0.396593272305 24 7 31
2014-10-24T18:00:00 0.617287332958 0.382712667042 25 6 31
2014-10-24T19:00:00 0.63552759415 0.36447240585 27 5 32
2014-10-24T20:00:00 0.638750126334 0.361249873666 29 5 34
2014-10-24T21:00:00 0.642839775379 0.357160224621 26 5 31
2014-10-24T22:00:00 0.659122143755 0.340877856245 26 2 28
2014-10-24T23:00:00 0.655013623852 0.344986376148 28 2 30
2014-10-25T00:00:00 0.652687466998 0.347312533002 33 3 36
2014-10-25T01:00:00 0.66161683788 0.33838316212 34 3 37
2014-10-25T02:00:00 0.662287909393 0.337712090607 29 3 32
2014-10-25T03:00:00 0.66154942537 0.33845057463 25 2 27
2014-10-25T04:00:00 0.663473356894 0.336526643106 20 2 22
2014-10-25T05:00:00 0.687576634631 0.312423365369 15 1 16
2014-10-25T06:00:00 0.741212319654 0.258787680346 6 0 6
2014-10-25T07:00:00 0.692686262386 0.307313737614 11 1 12
2014-10-25T08:00:00 0.635804615223 0.364195384777 28 4 32
2014-10-25T09:00:00 0.623296094815 0.376703905185 41 8 49
2014-10-25T10:00:00 0.607322423074 0.392677576926 48 12 60
2014-10-25T11:00:00 0.607327144207 0.392672855793 58 14 72
2014-10-25T12:00:00 0.589661564132 0.410338435868 60 19 79
2014-10-25T13:00:00 0.568868723023 0.431131276977 53 21 74
2014-10-25T14:00:00 0.555893600572 0.444106399428 44 22 66
2014-10-25T15:00:00 0.53075750598 0.46924249402 32 22 54
2014-10-25T16:00:00 0.532053403039 0.467946596961 28 19 47
2014-10-25T17:00:00 0.49662667044 0.50337332956 18 18 36
2014-10-25T18:00:00 0.536854024251 0.463145975749 23 16 39
2014-10-29T16:00:00 0 0 0 0 0
2014-10-29T17:00:00 0 0 0 0 0
2014-10-29T18:00:00 0 0 0 0 0
2014-10-29T19:00:00 0 0 0 0 0
2014-10-29T20:00:00 0 0 0 0 0
2014-10-29T21:00:00 0 0 0 0 0
2014-10-29T22:00:00 0 0 0 0 0
2014-10-29T23:00:00 0 0 0 0 0
2014-10-30T00:00:00 0 0 0 0 0
2014-10-30T01:00:00 0 0 0 0 0
2014-10-30T02:00:00 0 0 0 0 0
2014-10-30T03:00:00 0 0 0 0 0
2014-10-30T04:00:00 0 0 0 0 0
2014-10-30T05:00:00 0 0 0 0 0
2014-10-30T06:00:00 0 0 0 0 0
2014-10-30T07:00:00 0 0 0 0 0
2014-10-30T08:00:00 0 0 0 0 0
2014-10-30T09:00:00 0 0 0 0 0
2014-10-30T10:00:00 0 0 0 0 0
2014-10-30T11:00:00 0 0 0 0 0
2014-10-30T12:00:00 0 0 0 0 0
2014-10-30T13:00:00 0 0 0 0 0
2014-10-30T14:00:00 0 0 0 0 0
2014-10-30T15:00:00 0 0 0 0 0
2014-10-30T16:00:00 0 0 0 0 0
2014-10-31T05:00:00 0 0 0 0 0
2014-10-31T06:00:00 0 0 0 0 0
2014-10-31T07:00:00 0 0 0 0 0
2014-10-31T08:00:00 0 0 0 0 0
2014-10-31T09:00:00 0 0 0 0 0
2014-10-31T10:00:00 0 0 0 0 0
2014-10-31T11:00:00 0 0 0 0 0
2014-10-31T12:00:00 0 0 0 0 0
2014-10-31T13:00:00 0 0 0 0 0
2014-10-31T14:00:00 0 0 0 0 0
2014-10-31T15:00:00 0 0 0 0 0
