2014-01-04T11:00:00Z 98 7 17 97 11 0
2014-01-04T10:00:00Z 98 28 10 -26 1 0
2014-01-04T09:00:00Z 98 23 11 1 -6 0
2014-01-04T08:00:00Z 98 16 2 35 12 0
2014-01-04T07:00:00Z 98 6 -3 41 -7 0
2014-01-04T06:00:00Z 98 5 3 72 -21 0
2014-01-06T11:00:00Z 109 -6 0 -3 17 0
2014-01-06T10:00:00Z 109 14 29 -1 -40 0
2014-01-06T09:00:00Z 109 4 35 0 -22 0
2014-01-06T08:00:00Z 109 10 24 0 43 0
2014-01-06T07:00:00Z 109 5 17 -1 1 0
2014-01-06T06:00:00Z 109 -10 23 -6 -9 0
2014-01-13T16:00:00Z 61 -22 1 -8 0 -157
2014-01-13T15:00:00Z -1 0 0 0 0 0
2014-01-13T14:00:00Z 61 10 -7 -61 0 -127
2014-01-13T13:00:00Z -1 0 0 0 0 0
2014-01-13T12:00:00Z 61 189 1 -37 0 166
2014-01-13T11:00:00Z 61 59 19 60 0 65
2014-01-14T21:00:00Z 106 3 21 119 21 31
2014-01-14T20:00:00Z 106 21 34 67 17 2
2014-01-14T19:00:00Z 106 26 11 75 53 39
2014-01-14T18:00:00Z 106 0 0 0 0 0
2014-01-14T17:00:00Z 106 0 0 0 0 0
2014-01-14T16:00:00Z -1 0 0 0 0 0
2014-01-15T17:00:00Z 78 25 -48 105 0 24
2014-01-15T16:00:00Z 78 8 -91 -15 0 20
2014-01-15T15:00:00Z 78 0 -52 -72 0 1
2014-01-15T14:00:00Z 78 33 -5 5 0 48
2014-01-15T13:00:00Z 78 -33 32 98 0 235
2014-01-15T12:00:00Z 78 -40 14 130 0 324
2014-01-22T16:00:00Z 92 -56 9 41 -40 -13
2014-01-22T15:00:00Z 92 -3 5 -2 51 -74
2014-01-22T14:00:00Z 92 44 9 -12 -14 -69
2014-01-22T13:00:00Z 92 44 28 -12 -10 1
2014-01-22T12:00:00Z 92 16 37 4 -20 5
2014-01-22T11:00:00Z 92 -15 17 -7 5 87
2014-01-29T11:00:00Z 95 50 0 -113 4 -57
2014-01-29T10:00:00Z 95 31 0 -28 63 24
2014-01-29T09:00:00Z 95 11 0 -4 -8 37
2014-01-29T08:00:00Z 95 3 0 62 6 -15
2014-01-29T07:00:00Z 95 8 0 120 17 41
2014-01-29T06:00:00Z 95 0 0 38 -21 53
2014-01-30T18:00:00Z 71 2 -77 45 16 3
2014-01-30T17:00:00Z 71 2 52 15 2 3
2014-01-30T16:00:00Z 71 -1 95 3 -4 25
2014-01-30T15:00:00Z 71 -5 5 -8 -10 -69
2014-01-30T14:00:00Z 71 -4 -9 -35 -21 -91
2014-01-30T13:00:00Z 71 -11 -43 -79 -22 -4
2014-01-31T16:00:00Z 106 -20 1 -4 -62 -22
2014-01-31T15:00:00Z 106 -32 -5 -36 -27 -58
2014-01-31T14:00:00Z 106 -3 -4 -80 67 -40
2014-01-31T13:00:00Z 106 3 -7 -85 46 -10
2014-01-31T12:00:00Z 106 -40 -18 -60 -27 -36
2014-01-31T11:00:00Z 106 0 0 0 0 0
2014-02-05T22:00:00Z 112 47 6 7 -2 23
2014-02-05T21:00:00Z 112 44 1 28 37 -36
2014-02-05T20:00:00Z 112 29 12 32 60 -21
2014-02-05T19:00:00Z 112 10 9 12 85 2
2014-02-05T18:00:00Z 112 1 -6 -15 59 -23
2014-02-05T17:00:00Z 112 4 -9 18 27 28
2014-02-11T14:00:00Z 96 -118 -17 -59 11 -66
2014-02-11T13:00:00Z 96 10 -40 -15 -18 -2
2014-02-11T12:00:00Z 96 94 -28 1 -49 126
2014-02-11T11:00:00Z 96 62 6 -13 -1 160
2014-02-11T10:00:00Z 96 7 28 22 42 17
2014-02-11T09:00:00Z 96 -37 34 0 4 6
2014-02-19T22:00:00Z 112 2 9 54 0 33
2014-02-19T21:00:00Z 112 25 -8 68 73 20
2014-02-19T20:00:00Z 112 11 -10 20 87 12
2014-02-19T19:00:00Z 112 24 -8 10 21 2
2014-02-19T18:00:00Z 112 39 -12 10 13 -29
2014-02-19T17:00:00Z 112 22 -3 2 0 -10
2014-03-01T22:00:00Z 102 5 94 18 6 34
2014-03-01T21:00:00Z 102 23 75 15 2 7
2014-03-01T20:00:00Z 102 48 8 50 0 -14
2014-03-01T19:00:00Z 102 28 1 47 -124 5
2014-03-01T18:00:00Z 102 1 -9 27 -8 19
2014-03-01T17:00:00Z 102 -5 0 35 122 -1
2014-03-16T16:00:00Z 104 10 -10 7 5 28
2014-03-16T15:00:00Z 104 16 -2 0 -1 32
2014-03-16T14:00:00Z 104 17 3 0 -5 25
2014-03-16T13:00:00Z 104 8 8 4 -4 -12
2014-03-16T12:00:00Z 104 8 -4 26 -5 -36
2014-03-16T11:00:00Z 104 -9 -21 8 -4 -24
2014-03-23T08:00:00Z 113 10 46 30 25 -11
2014-03-23T07:00:00Z 113 19 43 -7 11 -25
2014-03-23T06:00:00Z 113 25 16 -8 -9 -66
2014-03-23T05:00:00Z 113 24 13 -18 2 3
2014-03-23T04:00:00Z 113 19 25 -31 11 64
2014-03-23T03:00:00Z 113 12 31 32 -4 14
2014-03-31T02:00:00Z 81 -20 23 34 -3 1
2014-03-31T01:00:00Z 81 4 23 -5 5 4
2014-03-31T00:00:00Z 81 57 16 8 9 27
2014-03-30T23:00:00Z 81 56 0 59 0 29
2014-03-30T22:00:00Z 81 35 18 50 0 16
2014-03-30T21:00:00Z 81 44 29 26 0 -35
2014-03-31T23:00:00Z 105 0 0 0 0 0
2014-03-31T22:00:00Z 105 13 59 -9 54 17
2014-03-31T21:00:00Z -1 0 0 0 0 0
2014-03-31T20:00:00Z -1 -26 -15 -18 8 -3
2014-03-31T19:00:00Z 105 -58 15 3 -6 -14
2014-03-31T18:00:00Z 105 -97 -13 -51 -16 -24
2014-04-17T21:00:00Z 110 14 -24 9 -121 0
2014-04-17T20:00:00Z 110 -15 -34 34 0 0
2014-04-17T19:00:00Z 110 -6 -7 1 66 3
2014-04-17T18:00:00Z 110 18 38 -20 -34 11
2014-04-17T17:00:00Z 110 -2 51 17 -5 15
2014-04-17T16:00:00Z 110 -26 8 11 11 5
2014-04-23T07:00:00Z 113 29 12 29 14 -4
2014-04-23T06:00:00Z 113 24 21 33 11 43
2014-04-23T05:00:00Z 113 36 23 19 10 8
2014-04-23T04:00:00Z 113 20 14 -11 -1 -11
2014-04-23T03:00:00Z 113 -8 15 47 -13 43
2014-04-23T02:00:00Z 113 1 16 31 -7 53
2014-04-24T07:00:00Z 106 11 -3 2 9 19
2014-04-24T06:00:00Z 106 -3 -15 -9 11 27
2014-04-24T05:00:00Z 106 22 -17 10 -18 7
2014-04-24T04:00:00Z 106 22 1 23 -80 -17
2014-04-24T03:00:00Z 106 22 14 -4 -50 19
2014-04-24T02:00:00Z 106 2 22 -7 102 45
2014-05-01T02:00:00Z 109 0 0 0 0 0
2014-05-01T01:00:00Z 109 4 -2 -28 9 14
2014-05-01T00:00:00Z 109 0 0 0 0 0
2014-04-30T23:00:00Z 109 24 -2 25 0 15
2014-04-30T22:00:00Z 109 21 -4 44 25 20
2014-04-30T21:00:00Z 109 1 7 66 0 39
2014-05-15T13:00:00Z 64 -9 0 3 59 -16
2014-05-15T12:00:00Z 64 -3 0 11 69 -17
2014-05-15T11:00:00Z 64 -16 6 -12 -10 -2
2014-05-15T10:00:00Z 64 -22 4 -28 -12 4
2014-05-15T09:00:00Z 64 -6 9 -15 -1 -2
2014-05-15T08:00:00Z 64 17 0 -3 12 7
2014-05-21T14:00:00Z 109 0 0 0 0 0
2014-05-21T13:00:00Z 109 -4 0 0 -1 41
2014-05-21T12:00:00Z -1 0 0 0 0 0
2014-05-21T11:00:00Z 109 11 4 -37 -2 -42
2014-05-21T10:00:00Z 109 24 -8 24 -4 -43
2014-05-21T09:00:00Z 109 23 -47 -7 -7 -11
2014-06-16T05:00:00Z 102 -5 -3 19 1 22
2014-06-16T04:00:00Z -1 1 -8 19 2 6
2014-06-16T03:00:00Z 102 -16 2 -2 0 28
2014-06-16T02:00:00Z -1 4 4 9 0 29
2014-06-16T01:00:00Z 102 15 -12 67 0 -20
2014-06-16T00:00:00Z 102 3 1 0 0 -36
2014-07-01T09:00:00Z 104 -5 6 6 1 21
2014-07-01T08:00:00Z 104 9 15 -1 -1 29
2014-07-01T07:00:00Z 104 -1 0 -15 14 58
2014-07-01T06:00:00Z 104 2 0 30 9 -9
2014-07-01T05:00:00Z 104 -9 0 34 -4 -58
2014-07-01T04:00:00Z 104 -13 0 19 -4 -14
2014-07-02T21:00:00Z 104 0 66 0 0 24
2014-07-02T20:00:00Z 104 -5 8 0 0 22
2014-07-02T19:00:00Z 104 -2 -63 0 -40 33
2014-07-02T18:00:00Z 104 5 0 0 0 42
2014-07-02T17:00:00Z -1 15 34 0 35 52
2014-07-02T16:00:00Z 104 22 0 0 9 9
2014-07-05T18:00:00Z 53 0 9 21 7 -50
2014-07-05T17:00:00Z 53 -6 3 10 1 -7
2014-07-05T16:00:00Z 53 -9 -35 0 0 21
2014-07-05T15:00:00Z -1 3 -41 3 -3 -2
2014-07-05T14:00:00Z 53 0 0 0 0 0
2014-07-05T13:00:00Z 53 1 25 4 -4 3
2014-07-30T08:00:00Z 113 0 -1 43 -7 -20
2014-07-30T07:00:00Z -1 0 15 -10 -2 22
2014-07-30T06:00:00Z 113 0 24 -12 -2 -41
2014-07-30T05:00:00Z 113 0 24 5 1 -38
2014-07-30T04:00:00Z -1 0 6 1 3 39
2014-07-30T03:00:00Z 113 0 -6 -5 -10 56
2014-08-20T02:00:00Z 97 -2 9 0 -26 12
2014-08-20T01:00:00Z -1 1 14 -6 -43 21
2014-08-20T00:00:00Z 97 -1 7 2 -1 28
2014-08-19T23:00:00Z 97 0 6 -4 49 4
2014-08-19T22:00:00Z 97 7 5 -6 40 9
2014-08-19T21:00:00Z 97 5 -1 -4 14 15
2014-08-21T01:00:00Z 111 2 27 15 -9 32
2014-08-21T00:00:00Z 111 -13 39 1 1 53
2014-08-20T23:00:00Z -1 40 26 -2 2 30
2014-08-20T22:00:00Z 111 63 8 21 12 15
2014-08-20T21:00:00Z 111 0 0 0 0 0
2014-08-20T20:00:00Z 111 -15 1 13 4 0
2014-08-30T02:00:00Z 96 8 -10 10 0 -2
2014-08-30T01:00:00Z -1 17 7 1 0 -14
2014-08-30T00:00:00Z 96 22 17 16 0 -10
2014-08-29T23:00:00Z 96 5 13 28 0 -1
2014-08-29T22:00:00Z 96 -10 19 22 13 -2
2014-08-29T21:00:00Z 96 9 21 22 0 -8
2014-09-22T09:00:00Z 86 8 15 8 -11 0
2014-09-22T08:00:00Z -1 10 8 12 8 0
2014-09-22T07:00:00Z 86 5 10 -31 6 0
2014-09-22T06:00:00Z 86 10 6 0 -11 0
2014-09-22T05:00:00Z 86 1 2 42 -22 0
2014-09-22T04:00:00Z 86 -23 2 -4 -9 0
2014-09-25T08:00:00Z 83 0 -4 0 0 0
2014-09-25T07:00:00Z -1 9 0 21 -4 6
2014-09-25T06:00:00Z 83 0 -29 0 0 0
2014-09-25T05:00:00Z 83 5 -54 -29 -2 8
2014-09-25T04:00:00Z 83 23 -10 -18 -5 -5
2014-09-25T03:00:00Z 83 -7 49 6 -6 -2
2014-09-26T08:00:00Z 112 7 -5 5 20 -32
2014-09-26T07:00:00Z 112 0 35 0 0 0
2014-09-26T06:00:00Z 112 10 8 -7 6 19
2014-09-26T05:00:00Z 112 -32 -18 -31 -13 45
2014-09-26T04:00:00Z 112 2 -7 -8 -11 53
2014-09-26T03:00:00Z 112 41 17 9 -2 21
2014-10-07T13:00:00Z 106 9 -11 13 4 -66
2014-10-07T12:00:00Z 106 0 24 9 1 -45
2014-10-07T11:00:00Z 106 10 39 20 1 -25
2014-10-07T10:00:00Z 106 13 15 7 -9 31
2014-10-07T09:00:00Z 106 2 20 23 -3 143
2014-10-07T08:00:00Z 106 -1 22 1 10 168
