2014-01-04T11:00:00Z 98 30 28 98 5 0
2014-01-04T10:00:00Z 98 44 12 9 13 0
2014-01-04T09:00:00Z 98 29 8 42 -13 0
2014-01-04T08:00:00Z 98 21 5 107 -9 0
2014-01-04T07:00:00Z 98 13 -6 28 -9 0
2014-01-04T06:00:00Z 98 6 1 4 -3 0
2014-01-06T11:00:00Z 109 -2 0 -3 -5 0
2014-01-06T10:00:00Z 109 24 53 -1 3 0
2014-01-06T09:00:00Z 109 9 52 -1 -21 0
2014-01-06T08:00:00Z 109 0 47 -6 34 0
2014-01-06T07:00:00Z 109 -4 40 -8 11 0
2014-01-06T06:00:00Z 109 3 34 -4 -1 0
2014-01-13T16:00:00Z 61 -12 -6 -69 0 -284
2014-01-13T15:00:00Z -1 0 0 0 0 0
2014-01-13T14:00:00Z 61 199 -6 -98 0 39
2014-01-13T13:00:00Z -1 0 0 0 0 0
2014-01-13T12:00:00Z 61 73 27 9 0 178
2014-01-13T11:00:00Z 61 76 33 34 0 160
2014-01-14T21:00:00Z 106 29 32 194 74 70
2014-01-14T20:00:00Z 106 0 0 0 0 0
2014-01-14T19:00:00Z 106 0 0 0 0 0
2014-01-14T18:00:00Z 106 -40 -54 104 28 84
2014-01-14T17:00:00Z 106 -81 -45 -26 14 59
2014-01-14T16:00:00Z -1 0 0 0 0 0
2014-01-15T17:00:00Z 78 25 -100 33 0 25
2014-01-15T16:00:00Z 78 41 -96 -10 0 68
2014-01-15T15:00:00Z 78 -33 -20 26 0 236
2014-01-15T14:00:00Z 78 -7 9 135 0 372
2014-01-15T13:00:00Z 78 36 66 172 0 359
2014-01-15T12:00:00Z 78 16 88 158 0 272
2014-01-22T16:00:00Z 92 -12 18 29 -54 -82
2014-01-22T15:00:00Z 92 41 33 -14 41 -73
2014-01-22T14:00:00Z 92 60 46 -8 -34 -64
2014-01-22T13:00:00Z 92 29 45 -19 -5 88
2014-01-22T12:00:00Z 92 22 40 -51 -26 107
2014-01-22T11:00:00Z 92 -1 19 -22 24 104
2014-01-29T11:00:00Z 95 61 0 -117 -4 -20
2014-01-29T10:00:00Z 95 34 0 34 69 9
2014-01-29T09:00:00Z 95 19 0 116 9 78
2014-01-29T08:00:00Z 95 3 0 100 -15 38
2014-01-29T07:00:00Z 95 3 0 110 15 57
2014-01-29T06:00:00Z 95 8 0 91 -10 77
2014-01-30T18:00:00Z 71 1 18 48 12 28
2014-01-30T17:00:00Z 71 -3 57 7 -8 -66
2014-01-30T16:00:00Z 71 -5 86 -32 -25 -66
2014-01-30T15:00:00Z 71 -16 -38 -87 -32 -73
2014-01-30T14:00:00Z 71 -16 -101 -125 -91 -92
2014-01-30T13:00:00Z 71 -34 -87 -119 -34 -24
2014-01-31T16:00:00Z 106 -23 -3 -84 5 -62
2014-01-31T15:00:00Z 106 -29 -12 -121 19 -68
2014-01-31T14:00:00Z 106 -43 -22 -140 40 -76
2014-01-31T13:00:00Z 106 0 0 0 0 0
2014-01-31T12:00:00Z 106 53 -6 -97 -163 -20
2014-01-31T11:00:00Z 106 6 -14 -17 99 -26
2014-02-05T22:00:00Z 112 76 18 39 58 2
2014-02-05T21:00:00Z 112 54 10 40 122 -34
2014-02-05T20:00:00Z 112 30 6 17 119 -44
2014-02-05T19:00:00Z 112 14 0 30 112 30
2014-02-05T18:00:00Z 112 16 -2 23 68 13
2014-02-05T17:00:00Z 112 8 -4 29 37 21
2014-02-11T14:00:00Z 96 -24 -45 -58 -38 60
2014-02-11T13:00:00Z 96 72 -34 -28 -19 158
2014-02-11T12:00:00Z 96 101 0 23 -7 143
2014-02-11T11:00:00Z 96 25 40 -13 3 166
2014-02-11T10:00:00Z 96 -10 38 24 37 28
2014-02-11T09:00:00Z 96 -3 47 43 3 14
2014-02-19T22:00:00Z 112 13 -1 74 0 45
2014-02-19T21:00:00Z 112 49 -16 78 94 22
2014-02-19T20:00:00Z 112 50 -22 30 100 -17
2014-02-19T19:00:00Z 112 46 -11 12 21 -8
2014-02-19T18:00:00Z 112 39 -7 2 9 2
2014-02-19T17:00:00Z 112 0 0 0 0 0
2014-03-01T22:00:00Z 102 53 102 68 6 20
2014-03-01T21:00:00Z 102 51 76 62 -122 12
2014-03-01T20:00:00Z 102 49 -1 77 -8 5
2014-03-01T19:00:00Z 102 23 1 82 -2 4
2014-03-01T18:00:00Z 102 -7 -9 -11 -4 -4
2014-03-01T17:00:00Z 102 -3 -12 -19 119 -39
2014-03-16T16:00:00Z 104 27 -7 7 0 53
2014-03-16T15:00:00Z 104 24 6 4 -5 20
2014-03-16T14:00:00Z 104 25 -1 26 -10 -11
2014-03-16T13:00:00Z 104 -1 -13 12 -8 -36
2014-03-16T12:00:00Z 104 2 -9 -167 -4 -71
2014-03-16T11:00:00Z 104 -15 -16 -76 -2 -53
2014-03-23T08:00:00Z 113 35 62 22 16 -77
2014-03-23T07:00:00Z 113 43 56 -25 13 -22
2014-03-23T06:00:00Z 113 44 41 -39 2 -2
2014-03-23T05:00:00Z 113 36 44 14 -2 17
2014-03-23T04:00:00Z 113 -2 59 13 3 55
2014-03-23T03:00:00Z 113 -56 53 51 3 27
2014-03-31T02:00:00Z 81 37 39 42 6 28
2014-03-31T01:00:00Z 81 60 23 54 5 33
2014-03-31T00:00:00Z 81 92 34 58 9 43
2014-03-30T23:00:00Z 81 100 29 85 0 -6
2014-03-30T22:00:00Z 81 74 36 57 0 57
2014-03-30T21:00:00Z 81 62 34 11 -2 75
2014-03-31T23:00:00Z 105 -26 51 -15 50 26
2014-03-31T22:00:00Z 105 -13 44 -27 62 14
2014-03-31T21:00:00Z -1 0 0 0 0 0
2014-03-31T20:00:00Z -1 -123 -28 -69 -8 -27
2014-03-31T19:00:00Z 105 -93 -17 10 -25 -41
2014-03-31T18:00:00Z 105 -96 -3 -34 -18 0
2014-04-17T21:00:00Z 110 8 -31 10 -55 3
2014-04-17T20:00:00Z 110 3 4 14 0 11
2014-04-17T19:00:00Z 110 -8 44 18 61 18
2014-04-17T18:00:00Z 110 -8 46 -9 -23 16
2014-04-17T17:00:00Z 110 -9 26 17 -14 29
2014-04-17T16:00:00Z 110 -13 15 1 12 26
2014-04-23T07:00:00Z 113 65 35 48 24 4
2014-04-23T06:00:00Z 113 44 35 22 10 32
2014-04-23T05:00:00Z 113 28 38 66 -3 51
2014-04-23T04:00:00Z 113 21 30 20 -8 42
2014-04-23T03:00:00Z 113 1 28 46 2 55
2014-04-23T02:00:00Z 113 5 27 46 16 31
2014-04-24T07:00:00Z 106 33 -20 12 -9 26
2014-04-24T06:00:00Z 106 19 -14 14 -69 10
2014-04-24T05:00:00Z 106 44 -3 6 -68 26
2014-04-24T04:00:00Z 106 24 23 16 22 28
2014-04-24T03:00:00Z 106 -2 33 3 47 23
2014-04-24T02:00:00Z 106 6 21 28 129 48
2014-05-01T02:00:00Z 109 7 8 10 -1 20
2014-05-01T01:00:00Z 109 28 -4 -3 0 29
2014-05-01T00:00:00Z 109 0 0 0 0 0
2014-04-30T23:00:00Z 109 25 5 91 21 54
2014-04-30T22:00:00Z 109 14 2 60 26 57
2014-04-30T21:00:00Z 109 -2 8 33 0 33
2014-05-15T13:00:00Z 64 -25 0 -9 49 -18
2014-05-15T12:00:00Z 64 -25 0 -17 57 -13
2014-05-15T11:00:00Z 64 -22 15 -27 -11 -4
2014-05-15T10:00:00Z 64 -5 4 -31 0 11
2014-05-15T09:00:00Z 64 6 8 -14 4 16
2014-05-15T08:00:00Z 64 35 8 1 19 19
2014-05-21T14:00:00Z 109 -9 0 0 -1 14
2014-05-21T13:00:00Z 109 7 0 0 -3 -1
2014-05-21T12:00:00Z -1 0 0 0 0 0
2014-05-21T11:00:00Z 109 34 -43 -44 -9 -53
2014-05-21T10:00:00Z 109 25 -39 63 -4 -26
2014-05-21T09:00:00Z 109 4 -4 43 0 -23
2014-06-16T05:00:00Z 102 -21 -1 17 1 50
2014-06-16T04:00:00Z -1 5 -4 28 2 35
2014-06-16T03:00:00Z 102 -1 -10 65 0 8
2014-06-16T02:00:00Z -1 7 5 0 0 -7
2014-06-16T01:00:00Z 102 25 5 -29 -38 -35
2014-06-16T00:00:00Z 102 5 11 -53 -7 -6
2014-07-01T09:00:00Z 104 -6 0 -9 15 79
2014-07-01T08:00:00Z 104 11 0 29 8 20
2014-07-01T07:00:00Z 104 -10 0 19 10 0
2014-07-01T06:00:00Z 104 -11 0 49 5 -23
2014-07-01T05:00:00Z 104 3 0 43 -11 -35
2014-07-01T04:00:00Z 104 17 0 0 0 0
2014-07-02T21:00:00Z 104 -2 3 0 -40 57
2014-07-02T20:00:00Z 104 0 0 0 -17 64
2014-07-02T19:00:00Z 104 13 -29 0 -5 85
2014-07-02T18:00:00Z 104 27 -5 0 0 51
2014-07-02T17:00:00Z -1 34 39 0 33 4
2014-07-02T16:00:00Z 104 19 0 0 15 -19
2014-07-05T18:00:00Z 53 -9 -26 21 7 -29
2014-07-05T17:00:00Z 53 -3 -38 13 -2 -9
2014-07-05T16:00:00Z 53 0 0 0 0 0
2014-07-05T15:00:00Z -1 4 -16 7 -7 1
2014-07-05T14:00:00Z 53 25 25 -6 -3 17
2014-07-05T13:00:00Z 53 -7 20 -29 -1 -3
2014-07-30T08:00:00Z 113 0 23 31 -9 -61
2014-07-30T07:00:00Z -1 0 39 -5 -1 -16
2014-07-30T06:00:00Z 113 0 30 -11 1 -2
2014-07-30T05:00:00Z 113 0 18 0 -9 18
2014-07-30T04:00:00Z -1 0 -11 1 13 83
2014-07-30T03:00:00Z 113 0 -22 -21 6 71
2014-08-20T02:00:00Z 97 -3 16 2 -27 40
2014-08-20T01:00:00Z -1 1 20 -10 6 25
2014-08-20T00:00:00Z 97 6 12 -4 39 37
2014-08-19T23:00:00Z 97 5 5 -8 63 19
2014-08-19T22:00:00Z 97 17 7 8 47 42
2014-08-19T21:00:00Z 97 12 -12 -4 20 33
2014-08-21T01:00:00Z 111 42 53 13 -7 62
2014-08-21T00:00:00Z 111 50 47 22 13 68
2014-08-20T23:00:00Z -1 0 0 0 0 0
2014-08-20T22:00:00Z 111 48 9 34 16 15
2014-08-20T21:00:00Z 111 -10 9 27 2 -29
2014-08-20T20:00:00Z 111 -29 1 -10 -14 -61
2014-08-30T02:00:00Z 96 30 7 26 0 -12
2014-08-30T01:00:00Z -1 22 20 29 0 -15
2014-08-30T00:00:00Z 96 12 36 38 0 -12
2014-08-29T23:00:00Z 96 14 34 50 6 -9
2014-08-29T22:00:00Z 96 8 25 33 13 -24
2014-08-29T21:00:00Z 96 -5 20 22 0 -1
2014-09-22T09:00:00Z 86 13 25 -23 -5 0
2014-09-22T08:00:00Z -1 20 14 12 -3 0
2014-09-22T07:00:00Z 86 6 12 11 -16 0
2014-09-22T06:00:00Z 86 -13 8 -4 -20 0
2014-09-22T05:00:00Z 86 -1 5 11 3 0
2014-09-22T04:00:00Z 86 -10 9 -5 3 0
2014-09-25T08:00:00Z 83 -34 -33 9 -6 126
2014-09-25T07:00:00Z -1 14 0 -8 -6 14
2014-09-25T06:00:00Z 83 0 -39 0 0 0
2014-09-25T05:00:00Z 83 -2 -5 -23 -8 6
2014-09-25T04:00:00Z 83 17 26 -11 -4 2
2014-09-25T03:00:00Z 83 -28 46 -9 -8 1
2014-09-26T08:00:00Z 112 17 3 -2 26 -13
2014-09-26T07:00:00Z 112 0 17 0 0 0
2014-09-26T06:00:00Z 112 12 1 -15 -5 72
2014-09-26T05:00:00Z 112 9 -1 -22 -15 66
2014-09-26T04:00:00Z 112 5 14 6 -7 55
2014-09-26T03:00:00Z 112 51 27 46 7 26
2014-10-07T13:00:00Z 106 19 28 33 5 -91
2014-10-07T12:00:00Z 106 13 39 16 -8 -14
2014-10-07T11:00:00Z 106 12 59 43 -2 118
2014-10-07T10:00:00Z 106 12 37 8 1 199
2014-10-07T09:00:00Z 106 2 30 40 3 219
2014-10-07T08:00:00Z 106 -10 33 30 11 159
