2014-01-04T11:00:00Z 273.312000 1030.860000 61.000000 2.050000 229.502000 -1.000000 12.000000 275.437000 1031.020000 53.000000 2.050000 197.502000 -1.000000 0.000000 274.012000 1021.210000 60.000000 1.950000 358.502000 -1.000000 0.000000 270.637000 956.530000 69.000000 1.600000 190.002000 -1.000000 8.000000 276.312000 1035.890000 93.000000 4.300000 237.502000 -1.000000 8.000000
2014-01-04T10:00:00Z 273.312000 1030.860000 61.000000 2.050000 229.502000 -1.000000 12.000000 275.437000 1031.020000 53.000000 2.050000 197.502000 -1.000000 0.000000 263.408000 1022.460000 67.000000 1.260000 157.006000 -1.000000 0.000000 257.408000 957.130000 60.000000 1.210000 175.506000 -1.000000 0.000000 272.383000 1036.480000 100.000000 3.760000 228.006000 -1.000000 0.000000
2014-01-04T09:00:00Z 264.558000 1031.700000 78.000000 2.360000 191.506000 -1.000000 0.000000 264.208000 1032.430000 64.000000 2.460000 166.006000 -1.000000 0.000000 269.150000 1024.000000 79.000000 1.000000 40.000000 -1.000000 0.000000 257.408000 957.130000 60.000000 1.210000 175.506000 -1.000000 0.000000 272.383000 1036.480000 100.000000 3.760000 228.006000 -1.000000 0.000000
2014-01-04T08:00:00Z 264.558000 1031.700000 78.000000 2.360000 191.506000 -1.000000 0.000000 264.208000 1032.430000 64.000000 2.460000 166.006000 -1.000000 0.000000 263.408000 1022.460000 67.000000 1.260000 157.006000 -1.000000 0.000000 257.408000 957.130000 60.000000 1.210000 175.506000 -1.000000 0.000000 272.383000 1036.480000 100.000000 3.760000 228.006000 -1.000000 0.000000
2014-01-04T07:00:00Z 265.978000 1031.830000 83.000000 2.720000 206.505000 -1.000000 0.000000 264.208000 1032.430000 64.000000 2.460000 166.006000 -1.000000 0.000000 264.078000 1023.080000 69.000000 1.270000 117.505000 -1.000000 0.000000 257.408000 957.130000 60.000000 1.210000 175.506000 -1.000000 0.000000 272.383000 1036.480000 100.000000 3.760000 228.006000 -1.000000 0.000000
2014-01-04T06:00:00Z 265.978000 1031.830000 83.000000 2.720000 206.505000 -1.000000 0.000000 264.203000 1032.810000 69.000000 1.320000 176.005000 -1.000000 0.000000 264.078000 1023.080000 69.000000 1.270000 117.505000 -1.000000 0.000000 257.778000 957.740000 58.000000 1.320000 178.505000 -1.000000 0.000000 272.053000 1036.780000 100.000000 2.870000 217.505000 -1.000000 0.000000
2014-01-06T11:00:00Z 271.558000 1037.880000 70.000000 2.150000 358.000000 -1.000000 32.000000 275.549000 1035.010000 50.000000 2.060000 100.002000 -1.000000 8.000000 267.150000 1027.000000 100.000000 2.000000 60.000000 -1.000000 90.000000 269.083000 964.200000 75.000000 1.600000 195.500000 -1.000000 76.000000 273.533000 1033.830000 87.000000 0.050000 356.500000 -1.000000 0.000000
2014-01-06T10:00:00Z 271.558000 1037.880000 70.000000 2.150000 358.000000 -1.000000 32.000000 275.033000 1031.640000 50.000000 1.800000 55.500200 -1.000000 0.000000 274.833000 1022.080000 52.000000 1.450000 286.000000 -1.000000 20.000000 269.083000 964.200000 75.000000 1.600000 195.500000 -1.000000 76.000000 273.533000 1033.830000 87.000000 0.050000 356.500000 -1.000000 0.000000
2014-01-06T09:00:00Z 261.908000 1037.630000 64.000000 1.610000 28.500200 -1.000000 0.000000 275.033000 1031.640000 50.000000 1.800000 55.500200 -1.000000 0.000000 263.358000 1021.660000 68.000000 1.060000 48.500200 -1.000000 0.000000 259.508000 964.030000 65.000000 1.160000 175.500000 -1.000000 76.000000 273.533000 1033.830000 87.000000 0.050000 356.500000 -1.000000 0.000000
2014-01-06T08:00:00Z 261.908000 1037.630000 64.000000 1.610000 28.500200 -1.000000 0.000000 262.408000 1031.390000 61.000000 1.260000 90.500200 -1.000000 0.000000 263.358000 1021.660000 68.000000 1.060000 48.500200 -1.000000 0.000000 259.508000 964.030000 65.000000 1.160000 175.500000 -1.000000 76.000000 267.108000 1034.140000 100.000000 1.410000 41.500200 -1.000000 0.000000
2014-01-06T07:00:00Z 262.459000 1037.640000 68.000000 1.600000 79.500200 -1.000000 0.000000 262.408000 1031.390000 61.000000 1.260000 90.500200 -1.000000 0.000000 263.884000 1021.430000 65.000000 1.400000 30.000200 -1.000000 0.000000 256.484000 964.530000 56.000000 1.150000 177.500000 -1.000000 8.000000 267.108000 1034.140000 100.000000 1.410000 41.500200 -1.000000 0.000000
2014-01-06T06:00:00Z 262.459000 1037.640000 68.000000 1.600000 79.500200 -1.000000 0.000000 263.059000 1031.320000 58.000000 1.300000 95.500200 -1.000000 0.000000 263.884000 1021.430000 65.000000 1.400000 30.000200 -1.000000 0.000000 256.484000 964.530000 56.000000 1.150000 177.500000 -1.000000 8.000000 271.092000 1039.470000 100.000000 2.910000 68.502300 -1.000000 0.000000
2014-01-14T21:00:00Z 267.683000 1041.770000 49.000000 3.260000 209.503000 -1.000000 0.000000 266.301000 1039.220000 68.000000 1.610000 225.500000 -1.000000 0.000000 266.150000 1034.000000 67.000000 1.000000 40.000000 -1.000000 0.000000 260.903000 969.840000 46.000000 2.300000 229.001000 -1.000000 0.000000 270.703000 1039.230000 88.000000 5.000000 259.501000 -1.000000 0.000000
2014-01-14T20:00:00Z 267.683000 1041.770000 49.000000 3.260000 209.503000 -1.000000 0.000000 265.553000 1039.070000 63.000000 1.750000 221.001000 -1.000000 0.000000 266.150000 1034.000000 67.000000 1.000000 40.000000 -1.000000 0.000000 260.903000 969.840000 46.000000 2.300000 229.001000 -1.000000 0.000000 270.703000 1039.230000 88.000000 5.000000 259.501000 -1.000000 0.000000
2014-01-14T19:00:00Z 267.528000 1044.420000 42.000000 3.750000 222.001000 -1.000000 0.000000 265.553000 1039.070000 63.000000 1.750000 221.001000 -1.000000 0.000000 266.150000 1034.000000 67.000000 1.000000 40.000000 -1.000000 0.000000 260.903000 969.840000 46.000000 2.300000 229.001000 -1.000000 0.000000 273.989000 1038.610000 69.000000 4.650000 266.000000 -1.000000 0.000000
2014-01-14T18:00:00Z 273.964000 1043.560000 26.000000 2.200000 214.500000 -1.000000 0.000000 276.253000 1041.460000 37.000000 1.410000 185.001000 -1.000000 0.000000 274.150000 1033.000000 40.000000 2.000000 160.000000 -1.000000 0.000000 268.914000 969.140000 24.000000 2.450000 271.500000 -1.000000 0.000000 273.989000 1038.610000 69.000000 4.650000 266.000000 -1.000000 0.000000
2014-01-14T17:00:00Z 273.964000 1043.560000 26.000000 2.200000 214.500000 -1.000000 0.000000 276.253000 1041.460000 37.000000 1.410000 185.001000 -1.000000 0.000000 274.150000 1033.000000 40.000000 2.000000 160.000000 -1.000000 0.000000 268.914000 969.140000 24.000000 2.450000 271.500000 -1.000000 0.000000 273.989000 1038.610000 69.000000 4.650000 266.000000 -1.000000 0.000000
2014-01-22T16:00:00Z 277.290000 1031.940000 32.000000 1.960000 163.500000 -1.000000 12.000000 278.365000 1026.110000 28.000000 1.760000 161.500000 -1.000000 8.000000 280.150000 1020.000000 20.000000 3.000000 140.000000 -1.000000 0.000000 273.965000 959.880000 31.000000 1.260000 190.000000 -1.000000 36.000000 275.165000 1028.860000 63.000000 3.360000 216.000000 -1.000000 0.000000
2014-01-22T15:00:00Z 278.869000 1032.830000 27.000000 2.060000 149.000000 -1.000000 0.000000 280.119000 1026.990000 25.000000 2.060000 157.500000 -1.000000 0.000000 280.150000 1021.000000 20.000000 2.000000 150.000000 -1.000000 0.000000 278.255000 956.820000 16.000000 1.560000 201.503000 -1.000000 0.000000 276.269000 1029.340000 58.000000 3.810000 241.000000 -1.000000 0.000000
2014-01-22T14:00:00Z 278.869000 1032.830000 27.000000 2.060000 149.000000 -1.000000 0.000000 280.722000 1030.530000 24.000000 2.060000 153.505000 -1.000000 0.000000 281.297000 1020.560000 26.000000 2.110000 112.505000 -1.000000 0.000000 278.572000 956.600000 17.000000 1.460000 202.505000 -1.000000 0.000000 276.269000 1029.340000 58.000000 3.810000 241.000000 -1.000000 0.000000
2014-01-22T13:00:00Z 278.869000 1032.830000 27.000000 2.060000 149.000000 -1.000000 0.000000 280.119000 1026.990000 25.000000 2.060000 157.500000 -1.000000 0.000000 276.150000 1024.000000 25.000000 1.000000 160.000000 -1.000000 0.000000 278.419000 960.440000 17.000000 1.360000 201.500000 -1.000000 0.000000 276.269000 1029.340000 58.000000 3.810000 241.000000 -1.000000 0.000000
2014-01-22T12:00:00Z 273.455000 1035.350000 35.000000 0.560000 267.001000 -1.000000 0.000000 273.780000 1029.510000 34.000000 1.610000 188.501000 -1.000000 0.000000 276.150000 1024.000000 25.000000 1.000000 160.000000 -1.000000 0.000000 271.705000 962.630000 25.000000 1.310000 315.501000 -1.000000 0.000000 272.955000 1031.210000 71.000000 4.560000 256.501000 -1.000000 0.000000
2014-01-22T11:00:00Z 273.455000 1035.350000 35.000000 0.560000 267.001000 -1.000000 0.000000 273.780000 1029.510000 34.000000 1.610000 188.501000 -1.000000 0.000000 276.970000 1023.240000 25.000000 1.650000 324.003000 -1.000000 0.000000 271.705000 962.630000 25.000000 1.310000 315.501000 -1.000000 0.000000 272.955000 1031.210000 71.000000 4.560000 256.501000 -1.000000 0.000000
2014-01-29T11:00:00Z 273.470000 1023.470000 58.000000 1.960000 344.001000 -1.000000 0.000000 280.170000 1022.660000 47.000000 3.610000 216.001000 -1.000000 0.000000 280.545000 1009.810000 35.000000 0.310000 165.500000 -1.000000 0.000000 275.745000 952.250000 44.000000 1.910000 216.000000 -1.000000 0.000000 276.295000 1022.860000 73.000000 7.260000 225.500000 -1.000000 20.000000
2014-01-29T10:00:00Z 274.945000 1026.020000 61.000000 1.960000 280.500000 -1.000000 0.000000 277.320000 1019.780000 48.000000 2.360000 229.500000 -1.000000 0.000000 269.150000 1014.000000 68.000000 1.000000 330.000000 -1.000000 0.000000 275.745000 952.250000 44.000000 1.910000 216.000000 -1.000000 0.000000 276.295000 1022.860000 73.000000 7.260000 225.500000 -1.000000 20.000000
2014-01-29T09:00:00Z 274.945000 1026.020000 61.000000 1.960000 280.500000 -1.000000 0.000000 265.034000 1021.010000 74.000000 2.260000 219.500000 -1.000000 0.000000 269.150000 1014.000000 68.000000 1.000000 330.000000 -1.000000 0.000000 267.159000 953.480000 82.000000 2.060000 203.000000 -1.000000 0.000000 272.434000 1025.060000 96.000000 6.310000 231.500000 -1.000000 0.000000
2014-01-29T08:00:00Z 265.934000 1026.930000 79.000000 2.010000 210.000000 -1.000000 0.000000 265.034000 1021.010000 74.000000 2.260000 219.500000 -1.000000 0.000000 265.150000 1015.000000 78.000000 1.000000 340.000000 -1.000000 0.000000 267.159000 953.480000 82.000000 2.060000 203.000000 -1.000000 0.000000 272.434000 1025.060000 96.000000 6.310000 231.500000 -1.000000 0.000000
2014-01-29T07:00:00Z 264.794000 1024.280000 81.000000 0.760000 237.501000 -1.000000 0.000000 265.034000 1021.010000 74.000000 2.260000 219.500000 -1.000000 0.000000 266.184000 1010.710000 67.000000 3.110000 181.500000 -1.000000 0.000000 267.159000 953.480000 82.000000 2.060000 203.000000 -1.000000 0.000000 272.434000 1025.060000 96.000000 6.310000 231.500000 -1.000000 0.000000
2014-01-29T06:00:00Z 266.639000 1028.590000 83.000000 3.750000 198.500000 -1.000000 0.000000 265.489000 1022.840000 76.000000 2.900000 199.500000 -1.000000 0.000000 265.150000 1016.000000 78.000000 2.000000 360.000000 -1.000000 0.000000 267.414000 956.050000 77.000000 3.000000 217.000000 -1.000000 32.000000 272.439000 1026.320000 93.000000 7.450000 222.500000 -1.000000 0.000000
2014-01-30T18:00:00Z 279.207000 1029.680000 19.000000 3.030000 164.500000 -1.000000 0.000000 280.382000 1023.850000 24.000000 3.580000 156.000000 -1.000000 0.000000 281.053000 1017.330000 28.000000 2.360000 143.001000 -1.000000 0.000000 273.407000 957.380000 12.000000 1.810000 260.000000 -1.000000 0.000000 271.557000 1028.140000 88.000000 4.960000 148.500000 -1.000000 0.000000
2014-01-30T17:00:00Z 279.207000 1029.680000 19.000000 3.030000 164.500000 -1.000000 0.000000 280.382000 1023.850000 24.000000 3.580000 156.000000 -1.000000 0.000000 281.150000 1017.000000 24.000000 3.000000 140.000000 -1.000000 0.000000 273.407000 957.380000 12.000000 1.810000 260.000000 -1.000000 0.000000 271.557000 1028.140000 88.000000 4.960000 148.500000 -1.000000 0.000000
2014-01-30T16:00:00Z 279.207000 1029.680000 19.000000 3.030000 164.500000 -1.000000 0.000000 280.382000 1023.850000 24.000000 3.580000 156.000000 -1.000000 0.000000 281.150000 1017.000000 24.000000 3.000000 140.000000 -1.000000 0.000000 275.242000 957.980000 11.000000 3.010000 307.500000 -1.000000 0.000000 271.557000 1028.140000 88.000000 4.960000 148.500000 -1.000000 0.000000
2014-01-30T15:00:00Z 279.207000 1029.680000 19.000000 3.030000 164.500000 -1.000000 0.000000 282.192000 1024.620000 19.000000 4.010000 134.500000 -1.000000 0.000000 282.150000 1017.000000 21.000000 3.000000 120.000000 -1.000000 0.000000 275.242000 957.980000 11.000000 3.010000 307.500000 -1.000000 0.000000 272.967000 1027.860000 79.000000 4.210000 125.500000 -1.000000 0.000000
2014-01-30T14:00:00Z 281.342000 1030.050000 17.000000 2.360000 54.000000 -1.000000 12.000000 282.192000 1024.620000 19.000000 4.010000 134.500000 -1.000000 0.000000 282.667000 1014.570000 22.000000 5.360000 134.000000 -1.000000 0.000000 275.242000 957.980000 11.000000 3.010000 307.500000 -1.000000 0.000000 272.967000 1027.860000 79.000000 4.210000 125.500000 -1.000000 0.000000
2014-01-30T13:00:00Z 281.342000 1030.050000 17.000000 2.360000 54.000000 -1.000000 12.000000 283.098000 1027.900000 22.000000 4.760000 119.500000 -1.000000 0.000000 282.798000 1018.260000 22.000000 4.660000 136.000000 -1.000000 0.000000 272.837000 959.650000 13.000000 3.000000 327.500000 -1.000000 0.000000 272.967000 1027.860000 79.000000 4.210000 125.500000 -1.000000 0.000000
2014-01-31T16:00:00Z 275.986000 1027.510000 85.000000 3.500000 58.000200 -1.000000 92.000000 275.486000 1021.430000 61.000000 3.750000 48.500200 -1.000000 88.000000 276.511000 1011.940000 48.000000 2.500000 58.500200 -1.000000 88.000000 275.281000 953.520000 45.000000 1.070000 121.502000 -1.000000 48.000000 274.886000 1025.240000 92.000000 3.750000 71.500200 0.000000 92.000000
2014-01-31T15:00:00Z 275.974000 1028.630000 73.000000 3.200000 44.500200 -1.000000 92.000000 274.924000 1022.710000 61.000000 3.950000 46.000200 -1.000000 92.000000 276.834000 1016.430000 45.000000 2.520000 59.001200 -1.000000 76.000000 274.874000 957.460000 58.000000 1.650000 138.000000 -1.000000 92.000000 274.886000 1025.240000 92.000000 3.750000 71.500200 0.000000 92.000000
2014-01-31T14:00:00Z 275.974000 1028.630000 73.000000 3.200000 44.500200 -1.000000 92.000000 274.924000 1022.710000 61.000000 3.950000 46.000200 -1.000000 92.000000 276.834000 1016.430000 45.000000 2.520000 59.001200 -1.000000 76.000000 275.334000 953.370000 49.000000 1.570000 130.501000 -1.000000 88.000000 275.374000 1026.280000 89.000000 3.000000 122.000000 0.500000 92.000000
2014-01-31T13:00:00Z 275.974000 1028.630000 73.000000 3.200000 44.500200 -1.000000 92.000000 275.234000 1026.000000 65.000000 4.020000 36.501200 -1.000000 92.000000 277.249000 1012.820000 44.000000 2.500000 43.000200 -1.000000 88.000000 275.334000 953.370000 49.000000 1.570000 130.501000 -1.000000 88.000000 276.009000 1031.180000 94.000000 3.320000 128.001000 0.500000 92.000000
2014-01-31T12:00:00Z 273.237000 1031.420000 72.000000 2.850000 24.000000 -1.000000 88.000000 272.937000 1025.260000 63.000000 3.950000 38.000000 -1.000000 92.000000 274.887000 1015.530000 49.000000 2.150000 14.000000 -1.000000 88.000000 272.842000 955.670000 46.000000 1.430000 92.501400 -1.000000 12.000000 275.587000 1028.900000 79.000000 3.400000 156.000000 -1.000000 92.000000
2014-01-31T11:00:00Z 273.237000 1031.420000 72.000000 2.850000 24.000000 -1.000000 88.000000 273.117000 1028.310000 68.000000 4.130000 38.501400 -1.000000 92.000000 274.887000 1015.530000 49.000000 2.150000 14.000000 -1.000000 88.000000 272.842000 955.670000 46.000000 1.430000 92.501400 -1.000000 12.000000 275.587000 1028.900000 79.000000 3.400000 156.000000 -1.000000 92.000000
2014-02-05T22:00:00Z 264.809000 1040.180000 66.000000 1.610000 141.500000 -1.000000 8.000000 267.409000 1034.020000 67.000000 2.010000 140.000000 -1.000000 64.000000 271.150000 1028.000000 86.000000 3.000000 330.000000 -1.000000 90.000000 256.509000 966.900000 56.000000 1.160000 196.500000 -1.000000 0.000000 268.109000 1037.020000 95.000000 1.860000 219.500000 -1.000000 12.000000
2014-02-05T21:00:00Z 271.288000 1039.020000 56.000000 3.400000 160.000000 -1.000000 88.000000 271.082000 1036.420000 60.000000 2.520000 149.501000 -1.000000 76.000000 271.150000 1028.000000 86.000000 3.000000 330.000000 -1.000000 90.000000 260.888000 965.580000 65.000000 1.400000 190.000000 -1.000000 36.000000 271.107000 1041.530000 100.000000 3.920000 185.001000 -1.000000 8.000000
2014-02-05T20:00:00Z 271.288000 1039.020000 56.000000 3.400000 160.000000 -1.000000 88.000000 271.082000 1036.420000 60.000000 2.520000 149.501000 -1.000000 76.000000 271.150000 1028.000000 79.000000 1.000000 340.000000 -1.000000 90.000000 259.882000 961.850000 70.000000 1.500000 203.501000 -1.000000 0.000000 269.738000 1035.860000 94.000000 3.900000 195.500000 -1.000000 36.000000
2014-02-05T19:00:00Z 268.307000 1036.340000 55.000000 3.470000 159.001000 -1.000000 8.000000 270.563000 1032.780000 72.000000 1.450000 131.000000 -1.000000 88.000000 271.150000 1028.000000 86.000000 2.150000 153.001000 -1.000000 90.000000 259.882000 961.850000 70.000000 1.500000 203.501000 -1.000000 0.000000 269.738000 1035.860000 94.000000 3.900000 195.500000 -1.000000 36.000000
2014-02-05T18:00:00Z 274.515000 1038.260000 37.000000 2.810000 168.500000 -1.000000 56.000000 275.515000 1035.240000 39.000000 2.170000 139.001000 -1.000000 56.000000 271.150000 1027.000000 79.000000 1.000000 90.000000 -1.000000 90.000000 269.365000 960.500000 30.000000 1.150000 204.001000 -1.000000 0.000000 269.738000 1035.860000 94.000000 3.900000 195.500000 -1.000000 36.000000
2014-02-05T17:00:00Z 274.915000 1035.080000 31.000000 3.170000 186.001000 -1.000000 0.000000 275.515000 1035.240000 39.000000 2.170000 139.001000 -1.000000 56.000000 272.150000 1027.000000 80.000000 1.000000 160.000000 -1.000000 90.000000 269.465000 964.820000 27.000000 1.210000 191.500000 -1.000000 20.000000 272.965000 1040.910000 88.000000 4.970000 187.001000 -1.000000 0.000000
2014-02-11T14:00:00Z 274.998000 1034.500000 38.000000 2.740000 208.500000 -1.000000 0.000000 275.923000 1034.980000 44.000000 3.140000 193.500000 -1.000000 0.000000 274.150000 1026.000000 37.000000 3.000000 200.000000 -1.000000 0.000000 271.923000 959.030000 28.000000 1.720000 234.500000 -1.000000 0.000000 273.298000 1039.440000 89.000000 4.990000 251.500000 -1.000000 0.000000
2014-02-11T13:00:00Z 274.998000 1034.500000 38.000000 2.740000 208.500000 -1.000000 0.000000 275.923000 1034.980000 44.000000 3.140000 193.500000 -1.000000 0.000000 272.150000 1027.000000 46.000000 3.000000 150.000000 -1.000000 0.000000 271.923000 959.030000 28.000000 1.720000 234.500000 -1.000000 0.000000 273.298000 1039.440000 89.000000 4.990000 251.500000 -1.000000 0.000000
2014-02-11T12:00:00Z 270.438000 1037.440000 43.000000 0.840000 292.004000 -1.000000 0.000000 271.688000 1037.920000 48.000000 2.410000 204.504000 -1.000000 0.000000 272.150000 1027.000000 46.000000 3.000000 150.000000 -1.000000 0.000000 267.988000 961.160000 37.000000 1.490000 216.504000 -1.000000 0.000000 271.438000 1041.810000 100.000000 4.210000 266.504000 -1.000000 0.000000
2014-02-11T11:00:00Z 270.438000 1037.440000 43.000000 0.840000 292.004000 -1.000000 0.000000 271.688000 1037.920000 48.000000 2.410000 204.504000 -1.000000 0.000000 270.150000 1028.000000 53.000000 1.000000 140.000000 -1.000000 0.000000 267.988000 961.160000 37.000000 1.490000 216.504000 -1.000000 0.000000 271.438000 1041.810000 100.000000 4.210000 266.504000 -1.000000 0.000000
2014-02-11T10:00:00Z 270.438000 1037.440000 43.000000 0.840000 292.004000 -1.000000 0.000000 271.688000 1037.920000 48.000000 2.410000 204.504000 -1.000000 0.000000 268.150000 1029.000000 62.000000 1.000000 30.000000 -1.000000 0.000000 267.988000 961.160000 37.000000 1.490000 216.504000 -1.000000 0.000000 271.438000 1041.810000 100.000000 4.210000 266.504000 -1.000000 0.000000
2014-02-11T09:00:00Z 257.642000 1037.430000 64.000000 0.310000 234.000000 -1.000000 0.000000 259.392000 1038.070000 55.000000 2.460000 180.000000 -1.000000 0.000000 266.150000 1029.000000 73.000000 1.000000 330.000000 -1.000000 0.000000 251.642000 961.140000 56.000000 1.030000 187.500000 -1.000000 0.000000 266.492000 1041.720000 100.000000 2.930000 264.500000 -1.000000 0.000000
2014-02-12T16:00:00Z 276.662000 1040.410000 30.000000 1.810000 189.502000 -1.000000 8.000000 276.762000 1040.970000 36.000000 2.760000 160.502000 -1.000000 68.000000 275.150000 1032.000000 40.000000 2.000000 150.000000 -1.000000 68.000000 269.987000 965.990000 22.000000 1.110000 334.502000 -1.000000 0.000000 273.537000 1045.270000 85.000000 7.060000 78.001900 -1.000000 12.000000
2014-02-12T15:00:00Z 277.571000 1040.520000 34.000000 1.960000 98.501000 -1.000000 0.000000 277.019000 1041.200000 48.000000 2.170000 149.004000 -1.000000 64.000000 275.150000 1032.000000 40.000000 2.000000 150.000000 -1.000000 68.000000 271.746000 965.940000 20.000000 1.610000 334.501000 -1.000000 0.000000 275.171000 1044.250000 76.000000 1.210000 48.001000 -1.000000 0.000000
2014-02-12T14:00:00Z 276.544000 1040.950000 43.000000 1.870000 156.504000 -1.000000 0.000000 277.019000 1041.200000 48.000000 2.170000 149.004000 -1.000000 64.000000 275.150000 1032.000000 43.000000 2.000000 130.000000 -1.000000 36.000000 273.644000 966.060000 17.000000 1.570000 175.004000 -1.000000 0.000000 273.369000 1046.140000 89.000000 5.070000 82.503500 -1.000000 0.000000
2014-02-12T13:00:00Z 276.544000 1040.950000 43.000000 1.870000 156.504000 -1.000000 0.000000 277.019000 1041.200000 48.000000 2.170000 149.004000 -1.000000 64.000000 274.150000 1033.000000 50.000000 2.000000 110.000000 -1.000000 64.000000 273.644000 966.060000 17.000000 1.570000 175.004000 -1.000000 0.000000 273.369000 1046.140000 89.000000 5.070000 82.503500 -1.000000 0.000000
2014-02-12T12:00:00Z 272.664000 1042.850000 43.000000 2.020000 6.500090 -1.000000 0.000000 273.814000 1042.850000 52.000000 1.970000 117.000000 -1.000000 36.000000 273.150000 1033.000000 50.000000 2.000000 80.000000 -1.000000 64.000000 270.189000 967.300000 25.000000 1.620000 53.000100 -1.000000 32.000000 272.864000 1046.820000 92.000000 2.720000 20.000100 -1.000000 0.000000
2014-02-12T11:00:00Z 272.664000 1042.850000 43.000000 2.020000 6.500090 -1.000000 0.000000 273.814000 1042.850000 52.000000 1.970000 117.000000 -1.000000 36.000000 271.150000 1034.000000 63.000000 2.000000 70.000000 -1.000000 44.000000 270.189000 967.300000 25.000000 1.620000 53.000100 -1.000000 32.000000 272.864000 1046.820000 92.000000 2.720000 20.000100 -1.000000 0.000000
2014-02-19T22:00:00Z 268.316000 1037.660000 70.000000 4.060000 196.001000 -1.000000 0.000000 270.469000 1037.380000 66.000000 1.560000 117.001000 -1.000000 0.000000 271.150000 1030.000000 79.000000 2.000000 210.000000 -1.000000 0.000000 258.966000 963.250000 53.000000 1.160000 190.001000 -1.000000 0.000000 270.816000 1043.500000 100.000000 2.960000 157.001000 -1.000000 0.000000
2014-02-19T21:00:00Z 269.544000 1036.480000 43.000000 2.660000 166.501000 -1.000000 0.000000 270.469000 1037.380000 66.000000 1.560000 117.001000 -1.000000 0.000000 271.150000 1029.000000 74.000000 3.000000 190.000000 -1.000000 0.000000 262.469000 962.560000 57.000000 1.010000 231.001000 -1.000000 0.000000 271.794000 1042.480000 99.000000 3.510000 131.001000 -1.000000 0.000000
2014-02-19T20:00:00Z 269.544000 1036.480000 43.000000 2.660000 166.501000 -1.000000 0.000000 270.469000 1037.380000 66.000000 1.560000 117.001000 -1.000000 0.000000 271.150000 1029.000000 74.000000 3.000000 190.000000 -1.000000 0.000000 262.469000 962.560000 57.000000 1.010000 231.001000 -1.000000 0.000000 271.794000 1042.480000 99.000000 3.510000 131.001000 -1.000000 0.000000
2014-02-19T19:00:00Z 278.424000 1035.640000 24.000000 0.310000 41.000100 -1.000000 0.000000 279.449000 1036.210000 35.000000 1.710000 110.500000 -1.000000 0.000000 271.150000 1029.000000 74.000000 3.000000 190.000000 -1.000000 0.000000 262.469000 962.560000 57.000000 1.010000 231.001000 -1.000000 0.000000 271.794000 1042.480000 99.000000 3.510000 131.001000 -1.000000 0.000000
2014-02-19T18:00:00Z 278.424000 1035.640000 24.000000 0.310000 41.000100 -1.000000 0.000000 279.449000 1036.210000 35.000000 1.710000 110.500000 -1.000000 0.000000 278.150000 1027.000000 35.000000 2.000000 120.000000 -1.000000 0.000000 262.469000 962.560000 57.000000 1.010000 231.001000 -1.000000 0.000000 271.794000 1042.480000 99.000000 3.510000 131.001000 -1.000000 0.000000
2014-02-19T17:00:00Z 278.424000 1035.640000 24.000000 0.310000 41.000100 -1.000000 0.000000 279.449000 1036.210000 35.000000 1.710000 110.500000 -1.000000 0.000000 278.150000 1027.000000 35.000000 2.000000 120.000000 -1.000000 0.000000 262.469000 962.560000 57.000000 1.010000 231.001000 -1.000000 0.000000 273.549000 1041.400000 85.000000 3.360000 117.500000 -1.000000 24.000000
2014-03-01T22:00:00Z 272.944000 1030.350000 58.000000 4.370000 205.003000 -1.000000 8.000000 275.469000 1032.060000 66.000000 4.920000 191.503000 -1.000000 0.000000 275.150000 1023.000000 59.000000 3.000000 170.000000 -1.000000 0.000000 268.495000 957.070000 43.000000 1.320000 278.003000 -1.000000 36.000000 272.720000 1035.770000 92.000000 3.720000 88.502800 -1.000000 0.000000
2014-03-01T21:00:00Z 272.944000 1030.350000 58.000000 4.370000 205.003000 -1.000000 8.000000 276.195000 1031.400000 54.000000 2.920000 174.003000 -1.000000 0.000000 276.150000 1022.000000 51.000000 4.000000 170.000000 -1.000000 0.000000 268.495000 957.070000 43.000000 1.320000 278.003000 -1.000000 36.000000 272.720000 1035.770000 92.000000 3.720000 88.502800 -1.000000 0.000000
2014-03-01T20:00:00Z 272.944000 1030.350000 58.000000 4.370000 205.003000 -1.000000 8.000000 276.195000 1031.400000 54.000000 2.920000 174.003000 -1.000000 0.000000 279.150000 1022.000000 41.000000 4.000000 190.000000 -1.000000 0.000000 268.495000 957.070000 43.000000 1.320000 278.003000 -1.000000 36.000000 272.720000 1035.770000 92.000000 3.720000 88.502800 -1.000000 0.000000
2014-03-01T19:00:00Z 282.816000 1029.480000 43.000000 2.460000 259.002000 -1.000000 8.000000 276.195000 1031.400000 54.000000 2.920000 174.003000 -1.000000 0.000000 279.150000 1022.000000 41.000000 4.000000 190.000000 -1.000000 0.000000 268.495000 957.070000 43.000000 1.320000 278.003000 -1.000000 36.000000 272.720000 1035.770000 92.000000 3.720000 88.502800 -1.000000 0.000000
2014-03-01T18:00:00Z 282.816000 1029.480000 43.000000 2.460000 259.002000 -1.000000 8.000000 276.195000 1031.400000 54.000000 2.920000 174.003000 -1.000000 0.000000 279.150000 1022.000000 41.000000 4.000000 190.000000 -1.000000 0.000000 268.495000 957.070000 43.000000 1.320000 278.003000 -1.000000 36.000000 274.266000 1035.320000 85.000000 3.710000 82.001700 -1.000000 0.000000
2014-03-01T17:00:00Z 282.816000 1029.480000 43.000000 2.460000 259.002000 -1.000000 8.000000 283.811000 1031.890000 54.000000 2.560000 327.502000 -1.000000 0.000000 284.150000 1021.000000 23.000000 5.000000 170.000000 -1.000000 0.000000 277.441000 956.370000 17.000000 2.110000 294.502000 -1.000000 0.000000 274.266000 1035.320000 85.000000 3.710000 82.001700 -1.000000 0.000000
2014-03-16T16:00:00Z 292.058000 1022.250000 28.000000 3.230000 96.007400 -1.000000 0.000000 292.654000 1019.860000 44.000000 2.040000 105.514000 -1.000000 0.000000 290.150000 1012.000000 42.000000 4.000000 80.000000 -1.000000 0.000000 286.254000 950.470000 26.000000 2.710000 177.514000 -1.000000 0.000000 278.804000 1027.070000 75.000000 5.060000 89.513600 -1.000000 0.000000
2014-03-16T15:00:00Z 292.058000 1022.250000 28.000000 3.230000 96.007400 -1.000000 0.000000 290.861000 1022.400000 45.000000 4.370000 44.000600 -1.000000 0.000000 290.150000 1012.000000 42.000000 4.000000 80.000000 -1.000000 0.000000 286.061000 952.610000 27.000000 2.920000 174.501000 -1.000000 20.000000 279.458000 1029.460000 74.000000 6.380000 95.507400 -1.000000 32.000000
2014-03-16T14:00:00Z 293.150000 1028.060000 34.000000 4.150000 95.500600 -1.000000 24.000000 290.861000 1022.400000 45.000000 4.370000 44.000600 -1.000000 0.000000 289.150000 1014.000000 41.000000 6.000000 50.000000 -1.000000 0.000000 286.061000 952.610000 27.000000 2.920000 174.501000 -1.000000 20.000000 278.761000 1029.610000 76.000000 5.870000 82.000600 -1.000000 36.000000
2014-03-16T13:00:00Z 293.150000 1028.060000 34.000000 4.150000 95.500600 -1.000000 24.000000 290.861000 1022.400000 45.000000 4.370000 44.000600 -1.000000 0.000000 289.150000 1015.000000 38.000000 5.000000 70.000000 -1.000000 0.000000 288.150000 1028.100000 27.000000 2.920000 174.501000 -1.000000 20.000000 278.761000 1029.610000 76.000000 5.870000 82.000600 -1.000000 36.000000
2014-03-16T12:00:00Z 292.340000 1031.250000 34.000000 4.410000 69.004800 -1.000000 8.000000 286.554000 1025.370000 48.000000 5.540000 29.504800 -1.000000 0.000000 288.150000 1016.000000 47.000000 6.000000 50.000000 -1.000000 0.000000 288.150000 1031.410000 29.000000 2.160000 183.505000 -1.000000 56.000000 278.304000 1031.290000 78.000000 6.910000 83.004800 -1.000000 44.000000
2014-03-16T11:00:00Z 292.340000 1031.250000 34.000000 4.410000 69.004800 -1.000000 8.000000 286.554000 1025.370000 48.000000 5.540000 29.504800 -1.000000 0.000000 288.150000 1016.000000 47.000000 6.000000 50.000000 -1.000000 0.000000 288.150000 1031.410000 29.000000 2.160000 183.505000 -1.000000 56.000000 278.304000 1031.290000 78.000000 6.910000 83.004800 -1.000000 44.000000
2014-03-27T20:00:00Z 295.440000 1015.150000 48.000000 7.170000 195.003000 -1.000000 48.000000 295.590000 1014.830000 47.000000 9.270000 184.503000 -1.000000 36.000000 289.150000 1008.000000 87.000000 3.000000 60.000000 -1.000000 32.000000 291.484000 947.970000 44.000000 5.360000 197.006000 -1.000000 48.000000 280.090000 1023.180000 83.000000 2.020000 68.502500 -1.000000 44.000000
2014-03-27T19:00:00Z 295.440000 1015.150000 48.000000 7.170000 195.003000 -1.000000 48.000000 295.590000 1014.830000 47.000000 9.270000 184.503000 -1.000000 36.000000 289.150000 1007.000000 93.000000 3.000000 20.000000 0.250000 64.000000 288.540000 948.200000 68.000000 3.970000 190.003000 -1.000000 92.000000 280.090000 1023.180000 83.000000 2.020000 68.502500 -1.000000 44.000000
2014-03-27T18:00:00Z 298.676000 1015.180000 44.000000 7.710000 185.000000 -1.000000 56.000000 295.590000 1014.830000 47.000000 9.270000 184.503000 -1.000000 36.000000 289.150000 1007.000000 93.000000 3.000000 20.000000 0.250000 64.000000 288.540000 948.200000 68.000000 3.970000 190.003000 -1.000000 92.000000 281.276000 1024.420000 84.000000 2.360000 102.500000 -1.000000 8.000000
2014-03-27T17:00:00Z 299.830000 1014.460000 32.000000 9.170000 195.500000 -1.000000 44.000000 298.230000 1015.100000 45.000000 9.620000 182.500000 -1.000000 0.000000 291.150000 1007.000000 88.000000 4.000000 30.000000 0.250000 24.000000 291.826000 948.550000 39.000000 4.560000 193.000000 -1.000000 36.000000 281.276000 1024.420000 84.000000 2.360000 102.500000 -1.000000 8.000000
2014-03-28T18:00:00Z 296.552000 1014.420000 31.000000 3.520000 350.001000 -1.000000 0.000000 296.929000 1011.620000 34.000000 4.210000 285.000000 -1.000000 0.000000 289.150000 1007.000000 77.000000 2.000000 100.000000 -1.000000 0.000000 288.579000 943.610000 57.000000 1.510000 154.500000 0.000000 0.000000 282.129000 1018.270000 79.000000 3.160000 176.000000 -1.000000 88.000000
2014-03-28T17:00:00Z 296.229000 1011.140000 36.000000 2.110000 157.000000 -1.000000 0.000000 295.652000 1015.790000 58.000000 2.070000 296.501000 -1.000000 0.000000 294.150000 1005.000000 56.000000 3.000000 120.000000 -1.000000 0.000000 290.402000 946.240000 38.000000 1.570000 316.001000 -1.000000 0.000000 281.102000 1019.600000 96.000000 1.170000 45.001500 5.250000 92.000000
2014-03-28T16:00:00Z 295.507000 1012.430000 41.000000 2.580000 118.002000 -1.000000 0.000000 295.652000 1015.790000 58.000000 2.070000 296.501000 -1.000000 0.000000 295.150000 1005.000000 56.000000 4.000000 100.000000 -1.000000 0.000000 290.402000 946.240000 38.000000 1.570000 316.001000 -1.000000 0.000000 281.102000 1019.600000 96.000000 1.170000 45.001500 5.250000 92.000000
2014-03-28T15:00:00Z 295.507000 1012.430000 41.000000 2.580000 118.002000 -1.000000 0.000000 297.307000 1012.840000 36.000000 4.510000 299.002000 -1.000000 0.000000 295.150000 1006.000000 56.000000 4.000000 110.000000 -1.000000 0.000000 285.357000 944.830000 88.000000 0.980000 175.502000 1.000000 48.000000 281.102000 1019.600000 96.000000 1.170000 45.001500 5.250000 92.000000
2014-03-28T14:00:00Z 298.421000 1013.570000 23.000000 4.310000 316.005000 -1.000000 0.000000 296.921000 1016.090000 37.000000 5.660000 294.505000 -1.000000 0.000000 295.150000 1006.000000 56.000000 4.000000 110.000000 -1.000000 0.000000 285.357000 944.830000 88.000000 0.980000 175.502000 1.000000 48.000000 282.907000 1019.160000 77.000000 5.730000 187.002000 -1.000000 68.000000
2014-03-28T13:00:00Z 298.421000 1013.570000 23.000000 4.310000 316.005000 -1.000000 0.000000 296.921000 1016.090000 37.000000 5.660000 294.505000 -1.000000 0.000000 295.150000 1006.000000 56.000000 4.000000 110.000000 -1.000000 0.000000 285.357000 944.830000 88.000000 0.980000 175.502000 1.000000 48.000000 282.907000 1019.160000 77.000000 5.730000 187.002000 -1.000000 68.000000
2014-03-31T02:00:00Z 286.627000 1021.240000 67.000000 1.170000 137.001000 -1.000000 0.000000 295.626000 1023.060000 40.000000 5.610000 338.003000 -1.000000 0.000000 289.150000 1017.000000 55.000000 2.000000 300.000000 -1.000000 0.000000 291.191000 956.300000 35.000000 1.660000 343.501000 -1.000000 0.000000 285.291000 1028.920000 79.000000 2.410000 298.501000 -1.000000 0.000000
2014-03-31T01:00:00Z 286.627000 1021.240000 67.000000 1.170000 137.001000 -1.000000 0.000000 295.626000 1023.060000 40.000000 5.610000 338.003000 -1.000000 0.000000 289.150000 1017.000000 55.000000 2.000000 300.000000 -1.000000 0.000000 291.191000 956.300000 35.000000 1.660000 343.501000 -1.000000 0.000000 285.291000 1028.920000 79.000000 2.410000 298.501000 -1.000000 0.000000
2014-03-31T00:00:00Z 286.627000 1021.240000 67.000000 1.170000 137.001000 -1.000000 0.000000 295.626000 1023.060000 40.000000 5.610000 338.003000 -1.000000 0.000000 289.150000 1017.000000 55.000000 2.000000 300.000000 -1.000000 0.000000 291.191000 956.300000 35.000000 1.660000 343.501000 -1.000000 0.000000 285.291000 1028.920000 79.000000 2.410000 298.501000 -1.000000 0.000000
2014-03-30T23:00:00Z 286.627000 1021.240000 67.000000 1.170000 137.001000 -1.000000 0.000000 295.626000 1023.060000 40.000000 5.610000 338.003000 -1.000000 0.000000 289.150000 1017.000000 55.000000 2.000000 300.000000 -1.000000 0.000000 291.191000 956.300000 35.000000 1.660000 343.501000 -1.000000 0.000000 285.291000 1028.920000 79.000000 2.410000 298.501000 -1.000000 0.000000
2014-03-30T22:00:00Z 286.627000 1021.240000 67.000000 1.170000 137.001000 -1.000000 0.000000 295.626000 1023.060000 40.000000 5.610000 338.003000 -1.000000 0.000000 289.150000 1017.000000 55.000000 2.000000 300.000000 -1.000000 0.000000 291.191000 956.300000 35.000000 1.660000 343.501000 -1.000000 0.000000 285.291000 1028.920000 79.000000 2.410000 298.501000 -1.000000 0.000000
2014-03-30T21:00:00Z 286.627000 1021.240000 67.000000 1.170000 137.001000 -1.000000 0.000000 295.626000 1023.060000 40.000000 5.610000 338.003000 -1.000000 0.000000 289.150000 1017.000000 55.000000 2.000000 300.000000 -1.000000 0.000000 291.191000 956.300000 35.000000 1.660000 343.501000 -1.000000 0.000000 285.291000 1028.920000 79.000000 2.410000 298.501000 -1.000000 0.000000
2014-04-17T21:00:00Z 291.266000 1019.820000 65.000000 3.460000 163.501000 -1.000000 80.000000 288.353000 1022.560000 82.000000 2.030000 118.001000 -1.000000 20.000000 286.150000 1015.000000 93.000000 2.000000 80.000000 0.000000 92.000000 285.303000 952.520000 61.000000 1.130000 193.001000 -1.000000 92.000000 281.642000 1025.480000 90.000000 7.620000 49.002300 0.000000 80.000000
2014-04-17T20:00:00Z 291.266000 1019.820000 65.000000 3.460000 163.501000 -1.000000 80.000000 285.692000 1021.670000 95.000000 4.470000 67.502300 2.000000 92.000000 287.150000 1014.000000 87.000000 1.000000 120.000000 0.000000 80.000000 285.303000 952.520000 61.000000 1.130000 193.001000 -1.000000 92.000000 281.642000 1025.480000 90.000000 7.620000 49.002300 0.000000 80.000000
2014-04-17T19:00:00Z 293.608000 1020.540000 42.000000 2.010000 155.009000 -1.000000 68.000000 293.295000 1019.370000 76.000000 2.010000 142.001000 0.000000 88.000000 288.150000 1013.000000 82.000000 2.000000 190.000000 -1.000000 0.000000 280.432000 950.740000 100.000000 1.770000 76.005200 2.000000 92.000000 283.658000 1025.890000 82.000000 2.710000 94.009200 -1.000000 0.000000
2014-04-17T18:00:00Z 293.608000 1020.540000 42.000000 2.010000 155.009000 -1.000000 68.000000 293.295000 1019.370000 76.000000 2.010000 142.001000 0.000000 88.000000 288.150000 1013.000000 82.000000 2.000000 190.000000 -1.000000 0.000000 280.432000 950.740000 100.000000 1.770000 76.005200 2.000000 92.000000 283.658000 1025.890000 82.000000 2.710000 94.009200 -1.000000 0.000000
2014-04-17T17:00:00Z 284.932000 1020.200000 100.000000 3.370000 72.005200 2.000000 92.000000 293.295000 1019.370000 76.000000 2.010000 142.001000 0.000000 88.000000 289.150000 1012.000000 77.000000 3.000000 80.000000 -1.000000 64.000000 288.408000 951.400000 49.000000 1.510000 212.509000 -1.000000 48.000000 283.658000 1025.890000 82.000000 2.710000 94.009200 -1.000000 0.000000
2014-04-17T16:00:00Z 294.995000 1018.720000 46.000000 2.910000 177.501000 -1.000000 68.000000 293.295000 1019.370000 76.000000 2.010000 142.001000 0.000000 88.000000 289.150000 1012.000000 77.000000 3.000000 60.000000 0.000000 80.000000 280.432000 950.740000 100.000000 1.770000 76.005200 2.000000 92.000000 283.658000 1025.890000 82.000000 2.710000 94.009200 -1.000000 0.000000
2014-04-23T07:00:00Z 290.767000 1019.590000 63.000000 3.680000 207.504000 -1.000000 0.000000 290.217000 1020.080000 76.000000 3.280000 201.004000 -1.000000 0.000000 287.150000 1011.000000 87.000000 1.000000 270.000000 -1.000000 0.000000 288.217000 950.530000 64.000000 1.530000 200.504000 -1.000000 12.000000 284.833000 1025.230000 83.000000 3.630000 219.502000 -1.000000 0.000000
2014-04-23T06:00:00Z 286.214000 1019.540000 80.000000 4.540000 204.008000 -1.000000 12.000000 283.114000 1019.780000 82.000000 2.170000 173.001000 -1.000000 0.000000 285.150000 1011.000000 93.000000 2.000000 220.000000 -1.000000 0.000000 280.064000 950.640000 90.000000 1.670000 188.008000 -1.000000 0.000000 283.964000 1025.140000 84.000000 5.170000 230.008000 -1.000000 0.000000
2014-04-23T05:00:00Z 286.214000 1019.540000 80.000000 4.540000 204.008000 -1.000000 12.000000 283.114000 1019.780000 82.000000 2.170000 173.001000 -1.000000 0.000000 285.150000 1011.000000 93.000000 2.000000 220.000000 -1.000000 0.000000 280.064000 950.640000 90.000000 1.670000 188.008000 -1.000000 0.000000 282.614000 1024.960000 85.000000 3.970000 223.501000 -1.000000 0.000000
2014-04-23T04:00:00Z 288.202000 1020.530000 67.000000 4.480000 216.509000 -1.000000 0.000000 287.302000 1021.250000 77.000000 4.180000 192.009000 -1.000000 0.000000 285.150000 1011.000000 100.000000 3.000000 180.000000 -1.000000 0.000000 284.402000 951.620000 65.000000 2.380000 210.509000 -1.000000 0.000000 284.102000 1025.710000 81.000000 4.730000 218.009000 -1.000000 0.000000
2014-04-23T03:00:00Z 288.202000 1020.530000 67.000000 4.480000 216.509000 -1.000000 0.000000 287.302000 1021.250000 77.000000 4.180000 192.009000 -1.000000 0.000000 286.150000 1011.000000 93.000000 2.000000 160.000000 -1.000000 0.000000 284.402000 951.620000 65.000000 2.380000 210.509000 -1.000000 0.000000 284.102000 1025.710000 81.000000 4.730000 218.009000 -1.000000 0.000000
2014-04-23T02:00:00Z 286.502000 1020.380000 63.000000 3.690000 210.001000 -1.000000 0.000000 287.302000 1021.250000 77.000000 4.180000 192.009000 -1.000000 0.000000 286.150000 1011.000000 93.000000 2.000000 160.000000 -1.000000 0.000000 284.402000 951.620000 65.000000 2.380000 210.509000 -1.000000 0.000000 284.102000 1025.710000 81.000000 4.730000 218.009000 -1.000000 0.000000
2014-05-01T02:00:00Z 288.469000 1017.150000 75.000000 3.480000 207.501000 -1.000000 0.000000 286.519000 1018.040000 83.000000 1.360000 163.501000 -1.000000 0.000000 289.150000 1008.000000 93.000000 2.000000 180.000000 -1.000000 0.000000 280.401000 948.620000 87.000000 1.160000 191.001000 -1.000000 0.000000 285.551000 1021.090000 77.000000 4.410000 222.001000 -1.000000 0.000000
2014-05-01T01:00:00Z 289.601000 1016.630000 73.000000 4.560000 214.001000 -1.000000 0.000000 286.851000 1017.530000 78.000000 2.510000 175.501000 -1.000000 0.000000 288.150000 1009.000000 93.000000 1.000000 100.000000 -1.000000 0.000000 280.869000 949.230000 88.000000 1.460000 193.001000 -1.000000 0.000000 285.119000 1022.100000 80.000000 4.810000 210.001000 -1.000000 0.000000
2014-05-01T00:00:00Z 291.257000 1017.140000 65.000000 4.660000 207.502000 -1.000000 0.000000 289.757000 1017.870000 77.000000 3.460000 173.002000 -1.000000 0.000000 288.150000 1009.000000 93.000000 1.000000 100.000000 -1.000000 0.000000 283.056000 949.220000 82.000000 1.660000 197.502000 -1.000000 0.000000 286.406000 1021.600000 73.000000 5.660000 214.502000 -1.000000 0.000000
2014-04-30T23:00:00Z 291.257000 1017.140000 65.000000 4.660000 207.502000 -1.000000 0.000000 289.757000 1017.870000 77.000000 3.460000 173.002000 -1.000000 0.000000 288.150000 1009.000000 93.000000 1.000000 90.000000 -1.000000 0.000000 283.056000 949.220000 82.000000 1.660000 197.502000 -1.000000 0.000000 285.388000 1022.590000 78.000000 3.860000 207.503000 -1.000000 0.000000
2014-04-30T22:00:00Z 291.257000 1017.140000 65.000000 4.660000 207.502000 -1.000000 0.000000 289.757000 1017.870000 77.000000 3.460000 173.002000 -1.000000 0.000000 289.150000 1009.000000 87.000000 1.000000 100.000000 -1.000000 0.000000 283.056000 949.220000 82.000000 1.660000 197.502000 -1.000000 0.000000 285.388000 1022.590000 78.000000 3.860000 207.503000 -1.000000 0.000000
2014-04-30T21:00:00Z 294.572000 1016.050000 51.000000 4.680000 206.000000 -1.000000 0.000000 293.122000 1016.700000 63.000000 3.930000 172.000000 -1.000000 0.000000 289.150000 1009.000000 87.000000 1.000000 100.000000 -1.000000 0.000000 288.022000 948.040000 60.000000 1.880000 200.000000 -1.000000 0.000000 287.972000 1020.910000 68.000000 6.630000 209.500000 -1.000000 0.000000
2014-05-15T13:00:00Z 302.596000 1006.490000 30.000000 5.010000 234.004000 -1.000000 0.000000 302.246000 1009.570000 36.000000 6.760000 261.004000 -1.000000 0.000000 301.546000 1001.060000 39.000000 6.260000 265.004000 -1.000000 0.000000 294.846000 940.260000 33.000000 1.960000 284.504000 -1.000000 0.000000 290.646000 1012.970000 70.000000 4.510000 193.004000 -1.000000 0.000000
2014-05-15T12:00:00Z 299.034000 1008.740000 41.000000 1.460000 175.005000 -1.000000 0.000000 299.634000 1011.410000 44.000000 5.410000 252.005000 -1.000000 0.000000 299.484000 1002.660000 47.000000 5.660000 253.005000 -1.000000 0.000000 292.534000 941.210000 37.000000 1.610000 224.505000 -1.000000 0.000000 290.584000 1014.330000 73.000000 3.110000 194.005000 -1.000000 0.000000
2014-05-15T11:00:00Z 299.034000 1008.740000 41.000000 1.460000 175.005000 -1.000000 0.000000 299.634000 1011.410000 44.000000 5.410000 252.005000 -1.000000 0.000000 300.150000 1003.000000 26.000000 5.000000 260.000000 -1.000000 0.000000 292.534000 941.210000 37.000000 1.610000 224.505000 -1.000000 0.000000 290.584000 1014.330000 73.000000 3.110000 194.005000 -1.000000 0.000000
2014-05-15T10:00:00Z 299.034000 1008.740000 41.000000 1.460000 175.005000 -1.000000 0.000000 299.634000 1011.410000 44.000000 5.410000 252.005000 -1.000000 0.000000 300.150000 1003.000000 26.000000 5.000000 260.000000 -1.000000 0.000000 292.534000 941.210000 37.000000 1.610000 224.505000 -1.000000 0.000000 290.584000 1014.330000 73.000000 3.110000 194.005000 -1.000000 0.000000
2014-05-15T09:00:00Z 291.125000 1010.160000 40.000000 0.610000 345.504000 -1.000000 0.000000 290.825000 1012.430000 49.000000 4.130000 258.504000 -1.000000 0.000000 290.375000 1003.920000 54.000000 4.160000 270.004000 -1.000000 0.000000 287.175000 942.070000 45.000000 1.330000 189.004000 -1.000000 36.000000 288.925000 1014.780000 75.000000 2.360000 241.004000 -1.000000 0.000000
2014-05-15T08:00:00Z 291.125000 1010.160000 40.000000 0.610000 345.504000 -1.000000 0.000000 290.825000 1012.430000 49.000000 4.130000 258.504000 -1.000000 0.000000 290.375000 1003.920000 54.000000 4.160000 270.004000 -1.000000 0.000000 287.175000 942.070000 45.000000 1.330000 189.004000 -1.000000 36.000000 288.925000 1014.780000 75.000000 2.360000 241.004000 -1.000000 0.000000
2014-05-18T17:00:00Z 302.183000 1013.420000 42.000000 7.070000 209.502000 -1.000000 24.000000 302.033000 1013.910000 46.000000 6.520000 186.002000 -1.000000 0.000000 301.150000 1005.000000 48.000000 7.000000 170.000000 -1.000000 0.000000 296.233000 947.030000 43.000000 3.920000 212.502000 -1.000000 32.000000 291.333000 1020.390000 71.000000 5.470000 186.502000 -1.000000 0.000000
2014-05-18T16:00:00Z 302.183000 1013.420000 42.000000 7.070000 209.502000 -1.000000 24.000000 302.033000 1013.910000 46.000000 6.520000 186.002000 -1.000000 0.000000 303.150000 1005.000000 51.000000 7.000000 170.000000 -1.000000 0.000000 296.233000 947.030000 43.000000 3.920000 212.502000 -1.000000 32.000000 291.333000 1020.390000 71.000000 5.470000 186.502000 -1.000000 0.000000
2014-05-18T15:00:00Z 302.624000 1015.260000 42.000000 6.630000 204.001000 -1.000000 24.000000 302.724000 1016.310000 53.000000 4.580000 198.001000 -1.000000 24.000000 303.150000 1006.000000 48.000000 7.000000 160.000000 -1.000000 0.000000 297.574000 948.140000 42.000000 3.330000 208.001000 -1.000000 0.000000 291.333000 1020.390000 71.000000 5.470000 186.502000 -1.000000 0.000000
2014-05-18T14:00:00Z 302.624000 1015.260000 42.000000 6.630000 204.001000 -1.000000 24.000000 302.724000 1016.310000 53.000000 4.580000 198.001000 -1.000000 24.000000 302.150000 1008.000000 48.000000 5.000000 160.000000 -1.000000 8.000000 297.574000 948.140000 42.000000 3.330000 208.001000 -1.000000 0.000000 291.024000 1022.150000 73.000000 5.780000 197.501000 -1.000000 68.000000
2014-05-18T13:00:00Z 302.624000 1015.260000 42.000000 6.630000 204.001000 -1.000000 24.000000 302.724000 1016.310000 53.000000 4.580000 198.001000 -1.000000 24.000000 302.150000 1008.000000 48.000000 5.000000 160.000000 -1.000000 8.000000 297.574000 948.140000 42.000000 3.330000 208.001000 -1.000000 0.000000 291.024000 1022.150000 73.000000 5.780000 197.501000 -1.000000 68.000000
2014-05-18T12:00:00Z 299.859000 1017.530000 50.000000 2.850000 190.005000 -1.000000 0.000000 300.009000 1018.420000 62.000000 2.350000 197.005000 -1.000000 32.000000 301.150000 1008.000000 45.000000 3.000000 150.000000 -1.000000 8.000000 297.574000 948.140000 42.000000 3.330000 208.001000 -1.000000 0.000000 291.309000 1023.520000 73.000000 5.250000 195.005000 -1.000000 36.000000
2014-05-21T14:00:00Z 303.488000 1014.690000 44.000000 4.460000 134.003000 -1.000000 20.000000 303.588000 1014.530000 59.000000 3.210000 81.503200 -1.000000 0.000000 304.150000 1004.000000 62.000000 4.000000 110.000000 -1.000000 0.000000 297.488000 948.300000 47.000000 1.660000 193.003000 -1.000000 0.000000 291.688000 1020.770000 79.000000 3.010000 118.503000 -1.000000 8.000000
2014-05-21T13:00:00Z 303.488000 1014.690000 44.000000 4.460000 134.003000 -1.000000 20.000000 300.925000 1015.530000 62.000000 3.310000 47.502400 -1.000000 0.000000 303.150000 1005.000000 58.000000 4.000000 110.000000 -1.000000 0.000000 297.488000 948.300000 47.000000 1.660000 193.003000 -1.000000 0.000000 291.688000 1020.770000 79.000000 3.010000 118.503000 -1.000000 8.000000
2014-05-21T12:00:00Z 300.875000 1015.940000 53.000000 3.360000 83.502400 -1.000000 0.000000 300.925000 1015.530000 62.000000 3.310000 47.502400 -1.000000 0.000000 302.150000 1005.000000 54.000000 4.000000 90.000000 -1.000000 0.000000 294.925000 949.380000 50.000000 1.360000 122.002000 -1.000000 32.000000 291.275000 1021.200000 81.000000 2.060000 96.002400 -1.000000 92.000000
2014-05-21T11:00:00Z 300.875000 1015.940000 53.000000 3.360000 83.502400 -1.000000 0.000000 300.925000 1015.530000 62.000000 3.310000 47.502400 -1.000000 0.000000 302.150000 1006.000000 54.000000 3.000000 50.000000 -1.000000 0.000000 294.925000 949.380000 50.000000 1.360000 122.002000 -1.000000 32.000000 291.275000 1021.200000 81.000000 2.060000 96.002400 -1.000000 92.000000
2014-05-21T10:00:00Z 300.875000 1015.940000 53.000000 3.360000 83.502400 -1.000000 0.000000 300.925000 1015.530000 62.000000 3.310000 47.502400 -1.000000 0.000000 301.150000 1006.000000 54.000000 2.000000 360.000000 -1.000000 0.000000 294.925000 949.380000 50.000000 1.360000 122.002000 -1.000000 32.000000 291.275000 1021.200000 81.000000 2.060000 96.002400 -1.000000 92.000000
2014-05-21T09:00:00Z 295.040000 1016.220000 65.000000 1.860000 58.001800 -1.000000 0.000000 295.690000 1015.330000 66.000000 2.510000 50.001800 -1.000000 0.000000 299.150000 1006.000000 57.000000 2.000000 290.000000 -1.000000 0.000000 290.290000 949.510000 60.000000 1.010000 26.001800 -1.000000 92.000000 288.940000 1020.840000 91.000000 1.160000 320.502000 -1.000000 64.000000
2014-05-25T04:00:00Z 291.233000 1016.160000 99.000000 2.220000 359.001000 0.000000 32.000000 292.933000 1016.890000 94.000000 2.420000 247.501000 0.000000 0.000000 292.358000 1008.940000 82.000000 3.020000 292.501000 -1.000000 0.000000 288.308000 948.150000 98.000000 0.120000 171.001000 0.000000 92.000000 289.033000 1019.810000 97.000000 1.320000 149.001000 0.000000 92.000000
2014-05-25T03:00:00Z 292.293000 1016.320000 100.000000 3.200000 16.501100 7.000000 92.000000 293.893000 1016.480000 96.000000 1.850000 182.501000 0.000000 0.000000 295.150000 1009.000000 94.000000 1.000000 210.000000 -1.000000 80.000000 288.411000 947.740000 97.000000 1.210000 190.000000 0.000000 92.000000 289.161000 1020.200000 98.000000 1.260000 68.500000 0.000000 80.000000
2014-05-25T02:00:00Z 292.293000 1016.320000 100.000000 3.200000 16.501100 7.000000 92.000000 293.893000 1016.480000 96.000000 1.850000 182.501000 0.000000 0.000000 293.493000 1007.720000 94.000000 1.200000 52.501100 -1.000000 0.000000 288.443000 948.710000 99.000000 0.850000 196.501000 1.000000 80.000000 289.161000 1020.200000 98.000000 1.260000 68.500000 0.000000 80.000000
2014-05-25T01:00:00Z 294.222000 1016.980000 98.000000 0.310000 359.002000 2.000000 80.000000 293.561000 1016.630000 85.000000 3.210000 289.000000 -1.000000 20.000000 293.493000 1007.720000 94.000000 1.200000 52.501100 -1.000000 0.000000 288.443000 948.710000 99.000000 0.850000 196.501000 1.000000 80.000000 289.093000 1021.020000 97.000000 1.300000 137.001000 4.000000 88.000000
2014-05-25T00:00:00Z 294.222000 1016.980000 98.000000 0.310000 359.002000 2.000000 80.000000 296.822000 1016.650000 83.000000 4.010000 187.502000 0.000000 56.000000 295.150000 1009.000000 94.000000 1.000000 40.000000 -1.000000 0.000000 288.211000 948.680000 98.000000 1.120000 178.001000 0.000000 36.000000 289.172000 1023.060000 93.000000 5.910000 182.502000 0.000000 88.000000
2014-05-24T23:00:00Z 294.222000 1016.980000 98.000000 0.310000 359.002000 2.000000 80.000000 295.811000 1016.050000 79.000000 2.220000 128.001000 -1.000000 0.000000 295.150000 1009.000000 94.000000 1.000000 60.000000 -1.000000 24.000000 288.211000 948.680000 98.000000 1.120000 178.001000 0.000000 36.000000 289.172000 1023.060000 93.000000 5.910000 182.502000 0.000000 88.000000
2014-06-16T21:00:00Z 299.730000 1011.040000 67.000000 1.160000 149.502000 0.000000 12.000000 296.280000 1011.770000 84.000000 1.310000 134.002000 1.000000 32.000000 298.150000 1001.000000 78.000000 4.000000 180.000000 2.000000 12.000000 292.030000 945.550000 95.000000 0.960000 130.502000 0.000000 56.000000 295.980000 1016.230000 88.000000 2.660000 200.502000 0.000000 20.000000
2014-06-16T20:00:00Z 299.730000 1011.040000 67.000000 1.160000 149.502000 0.000000 12.000000 296.280000 1011.770000 84.000000 1.310000 134.002000 1.000000 32.000000 299.150000 1001.000000 69.000000 3.000000 160.000000 1.000000 20.000000 292.437000 942.920000 89.000000 1.410000 162.000000 0.000000 88.000000 294.387000 1014.250000 98.000000 4.810000 171.000000 -1.000000 56.000000
2014-06-16T19:00:00Z 299.730000 1011.040000 67.000000 1.160000 149.502000 0.000000 12.000000 296.280000 1011.770000 84.000000 1.310000 134.002000 1.000000 32.000000 299.150000 1001.000000 69.000000 3.000000 160.000000 1.000000 20.000000 292.437000 942.920000 89.000000 1.410000 162.000000 0.000000 88.000000 294.387000 1014.250000 98.000000 4.810000 171.000000 -1.000000 56.000000
2014-06-16T18:00:00Z 295.230000 1008.700000 100.000000 1.660000 117.001000 5.000000 44.000000 305.480000 1006.430000 51.000000 3.110000 184.501000 -1.000000 36.000000 301.150000 1001.000000 61.000000 4.000000 150.000000 0.000000 20.000000 294.630000 942.470000 82.000000 1.460000 158.501000 0.000000 76.000000 297.199000 1015.410000 85.000000 4.660000 202.003000 0.500000 32.000000
2014-06-16T17:00:00Z 300.499000 1010.790000 68.000000 0.710000 115.503000 2.000000 48.000000 296.649000 1011.360000 100.000000 2.910000 18.503200 1.000000 36.000000 302.150000 1000.000000 58.000000 4.000000 150.000000 2.000000 24.000000 294.630000 942.470000 82.000000 1.460000 158.501000 0.000000 76.000000 296.530000 1013.390000 89.000000 4.460000 167.501000 -1.000000 20.000000
2014-07-28T01:00:00Z 297.152000 1014.470000 77.000000 4.490000 213.002000 -1.000000 0.000000 296.952000 1015.440000 84.000000 3.170000 195.002000 -1.000000 0.000000 296.150000 1006.000000 94.000000 2.000000 180.000000 -1.000000 0.000000 290.752000 948.480000 91.000000 1.440000 189.002000 -1.000000 0.000000 296.952000 1019.490000 90.000000 5.420000 199.502000 -1.000000 0.000000
2014-07-28T00:00:00Z 299.619000 1014.830000 61.000000 5.210000 217.002000 -1.000000 0.000000 297.769000 1016.370000 63.000000 3.760000 184.002000 -1.000000 0.000000 295.150000 1006.000000 94.000000 1.000000 180.000000 -1.000000 0.000000 294.269000 949.090000 89.000000 1.160000 198.502000 -1.000000 36.000000 298.969000 1019.530000 88.000000 5.260000 205.502000 -1.000000 0.000000
2014-07-27T23:00:00Z 298.914000 1015.030000 63.000000 5.110000 213.003000 -1.000000 0.000000 297.769000 1016.370000 63.000000 3.760000 184.002000 -1.000000 0.000000 295.150000 1006.000000 94.000000 1.000000 180.000000 -1.000000 0.000000 294.269000 949.090000 89.000000 1.160000 198.502000 -1.000000 36.000000 298.969000 1019.530000 88.000000 5.260000 205.502000 -1.000000 0.000000
2014-07-27T22:00:00Z 298.914000 1015.030000 63.000000 5.110000 213.003000 -1.000000 0.000000 297.769000 1016.370000 63.000000 3.760000 184.002000 -1.000000 0.000000 298.150000 1006.000000 78.000000 2.000000 160.000000 -1.000000 0.000000 291.764000 948.970000 88.000000 1.310000 194.003000 -1.000000 36.000000 298.614000 1019.570000 89.000000 6.110000 205.003000 -1.000000 0.000000
2014-07-27T21:00:00Z 301.192000 1014.210000 56.000000 4.380000 208.503000 -1.000000 0.000000 300.842000 1015.190000 59.000000 3.630000 183.003000 -1.000000 0.000000 297.150000 1007.000000 78.000000 3.000000 160.000000 -1.000000 0.000000 297.397000 949.070000 79.000000 1.410000 197.501000 -1.000000 56.000000 300.247000 1019.350000 83.000000 5.310000 216.001000 -1.000000 0.000000
2014-07-27T20:00:00Z 302.097000 1014.410000 58.000000 4.210000 209.501000 -1.000000 12.000000 300.842000 1015.190000 59.000000 3.630000 183.003000 -1.000000 0.000000 300.150000 1006.000000 65.000000 2.000000 150.000000 -1.000000 0.000000 297.397000 949.070000 79.000000 1.410000 197.501000 -1.000000 56.000000 299.342000 1019.560000 85.000000 5.780000 210.503000 -1.000000 0.000000
2014-07-30T08:00:00Z 296.436000 1012.340000 99.000000 1.860000 304.501000 -1.000000 44.000000 296.336000 1012.740000 100.000000 2.060000 24.501300 -1.000000 64.000000 297.150000 1005.000000 94.000000 3.000000 40.000000 0.000000 90.000000 291.886000 946.760000 99.000000 1.560000 46.001300 23.000000 92.000000 295.986000 1017.930000 100.000000 5.010000 178.001000 4.000000 92.000000
2014-07-30T07:00:00Z 296.436000 1012.340000 99.000000 1.860000 304.501000 -1.000000 44.000000 296.336000 1012.740000 100.000000 2.060000 24.501300 -1.000000 64.000000 297.150000 1004.000000 94.000000 2.000000 10.000000 0.000000 90.000000 291.886000 946.760000 99.000000 1.560000 46.001300 23.000000 92.000000 295.986000 1017.930000 100.000000 5.010000 178.001000 4.000000 92.000000
2014-07-30T06:00:00Z 294.832000 1011.250000 99.000000 1.060000 131.500000 12.000000 92.000000 294.882000 1011.650000 99.000000 1.960000 192.500000 10.000000 80.000000 296.336000 1003.990000 100.000000 2.060000 24.001300 -1.000000 24.000000 291.182000 945.670000 99.000000 1.310000 124.000000 31.000000 92.000000 296.932000 1016.760000 95.000000 5.910000 169.500000 -1.000000 44.000000
2014-07-30T05:00:00Z 294.832000 1011.250000 99.000000 1.060000 131.500000 12.000000 92.000000 294.882000 1011.650000 99.000000 1.960000 192.500000 10.000000 80.000000 296.150000 1003.000000 100.000000 1.000000 40.000000 2.000000 48.000000 291.182000 945.670000 99.000000 1.310000 124.000000 31.000000 92.000000 296.932000 1016.760000 95.000000 5.910000 169.500000 -1.000000 44.000000
2014-07-30T04:00:00Z 294.832000 1011.250000 99.000000 1.060000 131.500000 12.000000 92.000000 295.259000 1012.170000 99.000000 1.970000 137.002000 14.000000 92.000000 296.150000 1003.000000 100.000000 1.000000 40.000000 2.000000 48.000000 291.182000 945.670000 99.000000 1.310000 124.000000 31.000000 92.000000 296.932000 1016.760000 95.000000 5.910000 169.500000 -1.000000 44.000000
2014-07-30T03:00:00Z 294.609000 1011.850000 100.000000 2.220000 330.002000 27.500000 92.000000 295.259000 1012.170000 99.000000 1.970000 137.002000 14.000000 92.000000 296.150000 1003.000000 100.000000 1.000000 40.000000 2.000000 48.000000 292.209000 946.270000 98.000000 1.470000 160.002000 8.000000 92.000000 296.459000 1017.610000 96.000000 5.020000 136.002000 -1.000000 12.000000
2014-08-20T03:00:00Z 295.821000 1017.590000 70.000000 5.110000 217.001000 -1.000000 0.000000 294.771000 1019.130000 75.000000 3.410000 195.001000 -1.000000 0.000000 293.150000 1010.000000 94.000000 2.000000 180.000000 -1.000000 0.000000 288.235000 952.370000 89.000000 1.070000 201.501000 -1.000000 0.000000 296.653000 1021.680000 100.000000 4.760000 253.000000 -1.000000 0.000000
2014-08-20T02:00:00Z 295.821000 1017.590000 70.000000 5.110000 217.001000 -1.000000 0.000000 294.771000 1019.130000 75.000000 3.410000 195.001000 -1.000000 0.000000 294.150000 1011.000000 94.000000 2.000000 170.000000 -1.000000 12.000000 288.235000 952.370000 89.000000 1.070000 201.501000 -1.000000 0.000000 297.171000 1022.210000 97.000000 4.810000 246.001000 -1.000000 0.000000
2014-08-20T01:00:00Z 295.821000 1017.590000 70.000000 5.110000 217.001000 -1.000000 0.000000 294.771000 1019.130000 75.000000 3.410000 195.001000 -1.000000 0.000000 294.150000 1011.000000 94.000000 2.000000 170.000000 -1.000000 12.000000 288.321000 950.710000 91.000000 1.310000 185.001000 -1.000000 0.000000 297.171000 1022.210000 97.000000 4.810000 246.001000 -1.000000 0.000000
2014-08-20T00:00:00Z 297.280000 1018.250000 67.000000 4.620000 209.508000 -1.000000 0.000000 296.680000 1019.460000 68.000000 4.070000 189.508000 -1.000000 0.000000 295.150000 1011.000000 88.000000 2.000000 160.000000 -1.000000 12.000000 289.733000 952.910000 89.000000 1.170000 201.500000 -1.000000 0.000000 297.833000 1023.270000 94.000000 5.220000 258.000000 -1.000000 0.000000
2014-08-19T23:00:00Z 297.033000 1019.620000 68.000000 3.870000 202.000000 -1.000000 0.000000 296.680000 1019.460000 68.000000 4.070000 189.508000 -1.000000 0.000000 296.150000 1011.000000 83.000000 2.000000 140.000000 -1.000000 12.000000 289.733000 952.910000 89.000000 1.170000 201.500000 -1.000000 0.000000 297.780000 1022.620000 93.000000 5.170000 240.508000 -1.000000 0.000000
2014-08-19T22:00:00Z 297.033000 1019.620000 68.000000 3.870000 202.000000 -1.000000 0.000000 296.680000 1019.460000 68.000000 4.070000 189.508000 -1.000000 0.000000 295.150000 1011.000000 88.000000 2.000000 150.000000 -1.000000 0.000000 289.733000 952.910000 89.000000 1.170000 201.500000 -1.000000 0.000000 297.780000 1022.620000 93.000000 5.170000 240.508000 -1.000000 0.000000
2014-08-21T01:00:00Z 303.710000 1019.910000 78.000000 4.180000 212.003000 -1.000000 36.000000 296.100000 1015.830000 76.000000 3.280000 191.003000 -1.000000 12.000000 295.150000 1007.000000 94.000000 2.000000 160.000000 -1.000000 20.000000 289.700000 948.800000 91.000000 1.010000 182.003000 -1.000000 32.000000 297.500000 1019.640000 96.000000 4.960000 213.003000 -1.000000 8.000000
2014-08-21T00:00:00Z 303.710000 1019.910000 78.000000 4.180000 212.003000 -1.000000 36.000000 297.648000 1016.680000 75.000000 3.810000 186.501000 -1.000000 0.000000 295.150000 1007.000000 94.000000 1.000000 140.000000 -1.000000 20.000000 289.700000 948.800000 91.000000 1.010000 182.003000 -1.000000 32.000000 297.500000 1019.640000 96.000000 4.960000 213.003000 -1.000000 8.000000
2014-08-20T23:00:00Z 303.150000 1020.530000 68.000000 4.760000 211.501000 -1.000000 20.000000 297.648000 1016.680000 75.000000 3.810000 186.501000 -1.000000 0.000000 297.150000 1008.000000 83.000000 2.000000 150.000000 -1.000000 12.000000 291.598000 949.570000 90.000000 1.160000 197.001000 -1.000000 48.000000 297.598000 1020.580000 96.000000 5.160000 202.501000 -1.000000 0.000000
2014-08-20T22:00:00Z 303.150000 1020.050000 70.000000 3.160000 210.000000 0.000000 0.000000 297.648000 1016.680000 75.000000 3.810000 186.501000 -1.000000 0.000000 297.150000 1008.000000 83.000000 2.000000 150.000000 -1.000000 12.000000 294.641000 949.180000 86.000000 1.280000 197.003000 -1.000000 12.000000 298.021000 1019.940000 96.000000 4.810000 199.000000 -1.000000 12.000000
2014-08-20T21:00:00Z 303.150000 1020.050000 70.000000 3.160000 210.000000 0.000000 0.000000 301.491000 1015.640000 56.000000 3.650000 171.003000 -1.000000 68.000000 297.150000 1007.000000 83.000000 3.000000 160.000000 -1.000000 0.000000 294.641000 949.180000 86.000000 1.280000 197.003000 -1.000000 12.000000 298.945000 1020.810000 89.000000 5.630000 209.001000 -1.000000 0.000000
2014-08-20T20:00:00Z 303.710000 1020.840000 61.000000 3.980000 204.001000 -1.000000 88.000000 301.491000 1015.640000 56.000000 3.650000 171.003000 -1.000000 68.000000 300.150000 1007.000000 69.000000 3.000000 160.000000 -1.000000 0.000000 294.845000 949.640000 83.000000 1.230000 199.501000 -1.000000 32.000000 298.945000 1020.810000 89.000000 5.630000 209.001000 -1.000000 0.000000
2014-08-30T02:00:00Z 300.930000 1029.440000 93.000000 0.520000 164.003000 -1.000000 56.000000 294.636000 1024.200000 94.000000 2.320000 63.003400 -1.000000 80.000000 294.150000 1016.000000 100.000000 1.000000 10.000000 -1.000000 64.000000 287.057000 958.510000 95.000000 1.110000 177.003000 -1.000000 8.000000 296.007000 1029.930000 100.000000 1.160000 268.503000 -1.000000 36.000000
2014-08-30T01:00:00Z 300.930000 1029.440000 93.000000 0.520000 164.003000 -1.000000 56.000000 294.636000 1024.200000 94.000000 2.320000 63.003400 -1.000000 80.000000 295.150000 1015.000000 94.000000 1.000000 30.000000 0.000000 36.000000 287.057000 958.510000 95.000000 1.110000 177.003000 -1.000000 8.000000 296.086000 1028.420000 100.000000 1.220000 147.503000 -1.000000 0.000000
2014-08-30T00:00:00Z 300.930000 1029.790000 91.000000 1.230000 184.501000 -1.000000 44.000000 295.261000 1024.440000 91.000000 3.030000 70.500900 -1.000000 68.000000 295.150000 1016.000000 94.000000 1.000000 30.000000 0.000000 36.000000 287.924000 958.930000 91.000000 1.060000 169.007000 -1.000000 44.000000 296.511000 1028.570000 100.000000 1.930000 118.001000 -1.000000 0.000000
2014-08-29T23:00:00Z 300.930000 1029.790000 91.000000 1.230000 184.501000 -1.000000 44.000000 295.261000 1024.440000 91.000000 3.030000 70.500900 -1.000000 68.000000 295.150000 1016.000000 94.000000 1.000000 20.000000 -1.000000 68.000000 288.661000 956.990000 89.000000 1.030000 181.501000 -1.000000 8.000000 296.511000 1028.570000 100.000000 1.930000 118.001000 -1.000000 0.000000
2014-08-29T22:00:00Z 300.930000 1030.080000 95.000000 2.860000 24.500300 0.000000 44.000000 294.724000 1026.610000 96.000000 1.610000 21.006700 -1.000000 76.000000 295.257000 1015.850000 88.000000 2.860000 47.000300 1.000000 56.000000 287.924000 958.930000 91.000000 1.060000 169.007000 -1.000000 44.000000 296.511000 1028.570000 100.000000 1.930000 118.001000 -1.000000 0.000000
2014-08-29T21:00:00Z 300.930000 1031.020000 82.000000 1.160000 67.500400 0.000000 92.000000 294.724000 1026.610000 96.000000 1.610000 21.006700 -1.000000 76.000000 296.150000 1016.000000 88.000000 1.000000 40.000000 0.500000 92.000000 290.621000 958.280000 87.000000 1.060000 166.000000 -1.000000 8.000000 297.221000 1029.610000 97.000000 1.160000 125.000000 -1.000000 24.000000
2014-09-01T09:00:00Z 303.150000 1028.000000 100.000000 2.100000 38.501300 0.000000 32.000000 293.668000 1022.820000 100.000000 3.200000 55.001300 0.500000 88.000000 296.150000 1014.000000 88.000000 1.000000 90.000000 0.500000 90.000000 289.668000 954.800000 98.000000 1.400000 74.001300 -1.000000 76.000000 296.999000 1025.990000 100.000000 1.680000 104.501000 -1.000000 8.000000
2014-09-01T08:00:00Z 300.930000 1028.000000 100.000000 2.100000 38.501300 0.000000 32.000000 293.749000 1022.420000 97.000000 2.280000 70.501300 -1.000000 88.000000 294.150000 1013.000000 100.000000 2.000000 110.000000 2.000000 92.000000 289.668000 954.800000 98.000000 1.400000 74.001300 -1.000000 76.000000 295.368000 1026.620000 100.000000 2.950000 92.001300 2.000000 88.000000
2014-09-01T07:00:00Z 299.820000 1028.000000 100.000000 2.100000 38.501300 0.000000 32.000000 293.668000 1022.820000 100.000000 3.200000 55.001300 0.500000 88.000000 294.150000 1013.000000 100.000000 2.000000 110.000000 2.000000 92.000000 289.668000 954.800000 98.000000 1.400000 74.001300 -1.000000 76.000000 295.368000 1026.620000 100.000000 2.950000 92.001300 2.000000 88.000000
2014-09-01T06:00:00Z 298.710000 1027.260000 97.000000 1.420000 29.000600 0.000000 36.000000 292.496000 1022.200000 96.000000 2.460000 24.502200 0.500000 80.000000 293.150000 1013.000000 100.000000 1.000000 60.000000 0.000000 92.000000 286.421000 954.440000 97.000000 0.920000 110.501000 -1.000000 56.000000 293.921000 1025.850000 100.000000 3.020000 63.500600 4.500000 92.000000
2014-09-01T05:00:00Z 300.930000 1026.820000 99.000000 1.760000 9.502200 0.500000 80.000000 292.496000 1022.200000 96.000000 2.460000 24.502200 0.500000 80.000000 293.150000 1013.000000 100.000000 1.000000 60.000000 0.000000 92.000000 286.421000 954.440000 97.000000 0.920000 110.501000 -1.000000 56.000000 294.896000 1025.200000 100.000000 1.510000 107.502000 -1.000000 8.000000
2014-09-01T04:00:00Z 299.820000 1027.220000 98.000000 2.010000 60.507000 0.000000 44.000000 292.771000 1022.210000 100.000000 2.370000 18.000600 1.000000 92.000000 293.150000 1013.000000 100.000000 1.000000 70.000000 1.000000 92.000000 289.246000 954.270000 100.000000 1.310000 57.502200 0.500000 92.000000 295.144000 1025.330000 100.000000 1.210000 103.506000 -1.000000 0.000000
2014-09-05T20:00:00Z 303.150000 1023.600000 70.000000 1.720000 166.000000 -1.000000 0.000000 298.243000 1018.270000 60.000000 3.220000 106.500000 -1.000000 80.000000 297.150000 1010.000000 78.000000 1.000000 130.000000 -1.000000 56.000000 288.943000 952.440000 89.000000 0.970000 179.500000 -1.000000 0.000000 296.293000 1023.620000 99.000000 2.770000 120.000000 -1.000000 0.000000
2014-09-05T19:00:00Z 303.710000 1023.600000 70.000000 1.720000 166.000000 -1.000000 0.000000 303.048000 1016.830000 58.000000 3.210000 123.000000 -1.000000 0.000000 297.150000 1009.000000 78.000000 1.000000 100.000000 -1.000000 56.000000 288.943000 952.440000 89.000000 0.970000 179.500000 -1.000000 0.000000 296.293000 1023.620000 99.000000 2.770000 120.000000 -1.000000 0.000000
2014-09-05T18:00:00Z 303.710000 1023.600000 70.000000 1.720000 166.000000 -1.000000 0.000000 303.048000 1016.830000 58.000000 3.210000 123.000000 -1.000000 0.000000 300.150000 1008.000000 65.000000 2.000000 130.000000 -1.000000 0.000000 297.048000 951.330000 61.000000 1.360000 189.500000 -1.000000 0.000000 298.548000 1022.910000 89.000000 2.510000 133.000000 -1.000000 0.000000
2014-09-05T17:00:00Z 299.820000 1022.330000 50.000000 1.960000 180.000000 -1.000000 0.000000 303.048000 1016.830000 58.000000 3.210000 123.000000 -1.000000 0.000000 300.150000 1008.000000 65.000000 2.000000 130.000000 -1.000000 0.000000 297.048000 951.330000 61.000000 1.360000 189.500000 -1.000000 0.000000 298.548000 1022.910000 89.000000 2.510000 133.000000 -1.000000 0.000000
2014-09-05T16:00:00Z 299.820000 1022.330000 50.000000 1.960000 180.000000 -1.000000 0.000000 303.048000 1016.830000 58.000000 3.210000 123.000000 -1.000000 0.000000 302.150000 1009.000000 62.000000 2.000000 80.000000 -1.000000 0.000000 297.048000 951.330000 61.000000 1.360000 189.500000 -1.000000 0.000000 298.832000 1023.380000 91.000000 2.820000 128.004000 -1.000000 48.000000
2014-09-05T15:00:00Z 303.150000 1023.100000 58.000000 1.720000 146.004000 -1.000000 0.000000 303.232000 1017.300000 66.000000 2.870000 117.004000 -1.000000 0.000000 302.150000 1009.000000 62.000000 2.000000 80.000000 -1.000000 0.000000 298.681000 951.570000 56.000000 1.670000 188.004000 -1.000000 0.000000 298.832000 1023.380000 91.000000 2.820000 128.004000 -1.000000 48.000000
2014-09-25T08:00:00Z 289.842000 1026.180000 100.000000 2.060000 148.500000 0.500000 92.000000 291.042000 1026.500000 100.000000 2.910000 153.000000 -1.000000 92.000000 290.150000 1018.000000 100.000000 2.000000 180.000000 2.000000 92.000000 286.546000 957.650000 100.000000 1.400000 61.004600 0.500000 92.000000 291.442000 1030.390000 100.000000 1.210000 10.000300 -1.000000 0.000000
2014-09-25T07:00:00Z 287.153000 1025.470000 93.000000 1.360000 147.503000 -1.000000 76.000000 290.703000 1025.710000 99.000000 1.560000 115.503000 0.500000 92.000000 287.150000 1018.000000 100.000000 1.000000 170.000000 2.000000 92.000000 284.253000 956.330000 96.000000 1.010000 291.003000 -1.000000 88.000000 291.442000 1030.390000 100.000000 1.210000 10.000300 -1.000000 0.000000
2014-09-25T06:00:00Z 287.153000 1025.470000 93.000000 1.360000 147.503000 -1.000000 76.000000 290.703000 1025.710000 99.000000 1.560000 115.503000 0.500000 92.000000 287.150000 1018.000000 100.000000 1.000000 170.000000 2.000000 92.000000 284.253000 956.330000 96.000000 1.010000 291.003000 -1.000000 88.000000 289.003000 1029.360000 100.000000 1.410000 350.503000 -1.000000 0.000000
2014-09-25T05:00:00Z 287.153000 1025.470000 93.000000 1.360000 147.503000 -1.000000 76.000000 290.703000 1025.710000 99.000000 1.560000 115.503000 0.500000 92.000000 287.150000 1017.000000 100.000000 1.000000 120.000000 0.500000 92.000000 284.253000 956.330000 96.000000 1.010000 291.003000 -1.000000 88.000000 289.003000 1029.360000 100.000000 1.410000 350.503000 -1.000000 0.000000
2014-09-25T04:00:00Z 287.153000 1025.470000 93.000000 1.360000 147.503000 -1.000000 76.000000 290.703000 1025.710000 99.000000 1.560000 115.503000 0.500000 92.000000 289.150000 1017.000000 100.000000 2.000000 210.000000 0.500000 92.000000 284.253000 956.330000 96.000000 1.010000 291.003000 -1.000000 88.000000 289.003000 1029.360000 100.000000 1.410000 350.503000 -1.000000 0.000000
2014-09-25T03:00:00Z 286.930000 1025.580000 93.000000 1.220000 182.501000 -1.000000 24.000000 290.730000 1026.150000 95.000000 0.620000 296.501000 -1.000000 92.000000 289.150000 1017.000000 100.000000 2.000000 210.000000 0.500000 92.000000 282.530000 956.840000 96.000000 1.070000 263.001000 -1.000000 56.000000 289.930000 1029.390000 100.000000 1.820000 346.501000 -1.000000 0.000000
2014-10-07T13:00:00Z 294.486000 1026.950000 63.000000 2.670000 193.510000 -1.000000 0.000000 291.554000 1029.860000 55.000000 2.310000 217.501000 -1.000000 0.000000 296.150000 1018.000000 43.000000 2.000000 110.000000 -1.000000 8.000000 291.486000 957.800000 57.000000 1.420000 252.010000 -1.000000 0.000000 292.304000 1032.900000 90.000000 5.860000 244.501000 -1.000000 0.000000
2014-10-07T12:00:00Z 291.604000 1028.520000 67.000000 2.510000 204.501000 -1.000000 0.000000 291.554000 1029.860000 55.000000 2.310000 217.501000 -1.000000 0.000000 292.150000 1020.000000 59.000000 1.000000 140.000000 -1.000000 0.000000 291.486000 957.800000 57.000000 1.420000 252.010000 -1.000000 0.000000 292.304000 1032.900000 90.000000 5.860000 244.501000 -1.000000 0.000000
2014-10-07T11:00:00Z 291.604000 1028.520000 67.000000 2.510000 204.501000 -1.000000 0.000000 291.554000 1029.860000 55.000000 2.310000 217.501000 -1.000000 0.000000 292.150000 1020.000000 59.000000 1.000000 140.000000 -1.000000 0.000000 288.204000 958.640000 62.000000 1.310000 264.001000 -1.000000 0.000000 292.304000 1032.900000 90.000000 5.860000 244.501000 -1.000000 0.000000
2014-10-07T10:00:00Z 291.604000 1028.520000 67.000000 2.510000 204.501000 -1.000000 0.000000 291.554000 1029.090000 72.000000 2.310000 217.501000 -1.000000 0.000000 288.150000 1021.000000 77.000000 2.000000 240.000000 -1.000000 0.000000 288.204000 958.640000 62.000000 1.310000 264.001000 -1.000000 0.000000 292.304000 1033.260000 85.000000 5.860000 244.501000 -1.000000 0.000000
2014-10-17T14:00:00Z 295.762000 1023.700000 54.000000 2.170000 147.503000 -1.000000 0.000000 298.237000 1024.590000 50.000000 3.420000 226.503000 -1.000000 0.000000 301.150000 1014.000000 24.000000 4.000000 200.000000 -1.000000 0.000000 291.937000 954.800000 42.000000 1.570000 277.003000 -1.000000 0.000000 293.087000 1027.830000 79.000000 5.020000 256.503000 -1.000000 0.000000
2014-10-17T13:00:00Z 295.762000 1023.700000 54.000000 2.170000 147.503000 -1.000000 0.000000 298.237000 1024.590000 50.000000 3.420000 226.503000 -1.000000 0.000000 301.150000 1014.000000 24.000000 4.000000 200.000000 -1.000000 0.000000 291.937000 954.800000 42.000000 1.570000 277.003000 -1.000000 0.000000 293.087000 1027.830000 79.000000 5.020000 256.503000 -1.000000 0.000000
2014-10-17T12:00:00Z 291.309000 1025.910000 61.000000 0.810000 161.000000 -1.000000 0.000000 298.237000 1024.590000 50.000000 3.420000 226.503000 -1.000000 0.000000 299.150000 1016.000000 27.000000 4.000000 230.000000 -1.000000 0.000000 290.209000 955.870000 53.000000 1.410000 275.000000 -1.000000 0.000000 291.059000 1029.720000 88.000000 7.010000 259.000000 -1.000000 0.000000
2014-10-17T11:00:00Z 291.309000 1025.910000 61.000000 0.810000 161.000000 -1.000000 0.000000 294.159000 1026.800000 55.000000 3.160000 226.500000 -1.000000 0.000000 298.150000 1017.000000 29.000000 4.000000 250.000000 -1.000000 0.000000 290.209000 955.870000 53.000000 1.410000 275.000000 -1.000000 0.000000 291.059000 1029.720000 88.000000 7.010000 259.000000 -1.000000 0.000000
2014-10-17T10:00:00Z 291.309000 1025.910000 61.000000 0.810000 161.000000 -1.000000 0.000000 294.159000 1026.800000 55.000000 3.160000 226.500000 -1.000000 0.000000 298.150000 1017.000000 29.000000 4.000000 250.000000 -1.000000 0.000000 290.209000 955.870000 53.000000 1.410000 275.000000 -1.000000 0.000000 288.365000 1029.870000 100.000000 6.670000 256.507000 -1.000000 0.000000
2014-10-17T09:00:00Z 282.015000 1025.650000 76.000000 0.620000 145.007000 -1.000000 0.000000 284.115000 1026.790000 54.000000 3.220000 207.007000 -1.000000 0.000000 289.150000 1018.000000 55.000000 2.000000 240.000000 -1.000000 0.000000 290.209000 955.870000 53.000000 1.410000 275.000000 -1.000000 0.000000 288.365000 1029.870000 100.000000 6.670000 256.507000 -1.000000 0.000000
2014-10-18T08:00:00Z 281.380000 1026.310000 81.000000 1.500000 350.002000 -1.000000 0.000000 283.839000 1026.880000 80.000000 1.270000 204.503000 -1.000000 8.000000 289.150000 1019.000000 55.000000 2.000000 350.000000 -1.000000 0.000000 278.389000 957.740000 78.000000 1.070000 69.003300 -1.000000 0.000000 288.830000 1030.360000 99.000000 3.650000 232.502000 -1.000000 0.000000
2014-10-18T07:00:00Z 281.380000 1026.310000 81.000000 1.500000 350.002000 -1.000000 0.000000 283.839000 1026.880000 80.000000 1.270000 204.503000 -1.000000 8.000000 283.150000 1017.000000 71.000000 3.000000 330.000000 -1.000000 8.000000 278.389000 957.740000 78.000000 1.070000 69.003300 -1.000000 0.000000 288.830000 1030.360000 99.000000 3.650000 232.502000 -1.000000 0.000000
2014-10-18T06:00:00Z 278.957000 1025.470000 78.000000 2.000000 348.003000 -1.000000 0.000000 280.236000 1025.550000 75.000000 1.260000 174.000000 -1.000000 0.000000 283.150000 1017.000000 71.000000 3.000000 330.000000 -1.000000 8.000000 278.389000 957.740000 78.000000 1.070000 69.003300 -1.000000 0.000000 287.436000 1029.360000 100.000000 1.810000 219.000000 -1.000000 0.000000
2014-10-18T05:00:00Z 278.957000 1025.470000 78.000000 2.000000 348.003000 -1.000000 0.000000 280.236000 1025.550000 75.000000 1.260000 174.000000 -1.000000 0.000000 283.150000 1016.000000 71.000000 3.000000 310.000000 -1.000000 0.000000 273.386000 956.410000 74.000000 0.860000 1.000180 -1.000000 0.000000 287.436000 1029.360000 100.000000 1.810000 219.000000 -1.000000 0.000000
2014-10-29T15:00:00Z 288.092000 1032.110000 68.000000 1.970000 173.002000 -1.000000 56.000000 289.342000 1032.270000 65.000000 1.970000 122.002000 -1.000000 68.000000 285.150000 1023.000000 71.000000 1.360000 111.501000 -1.000000 92.000000 285.967000 961.090000 54.000000 1.520000 203.502000 -1.000000 88.000000 289.113000 1036.070000 84.000000 3.910000 207.501000 -1.000000 88.000000
2014-10-29T14:00:00Z 288.092000 1032.110000 68.000000 1.970000 173.002000 -1.000000 56.000000 289.342000 1032.270000 65.000000 1.970000 122.002000 -1.000000 68.000000 286.150000 1023.000000 62.000000 2.000000 330.000000 -1.000000 80.000000 285.967000 961.090000 54.000000 1.520000 203.502000 -1.000000 88.000000 289.992000 1036.160000 83.000000 3.870000 214.502000 -1.000000 68.000000
2014-10-29T13:00:00Z 288.092000 1032.110000 68.000000 1.970000 173.002000 -1.000000 56.000000 287.992000 1033.450000 69.000000 1.610000 83.501300 -1.000000 48.000000 286.150000 1023.000000 62.000000 2.000000 330.000000 -1.000000 80.000000 283.692000 962.450000 55.000000 0.510000 211.501000 -1.000000 56.000000 289.992000 1036.160000 83.000000 3.870000 214.502000 -1.000000 68.000000
2014-10-29T12:00:00Z 285.592000 1033.620000 71.000000 2.110000 3.001340 -1.000000 80.000000 287.992000 1033.450000 69.000000 1.610000 83.501300 -1.000000 48.000000 285.150000 1025.000000 62.000000 1.960000 20.001300 -1.000000 56.000000 283.692000 962.450000 55.000000 0.510000 211.501000 -1.000000 56.000000 288.942000 1037.430000 91.000000 2.860000 234.001000 -1.000000 64.000000
2014-10-29T11:00:00Z 285.592000 1033.620000 71.000000 2.110000 3.001340 -1.000000 80.000000 287.992000 1033.450000 69.000000 1.610000 83.501300 -1.000000 48.000000 285.150000 1025.000000 62.000000 1.960000 20.001300 -1.000000 56.000000 283.692000 962.450000 55.000000 0.510000 211.501000 -1.000000 56.000000 288.942000 1037.430000 91.000000 2.860000 234.001000 -1.000000 64.000000
2014-10-29T10:00:00Z 285.592000 1033.620000 71.000000 2.110000 3.001340 -1.000000 80.000000 287.992000 1033.450000 69.000000 1.610000 83.501300 -1.000000 48.000000 284.150000 1025.000000 76.000000 1.000000 360.000000 -1.000000 56.000000 283.692000 962.450000 55.000000 0.510000 211.501000 -1.000000 56.000000 288.942000 1037.430000 91.000000 2.860000 234.001000 -1.000000 64.000000
