2013-06-13T01:00:00 0 0 0 0 0
2013-06-13T00:00:00 0 0 0 0 0
2013-06-12T23:00:00 0 0 0 0 0
2013-06-12T22:00:00 0 0 0 0 0
2013-06-12T21:00:00 0 0 0 0 0
2013-06-12T20:00:00 0 0 0 0 0
2013-06-12T19:00:00 0 0 0 0 0
2013-06-12T18:00:00 0 0 0 0 0
2013-06-12T17:00:00 0 0 0 0 0
2013-06-12T16:00:00 0 0 0 0 0
2013-06-12T15:00:00 0 0 0 0 0
2013-06-12T14:00:00 0 0 0 0 0
2013-07-27T17:00:00 0 0 0 0 0
2013-07-27T18:00:00 0 0 0 0 0
2013-11-08T21:00:00 0.63497089213 0.36502910787 2 0 2
2013-11-08T20:00:00 0.621979360968 0.378020639032 1 0 1
2013-11-08T19:00:00 0 0 0 0 0
2013-11-08T18:00:00 0 0 0 0 0
2013-11-08T17:00:00 0 0 0 0 0
2013-11-08T16:00:00 0 0 0 0 0
2013-11-08T15:00:00 0.719880768628 0.280119231372 1 0 1
2013-11-08T14:00:00 0.801890836459 0.198109163541 3 0 3
2013-11-08T13:00:00 0.801890836459 0.198109163541 3 0 3
2013-11-08T12:00:00 0.801890836459 0.198109163541 3 0 3
2013-11-08T11:00:00 0.801890836459 0.198109163541 3 0 3
2013-11-08T10:00:00 0.801890836459 0.198109163541 3 0 3
2013-11-17T11:00:00 0.769206265469 0.230793734531 1 0 1
2013-11-17T10:00:00 0 0 0 0 0
2013-11-17T09:00:00 0 0 0 0 0
2013-11-17T08:00:00 0 0 0 0 0
2013-11-17T07:00:00 0 0 0 0 0
2013-11-17T06:00:00 0 0 0 0 0
2013-11-17T05:00:00 0 0 0 0 0
2013-11-17T04:00:00 0 0 0 0 0
2013-11-17T03:00:00 0 0 0 0 0
2013-11-17T02:00:00 0 0 0 0 0
2013-11-17T01:00:00 0 0 0 0 0
2013-11-17T00:00:00 0 0 0 0 0
2013-11-21T13:00:00 0.828116507899 0.171883492101 1 0 1
2013-11-21T12:00:00 0.828116507899 0.171883492101 1 0 1
2013-11-21T11:00:00 0.828116507899 0.171883492101 1 0 1
2013-11-21T10:00:00 0.828116507899 0.171883492101 1 0 1
2013-11-21T09:00:00 0 0 0 0 0
2013-11-21T08:00:00 0 0 0 0 0
2013-11-21T07:00:00 0 0 0 0 0
2013-11-21T06:00:00 0 0 0 0 0
2013-11-21T05:00:00 0 0 0 0 0
2013-11-21T04:00:00 0.710858537568 0.289141462432 1 0 1
2013-11-21T03:00:00 0.710858537568 0.289141462432 1 0 1
2013-11-21T02:00:00 0.710858537568 0.289141462432 1 0 1
2013-11-26T22:00:00 0.781794270829 0.218205729171 5 0 5
2013-11-26T23:00:00 0.743020403131 0.256979596869 4 0 4
2013-11-27T00:00:00 0.675456240836 0.324543759164 1 0 1
2013-11-27T01:00:00 0.0 0.0 0 0 0
2013-11-27T02:00:00 0.0 0.0 0 0 0
2013-11-27T03:00:00 0.0 0.0 0 0 0
2013-11-27T04:00:00 0.724530612059 0.275469387941 1 0 1
2013-11-27T05:00:00 0.724530612059 0.275469387941 1 0 1
2013-12-10T11:00:00 0.758116461953 0.241883538047 10 0 10
2013-12-10T10:00:00 0.784503024827 0.215496975173 7 0 7
2013-12-10T09:00:00 0.712089451983 0.287910548017 4 0 4
2013-12-10T08:00:00 0.793324267309 0.206675732691 1 0 1
2013-12-10T07:00:00 0 0 0 0 0
2013-12-10T06:00:00 0 0 0 0 0
2013-12-10T05:00:00 0.936889741622 0.0631102583782 1 0 1
2013-12-10T04:00:00 0.936889741622 0.0631102583782 1 0 1
2013-12-10T03:00:00 0.936889741622 0.0631102583782 1 0 1
2013-12-10T02:00:00 0.936889741622 0.0631102583782 1 0 1
2013-12-10T01:00:00 0.936889741622 0.0631102583782 1 0 1
2013-12-10T00:00:00 0.797349396435 0.202650603565 3 1 4
2013-12-25T17:00:00 0.733807081564 0.266192918436 1 0 1
2013-12-25T16:00:00 0.733807081564 0.266192918436 1 0 1
2013-12-25T15:00:00 0.0 0.0 0 0 0
2013-12-25T14:00:00 0.711156866646 0.288843133354 1 0 1
2013-12-25T13:00:00 0.711156866646 0.288843133354 1 0 1
2013-12-25T12:00:00 0.711156866646 0.288843133354 1 0 1
2013-12-25T11:00:00 0.711156866646 0.288843133354 1 0 1
2013-12-25T10:00:00 0.711156866646 0.288843133354 1 0 1
2013-12-25T09:00:00 0.711156866646 0.288843133354 1 0 1
2013-12-25T08:00:00 0 0 0 0 0
2013-12-25T07:00:00 0 0 0 0 0
2013-12-25T06:00:00 0 0 0 0 0
2013-12-27T11:00:00 0.835287106901 0.1647128931 4 0 4
2013-12-31T11:00:00 0.707636365888 0.292363634112 3 0 3
2013-12-31T10:00:00 0.707636365888 0.292363634112 3 0 3
2013-12-31T09:00:00 0.699491442645 0.300508557355 2 0 2
2013-12-31T08:00:00 0.781256802687 0.218743197313 1 0 1
2013-12-31T07:00:00 0 0 0 0 0
2013-12-31T06:00:00 0 0 0 0 0
2013-12-31T05:00:00 0 0 0 0 0
2013-12-31T04:00:00 0.671898789709 0.328101210291 1 0 1
2013-12-31T03:00:00 0.671898789709 0.328101210291 1 0 1
2013-12-31T02:00:00 0.671898789709 0.328101210291 1 0 1
2014-01-04T07:00:00 0.0 0.0 0 0 0
2014-01-04T06:00:00 0.0 0.0 0 0 0
2014-01-04T05:00:00 0.0 0.0 0 0 0
2014-01-04T04:00:00 0.0 0.0 0 0 0
2014-01-04T03:00:00 0.0 0.0 0 0 0
2014-01-04T02:00:00 0 0 0 0 0
2014-01-04T01:00:00 0.71624795717 0.28375204283 1 0 1
2014-01-04T00:00:00 0.540843856342 0.459156143658 2 1 3
2014-01-03T23:00:00 0.583403750968 0.416596249032 3 1 4
2014-01-03T22:00:00 0.654100949099 0.345899050901 4 1 5
2014-01-13T02:00:00 0 0 0 0 0
2014-01-13T01:00:00 0 0 0 0 0
2014-01-13T00:00:00 0 0 0 0 0
2014-01-12T23:00:00 0.76930641649 0.23069358351 1 0 1
2014-01-12T22:00:00 0.76930641649 0.23069358351 1 0 1
2014-01-12T21:00:00 0.76930641649 0.23069358351 1 0 1
2014-01-12T20:00:00 0.76930641649 0.23069358351 1 0 1
2014-01-12T19:00:00 0.76930641649 0.23069358351 1 0 1
2014-01-20T20:00:00 0.75363010025 0.24636989975 2 0 2
2014-01-20T19:00:00 0.789914678924 0.210085321076 1 0 1
2014-01-20T18:00:00 0.789914678924 0.210085321076 1 0 1
2014-01-20T17:00:00 0.789914678924 0.210085321076 1 0 1
2014-01-20T16:00:00 0.789914678924 0.210085321076 1 0 1
2014-01-20T15:00:00 0.789914678924 0.210085321076 1 0 1
2014-01-20T14:00:00 0.712948096068 0.287051903932 1 0 1
2014-01-20T13:00:00 0.712948096068 0.287051903932 1 0 1
2014-01-20T12:00:00 0.712948096068 0.287051903932 1 0 1
2014-01-20T11:00:00 0.712948096068 0.287051903932 1 0 1
2014-01-20T10:00:00 0.712948096068 0.287051903932 1 0 1
2014-01-20T09:00:00 0.712948096068 0.287051903932 1 0 1
2014-01-31T11:00:00 0.80747856945 0.19252143055 2 0 2
2014-01-31T10:00:00 0.755724877571 0.244275122429 1 0 1
2014-01-31T09:00:00 0 0 0 0 0
2014-01-31T08:00:00 0 0 0 0 0
2014-01-31T07:00:00 0 0 0 0 0
2014-01-31T06:00:00 0 0 0 0 0
2014-01-31T05:00:00 0.695319578289 0.304680421711 1 0 1
2014-01-31T04:00:00 0.695319578289 0.304680421711 1 0 1
2014-01-31T03:00:00 0.695319578289 0.304680421711 1 0 1
2014-01-31T02:00:00 0.695319578289 0.304680421711 1 0 1
2014-01-31T01:00:00 0.695319578289 0.304680421711 1 0 1
2014-01-31T00:00:00 0.695319578289 0.304680421711 1 0 1
2014-02-02T17:00:00 0.814598741553 0.185401258447 10 0 10
2014-02-02T16:00:00 0.825845213632 0.174154786368 7 0 7
2014-02-02T15:00:00 0.780554308957 0.219445691043 10 1 11
2014-02-02T14:00:00 0.805905880859 0.194094119141 12 1 13
2014-02-02T13:00:00 0.806297588837 0.193702411163 12 1 13
2014-02-02T12:00:00 0.794006611989 0.205993388011 11 1 12
2014-02-02T11:00:00 0.783888635916 0.216111364084 6 1 7
2014-02-02T10:00:00 0.774967128463 0.225032871537 7 1 8
2014-02-02T09:00:00 0.848639031151 0.151360968849 4 0 4
2014-02-02T08:00:00 0.751938535981 0.248061464019 2 0 2
2014-02-02T07:00:00 0.712516576288 0.287483423712 1 0 1
2014-02-02T06:00:00 0.712516576288 0.287483423712 1 0 1
2014-03-10T23:00:00 0.760454908734 0.239545091266 3 1 4
2014-03-10T22:00:00 0.760454908734 0.239545091266 3 1 4
2014-03-10T21:00:00 0.760454908734 0.239545091266 3 1 4
2014-03-10T20:00:00 0.624382993331 0.375617006669 1 1 2
2014-03-10T19:00:00 0.624382993331 0.375617006669 1 1 2
2014-03-10T18:00:00 0.861070702372 0.138929297628 1 0 1
2014-03-10T17:00:00 0 0 0 0 0
2014-03-10T16:00:00 0 0 0 0 0
2014-03-10T15:00:00 0 0 0 0 0
2014-03-10T14:00:00 0.883021552524 0.116978447476 1 0 1
2014-03-10T13:00:00 0.883021552524 0.116978447476 1 0 1
2014-03-10T12:00:00 0.883021552524 0.116978447476 1 0 1
2014-03-19T06:00:00 0 0 0 0 0
2014-03-19T05:00:00 0 0 0 0 0
2014-03-19T04:00:00 0 0 0 0 0
2014-03-19T03:00:00 0 0 0 0 0
2014-03-19T02:00:00 0.0 0.0 0 0 0
2014-03-19T01:00:00 0.703299421424 0.296700578576 1 0 1
2014-03-19T00:00:00 0.703299421424 0.296700578576 1 0 1
2014-03-18T23:00:00 0.703299421424 0.296700578576 1 0 1
2014-03-18T22:00:00 0.703299421424 0.296700578576 1 0 1
2014-03-18T21:00:00 0.703299421424 0.296700578576 1 0 1
2014-03-18T20:00:00 0.703299421424 0.296700578576 1 0 1
2014-03-18T19:00:00 0 0 0 0 0
2014-04-18T04:00:00 0.394726175128 0.605273824872 1 2 3
2014-04-18T03:00:00 0.512672548598 0.487327451402 2 2 4
2014-04-18T02:00:00 0.512672548598 0.487327451402 2 2 4
2014-04-18T01:00:00 0.512672548598 0.487327451402 2 2 4
2014-04-18T00:00:00 0.512672548598 0.487327451402 2 2 4
2014-04-17T23:00:00 0.799556148949 0.200443851051 3 0 3
2014-04-17T22:00:00 0.886125067279 0.113874932722 4 0 4
2014-04-17T21:00:00 0.850472189001 0.149527810999 4 0 4
2014-04-17T20:00:00 0.867755699525 0.132244300475 5 0 5
2014-04-17T19:00:00 0.867755699525 0.132244300475 5 0 5
2014-04-17T18:00:00 0.867755699525 0.132244300475 5 0 5
2014-04-17T17:00:00 0.851434862876 0.148565137124 5 0 5
2014-05-20T07:00:00 0 0 0 0 0
2014-05-20T08:00:00 0 0 0 0 0
2014-05-22T04:00:00 0 0 0 0 0
2014-05-22T03:00:00 0.717575921146 0.282424078854 1 0 1
2014-05-22T02:00:00 0.717575921146 0.282424078854 1 0 1
2014-05-22T01:00:00 0.717575921146 0.282424078854 1 0 1
2014-05-22T00:00:00 0.746255129571 0.253744870429 2 0 2
2014-05-21T23:00:00 0.746255129571 0.253744870429 2 0 2
2014-05-21T22:00:00 0.730879133963 0.269120866037 3 0 3
2014-05-21T21:00:00 0.737530740372 0.262469259628 2 0 2
2014-05-21T20:00:00 0.737530740372 0.262469259628 2 0 2
2014-05-21T19:00:00 0.737530740372 0.262469259628 2 0 2
2014-05-21T18:00:00 0.700127142748 0.299872857252 1 0 1
2014-05-21T17:00:00 0.700127142748 0.299872857252 1 0 1
2014-05-30T03:00:00 0 0 0 0 0
2014-05-30T04:00:00 0 0 0 0 0
2014-05-30T05:00:00 0 0 0 0 0
2014-05-30T06:00:00 0 0 0 0 0
2014-05-30T07:00:00 0 0 0 0 0
2014-05-30T08:00:00 0.770102896126 0.229897103874 3 0 3
2014-05-30T09:00:00 0.756067159152 0.243932840848 5 0 5
2014-06-14T13:00:00 0.856236362803 0.143763637197 2 0 2
2014-06-14T14:00:00 0.856236362803 0.143763637197 2 0 2
2014-06-14T15:00:00 0.856236362803 0.143763637197 2 0 2
2014-06-14T16:00:00 0.856236362803 0.143763637197 2 0 2
2014-06-28T20:00:00 0.936889741622 0.0631102583782 1 0 1
2014-06-28T19:00:00 0.0 0.0 0 0 0
2014-06-28T18:00:00 0.0 0.0 0 0 0
2014-06-28T17:00:00 0.663737408762 0.336262591238 2 0 2
2014-06-28T16:00:00 0.663737408762 0.336262591238 2 0 2
2014-06-28T15:00:00 0.663737408762 0.336262591238 2 0 2
2014-06-28T14:00:00 0.663737408762 0.336262591238 2 0 2
2014-06-28T13:00:00 0.663737408762 0.336262591238 2 0 2
2014-06-28T12:00:00 0.663737408762 0.336262591238 2 0 2
2014-06-29T13:00:00 0.809538267039 0.190461732962 4 0 4
2014-06-29T14:00:00 0.787456088368 0.212543911632 3 0 3
2014-06-29T15:00:00 0.7947384154 0.2052615846 3 0 3
2014-06-29T16:00:00 0.827596680033 0.172403319967 1 0 1
2014-06-29T17:00:00 0.874703688936 0.125296311064 3 0 3
2014-06-29T18:00:00 0.874703688936 0.125296311064 3 0 3
2014-07-03T07:00:00 0 0 0 0 0
2014-07-03T08:00:00 0 0 0 0 0
2014-07-03T09:00:00 0.0 0.0 0 0 0
2014-07-03T10:00:00 0.0 0.0 0 0 0
2014-07-03T11:00:00 0.0 0.0 0 0 0
2014-07-11T13:00:00 0.833705947179 0.166294052821 8 0 8
2014-07-11T14:00:00 0.852645054665 0.147354945335 6 0 6
2014-07-11T15:00:00 0.769294804058 0.230705195942 6 1 7
2014-07-11T16:00:00 0.755372608066 0.244627391934 4 1 5
2014-07-11T17:00:00 0.737058397757 0.262941602243 3 1 4
2014-07-11T18:00:00 0.269193300415 0.730806699585 0 1 1
2014-07-11T19:00:00 0.678452520296 0.321547479704 2 1 3
2014-07-11T20:00:00 0.708276562934 0.291723437067 3 1 4
2014-10-16T08:00:00 0 0 0 0 0
2014-10-16T09:00:00 0 0 0 0 0
2014-10-16T10:00:00 0 0 0 0 0
2014-10-16T11:00:00 0 0 0 0 0
2014-10-16T12:00:00 0 0 0 0 0
2014-10-16T16:00:00 0.900083750718 0.0999162492819 1 0 1
2014-10-16T17:00:00 0.900083750718 0.0999162492819 1 0 1
2014-10-16T18:00:00 0.900083750718 0.0999162492819 1 0 1
2014-10-21T11:00:00 0.721079789479 0.278920210521 2 0 2
2014-10-21T12:00:00 0.721079789479 0.278920210521 2 0 2
2014-10-21T13:00:00 0.721079789479 0.278920210521 2 0 2
2014-10-21T14:00:00 0.721079789479 0.278920210521 2 0 2
2014-10-21T15:00:00 0.721079789479 0.278920210521 2 0 2
2014-10-21T16:00:00 0 0 0 0 0
2014-10-21T17:00:00 0.76293016102 0.23706983898 1 0 1
2014-11-07T01:00:00 0 0 0 0 0
2014-11-07T00:00:00 0 0 0 0 0
2014-11-06T23:00:00 0 0 0 0 0
2014-11-06T22:00:00 0 0 0 0 0
2014-11-06T21:00:00 0 0 0 0 0
2014-11-06T20:00:00 0.257234340159 0.742765659841 0 1 1
2014-11-06T19:00:00 0.535427957168 0.464572042832 1 1 2
2014-11-06T18:00:00 0.615635391129 0.384364608871 2 1 3
2014-11-06T17:00:00 0.615635391129 0.384364608871 2 1 3
2014-11-06T16:00:00 0.615635391129 0.384364608871 2 1 3
2014-11-06T15:00:00 0.615635391129 0.384364608871 2 1 3
2014-11-06T14:00:00 0.794835916613 0.205164083386 2 0 2
2014-11-12T15:00:00 0 0 0 0 0
2014-11-12T14:00:00 0 0 0 0 0
2014-11-12T13:00:00 0 0 0 0 0
2014-11-12T12:00:00 0 0 0 0 0
2014-11-12T11:00:00 0 0 0 0 0
2014-11-12T10:00:00 0 0 0 0 0
2014-11-12T09:00:00 0 0 0 0 0
2014-11-12T08:00:00 0 0 0 0 0
2014-11-12T07:00:00 0 0 0 0 0
2014-11-12T06:00:00 0.738527110321 0.261472889679 1 0 1
2014-11-12T05:00:00 0.738527110321 0.261472889679 1 0 1
2014-11-12T04:00:00 0.738527110321 0.261472889679 1 0 1
2014-11-17T13:00:00 0 0 0 0 0
2014-11-17T12:00:00 0 0 0 0 0
2014-11-17T11:00:00 0 0 0 0 0
2014-11-17T10:00:00 0 0 0 0 0
2014-11-17T09:00:00 0 0 0 0 0
2014-11-17T08:00:00 0 0 0 0 0
2014-11-17T07:00:00 0 0 0 0 0
2014-11-17T06:00:00 0 0 0 0 0
2014-11-17T05:00:00 0 0 0 0 0
2014-11-17T04:00:00 0 0 0 0 0
2014-12-08T06:00:00 0 0 0 0 0
2014-12-08T07:00:00 0 0 0 0 0
2014-12-08T08:00:00 0 0 0 0 0
2014-12-08T09:00:00 0 0 0 0 0
2014-12-11T06:00:00 0 0 0 0 0
2014-12-11T07:00:00 0 0 0 0 0
2014-12-11T08:00:00 0 0 0 0 0
2014-12-11T09:00:00 0 0 0 0 0
2014-12-25T00:00:00 0 0 0 0 0
2014-12-25T01:00:00 0 0 0 0 0
2014-12-25T02:00:00 0 0 0 0 0
2014-12-25T03:00:00 0 0 0 0 0
2014-12-25T04:00:00 0 0 0 0 0
