2013-06-11T22:00:00 0 0 0 0 0
2013-06-11T21:00:00 0 0 0 0 0
2013-06-11T20:00:00 0 0 0 0 0
2013-06-11T19:00:00 0 0 0 0 0
2013-06-11T18:00:00 0 0 0 0 0
2013-06-11T17:00:00 0 0 0 0 0
2013-06-11T16:00:00 0 0 0 0 0
2013-06-11T15:00:00 0 0 0 0 0
2013-06-11T14:00:00 0 0 0 0 0
2013-06-11T13:00:00 0 0 0 0 0
2013-06-11T12:00:00 0 0 0 0 0
2013-06-11T11:00:00 0 0 0 0 0
2013-07-27T11:00:00 0 0 0 0 0
2013-07-27T12:00:00 0 0 0 0 0
2013-07-27T13:00:00 0 0 0 0 0
2013-07-27T14:00:00 0 0 0 0 0
2013-07-27T15:00:00 0 0 0 0 0
2013-07-27T16:00:00 0 0 0 0 0
2013-11-20T21:00:00 0.533725781094 0.466274218906 1 1 2
2013-11-20T20:00:00 0.533725781094 0.466274218906 1 1 2
2013-11-20T19:00:00 0.533725781094 0.466274218906 1 1 2
2013-11-20T18:00:00 0.533725781094 0.466274218906 1 1 2
2013-11-20T17:00:00 0.533725781094 0.466274218906 1 1 2
2013-11-20T16:00:00 0 0 0 0 0
2013-11-20T15:00:00 0.0 0.0 0 0 0
2013-11-20T14:00:00 0.0 0.0 0 0 0
2013-11-20T13:00:00 0.0 0.0 0 0 0
2013-11-20T12:00:00 0.0 0.0 0 0 0
2013-11-20T11:00:00 0.0 0.0 0 0 0
2013-11-20T10:00:00 0.0 0.0 0 0 0
2013-11-26T05:00:00 0.0 0.0 0 0 0
2013-11-26T04:00:00 0.0 0.0 0 0 0
2013-11-26T03:00:00 0.0 0.0 0 0 0
2013-11-26T02:00:00 0.0 0.0 0 0 0
2013-11-26T01:00:00 0.0 0.0 0 0 0
2013-11-26T00:00:00 0.651403678713 0.348596321287 1 0 1
2013-11-25T23:00:00 0.676356266358 0.323643733642 3 0 3
2013-11-25T22:00:00 0.676356266358 0.323643733642 3 0 3
2013-11-25T21:00:00 0.741489635174 0.258510364826 4 0 4
2013-11-25T20:00:00 0.741489635174 0.258510364826 4 0 4
2013-11-25T19:00:00 0.741489635174 0.258510364826 4 0 4
2013-11-25T18:00:00 0.771518287328 0.228481712672 3 0 3
2013-12-01T05:00:00 0 0 0 0 0
2013-12-01T04:00:00 0 0 0 0 0
2013-12-01T03:00:00 0 0 0 0 0
2013-12-01T02:00:00 0.68412396799 0.31587603201 3 0 3
2013-12-01T01:00:00 0.68412396799 0.31587603201 3 0 3
2013-12-01T00:00:00 0.68412396799 0.31587603201 3 0 3
2013-11-30T23:00:00 0.755307217929 0.244692782071 5 0 5
2013-11-30T22:00:00 0.760490514273 0.239509485727 7 0 7
2013-11-30T21:00:00 0.763239607488 0.236760392512 8 0 8
2013-11-30T20:00:00 0.794987575777 0.205012424223 6 0 6
2013-11-30T19:00:00 0.802384353226 0.197615646774 7 0 7
2013-11-30T18:00:00 0.802384353226 0.197615646774 7 0 7
2013-12-04T23:00:00 0.740922643909 0.259077356091 4 0 4
2013-12-04T22:00:00 0.740922643909 0.259077356091 4 0 4
2013-12-04T21:00:00 0.780116063451 0.219883936549 5 0 5
2013-12-04T20:00:00 0.780116063451 0.219883936549 5 0 5
2013-12-04T19:00:00 0.792895500561 0.207104499439 6 0 6
2013-12-04T18:00:00 0.813466106427 0.186533893573 7 0 7
2013-12-04T17:00:00 0.910190723118 0.0898092768825 3 0 3
2013-12-04T16:00:00 0.850585293373 0.149414706627 5 0 5
2013-12-04T15:00:00 0.829009181311 0.170990818689 4 0 4
2013-12-04T14:00:00 0.827650435296 0.172349564704 7 0 7
2013-12-08T17:00:00 0.849696591828 0.150303408173 4 0 4
2013-12-08T16:00:00 0.848819952962 0.151180047038 4 0 4
2013-12-08T15:00:00 0.824576489647 0.175423510353 6 0 6
2013-12-08T14:00:00 0.802658563218 0.197341436782 5 0 5
2013-12-08T13:00:00 0.787247227293 0.212752772707 6 0 6
2013-12-08T12:00:00 0.787247227293 0.212752772707 6 0 6
2013-12-08T11:00:00 0.787247227293 0.212752772707 6 0 6
2013-12-08T10:00:00 0.78047149491 0.21952850509 4 0 4
2013-12-08T09:00:00 0.784853426803 0.215146573197 2 0 2
2013-12-08T08:00:00 0.710190547667 0.289809452333 1 0 1
2013-12-24T08:00:00 0.856584681168 0.143415318832 1 0 1
2013-12-24T09:00:00 0.607640840205 0.392359159796 1 1 2
2013-12-24T10:00:00 0.607640840205 0.392359159796 1 1 2
2013-12-24T11:00:00 0.607640840205 0.392359159796 1 1 2
2013-12-24T12:00:00 0.607640840205 0.392359159796 1 1 2
2013-12-24T13:00:00 0.358696999241 0.641303000759 0 1 1
2013-12-24T14:00:00 0.358696999241 0.641303000759 0 1 1
2013-12-24T17:00:00 0.706080623379 0.293919376621 6 1 7
2013-12-24T18:00:00 0.761924801162 0.238075198838 11 1 12
2013-12-24T19:00:00 0.766495946722 0.233504053278 13 1 14
2013-12-26T06:00:00 0 0 0 0 0
2013-12-26T05:00:00 0 0 0 0 0
2013-12-26T04:00:00 0 0 0 0 0
2013-12-26T03:00:00 0 0 0 0 0
2013-12-26T02:00:00 0.0 0.0 0 0 0
2013-12-26T01:00:00 0.602476162584 0.397523837416 1 0 1
2013-12-26T00:00:00 0.602476162584 0.397523837416 1 0 1
2013-12-25T23:00:00 0.591357185958 0.408642814042 2 1 3
2013-12-25T22:00:00 0.591357185958 0.408642814042 2 1 3
2013-12-25T21:00:00 0.62696965986 0.37303034014 3 1 4
2013-12-25T20:00:00 0.62696965986 0.37303034014 3 1 4
2013-12-25T19:00:00 0.635134158952 0.364865841048 2 1 3
2013-12-29T07:00:00 0 0 0 0 0
2013-12-29T06:00:00 0 0 0 0 0
2013-12-29T05:00:00 0.350772923543 0.649227076457 0 1 1
2013-12-29T04:00:00 0.350772923543 0.649227076457 0 1 1
2013-12-29T03:00:00 0.553837514696 0.446162485304 1 1 2
2013-12-29T02:00:00 0.553837514696 0.446162485304 1 1 2
2013-12-29T01:00:00 0.553837514696 0.446162485304 1 1 2
2013-12-29T00:00:00 0.553837514696 0.446162485304 1 1 2
2013-12-28T23:00:00 0.756902105848 0.243097894152 1 0 1
2013-12-28T22:00:00 0.756902105848 0.243097894152 1 0 1
2013-12-28T21:00:00 0 0 0 0 0
2013-12-28T20:00:00 0 0 0 0 0
2013-12-31T21:00:00 0.738126571684 0.261873428316 7 1 8
2013-12-31T20:00:00 0.777727023607 0.222272976393 10 1 11
2013-12-31T19:00:00 0.776055483908 0.223944516092 11 1 12
2013-12-31T18:00:00 0.781299362762 0.218700637238 10 1 11
2013-12-31T17:00:00 0.864914385289 0.135085614711 8 0 8
2013-12-31T16:00:00 0.850357773436 0.149642226564 5 0 5
2013-12-31T15:00:00 0.829285846592 0.170714153408 6 0 6
2013-12-31T14:00:00 0.735864118987 0.264135881013 4 0 4
2013-12-31T13:00:00 0.741761182855 0.258238817145 4 0 4
2013-12-31T12:00:00 0.741761182855 0.258238817145 4 0 4
2014-01-02T22:00:00 0 0 0 0 0
2014-01-02T23:00:00 0 0 0 0 0
2014-01-03T00:00:00 0 0 0 0 0
2014-01-03T01:00:00 0 0 0 0 0
2014-01-03T02:00:00 0 0 0 0 0
2014-01-03T03:00:00 0 0 0 0 0
2014-01-03T04:00:00 0 0 0 0 0
2014-01-03T05:00:00 0 0 0 0 0
2014-01-03T06:00:00 0 0 0 0 0
2014-01-03T07:00:00 0 0 0 0 0
2014-01-12T11:00:00 0.603434504278 0.396565495722 1 0 1
2014-01-12T12:00:00 0.603434504278 0.396565495722 1 0 1
2014-01-12T13:00:00 0.603434504278 0.396565495722 1 0 1
2014-01-12T14:00:00 0.603434504278 0.396565495722 1 0 1
2014-01-12T15:00:00 0.603434504278 0.396565495722 1 0 1
2014-01-12T16:00:00 0 0 0 0 0
2014-01-12T17:00:00 0 0 0 0 0
2014-01-12T18:00:00 0.76930641649 0.23069358351 1 0 1
2014-01-17T07:00:00 0 0 0 0 0
2014-01-17T08:00:00 0 0 0 0 0
2014-01-17T09:00:00 0 0 0 0 0
2014-01-17T10:00:00 0 0 0 0 0
2014-01-17T11:00:00 0 0 0 0 0
2014-01-17T12:00:00 0 0 0 0 0
2014-01-17T13:00:00 0 0 0 0 0
2014-01-17T14:00:00 0 0 0 0 0
2014-01-17T15:00:00 0 0 0 0 0
2014-01-17T16:00:00 0 0 0 0 0
2014-01-17T17:00:00 0 0 0 0 0
2014-01-17T18:00:00 0.936889741622 0.0631102583782 1 0 1
2014-01-19T18:00:00 0.832077932039 0.167922067961 4 0 4
2014-01-19T17:00:00 0.833813265315 0.166186734685 3 0 3
2014-01-19T16:00:00 0.83293072158 0.16706927842 2 0 2
2014-01-19T15:00:00 0.66216000956 0.33783999044 3 0 3
2014-01-19T14:00:00 0.628754163571 0.371245836429 2 0 2
2014-01-19T13:00:00 0.628754163571 0.371245836429 2 0 2
2014-01-19T12:00:00 0.628754163571 0.371245836429 2 0 2
2014-01-19T11:00:00 0.628754163571 0.371245836429 2 0 2
2014-01-19T10:00:00 0.628754163571 0.371245836429 2 0 2
2014-01-29T23:00:00 0.537196726476 0.462803273523 2 2 4
2014-01-29T22:00:00 0.579203878504 0.420796121496 3 2 5
2014-01-29T21:00:00 0.694409122256 0.305590877744 5 1 6
2014-01-29T20:00:00 0.707175029694 0.292824970306 7 1 8
2014-01-29T19:00:00 0.66520172629 0.33479827371 10 2 12
2014-01-29T18:00:00 0.636473102067 0.363526897933 10 3 13
2014-01-29T17:00:00 0.629876457842 0.370123542158 8 2 10
2014-01-29T16:00:00 0.616836899089 0.383163100911 7 2 9
2014-01-29T15:00:00 0.586813656191 0.413186343809 5 2 7
2014-01-29T14:00:00 0.592273305158 0.407726694842 4 2 6
2014-01-29T13:00:00 0.522969263194 0.477030736806 1 2 3
2014-01-29T12:00:00 0.632004203813 0.367995796187 2 1 3
2014-02-01T21:00:00 0.655245507441 0.344754492559 2 0 2
2014-02-01T20:00:00 0.607380939515 0.392619060485 2 1 3
2014-02-01T19:00:00 0.617003303915 0.382996696085 3 1 4
2014-02-01T18:00:00 0.656994914599 0.343005085401 4 1 5
2014-02-01T17:00:00 0.68257114808 0.31742885192 6 1 7
2014-02-01T16:00:00 0.765278448878 0.234721551122 12 1 13
2014-02-01T15:00:00 0.750416758488 0.249583241512 15 2 17
2014-02-01T14:00:00 0.777852431347 0.222147568653 15 1 16
2014-02-01T13:00:00 0.781385417458 0.218614582542 13 1 14
2014-02-01T12:00:00 0.778648806699 0.221351193301 12 1 13
2014-02-01T11:00:00 0.784491911229 0.215508088771 10 1 11
2014-02-01T10:00:00 0.702116264721 0.297883735279 3 1 4
2014-02-19T21:00:00 0.906365098623 0.093634901377 4 0 4
2014-02-19T20:00:00 0.91620337311 0.0837966268901 2 0 2
2014-02-19T19:00:00 0.91620337311 0.0837966268901 2 0 2
2014-02-19T18:00:00 0.906365098623 0.0936349013771 4 0 4
2014-02-19T17:00:00 0.896526824136 0.103473175864 2 0 2
2014-02-19T16:00:00 0.896526824136 0.103473175864 2 0 2
2014-02-19T15:00:00 0.896526824136 0.103473175864 2 0 2
2014-02-19T14:00:00 0.843404594218 0.156595405782 4 0 4
2014-02-19T13:00:00 0.859597936491 0.140402063509 8 0 8
2014-02-19T12:00:00 0.847288307276 0.152711692724 6 0 6
2014-02-19T11:00:00 0.847288307276 0.152711692724 6 0 6
2014-02-19T10:00:00 0.847288307276 0.152711692724 6 0 6
2014-03-18T01:00:00 0 0 0 0 0
2014-03-18T02:00:00 0 0 0 0 0
2014-03-18T03:00:00 0 0 0 0 0
2014-03-18T04:00:00 0 0 0 0 0
2014-03-18T05:00:00 0 0 0 0 0
2014-03-18T06:00:00 0 0 0 0 0
2014-03-18T07:00:00 0 0 0 0 0
2014-03-30T15:00:00 0 0 0 0 0
2014-03-30T16:00:00 0 0 0 0 0
2014-03-30T17:00:00 0 0 0 0 0
2014-03-30T18:00:00 0.895517004598 0.104482995402 1 0 1
2014-03-30T19:00:00 0.895517004598 0.104482995402 1 0 1
2014-03-30T20:00:00 0.895517004598 0.104482995402 1 0 1
2014-04-05T05:00:00 0.936889741622 0.0631102583782 1 0 1
2014-04-05T06:00:00 0.936889741622 0.0631102583782 1 0 1
2014-04-05T07:00:00 0 0 0 0 0
2014-04-05T08:00:00 0 0 0 0 0
2014-04-05T09:00:00 0 0 0 0 0
2014-04-05T10:00:00 0 0 0 0 0
2014-04-17T08:00:00 0.570153205234 0.429846794766 2 1 3
2014-04-17T07:00:00 0.739236594619 0.260763405381 2 0 2
2014-04-17T06:00:00 0.739236594619 0.260763405381 2 0 2
2014-04-17T05:00:00 0.734996736227 0.265003263773 1 0 1
2014-04-17T04:00:00 0 0 0 0 0
2014-04-17T03:00:00 0 0 0 0 0
2014-04-17T02:00:00 0 0 0 0 0
2014-04-17T01:00:00 0 0 0 0 0
2014-04-17T00:00:00 0 0 0 0 0
2014-04-16T23:00:00 0 0 0 0 0
2014-04-16T22:00:00 0 0 0 0 0
2014-04-16T21:00:00 0 0 0 0 0
2014-05-01T04:00:00 0.842702003629 0.157297996371 8 0 8
2014-05-01T05:00:00 0.824994707981 0.175005292019 6 0 6
2014-05-01T06:00:00 0.824994707981 0.175005292019 6 0 6
2014-05-01T07:00:00 0.813149982539 0.186850017461 7 0 7
2014-05-01T08:00:00 0.789710094459 0.210289905541 6 0 6
2014-05-01T09:00:00 0.781194471246 0.218805528754 5 0 5
2014-05-01T10:00:00 0.818078483611 0.181921516389 5 0 5
2014-05-02T10:00:00 0.802891166459 0.197108833541 2 0 2
2014-05-02T11:00:00 0.802891166459 0.197108833541 2 0 2
2014-05-02T14:00:00 0.808108573665 0.191891426335 3 0 3
2014-05-08T01:00:00 0.0 0.0 0 0 0
2014-05-08T02:00:00 0.0 0.0 0 0 0
2014-05-08T03:00:00 0 0 0 0 0
2014-05-08T04:00:00 0 0 0 0 0
2014-05-08T05:00:00 0 0 0 0 0
2014-05-08T06:00:00 0 0 0 0 0
2014-05-08T07:00:00 0 0 0 0 0
2014-05-14T06:00:00 0 0 0 0 0
2014-05-14T07:00:00 0 0 0 0 0
2014-05-14T08:00:00 0 0 0 0 0
2014-05-14T09:00:00 0 0 0 0 0
2014-05-14T10:00:00 0 0 0 0 0
2014-05-14T11:00:00 0 0 0 0 0
2014-05-14T12:00:00 0 0 0 0 0
2014-05-21T10:00:00 0.697685132293 0.302314867707 2 1 3
2014-05-21T09:00:00 0.384982103474 0.615017896526 0 1 1
2014-05-21T08:00:00 0.0 0.0 0 0 0
2014-05-21T07:00:00 0 0 0 0 0
2014-05-21T06:00:00 0 0 0 0 0
2014-05-21T05:00:00 0 0 0 0 0
2014-05-21T04:00:00 0 0 0 0 0
2014-05-21T03:00:00 0 0 0 0 0
2014-05-21T02:00:00 0 0 0 0 0
2014-05-21T01:00:00 0.936889741622 0.0631102583782 1 0 1
2014-05-21T00:00:00 0.846425764044 0.153574235957 2 0 2
2014-05-25T05:00:00 0 0 0 0 0
2014-05-25T06:00:00 0 0 0 0 0
2014-05-25T07:00:00 0 0 0 0 0
2014-05-25T08:00:00 0 0 0 0 0
2014-05-25T09:00:00 0 0 0 0 0
2014-05-25T10:00:00 0 0 0 0 0
2014-05-25T11:00:00 0.64203450979 0.35796549021 1 0 1
2014-05-25T12:00:00 0.764011930354 0.235988069647 2 0 2
2014-05-25T20:00:00 0.69225047412 0.30774952588 2 0 2
2014-05-25T21:00:00 0.773796896621 0.226203103379 3 0 3
2014-05-25T22:00:00 0.794102876518 0.205897123482 3 0 3
2014-05-25T23:00:00 0.750929878872 0.249070121128 4 0 4
2014-05-26T00:00:00 0.771457055009 0.228542944991 3 0 3
2014-05-26T01:00:00 0.771457055009 0.228542944991 3 0 3
2014-05-26T02:00:00 0.771457055009 0.228542944991 3 0 3
2014-05-26T03:00:00 0.688740711702 0.311259288298 2 0 2
2014-05-26T04:00:00 0.621410885933 0.378589114067 1 0 1
2014-05-26T05:00:00 0 0 0 0 0
2014-05-26T13:00:00 0.853570057377 0.146429942623 1 0 1
2014-05-26T14:00:00 0.853570057377 0.146429942623 1 0 1
2014-05-26T15:00:00 0 0 0 0 0
2014-05-29T05:00:00 0.818740764838 0.181259235162 2 0 2
2014-05-29T06:00:00 0 0 0 0 0
2014-05-29T07:00:00 0 0 0 0 0
2014-05-29T08:00:00 0 0 0 0 0
2014-05-29T11:00:00 0 0 0 0 0
2014-05-29T12:00:00 0.0 0.0 0 0 0
2014-06-29T03:00:00 0 0 0 0 0
2014-06-29T04:00:00 0 0 0 0 0
2014-06-29T05:00:00 0 0 0 0 0
2014-06-29T06:00:00 0 0 0 0 0
2014-06-29T07:00:00 0.936889741622 0.0631102583782 1 0 1
2014-06-29T08:00:00 0.906337272336 0.0936627276641 2 0 2
2014-06-29T09:00:00 0.872808081203 0.127191918797 3 0 3
2014-06-29T10:00:00 0.835008561955 0.164991438045 5 0 5
2014-06-29T11:00:00 0.835008561955 0.164991438045 5 0 5
2014-06-29T12:00:00 0.835008561955 0.164991438045 5 0 5
2014-07-03T01:00:00 0.658024937467 0.341975062533 1 0 1
2014-07-03T02:00:00 0.658024937467 0.341975062533 1 0 1
2014-07-03T03:00:00 0.0 0.0 0 0 0
2014-07-03T04:00:00 0 0 0 0 0
2014-07-03T05:00:00 0 0 0 0 0
2014-07-03T06:00:00 0 0 0 0 0
2014-07-10T17:00:00 0.890479354011 0.109520645989 2 0 2
2014-07-10T16:00:00 0.870428954123 0.129571045877 4 0 4
2014-07-10T15:00:00 0.788556483191 0.211443516809 4 0 4
2014-07-10T14:00:00 0.771068027818 0.228931972182 4 0 4
2014-07-10T13:00:00 0.719833342108 0.280166657892 5 1 6
2014-07-10T12:00:00 0.719833342108 0.280166657892 5 1 6
2014-07-10T11:00:00 0.719833342108 0.280166657892 5 1 6
2014-07-10T10:00:00 0.560848886759 0.439151113241 3 2 5
2014-07-10T09:00:00 0.548711143976 0.451288856024 2 2 4
2014-07-10T08:00:00 0.473576476999 0.526423523001 1 2 3
2014-07-10T07:00:00 0.186001489619 0.813998510381 0 1 1
2014-07-10T06:00:00 0.186001489619 0.813998510381 0 1 1
2014-07-12T00:00:00 0.815997987298 0.184002012702 4 0 4
2014-07-12T01:00:00 0.748913844359 0.251086155641 2 0 2
2014-07-12T02:00:00 0.700078997872 0.299921002128 1 0 1
2014-07-12T03:00:00 0 0 0 0 0
2014-07-12T04:00:00 0 0 0 0 0
2014-07-12T05:00:00 0 0 0 0 0
2014-07-12T06:00:00 0 0 0 0 0
2014-07-12T07:00:00 0 0 0 0 0
2014-08-25T19:00:00 0 0 0 0 0
2014-08-25T20:00:00 0.0 0.0 0 0 0
2014-08-25T21:00:00 0.0 0.0 0 0 0
2014-08-25T22:00:00 0.0 0.0 0 0 0
2014-08-25T23:00:00 0.0 0.0 0 0 0
2014-08-26T00:00:00 0.0 0.0 0 0 0
2014-08-26T01:00:00 0.0 0.0 0 0 0
2014-09-04T02:00:00 0 0 0 0 0
2014-09-04T03:00:00 0 0 0 0 0
2014-09-04T04:00:00 0 0 0 0 0
2014-09-04T05:00:00 0 0 0 0 0
2014-09-04T06:00:00 0 0 0 0 0
2014-09-04T13:00:00 0.691643780258 0.308356219742 2 0 2
2014-09-04T14:00:00 0.774616868664 0.225383131336 1 0 1
2014-09-04T15:00:00 0.734996736227 0.265003263773 2 0 2
2014-09-04T18:00:00 0.741015454083 0.258984545917 4 0 4
2014-09-04T19:00:00 0.77337472665 0.22662527335 5 0 5
2014-09-04T20:00:00 0.77337472665 0.22662527335 5 0 5
2014-09-04T21:00:00 0.798960053599 0.201039946401 3 0 3
2014-09-04T22:00:00 0.834248548789 0.165751451211 2 0 2
2014-09-04T23:00:00 0.834248548789 0.165751451211 2 0 2
2014-10-15T08:00:00 0 0 0 0 0
2014-10-15T09:00:00 0.936889741622 0.0631102583782 1 0 1
2014-10-15T10:00:00 0.936889741622 0.0631102583782 1 0 1
2014-10-15T11:00:00 0.936889741622 0.0631102583782 1 0 1
2014-10-15T12:00:00 0.936889741622 0.0631102583782 1 0 1
2014-10-15T13:00:00 0.936889741622 0.0631102583782 1 0 1
2014-10-15T14:00:00 0.816354451692 0.183645548309 2 0 2
2014-10-15T15:00:00 0.695819161761 0.304180838239 1 0 1
2014-10-15T16:00:00 0.695819161761 0.304180838239 1 0 1
2014-10-15T17:00:00 0.695819161761 0.304180838239 1 0 1
2014-10-15T23:00:00 0.864361516531 0.135638483469 4 0 4
2014-10-16T00:00:00 0.79183329144 0.20816670856 2 0 2
2014-10-16T01:00:00 0.646776841258 0.353223158742 1 0 1
2014-10-16T02:00:00 0.646776841258 0.353223158742 1 0 1
2014-10-16T03:00:00 0.646776841258 0.353223158742 1 0 1
2014-10-16T04:00:00 0.646776841258 0.353223158742 1 0 1
2014-10-21T02:00:00 0 0 0 0 0
2014-10-21T03:00:00 0 0 0 0 0
2014-10-21T04:00:00 0 0 0 0 0
2014-10-21T05:00:00 0 0 0 0 0
2014-10-21T06:00:00 0 0 0 0 0
2014-10-21T07:00:00 0 0 0 0 0
2014-10-21T08:00:00 0 0 0 0 0
2014-11-06T04:00:00 0 0 0 0 0
2014-11-06T03:00:00 0 0 0 0 0
2014-11-06T02:00:00 0 0 0 0 0
2014-11-06T01:00:00 0 0 0 0 0
2014-11-06T00:00:00 0 0 0 0 0
2014-11-05T23:00:00 0 0 0 0 0
2014-11-05T22:00:00 0 0 0 0 0
2014-11-05T21:00:00 0 0 0 0 0
2014-11-05T20:00:00 0 0 0 0 0
2014-11-05T19:00:00 0 0 0 0 0
2014-11-05T18:00:00 0 0 0 0 0
2014-11-05T17:00:00 0 0 0 0 0
2014-11-11T22:00:00 0.849005996358 0.150994003642 3 0 3
2014-11-11T21:00:00 0.849005996358 0.150994003642 3 0 3
2014-11-11T20:00:00 0.849005996358 0.150994003642 3 0 3
2014-11-11T19:00:00 0.849005996358 0.150994003642 3 0 3
2014-11-11T18:00:00 0.786268291954 0.213731708046 1 0 1
2014-11-11T17:00:00 0.786268291954 0.213731708046 1 0 1
2014-11-11T16:00:00 0 0 0 0 0
2014-11-11T15:00:00 0 0 0 0 0
2014-11-11T14:00:00 0 0 0 0 0
2014-11-11T13:00:00 0.936889741622 0.0631102583782 1 0 1
2014-11-11T12:00:00 0.936889741622 0.0631102583782 1 0 1
2014-11-11T11:00:00 0.936889741622 0.0631102583782 1 0 1
2014-11-16T11:00:00 0 0 0 0 0
2014-11-16T12:00:00 0 0 0 0 0
2014-11-16T13:00:00 0 0 0 0 0
2014-11-16T14:00:00 0 0 0 0 0
2014-11-16T15:00:00 0 0 0 0 0
2014-11-16T16:00:00 0 0 0 0 0
2014-11-16T17:00:00 0 0 0 0 0
2014-11-16T18:00:00 0 0 0 0 0
2014-11-16T19:00:00 0 0 0 0 0
2014-11-16T20:00:00 0 0 0 0 0
2014-11-16T21:00:00 0 0 0 0 0
2014-11-16T22:00:00 0 0 0 0 0
2014-12-10T17:00:00 0 0 0 0 0
2014-12-10T18:00:00 0 0 0 0 0
2014-12-10T21:00:00 0 0 0 0 0
2014-12-10T22:00:00 0 0 0 0 0
2014-12-10T23:00:00 0 0 0 0 0
2014-12-11T00:00:00 0 0 0 0 0
2014-12-11T01:00:00 0 0 0 0 0
2014-12-11T02:00:00 0 0 0 0 0
2014-12-11T03:00:00 0 0 0 0 0
2014-12-11T04:00:00 0 0 0 0 0
2014-12-11T05:00:00 0 0 0 0 0
2014-12-28T10:00:00 0 0 0 0 0
2014-12-28T11:00:00 0 0 0 0 0
2014-12-28T12:00:00 0 0 0 0 0
2014-12-28T13:00:00 0 0 0 0 0
2014-12-28T14:00:00 0 0 0 0 0
2014-12-28T15:00:00 0 0 0 0 0
2014-12-28T16:00:00 0 0 0 0 0
2014-12-28T17:00:00 0 0 0 0 0
2014-12-28T18:00:00 0 0 0 0 0
2014-12-28T19:00:00 0 0 0 0 0
2014-12-28T20:00:00 0 0 0 0 0
2014-12-29T16:00:00 0 0 0 0 0
2014-12-29T17:00:00 0 0 0 0 0
2014-12-29T18:00:00 0 0 0 0 0
2014-12-30T12:00:00 0 0 0 0 0
2014-12-30T13:00:00 0 0 0 0 0
2014-12-30T14:00:00 0 0 0 0 0
2014-12-30T15:00:00 0 0 0 0 0
2014-12-30T16:00:00 0 0 0 0 0
2014-12-30T17:00:00 0 0 0 0 0
2014-12-30T18:00:00 0 0 0 0 0
