2013-05-28T00:00:00Z 299.680000 1007.000000 61.000000 6.000000 250.000000 0.000000 75.000000
2013-05-28T01:00:00Z 299.680000 1007.000000 61.000000 6.000000 250.000000 0.000000 75.000000
2013-05-28T02:00:00Z 299.680000 1007.000000 61.000000 6.000000 250.000000 0.000000 75.000000
2013-05-28T03:00:00Z 299.680000 1007.000000 61.000000 6.000000 250.000000 0.000000 75.000000
2013-05-28T04:00:00Z 299.680000 1007.000000 61.000000 6.000000 250.000000 0.000000 75.000000
2013-05-28T05:00:00Z 299.680000 1007.000000 61.000000 6.000000 250.000000 0.000000 75.000000
2013-05-28T06:00:00Z 299.680000 1007.000000 61.000000 6.000000 250.000000 0.000000 75.000000
2013-05-28T07:00:00Z 299.680000 1007.000000 61.000000 6.000000 250.000000 0.000000 75.000000
2013-05-28T08:00:00Z 299.680000 1007.000000 61.000000 6.000000 250.000000 0.000000 75.000000
2013-05-28T09:00:00Z 299.680000 1007.000000 61.000000 6.000000 250.000000 0.000000 75.000000
2013-05-28T10:00:00Z 299.680000 1007.000000 61.000000 6.000000 250.000000 0.000000 75.000000
2013-05-28T11:00:00Z 299.680000 1007.000000 61.000000 6.000000 250.000000 0.000000 75.000000
2013-05-28T12:00:00Z 299.680000 1007.000000 61.000000 6.000000 250.000000 0.000000 75.000000
2013-05-28T13:00:00Z 299.680000 1007.000000 61.000000 6.000000 250.000000 0.000000 75.000000
2013-05-28T14:00:00Z 300.650000 1007.000000 56.000000 2.060000 0.000000 0.000000 0.000000
2013-05-28T15:00:00Z 301.840000 1006.000000 57.000000 2.570000 292.000000 -1.000000 0.000000
2013-05-28T16:00:00Z 302.320000 1006.000000 51.000000 1.540000 0.000000 -1.000000 0.000000
2013-05-28T17:00:00Z 302.000000 1006.000000 48.000000 6.000000 280.000000 -1.000000 0.000000
2013-05-28T18:00:00Z 301.680000 1008.000000 51.000000 0.510000 45.000000 -1.000000 0.000000
2013-05-28T19:00:00Z 299.930000 1009.000000 65.000000 2.510000 282.509000 -1.000000 0.000000
2013-05-28T20:00:00Z 299.150000 1009.000000 65.000000 2.510000 282.509000 -1.000000 0.000000
2013-05-28T21:00:00Z 299.150000 1009.000000 61.000000 3.000000 20.000000 -1.000000 0.000000
2013-05-28T22:00:00Z 298.910000 1010.000000 86.000000 1.110000 346.501000 -1.000000 0.000000
2013-05-28T23:00:00Z 298.250000 1011.000000 86.000000 3.080000 45.000000 -1.000000 0.000000
2013-05-30T10:00:00Z 291.300000 1015.000000 100.000000 2.060000 315.000000 -1.000000 100.000000
2013-05-30T11:00:00Z 291.820000 1016.000000 100.000000 1.540000 248.000000 -1.000000 100.000000
2013-05-30T12:00:00Z 291.400000 1014.000000 87.000000 5.000000 60.000000 -1.000000 90.000000
2013-05-30T13:00:00Z 290.210000 1014.000000 100.000000 1.540000 338.000000 -1.000000 92.000000
2013-05-30T14:00:00Z 290.210000 1014.000000 100.000000 1.540000 338.000000 -1.000000 92.000000
2013-05-30T15:00:00Z 292.430000 1012.000000 88.000000 3.000000 70.000000 -1.000000 90.000000
2013-05-30T16:00:00Z 292.430000 1012.000000 88.000000 3.000000 70.000000 -1.000000 90.000000
2013-05-30T17:00:00Z 291.670000 1012.000000 88.000000 2.000000 60.000000 -1.000000 90.000000
2013-05-30T18:00:00Z 291.760000 1012.000000 88.000000 3.000000 90.000000 -1.000000 90.000000
2013-05-30T19:00:00Z 292.340000 1013.000000 97.000000 3.210000 97.000000 -1.000000 92.000000
2013-05-30T20:00:00Z 292.580000 1012.000000 82.000000 2.000000 80.000000 -1.000000 90.000000
2013-05-30T21:00:00Z 292.580000 1012.000000 82.000000 2.000000 80.000000 -1.000000 90.000000
2013-05-30T22:00:00Z 292.760000 1012.000000 88.000000 2.000000 70.000000 -1.000000 90.000000
2013-05-30T23:00:00Z 292.270000 1012.000000 88.000000 2.000000 110.000000 -1.000000 90.000000
2013-05-31T00:00:00Z 292.270000 1012.000000 88.000000 2.000000 110.000000 -1.000000 90.000000
2013-05-31T01:00:00Z 292.920000 1013.000000 91.000000 1.030000 158.000000 -1.000000 92.000000
2013-05-31T02:00:00Z 293.120000 1010.000000 88.000000 2.000000 110.000000 -1.000000 90.000000
2013-05-31T03:00:00Z 293.120000 1010.000000 88.000000 2.000000 110.000000 -1.000000 90.000000
2013-05-31T04:00:00Z 292.920000 1010.000000 88.000000 2.000000 110.000000 -1.000000 90.000000
2013-05-31T05:00:00Z 292.930000 1010.000000 93.000000 3.000000 110.000000 -1.000000 90.000000
2013-05-31T06:00:00Z 292.430000 1012.000000 94.000000 1.030000 113.000000 -1.000000 92.000000
2013-05-31T07:00:00Z 292.540000 1010.000000 93.000000 3.000000 110.000000 -1.000000 90.000000
2013-05-31T08:00:00Z 292.460000 1011.000000 100.000000 3.370000 116.500000 -1.000000 92.000000
2013-05-31T09:00:00Z 292.460000 1012.000000 100.000000 1.030000 45.000000 -1.000000 92.000000
2013-05-31T10:00:00Z 292.710000 1010.000000 94.000000 2.000000 130.000000 -1.000000 90.000000
2013-05-31T11:00:00Z 293.520000 1012.000000 95.000000 1.030000 82.000000 -1.000000 92.000000
2013-05-31T12:00:00Z 293.500000 1009.000000 94.000000 4.000000 120.000000 -1.000000 90.000000
2013-05-31T13:00:00Z 293.790000 1010.000000 87.000000 2.060000 45.000000 -1.000000 92.000000
2013-05-31T14:00:00Z 294.030000 1011.000000 95.000000 1.540000 118.000000 -1.000000 76.000000
2013-05-31T15:00:00Z 294.600000 1011.000000 95.000000 1.540000 118.000000 -1.000000 76.000000
2013-05-31T16:00:00Z 294.510000 1008.000000 88.000000 4.000000 120.000000 -1.000000 90.000000
2013-05-31T17:00:00Z 294.460000 1009.000000 94.000000 1.540000 98.000000 -1.000000 92.000000
2013-05-31T18:00:00Z 294.360000 1009.000000 94.000000 1.540000 98.000000 -1.000000 92.000000
2013-05-31T19:00:00Z 294.260000 1007.000000 88.000000 3.000000 120.000000 -1.000000 90.000000
2013-05-31T20:00:00Z 294.260000 1007.000000 88.000000 3.000000 120.000000 -1.000000 90.000000
2013-05-31T21:00:00Z 293.980000 1008.000000 98.000000 3.050000 149.502000 -1.000000 92.000000
2013-05-31T22:00:00Z 293.980000 1008.000000 98.000000 3.050000 149.502000 -1.000000 92.000000
2013-05-31T23:00:00Z 294.690000 1007.000000 94.000000 3.000000 150.000000 -1.000000 90.000000
2013-06-01T00:00:00Z 293.970000 1006.000000 94.000000 2.000000 130.000000 -1.000000 90.000000
2013-06-01T01:00:00Z 294.540000 1007.000000 98.000000 2.470000 146.501000 -1.000000 80.000000
2013-06-01T02:00:00Z 294.150000 1006.000000 98.000000 1.030000 45.000000 -1.000000 80.000000
2013-06-01T03:00:00Z 294.150000 1006.000000 98.000000 2.470000 146.501000 -1.000000 80.000000
2013-06-01T04:00:00Z 294.140000 1006.000000 98.000000 1.830000 176.505000 -1.000000 100.000000
2013-06-01T05:00:00Z 294.520000 1006.000000 98.000000 1.540000 315.000000 -1.000000 100.000000
2013-06-01T06:00:00Z 294.150000 1007.000000 98.000000 1.830000 176.505000 -1.000000 100.000000
2013-06-01T07:00:00Z 294.140000 1007.000000 100.000000 2.760000 228.001000 -1.000000 100.000000
2013-06-01T08:00:00Z 294.480000 1009.000000 96.000000 2.760000 228.001000 -1.000000 100.000000
2013-06-01T09:00:00Z 295.010000 1006.000000 94.000000 5.000000 10.000000 -1.000000 75.000000
2013-06-01T10:00:00Z 294.940000 1007.000000 94.000000 5.000000 20.000000 -1.000000 75.000000
2013-06-01T11:00:00Z 295.460000 1008.000000 90.000000 1.030000 90.000000 -1.000000 92.000000
2013-06-01T12:00:00Z 295.640000 1007.000000 90.000000 1.030000 45.000000 -1.000000 92.000000
2013-06-01T13:00:00Z 295.890000 1007.000000 73.000000 1.030000 315.000000 -1.000000 92.000000
2013-06-01T14:00:00Z 296.030000 1007.000000 77.000000 1.030000 45.000000 -1.000000 88.000000
2013-06-01T15:00:00Z 295.970000 1007.000000 77.000000 0.510000 135.000000 -1.000000 88.000000
2013-06-01T16:00:00Z 295.180000 1007.000000 68.000000 0.510000 135.000000 -1.000000 8.000000
2013-06-01T17:00:00Z 294.640000 1007.000000 68.000000 2.260000 26.503600 -1.000000 8.000000
2013-06-01T18:00:00Z 294.090000 1007.000000 68.000000 2.260000 26.503600 -1.000000 8.000000
2013-06-01T19:00:00Z 293.620000 1007.000000 72.000000 3.110000 56.004700 -1.000000 92.000000
2013-06-01T20:00:00Z 293.660000 1007.000000 72.000000 3.110000 56.004700 -1.000000 92.000000
2013-06-05T09:00:00Z 298.340000 1014.000000 78.000000 5.000000 130.000000 -1.000000 75.000000
2013-06-05T10:00:00Z 298.340000 1014.000000 78.000000 5.000000 130.000000 -1.000000 75.000000
2013-06-05T11:00:00Z 299.270000 1014.000000 69.000000 5.000000 120.000000 -1.000000 75.000000
2013-06-05T12:00:00Z 300.470000 1014.000000 69.000000 6.000000 120.000000 -1.000000 75.000000
2013-06-05T13:00:00Z 300.740000 1015.000000 81.000000 5.650000 148.000000 -1.000000 80.000000
2013-06-05T14:00:00Z 300.770000 1012.000000 62.000000 7.000000 120.000000 -1.000000 75.000000
2013-06-05T15:00:00Z 300.490000 1012.000000 65.000000 8.000000 90.000000 -1.000000 75.000000
2013-06-05T16:00:00Z 299.680000 1012.000000 61.000000 7.000000 120.000000 -1.000000 75.000000
2013-06-05T17:00:00Z 299.320000 1012.000000 65.000000 6.000000 130.000000 -1.000000 75.000000
2013-06-05T18:00:00Z 299.390000 1012.000000 65.000000 6.000000 130.000000 -1.000000 75.000000
2013-06-05T19:00:00Z 298.170000 1015.000000 85.000000 2.060000 71.000000 -1.000000 36.000000
2013-06-05T20:00:00Z 297.450000 1015.000000 87.000000 2.060000 119.000000 -1.000000 36.000000
2013-06-05T21:00:00Z 297.350000 1013.000000 73.000000 6.000000 120.000000 -1.000000 75.000000
2013-06-05T22:00:00Z 297.110000 1013.000000 78.000000 5.000000 110.000000 -1.000000 75.000000
2013-06-05T23:00:00Z 296.850000 1015.000000 90.000000 2.570000 103.000000 -1.000000 64.000000
2013-06-06T00:00:00Z 296.500000 1014.000000 89.000000 2.060000 126.000000 -1.000000 64.000000
2013-06-06T01:00:00Z 296.490000 1012.000000 83.000000 5.000000 130.000000 -1.000000 75.000000
2013-06-06T02:00:00Z 296.610000 1012.000000 83.000000 6.000000 150.000000 -1.000000 75.000000
2013-06-06T03:00:00Z 296.500000 1014.000000 88.000000 1.540000 142.000000 -1.000000 92.000000
2013-06-06T04:00:00Z 296.390000 1012.000000 83.000000 4.000000 120.000000 -1.000000 75.000000
2013-06-06T05:00:00Z 296.620000 1012.000000 83.000000 4.000000 120.000000 -1.000000 75.000000
2013-06-06T06:00:00Z 297.280000 1012.000000 78.000000 4.000000 130.000000 -1.000000 75.000000
2013-06-06T07:00:00Z 297.820000 1012.000000 78.000000 5.000000 120.000000 -1.000000 75.000000
2013-06-06T08:00:00Z 298.310000 1012.000000 73.000000 5.000000 120.000000 -1.000000 40.000000
2013-06-06T09:00:00Z 299.020000 1014.000000 82.000000 3.080000 138.000000 -1.000000 88.000000
2013-06-06T10:00:00Z 299.260000 1013.000000 65.000000 5.140000 45.000000 -1.000000 48.000000
2013-06-06T11:00:00Z 300.700000 1013.000000 65.000000 5.140000 45.000000 -1.000000 48.000000
2013-06-06T12:00:00Z 300.870000 1012.000000 65.000000 2.060000 45.000000 -1.000000 48.000000
2013-06-06T13:00:00Z 301.610000 1011.000000 61.000000 3.080000 270.000000 -1.000000 44.000000
2013-06-06T14:00:00Z 300.800000 1011.000000 61.000000 7.000000 130.000000 -1.000000 75.000000
2013-06-06T15:00:00Z 300.770000 1011.000000 61.000000 7.000000 130.000000 -1.000000 75.000000
2013-06-06T16:00:00Z 300.650000 1010.000000 60.000000 2.060000 135.000000 -1.000000 80.000000
2013-06-06T17:00:00Z 299.980000 1011.000000 60.000000 2.570000 202.000000 -1.000000 80.000000
2013-06-06T18:00:00Z 298.800000 1010.000000 60.000000 4.110000 45.000000 -1.000000 80.000000
2013-06-06T19:00:00Z 297.850000 1009.000000 74.000000 2.060000 90.000000 -1.000000 88.000000
2013-06-06T20:00:00Z 297.780000 1011.000000 74.000000 1.540000 248.000000 -1.000000 88.000000
2013-06-06T21:00:00Z 297.550000 1010.000000 74.000000 3.600000 45.000000 -1.000000 88.000000
2013-06-06T22:00:00Z 297.310000 1012.000000 89.000000 4.110000 92.000000 -1.000000 92.000000
2013-06-06T23:00:00Z 297.100000 1009.000000 84.000000 2.570000 45.000000 -1.000000 92.000000
2013-06-07T00:00:00Z 297.200000 1009.000000 84.000000 4.110000 135.000000 -1.000000 92.000000
2013-06-07T01:00:00Z 297.290000 1009.000000 89.000000 5.650000 45.000000 -1.000000 92.000000
2013-06-07T02:00:00Z 297.100000 1008.000000 89.000000 3.600000 315.000000 -1.000000 92.000000
2013-06-07T03:00:00Z 297.210000 1009.000000 89.000000 2.060000 45.000000 -1.000000 92.000000
2013-06-07T04:00:00Z 297.020000 1008.000000 89.000000 2.570000 45.000000 -1.000000 92.000000
2013-06-07T05:00:00Z 296.750000 1007.000000 94.000000 5.000000 140.000000 -1.000000 75.000000
2013-06-07T06:00:00Z 296.920000 1007.000000 94.000000 5.000000 140.000000 -1.000000 75.000000
2013-06-07T07:00:00Z 296.840000 1007.000000 94.000000 5.000000 120.000000 -1.000000 75.000000
2013-06-07T08:00:00Z 296.860000 1007.000000 100.000000 4.110000 315.000000 -1.000000 100.000000
2013-06-07T09:00:00Z 296.940000 1007.000000 100.000000 3.600000 45.000000 -1.000000 100.000000
2013-06-07T10:00:00Z 296.940000 1008.000000 91.000000 5.140000 134.000000 -1.000000 92.000000
2013-06-07T11:00:00Z 296.750000 1005.000000 94.000000 6.000000 120.000000 -1.000000 90.000000
2013-06-07T12:00:00Z 296.570000 1007.000000 93.000000 5.140000 112.000000 -1.000000 92.000000
2013-06-07T13:00:00Z 296.130000 1004.000000 98.000000 5.140000 225.000000 -1.000000 92.000000
2013-06-07T14:00:00Z 295.770000 1004.000000 91.000000 5.140000 76.000000 -1.000000 100.000000
2013-06-07T15:00:00Z 295.740000 1005.000000 92.000000 5.650000 63.000000 -1.000000 100.000000
2013-06-07T16:00:00Z 295.510000 1002.000000 98.000000 7.200000 45.000000 -1.000000 100.000000
2013-06-07T17:00:00Z 294.140000 1001.000000 98.000000 10.560000 138.509000 -1.000000 100.000000
2013-06-07T18:00:00Z 295.070000 1000.000000 88.000000 8.000000 110.000000 -1.000000 90.000000
2013-06-07T19:00:00Z 293.880000 999.000000 88.000000 10.000000 110.000000 -1.000000 90.000000
2013-06-08T03:00:00Z 295.530000 998.000000 95.000000 1.540000 0.000000 -1.000000 92.000000
2013-06-08T04:00:00Z 295.020000 997.000000 88.000000 3.000000 260.000000 -1.000000 75.000000
2013-06-08T05:00:00Z 294.890000 999.000000 98.000000 1.030000 0.000000 -1.000000 76.000000
2013-06-08T06:00:00Z 295.060000 998.000000 94.000000 1.030000 0.000000 -1.000000 48.000000
2013-06-08T07:00:00Z 296.250000 998.000000 94.000000 1.030000 248.000000 -1.000000 48.000000
2013-06-08T08:00:00Z 295.980000 998.000000 94.000000 1.540000 270.000000 -1.000000 48.000000
2013-06-08T09:00:00Z 297.380000 998.000000 83.000000 5.000000 240.000000 -1.000000 75.000000
2013-06-08T10:00:00Z 297.380000 998.000000 83.000000 5.000000 240.000000 -1.000000 75.000000
2013-06-08T11:00:00Z 297.260000 998.000000 78.000000 6.000000 240.000000 -1.000000 75.000000
2013-06-08T12:00:00Z 296.580000 998.000000 83.000000 2.060000 315.000000 -1.000000 20.000000
2013-06-08T13:00:00Z 296.270000 999.000000 77.000000 2.060000 315.000000 -1.000000 20.000000
2013-06-08T14:00:00Z 296.270000 999.000000 77.000000 2.060000 315.000000 -1.000000 20.000000
2013-06-08T15:00:00Z 295.930000 999.000000 82.000000 1.540000 45.000000 -1.000000 68.000000
2013-06-08T16:00:00Z 294.600000 998.000000 90.000000 2.570000 234.000000 -1.000000 92.000000
2013-06-08T17:00:00Z 294.600000 998.000000 90.000000 2.570000 234.000000 -1.000000 92.000000
2013-06-08T18:00:00Z 293.890000 998.000000 92.000000 1.540000 0.000000 -1.000000 92.000000
2013-06-08T19:00:00Z 293.890000 999.000000 93.000000 2.060000 315.000000 -1.000000 76.000000
2013-06-08T20:00:00Z 293.530000 1000.000000 94.000000 2.570000 239.000000 -1.000000 76.000000
2013-06-08T21:00:00Z 294.280000 999.000000 94.000000 6.000000 270.000000 -1.000000 75.000000
2013-06-08T22:00:00Z 293.890000 1000.000000 94.000000 6.000000 270.000000 -1.000000 75.000000
2013-06-08T23:00:00Z 293.050000 1001.000000 95.000000 3.600000 271.000000 -1.000000 92.000000
2013-06-09T00:00:00Z 293.030000 1000.000000 88.000000 5.000000 280.000000 -1.000000 75.000000
2013-06-09T01:00:00Z 292.850000 1002.000000 94.000000 2.570000 314.000000 0.250000 92.000000
2013-06-09T02:00:00Z 292.720000 1002.000000 95.000000 3.600000 265.000000 -1.000000 92.000000
2013-06-09T03:00:00Z 292.550000 1002.000000 95.000000 2.060000 264.000000 -1.000000 92.000000
2013-06-09T04:00:00Z 292.460000 1001.000000 95.000000 2.570000 267.000000 0.000000 92.000000
2013-06-09T05:00:00Z 292.460000 1002.000000 96.000000 2.060000 267.000000 -1.000000 92.000000
2013-06-09T06:00:00Z 292.430000 1002.000000 100.000000 5.420000 294.508000 0.500000 92.000000
2013-06-09T07:00:00Z 292.430000 1002.000000 100.000000 5.420000 294.508000 0.500000 92.000000
2013-06-09T08:00:00Z 292.920000 1001.000000 94.000000 6.000000 300.000000 0.500000 90.000000
2013-06-09T09:00:00Z 293.990000 1002.000000 94.000000 5.000000 300.000000 -1.000000 90.000000
2013-06-09T10:00:00Z 294.860000 1002.000000 94.000000 5.000000 320.000000 0.500000 90.000000
2013-06-09T11:00:00Z 295.250000 1004.000000 96.000000 1.540000 329.000000 0.500000 80.000000
2013-06-15T17:00:00Z 299.150000 1009.000000 77.000000 1.030000 45.000000 -1.000000 92.000000
2013-06-15T18:00:00Z 299.520000 1010.000000 77.000000 1.540000 45.000000 -1.000000 92.000000
2013-06-15T19:00:00Z 297.960000 1009.000000 83.000000 1.030000 45.000000 -1.000000 8.000000
2013-06-15T20:00:00Z 297.530000 1009.000000 83.000000 1.540000 45.000000 -1.000000 8.000000
2013-06-15T21:00:00Z 297.230000 1011.000000 83.000000 4.110000 45.000000 -1.000000 8.000000
2013-06-15T22:00:00Z 297.010000 1011.000000 96.000000 2.060000 45.000000 -1.000000 0.000000
2013-06-15T23:00:00Z 296.780000 1009.000000 96.000000 2.060000 22.000000 -1.000000 0.000000
2013-06-16T00:00:00Z 296.780000 1009.000000 96.000000 2.060000 22.000000 -1.000000 0.000000
2013-06-16T01:00:00Z 297.130000 1008.000000 94.000000 2.000000 120.000000 -1.000000 90.000000
2013-06-16T02:00:00Z 296.850000 1008.000000 94.000000 2.000000 120.000000 -1.000000 90.000000
2013-06-16T03:00:00Z 296.850000 1008.000000 94.000000 1.000000 140.000000 -1.000000 90.000000
2013-06-16T04:00:00Z 296.850000 1007.000000 94.000000 2.000000 110.000000 -1.000000 90.000000
2013-06-16T05:00:00Z 296.550000 1008.000000 94.000000 2.000000 80.000000 -1.000000 90.000000
2013-06-16T06:00:00Z 296.560000 1008.000000 94.000000 2.000000 100.000000 -1.000000 90.000000
2013-06-16T07:00:00Z 296.990000 1008.000000 94.000000 2.000000 110.000000 -1.000000 90.000000
2013-06-16T08:00:00Z 298.080000 1009.000000 93.000000 1.030000 45.000000 -1.000000 68.000000
2013-06-16T09:00:00Z 299.080000 1008.000000 94.000000 2.000000 100.000000 -1.000000 90.000000
2013-06-16T10:00:00Z 303.020000 1008.000000 84.000000 1.870000 116.002000 -1.000000 48.000000
2013-06-16T11:00:00Z 305.250000 1008.000000 84.000000 1.030000 225.000000 -1.000000 48.000000
2013-06-16T12:00:00Z 305.740000 1007.000000 79.000000 1.540000 45.000000 -1.000000 80.000000
2013-06-16T13:00:00Z 305.910000 1006.000000 66.000000 1.000000 0.000000 -1.000000 75.000000
2013-06-16T14:00:00Z 306.040000 1005.000000 66.000000 2.000000 130.000000 3.250000 75.000000
2013-06-16T15:00:00Z 306.210000 1005.000000 62.000000 2.000000 140.000000 3.250000 75.000000
2013-06-16T16:00:00Z 305.520000 1004.000000 63.000000 3.000000 110.000000 3.500000 75.000000
2013-06-16T17:00:00Z 304.620000 1005.000000 86.000000 1.030000 45.000000 3.500000 12.000000
2013-06-16T18:00:00Z 303.440000 1005.000000 86.000000 1.540000 0.000000 3.500000 12.000000
2013-06-22T21:00:00Z 299.410000 1007.000000 74.000000 3.080000 45.000000 -1.000000 24.000000
2013-06-22T22:00:00Z 299.140000 1008.000000 87.000000 3.600000 45.000000 -1.000000 32.000000
2013-06-22T23:00:00Z 298.970000 1007.000000 87.000000 3.080000 90.000000 -1.000000 32.000000
2013-06-23T00:00:00Z 298.970000 1007.000000 87.000000 1.540000 45.000000 -1.000000 32.000000
2013-06-23T01:00:00Z 298.880000 1007.000000 91.000000 3.600000 135.000000 -1.000000 88.000000
2013-06-23T02:00:00Z 298.790000 1006.000000 91.000000 1.030000 45.000000 -1.000000 88.000000
2013-06-23T03:00:00Z 298.790000 1005.000000 91.000000 1.540000 90.000000 -1.000000 88.000000
2013-06-23T04:00:00Z 298.880000 1004.000000 93.000000 2.570000 68.000000 -1.000000 44.000000
2013-06-23T05:00:00Z 298.880000 1005.000000 93.000000 1.030000 45.000000 -1.000000 44.000000
2013-06-23T06:00:00Z 298.880000 1005.000000 93.000000 2.060000 180.000000 -1.000000 44.000000
2013-06-23T07:00:00Z 299.490000 1004.000000 80.000000 0.510000 158.000000 -1.000000 48.000000
2013-06-23T08:00:00Z 301.680000 1005.000000 80.000000 2.060000 225.000000 -1.000000 48.000000
2013-06-23T09:00:00Z 302.520000 1005.000000 80.000000 3.600000 202.000000 -1.000000 48.000000
2013-06-23T10:00:00Z 303.970000 1005.000000 67.000000 3.080000 225.000000 -1.000000 76.000000
2013-06-23T11:00:00Z 304.640000 1005.000000 67.000000 5.140000 248.000000 -1.000000 76.000000
2013-06-23T12:00:00Z 306.730000 1004.000000 67.000000 4.110000 270.000000 -1.000000 76.000000
2013-06-23T13:00:00Z 306.900000 1004.000000 100.000000 1.540000 0.000000 9.000000 64.000000
2013-06-23T14:00:00Z 305.780000 1003.000000 100.000000 4.110000 270.000000 9.000000 64.000000
2013-06-23T15:00:00Z 304.120000 1003.000000 83.000000 3.600000 0.000000 3.750000 24.000000
2013-06-23T16:00:00Z 304.780000 1002.000000 97.000000 0.510000 248.000000 5.625000 76.000000
2013-06-23T17:00:00Z 302.180000 1003.000000 97.000000 0.510000 45.000000 -1.000000 76.000000
2013-07-18T02:00:00Z 301.330000 1006.000000 71.000000 7.200000 225.000000 -1.000000 0.000000
2013-07-18T03:00:00Z 301.330000 1006.000000 71.000000 7.200000 225.000000 -1.000000 0.000000
2013-07-18T04:00:00Z 300.860000 1006.000000 69.000000 5.000000 150.000000 -1.000000 0.000000
2013-07-18T05:00:00Z 300.740000 1007.000000 82.000000 2.060000 158.000000 -1.000000 0.000000
2013-07-18T06:00:00Z 301.050000 1008.000000 82.000000 4.630000 180.000000 -1.000000 0.000000
2013-07-18T07:00:00Z 301.550000 1009.000000 65.000000 10.280000 135.000000 -1.000000 0.000000
2013-07-18T08:00:00Z 301.750000 1008.000000 65.000000 7.200000 315.000000 -1.000000 0.000000
2013-07-18T09:00:00Z 303.120000 1009.000000 65.000000 7.200000 135.000000 -1.000000 0.000000
2013-07-18T10:00:00Z 303.530000 1009.000000 57.000000 6.680000 180.000000 -1.000000 0.000000
2013-07-18T11:00:00Z 304.900000 1008.000000 57.000000 2.060000 225.000000 -1.000000 0.000000
2013-07-18T12:00:00Z 304.900000 1008.000000 57.000000 2.060000 225.000000 -1.000000 0.000000
2013-07-18T13:00:00Z 305.880000 1007.000000 53.000000 3.600000 180.000000 -1.000000 0.000000
2013-07-18T14:00:00Z 305.880000 1007.000000 53.000000 3.600000 180.000000 -1.000000 0.000000
2013-07-18T15:00:00Z 305.230000 1007.000000 53.000000 2.570000 180.000000 -1.000000 0.000000
2013-07-18T16:00:00Z 304.570000 1006.000000 54.000000 5.650000 180.000000 -1.000000 0.000000
2013-07-18T17:00:00Z 303.420000 1006.000000 54.000000 6.170000 180.000000 -1.000000 0.000000
2013-07-18T18:00:00Z 303.130000 1005.000000 54.000000 6.170000 158.000000 -1.000000 0.000000
2013-07-18T19:00:00Z 302.570000 1006.000000 69.000000 3.600000 135.000000 -1.000000 0.000000
2013-07-18T20:00:00Z 301.720000 1007.000000 69.000000 3.600000 158.000000 -1.000000 0.000000
2013-07-18T21:00:00Z 301.500000 1007.000000 71.000000 5.650000 180.000000 -1.000000 0.000000
2013-07-18T22:00:00Z 301.620000 1008.000000 71.000000 5.140000 158.000000 -1.000000 0.000000
2013-07-18T23:00:00Z 300.880000 1008.000000 71.000000 5.140000 180.000000 -1.000000 0.000000
2013-07-19T00:00:00Z 300.780000 1008.000000 71.000000 3.600000 45.000000 -1.000000 0.000000
2013-07-19T01:00:00Z 300.590000 1007.000000 74.000000 2.060000 270.000000 -1.000000 0.000000
2013-07-21T02:00:00Z 305.660000 1007.000000 58.000000 3.080000 180.000000 0.000000 68.000000
2013-07-21T03:00:00Z 305.660000 1007.000000 58.000000 3.080000 180.000000 0.000000 68.000000
2013-07-21T04:00:00Z 305.660000 1007.000000 58.000000 3.080000 180.000000 0.000000 68.000000
2013-07-21T05:00:00Z 305.660000 1007.000000 58.000000 3.080000 180.000000 0.000000 68.000000
2013-07-21T06:00:00Z 305.660000 1007.000000 58.000000 3.080000 180.000000 0.000000 68.000000
2013-07-21T07:00:00Z 305.660000 1007.000000 58.000000 3.080000 180.000000 0.000000 68.000000
2013-07-21T08:00:00Z 305.660000 1007.000000 58.000000 3.080000 180.000000 0.000000 68.000000
2013-07-21T09:00:00Z 305.660000 1007.000000 58.000000 3.080000 180.000000 0.000000 68.000000
2013-07-21T10:00:00Z 305.660000 1007.000000 58.000000 3.080000 180.000000 0.000000 68.000000
2013-07-21T11:00:00Z 305.660000 1007.000000 58.000000 3.080000 180.000000 0.000000 68.000000
2013-07-21T12:00:00Z 305.660000 1007.000000 58.000000 3.080000 180.000000 0.000000 68.000000
2013-07-21T13:00:00Z 305.660000 1007.000000 58.000000 3.080000 180.000000 0.000000 68.000000
2013-07-21T14:00:00Z 305.660000 1007.000000 58.000000 3.080000 180.000000 0.000000 68.000000
2013-07-21T15:00:00Z 305.660000 1007.000000 58.000000 3.080000 180.000000 0.000000 68.000000
2013-07-21T16:00:00Z 305.660000 1007.000000 58.000000 3.080000 180.000000 0.000000 68.000000
2013-07-21T17:00:00Z 305.660000 1007.000000 58.000000 3.080000 180.000000 0.000000 68.000000
2013-07-21T18:00:00Z 305.660000 1007.000000 58.000000 3.080000 180.000000 0.000000 68.000000
2013-07-21T19:00:00Z 305.660000 1007.000000 58.000000 3.080000 180.000000 0.000000 68.000000
2013-07-21T20:00:00Z 305.660000 1007.000000 58.000000 3.080000 180.000000 0.000000 68.000000
2013-07-21T21:00:00Z 305.660000 1007.000000 58.000000 3.080000 180.000000 0.000000 68.000000
2013-07-21T22:00:00Z 305.660000 1007.000000 58.000000 3.080000 180.000000 0.000000 68.000000
2013-07-21T23:00:00Z 305.660000 1007.000000 58.000000 3.080000 180.000000 0.000000 68.000000
2013-07-22T00:00:00Z 305.660000 1007.000000 58.000000 3.080000 180.000000 0.000000 68.000000
2013-07-22T01:00:00Z 305.660000 1007.000000 58.000000 3.080000 180.000000 0.000000 68.000000
2013-08-20T11:00:00Z 306.480000 1007.000000 70.000000 5.650000 135.000000 0.000000 44.000000
2013-08-20T12:00:00Z 306.860000 1006.000000 70.000000 5.650000 135.000000 0.000000 44.000000
2013-08-20T13:00:00Z 307.380000 1006.000000 66.000000 7.200000 45.000000 0.000000 56.000000
2013-08-20T14:00:00Z 308.540000 1005.000000 66.000000 5.650000 45.000000 0.000000 56.000000
2013-08-20T15:00:00Z 307.240000 1005.000000 66.000000 5.650000 45.000000 0.000000 56.000000
2013-08-20T16:00:00Z 306.850000 1005.000000 66.000000 6.170000 0.000000 0.000000 56.000000
2013-08-20T17:00:00Z 306.280000 1005.000000 66.000000 3.600000 45.000000 0.000000 56.000000
2013-08-20T18:00:00Z 304.710000 1004.000000 66.000000 4.630000 45.000000 0.000000 56.000000
2013-08-20T19:00:00Z 304.590000 1004.000000 76.000000 5.650000 45.000000 0.000000 80.000000
2013-08-20T20:00:00Z 303.590000 1005.000000 76.000000 3.080000 45.000000 0.000000 80.000000
2013-08-20T21:00:00Z 303.290000 1007.000000 76.000000 3.080000 45.000000 0.000000 80.000000
2013-08-20T22:00:00Z 303.030000 1007.000000 80.000000 6.170000 45.000000 0.000000 44.000000
2013-08-20T23:00:00Z 302.920000 1007.000000 80.000000 3.600000 45.000000 0.000000 44.000000
2013-08-21T00:00:00Z 302.910000 1005.000000 80.000000 5.140000 45.000000 0.000000 44.000000
2013-08-21T01:00:00Z 302.910000 1005.000000 83.000000 5.650000 45.000000 0.000000 32.000000
2013-08-21T02:00:00Z 302.910000 1005.000000 82.000000 4.110000 45.000000 0.000000 48.000000
2013-08-21T03:00:00Z 302.640000 1005.000000 82.000000 5.140000 45.000000 0.000000 48.000000
2013-08-21T04:00:00Z 302.550000 1005.000000 82.000000 3.080000 135.000000 0.000000 56.000000
2013-08-21T05:00:00Z 302.270000 1005.000000 82.000000 4.110000 45.000000 0.000000 56.000000
2013-08-21T06:00:00Z 302.270000 1005.000000 82.000000 3.600000 45.000000 0.000000 56.000000
2013-08-21T07:00:00Z 302.660000 1005.000000 72.000000 3.080000 45.000000 0.000000 80.000000
2013-08-21T10:00:00Z 303.940000 1006.000000 72.000000 4.110000 0.000000 0.000000 88.000000
2013-08-21T11:00:00Z 304.810000 1005.000000 72.000000 5.650000 45.000000 0.000000 88.000000
2013-08-21T12:00:00Z 305.190000 1005.000000 72.000000 6.680000 135.000000 0.000000 88.000000
2013-08-21T13:00:00Z 305.640000 1004.000000 66.000000 9.770000 45.000000 0.000000 92.000000
2013-08-21T14:00:00Z 306.020000 1003.000000 66.000000 9.250000 45.000000 0.000000 92.000000
2013-08-21T15:00:00Z 305.310000 1003.000000 66.000000 9.250000 45.000000 0.000000 92.000000
2013-08-21T16:00:00Z 305.700000 1002.000000 75.000000 8.220000 45.000000 -1.000000 92.000000
2013-09-04T12:00:00Z 301.750000 1015.000000 96.000000 2.060000 292.000000 0.000000 92.000000
2013-09-04T13:00:00Z 304.610000 1014.000000 82.000000 1.540000 45.000000 0.000000 92.000000
2013-09-04T14:00:00Z 304.890000 1014.000000 82.000000 1.030000 135.000000 0.000000 92.000000
2013-09-04T15:00:00Z 302.390000 1014.000000 82.000000 2.060000 45.000000 0.000000 92.000000
2013-09-04T16:00:00Z 301.480000 1014.000000 95.000000 1.540000 45.000000 2.000000 92.000000
2013-09-04T17:00:00Z 300.560000 1015.000000 95.000000 4.630000 45.000000 2.000000 92.000000
2013-09-04T18:00:00Z 299.800000 1014.000000 95.000000 0.510000 292.000000 2.000000 92.000000
2013-09-04T19:00:00Z 299.130000 1015.000000 96.000000 1.030000 248.000000 4.000000 88.000000
2013-09-04T20:00:00Z 298.200000 1015.000000 96.000000 3.080000 45.000000 4.000000 88.000000
2013-09-04T21:00:00Z 298.200000 1015.000000 96.000000 2.570000 315.000000 4.000000 88.000000
2013-09-04T22:00:00Z 298.080000 1015.000000 87.000000 1.030000 45.000000 2.000000 92.000000
2013-09-04T23:00:00Z 298.080000 1016.000000 87.000000 3.080000 45.000000 2.000000 92.000000
2013-09-05T00:00:00Z 297.790000 1015.000000 87.000000 1.540000 45.000000 2.000000 92.000000
2013-09-05T01:00:00Z 297.670000 1015.000000 81.000000 9.310000 44.500500 0.000000 92.000000
2013-09-05T02:00:00Z 296.880000 1015.000000 81.000000 9.310000 44.500500 0.000000 92.000000
2013-09-05T03:00:00Z 296.760000 1014.000000 89.000000 1.550000 36.500000 -1.000000 44.000000
2013-09-05T04:00:00Z 296.760000 1015.000000 90.000000 1.210000 18.500100 -1.000000 68.000000
2013-09-05T05:00:00Z 296.360000 1015.000000 90.000000 1.210000 18.500100 -1.000000 68.000000
2013-09-05T06:00:00Z 296.510000 1015.000000 90.000000 1.210000 18.500100 -1.000000 68.000000
2013-09-05T07:00:00Z 296.750000 1015.000000 63.000000 0.510000 45.000000 -1.000000 76.000000
2013-09-13T07:00:00Z 299.620000 1012.000000 83.000000 3.000000 150.000000 0.000000 0.000000
2013-09-13T08:00:00Z 301.150000 1012.000000 78.000000 3.000000 180.000000 0.000000 0.000000
2013-09-13T09:00:00Z 303.150000 1012.000000 70.000000 3.000000 200.000000 0.000000 40.000000
2013-09-13T10:00:00Z 304.620000 1011.000000 62.000000 3.000000 250.000000 0.000000 40.000000
2013-09-13T11:00:00Z 304.620000 1011.000000 62.000000 3.000000 250.000000 0.000000 40.000000
2013-09-13T12:00:00Z 306.800000 1011.000000 65.000000 1.030000 315.000000 0.000000 0.000000
2013-09-13T13:00:00Z 306.430000 1009.000000 59.000000 3.000000 190.000000 3.000000 40.000000
2013-09-13T14:00:00Z 306.430000 1009.000000 59.000000 3.000000 190.000000 3.000000 40.000000
2013-09-13T15:00:00Z 306.050000 1009.000000 82.000000 1.210000 233.500000 3.000000 12.000000
2013-09-13T16:00:00Z 301.700000 1009.000000 76.000000 5.650000 45.000000 -1.000000 44.000000
2013-09-13T17:00:00Z 299.040000 1008.000000 88.000000 13.000000 100.000000 -1.000000 90.000000
2013-09-13T18:00:00Z 298.240000 1008.000000 94.000000 2.000000 120.000000 5.000000 90.000000
2013-09-13T19:00:00Z 298.240000 1008.000000 94.000000 2.000000 120.000000 5.000000 90.000000
2013-09-13T20:00:00Z 298.849000 1022.260000 84.000000 2.010000 181.501000 5.000000 64.000000
2013-09-13T21:00:00Z 298.790000 1011.000000 88.000000 3.000000 330.000000 5.000000 40.000000
2013-09-13T22:00:00Z 298.250000 1010.000000 88.000000 3.000000 140.000000 0.000000 40.000000
2013-09-13T23:00:00Z 298.150000 1010.000000 88.000000 6.000000 170.000000 0.000000 40.000000
2013-09-14T00:00:00Z 297.150000 1010.000000 88.000000 4.000000 170.000000 0.000000 20.000000
2013-09-14T01:00:00Z 297.150000 1010.000000 88.000000 4.000000 170.000000 0.000000 20.000000
2013-09-14T02:00:00Z 297.150000 1008.000000 88.000000 1.000000 0.000000 0.000000 0.000000
2013-09-14T03:00:00Z 297.150000 1008.000000 88.000000 1.000000 0.000000 0.000000 0.000000
2013-09-14T04:00:00Z 297.150000 1008.000000 88.000000 3.000000 180.000000 0.000000 0.000000
2013-09-14T05:00:00Z 297.150000 1008.000000 88.000000 2.000000 240.000000 0.000000 0.000000
2013-09-14T06:00:00Z 297.150000 1008.000000 94.000000 2.310000 203.000000 0.000000 0.000000
2013-10-08T03:00:00Z 295.660000 1008.000000 95.000000 2.060000 126.000000 -1.000000 92.000000
2013-10-08T04:00:00Z 294.460000 1009.000000 95.000000 0.510000 16.000000 -1.000000 92.000000
2013-10-08T05:00:00Z 294.470000 1009.000000 96.000000 3.080000 180.000000 -1.000000 100.000000
2013-10-08T06:00:00Z 294.460000 1007.000000 96.000000 2.060000 37.000000 -1.000000 100.000000
2013-10-08T07:00:00Z 294.460000 1009.000000 98.000000 3.080000 135.000000 -1.000000 92.000000
2013-10-08T08:00:00Z 294.750000 1010.000000 98.000000 4.630000 45.000000 -1.000000 92.000000
2013-10-08T09:00:00Z 294.350000 1011.000000 98.000000 3.080000 45.000000 -1.000000 92.000000
2013-10-08T10:00:00Z 294.340000 1011.000000 99.000000 1.540000 0.000000 -1.000000 100.000000
2013-10-08T11:00:00Z 293.940000 1011.000000 99.000000 5.140000 202.000000 -1.000000 100.000000
2013-10-08T12:00:00Z 294.020000 1011.000000 99.000000 3.080000 135.000000 5.000000 100.000000
2013-10-08T13:00:00Z 293.990000 1010.000000 88.000000 9.000000 10.000000 4.000000 90.000000
2013-10-08T14:00:00Z 293.680000 1011.000000 94.000000 7.000000 360.000000 4.000000 90.000000
2013-10-08T15:00:00Z 293.150000 1011.000000 94.000000 6.000000 360.000000 2.000000 90.000000
2013-10-08T16:00:00Z 293.150000 1012.000000 94.000000 6.000000 20.000000 2.000000 90.000000
2013-10-08T17:00:00Z 293.150000 1012.000000 94.000000 5.000000 10.000000 2.000000 90.000000
2013-10-08T18:00:00Z 293.690000 1012.000000 94.000000 4.000000 360.000000 0.000000 40.000000
2013-10-08T19:00:00Z 293.680000 1013.000000 88.000000 5.000000 40.000000 0.000000 75.000000
2013-10-08T20:00:00Z 293.690000 1014.000000 94.000000 4.000000 10.000000 0.000000 20.000000
2013-10-08T21:00:00Z 293.680000 1014.000000 94.000000 4.000000 20.000000 0.000000 20.000000
2013-10-08T22:00:00Z 293.690000 1014.000000 94.000000 4.000000 360.000000 0.000000 90.000000
2013-10-08T23:00:00Z 293.690000 1014.000000 94.000000 3.000000 360.000000 0.000000 90.000000
2013-10-17T01:00:00Z 288.810000 1028.000000 79.000000 2.060000 315.000000 -1.000000 64.000000
2013-10-17T02:00:00Z 288.820000 1028.000000 79.000000 1.540000 292.000000 -1.000000 64.000000
2013-10-17T03:00:00Z 289.374000 1037.890000 79.000000 3.310000 4.000240 -1.000000 64.000000
2013-10-17T04:00:00Z 288.310000 1028.000000 76.000000 3.300000 21.500300 -1.000000 80.000000
2013-10-17T05:00:00Z 288.560000 1028.000000 76.000000 1.030000 45.000000 -1.000000 80.000000
2013-10-17T06:00:00Z 290.149000 1037.900000 76.000000 3.300000 21.500300 -1.000000 80.000000
2013-10-17T07:00:00Z 288.680000 1029.000000 64.000000 3.800000 45.000300 -1.000000 68.000000
2013-10-17T08:00:00Z 293.359000 1039.130000 64.000000 3.800000 45.000300 -1.000000 68.000000
2013-10-17T09:00:00Z 293.359000 1039.130000 64.000000 3.800000 45.000300 -1.000000 68.000000
2013-10-17T10:00:00Z 294.617000 1038.400000 61.000000 4.660000 62.500200 -1.000000 80.000000
2013-10-17T11:00:00Z 294.617000 1038.400000 61.000000 4.660000 62.500200 -1.000000 80.000000
2013-10-17T12:00:00Z 292.350000 1028.000000 66.000000 1.030000 19.000000 -1.000000 80.000000
2013-10-17T13:00:00Z 292.480000 1028.000000 60.000000 2.570000 45.000000 -1.000000 92.000000
2013-10-17T14:00:00Z 294.732000 1036.840000 60.000000 4.710000 68.000000 -1.000000 92.000000
2013-10-17T15:00:00Z 292.270000 1027.000000 60.000000 1.030000 225.000000 -1.000000 92.000000
2013-10-17T16:00:00Z 294.732000 1036.840000 60.000000 4.710000 68.000000 -1.000000 92.000000
2013-10-17T17:00:00Z 292.350000 1027.000000 64.000000 2.570000 78.000000 -1.000000 92.000000
2013-10-17T18:00:00Z 292.090000 1027.000000 60.000000 2.060000 45.000000 -1.000000 92.000000
2014-02-11T08:00:00Z 271.760000 1030.000000 87.000000 6.430000 319.000000 -1.000000 0.000000
2014-02-11T09:00:00Z 272.290000 1030.000000 87.000000 6.430000 319.000000 -1.000000 0.000000
2014-02-11T10:00:00Z 274.230000 1030.000000 72.000000 2.060000 295.000000 -1.000000 0.000000
2014-02-11T11:00:00Z 275.350000 1028.000000 71.000000 6.090000 332.504000 -1.000000 0.000000
2014-02-11T12:00:00Z 275.350000 1028.000000 71.000000 6.090000 332.504000 -1.000000 0.000000
2014-02-11T13:00:00Z 276.520000 1027.000000 64.000000 6.090000 359.500000 -1.000000 64.000000
2014-02-11T14:00:00Z 276.240000 1027.000000 64.000000 6.090000 359.500000 -1.000000 64.000000
2014-02-11T15:00:00Z 276.280000 1027.000000 66.000000 5.730000 351.001000 -1.000000 56.000000
2014-02-11T16:00:00Z 276.110000 1027.000000 70.000000 5.170000 8.000730 -1.000000 80.000000
2014-02-11T17:00:00Z 275.480000 1027.000000 70.000000 5.170000 8.000730 -1.000000 80.000000
2014-02-11T18:00:00Z 275.480000 1027.000000 70.000000 5.170000 8.000730 -1.000000 80.000000
2014-02-11T19:00:00Z 275.380000 1024.000000 73.000000 1.030000 335.000000 -1.000000 64.000000
2014-02-11T20:00:00Z 275.070000 1029.000000 78.000000 4.470000 8.000890 -1.000000 64.000000
2014-02-11T21:00:00Z 275.070000 1029.000000 86.000000 4.530000 355.505000 -1.000000 76.000000
2014-02-11T22:00:00Z 275.070000 1029.000000 86.000000 4.530000 355.505000 -1.000000 76.000000
2014-02-11T23:00:00Z 275.070000 1028.000000 86.000000 4.530000 355.505000 -1.000000 76.000000
2014-02-12T00:00:00Z 275.080000 1029.000000 86.000000 4.530000 355.505000 -1.000000 76.000000
2014-02-12T01:00:00Z 275.000000 1028.000000 89.000000 4.960000 350.500000 -1.000000 80.000000
2014-02-12T02:00:00Z 275.000000 1028.000000 89.000000 4.960000 350.500000 -1.000000 80.000000
2014-02-12T03:00:00Z 274.990000 1029.000000 89.000000 4.960000 350.500000 -1.000000 80.000000
2014-02-12T04:00:00Z 274.850000 1028.000000 93.000000 5.120000 350.501000 -1.000000 80.000000
2014-02-12T05:00:00Z 274.540000 1029.000000 93.000000 5.120000 350.501000 -1.000000 80.000000
2014-02-12T06:00:00Z 274.540000 1029.000000 93.000000 5.120000 350.501000 -1.000000 80.000000
2014-02-12T07:00:00Z 274.640000 1025.000000 84.000000 2.060000 292.000000 -1.000000 92.000000
2014-02-12T08:00:00Z 274.540000 1030.000000 89.000000 5.310000 356.001000 -1.000000 92.000000
2014-02-12T09:00:00Z 274.640000 1026.000000 84.000000 1.540000 352.000000 -1.000000 92.000000
2014-02-12T10:00:00Z 274.960000 1030.000000 82.000000 6.470000 21.500100 -1.000000 92.000000
2014-02-12T11:00:00Z 276.200000 1030.000000 82.000000 6.470000 21.500100 -1.000000 92.000000
2014-02-13T02:00:00Z 277.940000 1029.000000 95.000000 5.480000 32.000600 0.500000 88.000000
2014-02-13T03:00:00Z 277.830000 1030.000000 95.000000 5.480000 32.000600 0.500000 88.000000
2014-02-13T04:00:00Z 277.520000 1030.000000 94.000000 4.810000 28.002500 0.500000 88.000000
2014-02-13T05:00:00Z 277.320000 1028.000000 69.000000 5.000000 30.000000 0.500000 20.000000
2014-02-13T06:00:00Z 277.090000 1030.000000 94.000000 4.810000 28.002500 0.500000 88.000000
2014-02-13T07:00:00Z 276.910000 1027.000000 73.000000 1.030000 52.000000 0.000000 88.000000
2014-02-13T08:00:00Z 277.200000 1031.000000 91.000000 4.760000 22.000200 0.000000 88.000000
2014-02-13T09:00:00Z 278.450000 1032.000000 74.000000 5.510000 25.000300 0.000000 92.000000
2014-02-13T10:00:00Z 278.450000 1032.000000 74.000000 5.510000 25.000300 0.000000 92.000000
2014-02-13T11:00:00Z 279.740000 1032.000000 74.000000 5.510000 25.000300 0.000000 92.000000
2014-02-13T12:00:00Z 279.740000 1030.000000 74.000000 5.510000 25.000300 0.000000 92.000000
2014-02-13T13:00:00Z 280.040000 1029.000000 66.000000 5.770000 21.008200 0.000000 80.000000
2014-02-13T14:00:00Z 280.040000 1029.000000 66.000000 5.770000 21.008200 0.000000 80.000000
2014-02-13T15:00:00Z 280.390000 1029.000000 66.000000 5.770000 21.008200 0.000000 80.000000
2014-02-13T16:00:00Z 280.260000 1028.000000 68.000000 5.710000 26.500900 -1.000000 80.000000
2014-02-13T17:00:00Z 279.520000 1028.000000 68.000000 5.710000 26.500900 -1.000000 80.000000
2014-02-13T18:00:00Z 278.940000 1030.000000 75.000000 1.540000 5.000000 -1.000000 80.000000
2014-02-13T19:00:00Z 278.810000 1030.000000 74.000000 4.670000 19.003700 -1.000000 88.000000
2014-02-13T20:00:00Z 278.180000 1030.000000 74.000000 4.670000 19.003700 -1.000000 88.000000
2014-02-13T21:00:00Z 278.020000 1029.000000 74.000000 4.670000 19.003700 -1.000000 88.000000
2014-02-13T22:00:00Z 278.030000 1031.000000 77.000000 4.210000 2.001430 -1.000000 88.000000
2014-02-13T23:00:00Z 278.000000 1030.000000 77.000000 4.210000 2.001430 -1.000000 88.000000
2014-02-15T09:00:00Z 278.710000 1031.000000 70.000000 0.510000 70.000000 -1.000000 56.000000
2014-02-15T10:00:00Z 280.930000 1030.000000 70.000000 3.190000 65.500000 -1.000000 56.000000
2014-02-15T11:00:00Z 284.260000 1030.000000 60.000000 3.330000 83.501300 -1.000000 12.000000
2014-02-15T12:00:00Z 285.930000 1029.000000 60.000000 3.330000 83.501300 -1.000000 12.000000
2014-02-15T13:00:00Z 285.930000 1029.000000 60.000000 3.330000 83.501300 -1.000000 12.000000
2014-02-15T14:00:00Z 285.930000 1028.000000 58.000000 2.390000 65.501400 -1.000000 0.000000
2014-02-15T15:00:00Z 284.820000 1027.000000 53.000000 4.860000 80.000200 -1.000000 24.000000
2014-02-15T16:00:00Z 281.230000 1029.000000 66.000000 2.060000 77.000000 -1.000000 24.000000
2014-02-15T17:00:00Z 281.230000 1029.000000 66.000000 2.060000 77.000000 -1.000000 24.000000
2014-02-15T18:00:00Z 279.820000 1028.000000 73.000000 4.540000 88.000600 -1.000000 80.000000
2014-02-15T19:00:00Z 279.260000 1029.000000 73.000000 4.540000 88.000600 -1.000000 80.000000
2014-02-15T20:00:00Z 278.710000 1028.000000 87.000000 3.560000 106.505000 -1.000000 80.000000
2014-02-15T21:00:00Z 278.710000 1028.000000 87.000000 3.560000 106.505000 -1.000000 80.000000
2014-02-15T22:00:00Z 278.150000 1029.000000 79.000000 1.030000 75.000000 -1.000000 80.000000
2014-02-15T23:00:00Z 278.150000 1029.000000 79.000000 1.030000 75.000000 -1.000000 80.000000
2014-02-16T00:00:00Z 278.150000 1028.000000 93.000000 3.670000 116.503000 -1.000000 80.000000
2014-02-16T01:00:00Z 278.150000 1028.000000 93.000000 3.670000 116.503000 -1.000000 80.000000
2014-02-16T02:00:00Z 278.150000 1026.000000 93.000000 3.670000 116.503000 -1.000000 80.000000
2014-02-16T03:00:00Z 278.150000 1026.000000 95.000000 1.870000 124.008000 -1.000000 92.000000
2014-02-16T04:00:00Z 278.530000 1024.000000 95.000000 4.000000 120.000000 -1.000000 0.000000
2014-02-16T05:00:00Z 278.710000 1026.000000 94.000000 2.200000 101.501000 2.000000 92.000000
2014-06-07T16:00:00Z 302.350000 1002.000000 53.000000 2.110000 96.001200 -1.000000 12.000000
2014-06-07T17:00:00Z 300.620000 1003.000000 75.000000 2.380000 123.501000 0.000000 8.000000
2014-06-07T18:00:00Z 299.180000 1003.000000 75.000000 2.380000 123.501000 0.000000 8.000000
2014-06-07T19:00:00Z 299.180000 1003.000000 75.000000 2.380000 123.501000 0.000000 8.000000
2014-06-07T20:00:00Z 297.990000 1004.000000 66.000000 2.550000 121.508000 -1.000000 0.000000
2014-06-07T21:00:00Z 296.970000 1004.000000 73.000000 4.000000 120.000000 -1.000000 0.000000
2014-06-07T22:00:00Z 296.300000 1005.000000 83.000000 3.260000 152.503000 -1.000000 0.000000
2014-06-07T23:00:00Z 296.300000 1005.000000 83.000000 3.260000 152.503000 -1.000000 0.000000
2014-06-08T00:00:00Z 295.880000 1005.000000 89.000000 2.900000 131.503000 -1.000000 0.000000
2014-06-08T01:00:00Z 295.880000 1005.000000 89.000000 2.900000 131.503000 -1.000000 0.000000
2014-06-08T02:00:00Z 295.370000 1006.000000 91.000000 1.030000 107.000000 -1.000000 76.000000
2014-06-08T03:00:00Z 295.370000 1006.000000 91.000000 1.030000 107.000000 -1.000000 76.000000
2014-06-08T04:00:00Z 295.370000 1006.000000 91.000000 1.030000 107.000000 -1.000000 76.000000
2014-06-08T05:00:00Z 295.260000 1006.000000 92.000000 1.810000 130.012000 -1.000000 76.000000
2014-06-08T06:00:00Z 295.260000 1006.000000 92.000000 1.810000 130.012000 -1.000000 76.000000
2014-06-08T07:00:00Z 295.260000 1006.000000 92.000000 1.810000 130.012000 -1.000000 76.000000
2014-06-08T08:00:00Z 297.590000 1007.000000 67.000000 1.420000 209.501000 -1.000000 48.000000
2014-06-08T09:00:00Z 297.590000 1007.000000 67.000000 1.420000 209.501000 -1.000000 48.000000
2014-06-08T10:00:00Z 297.590000 1007.000000 67.000000 1.420000 209.501000 -1.000000 48.000000
2014-06-08T11:00:00Z 298.670000 1005.000000 61.000000 3.000000 120.000000 -1.000000 40.000000
2014-06-08T12:00:00Z 298.670000 1005.000000 61.000000 3.000000 120.000000 -1.000000 40.000000
2014-06-08T13:00:00Z 298.670000 1005.000000 61.000000 3.000000 120.000000 -1.000000 40.000000
2014-06-08T14:00:00Z 298.660000 1005.000000 89.000000 3.280000 106.004000 1.000000 92.000000
2014-06-09T23:00:00Z 294.640000 1008.000000 88.000000 3.080000 90.000000 -1.000000 80.000000
2014-06-10T00:00:00Z 294.640000 1008.000000 88.000000 3.080000 90.000000 -1.000000 80.000000
2014-06-10T01:00:00Z 294.520000 1007.000000 97.000000 3.080000 90.000000 -1.000000 76.000000
2014-06-10T02:00:00Z 294.560000 1007.000000 96.000000 3.080000 90.000000 -1.000000 76.000000
2014-06-10T03:00:00Z 294.420000 1006.000000 83.000000 2.000000 50.000000 -1.000000 0.000000
2014-06-10T04:00:00Z 294.620000 1006.000000 78.000000 2.000000 120.000000 -1.000000 40.000000
2014-06-10T05:00:00Z 294.620000 1006.000000 78.000000 2.000000 120.000000 -1.000000 40.000000
2014-06-10T06:00:00Z 295.150000 1006.000000 83.000000 4.000000 80.000000 -1.000000 75.000000
2014-06-10T07:00:00Z 295.610000 1007.000000 78.000000 2.000000 70.000000 -1.000000 75.000000
2014-06-10T08:00:00Z 295.610000 1007.000000 78.000000 2.000000 70.000000 -1.000000 75.000000
2014-06-10T09:00:00Z 296.610000 1007.000000 73.000000 4.000000 80.000000 -1.000000 75.000000
2014-06-10T10:00:00Z 298.060000 1007.000000 61.000000 4.000000 50.000000 -1.000000 20.000000
2014-06-10T11:00:00Z 299.530000 1006.000000 54.000000 4.000000 60.000000 -1.000000 20.000000
2014-06-10T12:00:00Z 299.530000 1006.000000 54.000000 4.000000 60.000000 -1.000000 20.000000
2014-06-10T13:00:00Z 300.020000 1006.000000 51.000000 5.000000 50.000000 -1.000000 40.000000
2014-06-10T14:00:00Z 299.020000 1005.000000 51.000000 4.000000 40.000000 -1.000000 20.000000
2014-06-10T15:00:00Z 299.020000 1005.000000 51.000000 4.000000 40.000000 -1.000000 20.000000
2014-06-10T16:00:00Z 298.990000 1005.000000 51.000000 5.000000 50.000000 -1.000000 40.000000
2014-06-10T17:00:00Z 298.080000 1005.000000 57.000000 6.000000 60.000000 -1.000000 0.000000
2014-06-10T18:00:00Z 297.060000 1006.000000 57.000000 5.000000 90.000000 -1.000000 0.000000
2014-06-10T19:00:00Z 296.070000 1007.000000 64.000000 5.000000 110.000000 -1.000000 40.000000
2014-06-10T20:00:00Z 296.070000 1007.000000 64.000000 5.000000 110.000000 -1.000000 40.000000
2014-06-10T21:00:00Z 295.610000 1007.000000 69.000000 4.000000 90.000000 -1.000000 0.000000
2014-06-10T22:00:00Z 295.610000 1007.000000 69.000000 4.000000 90.000000 -1.000000 40.000000
2014-06-11T01:00:00Z 295.050000 1007.000000 73.000000 2.000000 40.000000 -1.000000 40.000000
2014-06-11T02:00:00Z 293.341000 1018.730000 97.000000 3.310000 27.500500 -1.000000 80.000000
2014-06-11T03:00:00Z 293.341000 1018.730000 97.000000 3.310000 27.500500 -1.000000 80.000000
2014-06-11T04:00:00Z 294.100000 1006.000000 78.000000 3.000000 70.000000 -1.000000 0.000000
2014-06-11T05:00:00Z 294.610000 1006.000000 78.000000 2.000000 90.000000 -1.000000 40.000000
2014-06-11T06:00:00Z 294.610000 1006.000000 73.000000 2.000000 60.000000 -1.000000 0.000000
2014-06-18T17:00:00Z 295.970000 1005.000000 86.000000 5.140000 135.000000 0.000000 92.000000
2014-06-18T18:00:00Z 295.970000 1005.000000 86.000000 5.140000 135.000000 0.000000 92.000000
2014-06-18T19:00:00Z 295.900000 1005.000000 93.000000 2.060000 90.000000 0.500000 92.000000
2014-06-20T11:00:00Z 296.690000 1002.000000 88.000000 4.000000 130.000000 -1.000000 90.000000
2014-06-20T12:00:00Z 296.720000 1003.000000 90.000000 4.810000 141.500000 0.500000 100.000000
2014-06-20T13:00:00Z 297.810000 1003.000000 91.000000 2.610000 125.501000 0.000000 92.000000
2014-06-20T14:00:00Z 298.270000 1000.000000 96.000000 0.510000 198.000000 -1.000000 92.000000
2014-06-20T15:00:00Z 297.910000 1003.000000 91.000000 2.610000 125.501000 0.000000 92.000000
2014-06-20T16:00:00Z 298.830000 1002.000000 82.000000 2.820000 85.001000 0.000000 92.000000
2014-06-20T17:00:00Z 298.830000 1002.000000 82.000000 2.820000 85.001000 0.000000 92.000000
2014-06-20T18:00:00Z 298.900000 1003.000000 82.000000 2.820000 85.001000 0.000000 92.000000
2014-06-20T19:00:00Z 298.120000 1003.000000 99.000000 4.660000 67.500500 5.000000 100.000000
2014-06-20T20:00:00Z 298.300000 1003.000000 99.000000 4.660000 67.500500 5.000000 100.000000
2014-06-20T21:00:00Z 298.300000 1003.000000 99.000000 4.660000 67.500500 5.000000 100.000000
2014-06-20T22:00:00Z 297.700000 1004.000000 100.000000 4.070000 69.000900 14.000000 100.000000
2014-06-20T23:00:00Z 297.250000 1004.000000 100.000000 4.070000 69.000900 11.875000 100.000000
2014-06-21T00:00:00Z 297.200000 1003.000000 100.000000 4.070000 69.000900 14.000000 100.000000
2014-06-21T01:00:00Z 296.670000 1003.000000 99.000000 1.760000 38.002400 -1.000000 92.000000
2014-06-21T02:00:00Z 296.670000 1003.000000 99.000000 1.760000 38.002400 -1.000000 92.000000
2014-06-21T03:00:00Z 296.420000 1002.000000 99.000000 1.760000 38.002400 3.500000 92.000000
2014-06-21T04:00:00Z 296.140000 1002.000000 88.000000 3.000000 40.000000 0.000000 75.000000
2014-06-21T05:00:00Z 295.890000 1003.000000 98.000000 1.630000 359.001000 0.000000 88.000000
2014-06-21T06:00:00Z 295.890000 1003.000000 98.000000 1.630000 359.001000 0.000000 88.000000
2014-06-21T07:00:00Z 296.010000 1004.000000 96.000000 2.510000 45.001800 -1.000000 92.000000
2014-06-21T10:00:00Z 296.080000 1003.000000 88.000000 5.000000 50.000000 0.000000 90.000000
2014-06-21T11:00:00Z 296.020000 1004.000000 87.000000 2.510000 52.500400 -1.000000 100.000000
2014-06-21T12:00:00Z 296.040000 1004.000000 87.000000 2.510000 52.500400 -1.000000 100.000000
2014-06-21T13:00:00Z 295.970000 1003.000000 94.000000 6.000000 20.000000 0.000000 75.000000
2014-06-21T14:00:00Z 295.970000 1003.000000 94.000000 6.000000 20.000000 0.000000 75.000000
2014-06-25T18:00:00Z 294.860000 1006.000000 100.000000 5.270000 81.001500 2.000000 92.000000
2014-06-26T08:00:00Z 294.830000 1006.000000 100.000000 3.080000 45.000000 -1.000000 100.000000
2014-06-26T09:00:00Z 294.830000 1006.000000 100.000000 3.080000 45.000000 -1.000000 100.000000
2014-06-26T10:00:00Z 294.970000 1005.000000 100.000000 1.660000 153.001000 -1.000000 92.000000
2014-06-26T13:00:00Z 295.520000 1005.000000 100.000000 3.700000 134.003000 -1.000000 92.000000
2014-06-26T14:00:00Z 295.070000 1006.000000 96.000000 0.510000 67.000000 -1.000000 92.000000
2014-06-26T15:00:00Z 295.050000 1003.000000 88.000000 4.000000 120.000000 -1.000000 90.000000
2014-06-26T16:00:00Z 295.260000 1002.000000 98.000000 2.060000 151.000000 -1.000000 100.000000
2014-06-26T17:00:00Z 295.260000 1001.000000 98.000000 1.030000 15.000000 -1.000000 92.000000
2014-06-26T18:00:00Z 295.260000 1001.000000 98.000000 1.030000 15.000000 -1.000000 92.000000
2014-06-26T19:00:00Z 295.560000 1004.000000 99.000000 3.580000 60.007000 -1.000000 92.000000
2014-06-26T20:00:00Z 295.680000 1004.000000 99.000000 3.580000 60.007000 -1.000000 92.000000
2014-06-26T21:00:00Z 295.790000 1002.000000 98.000000 2.070000 146.004000 -1.000000 92.000000
2014-06-26T22:00:00Z 295.880000 1005.000000 98.000000 1.160000 39.002800 -1.000000 92.000000
2014-06-26T23:00:00Z 295.490000 1006.000000 96.000000 4.310000 36.000300 -1.000000 92.000000
2014-06-27T00:00:00Z 295.490000 1006.000000 96.000000 4.310000 36.000300 -1.000000 92.000000
2014-06-27T01:00:00Z 295.050000 1004.000000 94.000000 3.000000 360.000000 -1.000000 90.000000
2014-06-27T02:00:00Z 295.100000 1005.000000 100.000000 1.500000 67.007800 8.000000 92.000000
2014-06-27T03:00:00Z 294.850000 1004.000000 100.000000 1.500000 67.007800 8.000000 92.000000
2014-06-27T04:00:00Z 295.050000 1004.000000 100.000000 2.620000 21.002000 5.500000 92.000000
2014-06-27T05:00:00Z 294.860000 1005.000000 100.000000 2.620000 21.002000 5.500000 92.000000
2014-06-27T06:00:00Z 294.860000 1005.000000 100.000000 2.620000 21.002000 5.500000 92.000000
2014-06-27T07:00:00Z 295.210000 1006.000000 96.000000 3.410000 20.500500 0.500000 56.000000
2014-06-27T08:00:00Z 295.130000 1007.000000 96.000000 2.760000 24.500600 0.500000 92.000000
2014-08-23T05:00:00Z 300.430000 1008.000000 94.000000 2.000000 130.000000 -1.000000 64.000000
2014-08-23T06:00:00Z 300.430000 1008.000000 94.000000 2.000000 130.000000 -1.000000 64.000000
2014-08-23T07:00:00Z 300.950000 1008.000000 94.000000 2.000000 120.000000 -1.000000 64.000000
2014-08-23T08:00:00Z 301.850000 1009.000000 88.000000 2.000000 150.000000 -1.000000 75.000000
2014-08-23T09:00:00Z 301.840000 1009.000000 94.000000 2.000000 40.000000 -1.000000 75.000000
2014-08-23T10:00:00Z 304.240000 1009.000000 83.000000 3.000000 150.000000 -1.000000 20.000000
2014-08-23T11:00:00Z 304.240000 1009.000000 83.000000 3.000000 150.000000 -1.000000 20.000000
2014-08-23T12:00:00Z 305.000000 1008.000000 66.000000 3.000000 80.000000 -1.000000 40.000000
2014-08-23T13:00:00Z 304.260000 1006.000000 66.000000 4.000000 150.000000 -1.000000 40.000000
2014-08-23T14:00:00Z 304.260000 1006.000000 66.000000 4.000000 150.000000 -1.000000 40.000000
2014-08-23T17:00:00Z 304.360000 1006.000000 70.000000 4.000000 130.000000 -1.000000 0.000000
2014-08-23T18:00:00Z 303.360000 1006.000000 74.000000 3.000000 130.000000 -1.000000 0.000000
2014-08-23T19:00:00Z 303.360000 1006.000000 74.000000 3.000000 130.000000 -1.000000 0.000000
2014-08-23T20:00:00Z 302.680000 1007.000000 74.000000 3.000000 150.000000 -1.000000 0.000000
2014-08-23T21:00:00Z 302.350000 1007.000000 79.000000 4.000000 150.000000 -1.000000 0.000000
2014-08-23T22:00:00Z 302.500000 1007.000000 83.000000 3.000000 140.000000 -1.000000 0.000000
2014-08-23T23:00:00Z 302.320000 1007.000000 83.000000 2.000000 150.000000 -1.000000 0.000000
2014-08-24T00:00:00Z 302.320000 1007.000000 83.000000 2.000000 150.000000 -1.000000 0.000000
2014-08-24T01:00:00Z 302.140000 1007.000000 88.000000 1.000000 0.000000 -1.000000 0.000000
2014-08-24T02:00:00Z 301.740000 1006.000000 88.000000 1.000000 180.000000 -1.000000 20.000000
2014-08-24T03:00:00Z 301.540000 1005.000000 94.000000 2.000000 150.000000 -1.000000 20.000000
2014-08-24T04:00:00Z 301.270000 1005.000000 88.000000 2.000000 160.000000 -1.000000 0.000000
2014-08-24T05:00:00Z 301.270000 1005.000000 88.000000 2.000000 160.000000 -1.000000 0.000000
2014-08-24T06:00:00Z 302.500000 1006.000000 83.000000 3.000000 180.000000 -1.000000 76.000000
2014-08-24T07:00:00Z 302.500000 1006.000000 83.000000 3.000000 180.000000 -1.000000 76.000000
2014-08-24T08:00:00Z 303.790000 1006.000000 79.000000 4.000000 180.000000 -1.000000 76.000000
2014-08-24T09:00:00Z 305.060000 1006.000000 79.000000 3.000000 190.000000 -1.000000 76.000000
2014-08-24T10:00:00Z 306.590000 1006.000000 66.000000 5.000000 210.000000 0.500000 88.000000
2014-08-24T11:00:00Z 306.590000 1006.000000 66.000000 5.000000 210.000000 0.500000 88.000000
2014-08-24T12:00:00Z 308.030000 1005.000000 63.000000 3.000000 200.000000 0.500000 88.000000
2014-08-24T13:00:00Z 307.680000 1005.000000 63.000000 5.000000 240.000000 -1.000000 40.000000
2014-08-24T14:00:00Z 307.680000 1005.000000 63.000000 5.000000 240.000000 -1.000000 40.000000
2014-08-24T15:00:00Z 306.710000 1004.000000 63.000000 4.000000 250.000000 -1.000000 20.000000
2014-09-09T20:00:00Z 300.290000 1008.000000 69.000000 5.000000 110.000000 -1.000000 75.000000
2014-09-09T21:00:00Z 299.990000 1009.000000 74.000000 5.000000 110.000000 -1.000000 75.000000
2014-09-09T22:00:00Z 299.660000 1009.000000 74.000000 4.000000 120.000000 -1.000000 40.000000
2014-09-09T23:00:00Z 299.690000 1009.000000 78.000000 4.000000 120.000000 -1.000000 75.000000
2014-09-10T00:00:00Z 299.580000 1009.000000 78.000000 4.000000 110.000000 -1.000000 20.000000
2014-09-10T01:00:00Z 298.970000 1009.000000 83.000000 3.000000 90.000000 -1.000000 20.000000
2014-09-10T02:00:00Z 298.970000 1009.000000 83.000000 3.000000 90.000000 -1.000000 20.000000
2014-09-10T03:00:00Z 298.760000 1009.000000 83.000000 3.000000 100.000000 -1.000000 0.000000
2014-09-10T04:00:00Z 298.700000 1009.000000 83.000000 3.000000 110.000000 -1.000000 0.000000
2014-09-10T05:00:00Z 298.740000 1009.000000 83.000000 3.000000 80.000000 -1.000000 0.000000
2014-09-10T06:00:00Z 298.730000 1009.000000 83.000000 3.000000 70.000000 -1.000000 20.000000
2014-09-10T07:00:00Z 298.730000 1009.000000 83.000000 3.000000 70.000000 -1.000000 20.000000
2014-09-10T08:00:00Z 299.460000 1010.000000 74.000000 4.000000 60.000000 -1.000000 0.000000
2014-09-10T09:00:00Z 300.650000 1011.000000 65.000000 4.000000 70.000000 -1.000000 0.000000
2014-09-10T10:00:00Z 300.650000 1011.000000 65.000000 4.000000 70.000000 -1.000000 0.000000
2014-09-10T11:00:00Z 301.250000 1011.000000 58.000000 5.000000 70.000000 -1.000000 0.000000
2014-09-10T12:00:00Z 301.480000 1011.000000 65.000000 4.000000 80.000000 -1.000000 92.000000
2014-09-10T13:00:00Z 301.840000 1011.000000 65.000000 4.000000 70.000000 -1.000000 20.000000
2014-09-10T14:00:00Z 301.840000 1011.000000 65.000000 4.000000 70.000000 -1.000000 20.000000
2014-09-10T15:00:00Z 300.790000 1010.000000 74.000000 5.000000 50.000000 -1.000000 20.000000
2014-09-10T16:00:00Z 300.650000 1010.000000 65.000000 4.000000 100.000000 -1.000000 20.000000
2014-09-10T17:00:00Z 300.290000 1011.000000 69.000000 4.000000 80.000000 -1.000000 20.000000
2014-09-10T18:00:00Z 299.470000 1011.000000 74.000000 4.000000 70.000000 -1.000000 40.000000
2014-09-10T19:00:00Z 299.470000 1011.000000 74.000000 4.000000 70.000000 -1.000000 40.000000
2014-10-08T01:00:00Z 291.200000 1021.000000 72.000000 2.000000 10.000000 -1.000000 0.000000
2014-10-08T02:00:00Z 291.150000 1020.000000 68.000000 2.800000 42.507400 -1.000000 0.000000
2014-10-08T03:00:00Z 291.150000 1020.000000 68.000000 2.800000 42.507400 -1.000000 0.000000
2014-10-08T04:00:00Z 290.550000 1019.000000 77.000000 2.000000 360.000000 -1.000000 0.000000
2014-10-08T05:00:00Z 290.550000 1019.000000 77.000000 2.000000 360.000000 -1.000000 0.000000
2014-10-08T06:00:00Z 290.200000 1020.000000 82.000000 2.000000 350.000000 -1.000000 0.000000
2014-10-08T07:00:00Z 293.680000 1020.000000 68.000000 2.000000 50.000000 -1.000000 0.000000
2014-10-08T08:00:00Z 293.680000 1020.000000 68.000000 2.000000 50.000000 -1.000000 0.000000
2014-10-08T09:00:00Z 295.630000 1021.000000 53.000000 4.000000 70.000000 -1.000000 0.000000
2014-10-08T10:00:00Z 296.230000 1021.000000 50.000000 3.000000 70.000000 -1.000000 0.000000
2014-10-08T11:00:00Z 297.150000 1020.000000 57.000000 3.000000 40.000000 -1.000000 75.000000
2014-10-08T12:00:00Z 296.620000 1020.000000 53.000000 5.000000 40.000000 -1.000000 75.000000
2014-10-08T13:00:00Z 297.620000 1019.000000 50.000000 5.000000 50.000000 -1.000000 75.000000
2014-10-08T14:00:00Z 297.620000 1019.000000 50.000000 5.000000 50.000000 -1.000000 75.000000
2014-10-08T15:00:00Z 297.090000 1018.000000 53.000000 4.000000 40.000000 -1.000000 75.000000
2014-10-08T16:00:00Z 295.620000 1018.000000 60.000000 5.000000 50.000000 -1.000000 0.000000
2014-10-08T17:00:00Z 294.620000 1018.000000 64.000000 4.000000 70.000000 -1.000000 75.000000
2014-10-08T18:00:00Z 294.100000 1018.000000 64.000000 4.000000 80.000000 -1.000000 0.000000
2014-10-08T19:00:00Z 294.100000 1018.000000 64.000000 4.000000 80.000000 -1.000000 0.000000
2014-10-08T20:00:00Z 293.620000 1019.000000 68.000000 4.000000 80.000000 -1.000000 0.000000
2014-10-08T21:00:00Z 293.100000 1019.000000 68.000000 5.000000 80.000000 -1.000000 0.000000
2014-10-08T22:00:00Z 292.620000 1019.000000 72.000000 5.000000 100.000000 -1.000000 0.000000
2014-10-08T23:00:00Z 292.620000 1019.000000 72.000000 3.000000 90.000000 -1.000000 0.000000
2014-10-09T00:00:00Z 291.620000 1019.000000 77.000000 2.000000 90.000000 -1.000000 0.000000
2014-10-09T01:00:00Z 291.620000 1019.000000 77.000000 2.000000 90.000000 -1.000000 0.000000
