2013-06-11T23:00:00Z 115 215 56 51 87
2013-06-12T00:00:00Z 102 225 70 54 97
2013-06-12T01:00:00Z 91 207 72 58 113
2013-06-12T02:00:00Z 81 175 70 58 113
2013-06-12T03:00:00Z 85 160 67 63 114
2013-06-12T04:00:00Z 85 157 67 63 102
2013-06-12T05:00:00Z 103 147 68 68 99
2013-06-12T06:00:00Z 98 153 70 64 97
2013-11-07T08:00:00Z 170 210 148 215 239
2013-11-07T09:00:00Z 168 233 140 218 160
2013-11-07T10:00:00Z 161 221 126 211 148
2013-11-07T11:00:00Z 145 199 119 181 160
2013-11-07T12:00:00Z 132 182 88 158 130
2013-11-07T13:00:00Z 102 139 60 114 110
2013-11-07T14:00:00Z 94 130 54 95 103
2013-11-07T15:00:00Z 106 129 58 88 89
2013-11-07T16:00:00Z 121 126 62 84 62
2013-11-07T17:00:00Z 119 134 83 89 33
2013-11-07T18:00:00Z 111 154 125 101 21
2013-11-07T19:00:00Z 132 203 142 129 29
2013-11-07T20:00:00Z 151 250 180 167 30
2013-11-15T08:00:00Z 114 163 80 115 218
2013-11-15T09:00:00Z 127 175 77 120 238
2013-11-16T13:00:00Z 77 117 48 70 84
2013-11-16T14:00:00Z 73 113 54 70 82
2013-11-16T15:00:00Z 77 90 51 71 80
2013-11-16T16:00:00Z 79 89 51 71 76
2013-11-16T17:00:00Z 75 90 60 81 87
2013-12-08T18:00:00Z 292 203 476 390 247
2013-12-08T19:00:00Z 312 235 558 442 237
2013-12-08T20:00:00Z -1 -1 -1 -1 -1
2013-12-08T21:00:00Z -1 -1 -1 -1 -1
2013-12-08T22:00:00Z -1 -1 -1 -1 -1
2013-12-08T23:00:00Z 249 234 493 385 243
2013-12-09T00:00:00Z 254 226 353 369 235
2013-12-09T01:00:00Z 263 244 451 331 248
2013-12-09T02:00:00Z 272 269 430 192 269
2013-12-09T03:00:00Z 332 314 307 160 263
2013-12-09T04:00:00Z 418 307 205 146 263
2013-12-09T05:00:00Z 474 213 210 137 260
2013-12-09T06:00:00Z 475 157 195 148 278
2013-12-09T07:00:00Z 350 157 210 182 303
2013-12-09T08:00:00Z 236 189 174 230 285
2013-12-09T09:00:00Z 226 212 166 258 220
2013-12-09T10:00:00Z 234 260 180 289 150
2013-12-09T11:00:00Z 256 332 224 255 80
2013-12-09T12:00:00Z 277 326 248 151 94
2013-12-05T00:00:00Z -1 277 -1 -1 325
2013-12-05T01:00:00Z 284 292 323 349 307
2013-12-05T02:00:00Z 281 267 304 376 262
2013-12-05T03:00:00Z 219 205 280 381 251
2013-12-05T04:00:00Z 191 160 253 387 233
2013-12-05T05:00:00Z 188 148 267 408 177
2013-12-05T06:00:00Z 199 147 256 407 176
2013-12-05T07:00:00Z 195 141 229 412 213
2013-12-05T08:00:00Z -1 -1 -1 -1 -1
2013-12-05T09:00:00Z 243 137 214 352 225
2013-12-05T10:00:00Z 285 173 246 347 271
2013-12-05T11:00:00Z 253 231 271 330 324
2013-12-05T12:00:00Z 184 234 286 297 369
2013-12-05T13:00:00Z 215 208 268 280 387
2013-12-05T17:00:00Z 262 203 226 251 357
2013-12-05T18:00:00Z -1 -1 -1 -1 -1
2013-12-05T19:00:00Z 315 233 381 303 390
2013-12-05T20:00:00Z 321 253 369 303 435
2013-12-05T21:00:00Z 339 276 338 300 504
2013-12-05T22:00:00Z 329 323 269 322 523
2013-12-05T23:00:00Z 315 351 227 329 487
2013-12-06T00:00:00Z 286 385 224 310 456
2013-12-06T01:00:00Z 279 411 236 285 438
2013-12-06T02:00:00Z 277 456 242 272 293
2013-12-06T03:00:00Z 296 502 245 270 240
2013-12-06T04:00:00Z 303 531 248 271 170
2013-12-06T05:00:00Z 310 565 242 301 104
2013-12-06T06:00:00Z 303 558 240 343 79
2013-12-06T09:00:00Z 343 435 313 375 100
2013-12-06T10:00:00Z 401 408 357 370 99
2013-12-06T11:00:00Z 441 417 381 356 93
2013-12-06T12:00:00Z 458 394 415 337 73
2013-12-06T13:00:00Z 466 389 449 305 73
2013-12-06T14:00:00Z 449 301 444 269 83
2013-12-06T15:00:00Z 432 227 393 252 85
2013-12-06T16:00:00Z 418 109 372 211 87
2013-12-06T17:00:00Z 399 85 322 209 87
2013-12-06T18:00:00Z 397 83 301 266 83
2013-12-06T19:00:00Z 400 104 297 293 72
2013-12-06T20:00:00Z 375 101 332 333 63
2013-12-06T21:00:00Z 385 102 367 336 68
2013-12-06T22:00:00Z 382 104 346 346 68
2013-12-06T23:00:00Z 380 104 332 361 72
2013-12-07T00:00:00Z 379 97 336 377 77
2013-12-07T01:00:00Z 368 99 370 362 84
2013-12-07T02:00:00Z 365 103 374 360 80
2013-12-07T03:00:00Z 318 107 346 357 78
2013-12-07T04:00:00Z 290 98 314 366 80
2013-12-07T05:00:00Z 279 106 278 368 96
2013-12-07T06:00:00Z 273 108 264 365 104
2013-12-07T07:00:00Z 273 106 263 353 106
2013-12-07T08:00:00Z 284 107 276 353 112
2013-12-07T09:00:00Z 313 112 312 420 117
2013-12-07T10:00:00Z 310 118 355 462 112
2013-12-07T11:00:00Z 280 119 357 376 106
2013-12-07T12:00:00Z 266 109 391 284 99
2013-12-07T13:00:00Z 242 114 396 269 126
2013-12-07T14:00:00Z 205 122 395 256 138
2013-12-07T15:00:00Z 136 128 404 231 121
2013-12-07T16:00:00Z 120 124 454 231 118
2013-12-07T17:00:00Z 165 135 486 255 116
2013-12-07T18:00:00Z 172 142 370 277 120
2013-12-01T06:00:00Z 135 205 131 123 256
2013-12-01T07:00:00Z 140 211 131 128 183
2013-12-01T08:00:00Z 141 232 126 147 162
2013-12-01T09:00:00Z 131 250 120 162 173
2013-12-01T10:00:00Z 132 267 119 146 184
2013-12-01T11:00:00Z 143 -1 109 155 154
2013-12-01T12:00:00Z 159 267 107 154 118
2013-12-01T13:00:00Z 173 255 118 146 107
2013-12-01T14:00:00Z 174 206 145 166 113
2013-12-01T15:00:00Z 203 170 154 175 117
2013-12-01T16:00:00Z 216 168 158 168 126
2013-12-01T17:00:00Z 219 164 168 187 146
2013-12-01T18:00:00Z 220 169 180 204 173
2013-12-01T19:00:00Z 228 186 187 228 214
2013-12-01T20:00:00Z 232 217 191 240 289
2013-12-01T21:00:00Z -1 -1 -1 -1 -1
2013-12-01T22:00:00Z 189 272 189 208 215
2013-12-01T23:00:00Z 190 296 185 212 237
2013-12-02T00:00:00Z 195 292 185 256 233
2013-12-02T01:00:00Z 192 303 176 255 244
2013-12-02T02:00:00Z 188 293 174 297 378
2013-12-02T03:00:00Z 215 282 173 286 269
2013-12-02T04:00:00Z 223 295 168 277 275
2013-12-02T05:00:00Z 220 287 164 271 290
2013-12-02T06:00:00Z 212 282 156 278 328
2013-12-02T07:00:00Z 210 287 160 287 379
2013-12-02T08:00:00Z 219 303 165 294 394
2013-12-02T09:00:00Z 237 315 168 316 411
2013-12-02T10:00:00Z 253 332 167 311 436
2013-12-02T11:00:00Z 250 300 148 252 364
2013-12-02T12:00:00Z 229 252 127 198 331
2013-12-02T13:00:00Z 198 202 99 156 353
2013-12-02T14:00:00Z 178 194 73 125 299
2013-12-02T15:00:00Z 147 178 72 109 238
2013-12-02T16:00:00Z 119 173 74 101 278
2013-12-02T17:00:00Z 109 172 83 111 372
2013-12-02T18:00:00Z 108 190 114 126 462
2013-12-02T19:00:00Z 121 210 170 141 628
2013-12-02T20:00:00Z 157 211 277 126 707
2013-12-02T21:00:00Z 214 218 238 136 621
2013-12-02T22:00:00Z 252 245 200 149 520
2013-12-02T23:00:00Z 250 258 182 172 432
2013-12-03T00:00:00Z 225 256 210 196 428
2013-12-03T01:00:00Z 197 269 226 207 389
2013-12-03T02:00:00Z 181 281 253 229 288
2013-12-03T03:00:00Z 177 263 274 220 315
2013-12-03T04:00:00Z 173 213 274 255 339
2013-12-03T05:00:00Z 165 195 241 271 345
2013-12-03T06:00:00Z 170 183 201 290 344
2013-12-03T07:00:00Z 172 185 204 308 337
2013-12-03T08:00:00Z 177 200 189 301 304
2013-12-03T09:00:00Z 208 198 193 309 320
2013-12-03T10:00:00Z 219 199 209 336 348
2013-12-03T11:00:00Z 221 193 190 290 321
2013-12-03T12:00:00Z 216 191 141 243 296
2013-12-03T13:00:00Z 191 135 100 179 288
2013-12-03T14:00:00Z 194 168 -1 154 -1
2013-12-03T15:00:00Z 176 166 252 168 188
2013-12-03T16:00:00Z 175 169 268 212 167
2013-12-03T17:00:00Z 183 174 315 233 165
2013-12-03T18:00:00Z 193 198 269 261 189
2013-12-03T19:00:00Z 207 213 295 287 199
2013-12-03T20:00:00Z 206 236 270 278 211
2013-12-03T21:00:00Z 223 219 181 327 184
2013-12-03T22:00:00Z 237 228 302 295 188
2013-12-03T23:00:00Z 235 229 277 446 182
2013-12-04T00:00:00Z 233 225 219 504 179
2013-12-29T08:00:00Z 153 162 128 160 165
2013-12-29T09:00:00Z 163 166 123 175 176
2013-12-29T10:00:00Z 169 171 109 189 179
2013-12-29T11:00:00Z 169 158 100 167 159
2013-12-29T12:00:00Z 136 114 87 160 104
2013-12-29T13:00:00Z 101 88 75 137 74
2013-12-29T14:00:00Z 90 79 68 110 66
2013-12-29T15:00:00Z -1 -1 -1 -1 -1
2013-12-29T16:00:00Z 113 71 91 104 76
2013-12-29T17:00:00Z 85 76 95 96 82
2013-12-29T18:00:00Z 79 97 95 94 85
2013-12-29T19:00:00Z 92 117 114 101 102
2013-12-29T20:00:00Z 112 125 143 104 143
2013-12-29T21:00:00Z 128 121 126 120 158
2013-12-29T22:00:00Z 129 127 139 130 133
2013-12-29T23:00:00Z 146 123 132 139 122
2013-12-30T00:00:00Z 157 131 136 132 131
2013-12-30T01:00:00Z 152 -1 -1 -1 -1
2013-12-30T02:00:00Z 141 117 139 110 122
2013-12-30T03:00:00Z 140 116 140 123 118
2013-12-30T04:00:00Z 147 123 137 123 112
2013-12-30T05:00:00Z 155 127 135 127 110
2013-12-30T06:00:00Z 167 125 132 115 106
2013-12-30T07:00:00Z 178 133 122 135 108
2013-12-30T08:00:00Z 175 131 120 139 119
2013-12-30T09:00:00Z 179 136 122 148 125
2013-12-30T10:00:00Z 181 133 123 158 120
2013-12-30T11:00:00Z 172 134 98 141 117
2013-12-30T12:00:00Z 135 139 79 121 115
2013-12-30T13:00:00Z -1 -1 -1 -1 -1
2013-12-30T14:00:00Z 87 136 60 87 102
2014-01-19T19:00:00Z 162 130 176 210 236
2014-01-19T20:00:00Z 188 122 217 221 256
2014-01-19T21:00:00Z 186 137 232 220 278
2014-01-18T07:00:00Z 170 176 253 194 133
2014-01-18T08:00:00Z 198 180 259 198 142
2014-01-18T09:00:00Z 216 188 270 202 180
2014-01-18T10:00:00Z 228 200 271 210 207
2014-01-18T11:00:00Z 225 194 279 213 216
2014-01-18T12:00:00Z 224 173 275 205 202
2014-01-18T13:00:00Z 237 151 264 203 180
2014-01-18T14:00:00Z 245 132 246 190 184
2014-01-18T15:00:00Z 250 136 250 191 160
2014-01-18T16:00:00Z 253 118 243 193 144
2014-01-18T17:00:00Z 248 123 243 191 146
2014-01-18T18:00:00Z 238 148 246 195 158
2014-01-18T19:00:00Z 248 173 260 223 178
2014-01-18T20:00:00Z 258 190 265 248 197
2014-01-18T21:00:00Z 257 199 267 272 219
2014-01-18T22:00:00Z 267 207 264 288 231
2014-01-18T23:00:00Z 269 194 252 301 262
2014-01-19T00:00:00Z 271 186 242 305 257
2014-01-19T01:00:00Z 272 195 233 299 236
2014-01-30T00:00:00Z 122 141 106 125 109
2014-01-30T01:00:00Z 120 154 103 124 113
2014-01-30T02:00:00Z 120 160 101 123 120
2014-01-30T03:00:00Z 121 165 90 123 134
2014-01-30T04:00:00Z 121 170 70 129 148
2014-01-30T05:00:00Z 122 190 65 122 148
2014-01-30T06:00:00Z 131 196 64 121 147
2014-01-30T07:00:00Z 136 184 58 124 145
2014-01-30T08:00:00Z 118 179 48 121 150
2014-01-30T09:00:00Z 107 184 52 116 158
2014-01-30T10:00:00Z 110 198 71 126 168
2014-01-30T11:00:00Z 125 206 115 143 175
2014-01-30T12:00:00Z 164 228 132 158 173
2014-01-30T13:00:00Z 204 252 147 155 170
2014-01-30T14:00:00Z 214 234 158 155 174
2014-05-26T06:00:00Z 111 133 72 104 98
2014-05-26T07:00:00Z 124 133 72 104 96
2014-05-26T08:00:00Z 124 142 70 104 111
2014-05-26T09:00:00Z 128 136 56 105 112
2014-05-26T10:00:00Z 137 119 62 100 99
2014-05-26T11:00:00Z 128 101 68 85 94
2014-05-26T12:00:00Z -1 -1 -1 -1 -1
2014-05-26T13:00:00Z 114 83 73 58 71
2014-05-26T14:00:00Z 101 79 60 51 65
2014-05-26T15:00:00Z -1 -1 -1 -1 -1
2014-05-26T16:00:00Z 102 72 60 53 63
2014-05-26T17:00:00Z 109 65 72 58 70
2014-05-26T18:00:00Z 108 73 81 73 95
2014-05-26T19:00:00Z 104 77 85 81 73
2014-05-26T20:00:00Z 113 88 86 102 77
2014-05-26T21:00:00Z 113 106 87 105 81
2014-05-26T22:00:00Z 117 117 84 133 86
2014-07-10T18:00:00Z 102 58 79 69 30
2014-07-10T19:00:00Z 111 58 89 72 44
2014-07-10T20:00:00Z 110 67 96 73 93
2014-07-10T21:00:00Z 117 81 99 84 116
2013-12-01T06:00:00Z 135 205 131 123 256
2013-12-01T07:00:00Z 140 211 131 128 183
2013-12-01T08:00:00Z 141 232 126 147 162
2013-12-01T09:00:00Z 131 250 120 162 173
2013-12-01T10:00:00Z 132 267 119 146 184
2013-12-01T11:00:00Z 143 -1 109 155 154
2013-12-01T12:00:00Z 159 267 107 154 118
2013-12-01T13:00:00Z 173 255 118 146 107
2013-12-01T14:00:00Z 174 206 145 166 113
2013-12-01T15:00:00Z 203 170 154 175 117
2013-12-01T16:00:00Z 216 168 158 168 126
2013-12-01T17:00:00Z 219 164 168 187 146
2013-12-01T18:00:00Z 220 169 180 204 173
2013-12-01T19:00:00Z 228 186 187 228 214
2013-12-01T20:00:00Z 232 217 191 240 289
2013-12-01T21:00:00Z -1 -1 -1 -1 -1
2013-12-01T22:00:00Z 189 272 189 208 215
2013-12-01T23:00:00Z 190 296 185 212 237
2013-12-02T00:00:00Z 195 292 185 256 233
2013-12-02T01:00:00Z 192 303 176 255 244
2013-12-02T02:00:00Z 188 293 174 297 378
2013-12-02T03:00:00Z 215 282 173 286 269
2013-12-02T04:00:00Z 223 295 168 277 275
2013-12-02T05:00:00Z 220 287 164 271 290
2013-12-02T06:00:00Z 212 282 156 278 328
2013-12-02T07:00:00Z 210 287 160 287 379
2013-12-02T08:00:00Z 219 303 165 294 394
2013-12-02T09:00:00Z 237 315 168 316 411
2013-12-02T10:00:00Z 253 332 167 311 436
2013-12-02T11:00:00Z 250 300 148 252 364
2013-12-02T12:00:00Z 229 252 127 198 331
2013-12-02T13:00:00Z 198 202 99 156 353
2013-12-02T14:00:00Z 178 194 73 125 299
2013-12-02T15:00:00Z 147 178 72 109 238
2013-12-02T16:00:00Z 119 173 74 101 278
2013-12-02T17:00:00Z 109 172 83 111 372
2013-12-02T18:00:00Z 108 190 114 126 462
2013-12-02T19:00:00Z 121 210 170 141 628
2013-12-02T20:00:00Z 157 211 277 126 707
2013-12-02T21:00:00Z 214 218 238 136 621
2013-12-02T22:00:00Z 252 245 200 149 520
2013-12-02T23:00:00Z 250 258 182 172 432
2013-12-03T00:00:00Z 225 256 210 196 428
2013-12-03T01:00:00Z 197 269 226 207 389
2013-12-03T02:00:00Z 181 281 253 229 288
2013-12-03T03:00:00Z 177 263 274 220 315
2013-12-03T04:00:00Z 173 213 274 255 339
2013-12-03T05:00:00Z 165 195 241 271 345
2013-12-03T06:00:00Z 170 183 201 290 344
2013-12-03T07:00:00Z 172 185 204 308 337
2013-12-03T08:00:00Z 177 200 189 301 304
2013-12-03T09:00:00Z 208 198 193 309 320
2013-12-03T10:00:00Z 219 199 209 336 348
2013-12-03T11:00:00Z 221 193 190 290 321
2013-12-03T12:00:00Z 216 191 141 243 296
2013-12-05T02:00:00Z 281 267 304 376 262
2013-12-05T03:00:00Z 219 205 280 381 251
2013-12-05T04:00:00Z 191 160 253 387 233
2013-12-05T05:00:00Z 188 148 267 408 177
2013-12-05T06:00:00Z 199 147 256 407 176
2013-12-05T07:00:00Z 195 141 229 412 213
2013-12-05T08:00:00Z -1 -1 -1 -1 -1
2013-12-05T09:00:00Z 243 137 214 352 225
2013-12-05T10:00:00Z 285 173 246 347 271
2013-12-05T11:00:00Z 253 231 271 330 324
2013-12-05T12:00:00Z 184 234 286 297 369
2013-12-05T13:00:00Z 215 208 268 280 387
2013-12-05T17:00:00Z 262 203 226 251 357
2013-12-05T18:00:00Z -1 -1 -1 -1 -1
2013-12-05T19:00:00Z 315 233 381 303 390
2013-12-05T20:00:00Z 321 253 369 303 435
2013-12-05T21:00:00Z 339 276 338 300 504
2013-12-05T22:00:00Z 329 323 269 322 523
2013-12-05T23:00:00Z 315 351 227 329 487
2013-12-06T00:00:00Z 286 385 224 310 456
2013-12-06T01:00:00Z 279 411 236 285 438
2013-12-06T02:00:00Z 277 456 242 272 293
2013-12-06T03:00:00Z 296 502 245 270 240
2013-12-06T04:00:00Z 303 531 248 271 170
2013-12-06T05:00:00Z 310 565 242 301 104
2013-12-06T06:00:00Z 303 558 240 343 79
2013-12-06T09:00:00Z 343 435 313 375 100
2013-12-06T10:00:00Z 401 408 357 370 99
2013-12-06T11:00:00Z 441 417 381 356 93
2013-12-06T12:00:00Z 458 394 415 337 73
2013-12-06T13:00:00Z 466 389 449 305 73
2013-12-06T14:00:00Z 449 301 444 269 83
2013-12-06T15:00:00Z 432 227 393 252 85
2013-12-06T16:00:00Z 418 109 372 211 87
2013-12-06T17:00:00Z 399 85 322 209 87
2013-12-06T18:00:00Z 397 83 301 266 83
2013-12-06T19:00:00Z 400 104 297 293 72
2013-12-06T20:00:00Z 375 101 332 333 63
2013-12-06T21:00:00Z 385 102 367 336 68
2013-12-06T22:00:00Z 382 104 346 346 68
2013-12-06T23:00:00Z 380 104 332 361 72
2013-12-07T00:00:00Z 379 97 336 377 77
2013-12-07T01:00:00Z 368 99 370 362 84
2013-12-07T02:00:00Z 365 103 374 360 80
2013-12-07T03:00:00Z 318 107 346 357 78
2013-12-07T04:00:00Z 290 98 314 366 80
2013-12-07T05:00:00Z 279 106 278 368 96
2013-12-07T06:00:00Z 273 108 264 365 104
2013-12-07T07:00:00Z 273 106 263 353 106
2013-12-07T08:00:00Z 284 107 276 353 112
2013-12-07T09:00:00Z 313 112 312 420 117
2013-12-07T10:00:00Z 310 118 355 462 112
2013-12-07T11:00:00Z 280 119 357 376 106
