2013-05-28T00:00:00Z 42 54 29 38 36
2013-05-28T01:00:00Z 41 60 31 40 43
2013-05-28T02:00:00Z 37 58 31 37 54
2013-05-28T03:00:00Z 37 63 30 43 59
2013-05-28T04:00:00Z 42 71 31 45 59
2013-05-28T05:00:00Z 41 69 33 42 43
2013-05-28T06:00:00Z 43 67 29 39 38
2013-05-28T07:00:00Z 45 66 31 41 40
2013-05-28T08:00:00Z 46 69 33 39 52
2013-05-28T09:00:00Z 46 67 31 45 69
2013-05-28T10:00:00Z 44 69 31 45 67
2013-05-28T11:00:00Z 42 69 30 44 70
2013-05-28T12:00:00Z 39 61 28 46 65
2013-05-28T13:00:00Z 41 70 29 45 63
2013-05-28T14:00:00Z 39 76 29 43 72
2013-05-28T15:00:00Z 40 77 32 44 68
2013-05-28T16:00:00Z 42 74 34 47 66
2013-05-28T17:00:00Z 43 69 38 47 71
2013-05-28T18:00:00Z 56 65 42 48 72
2013-05-28T19:00:00Z 74 71 44 49 61
2013-05-28T20:00:00Z 82 88 53 51 64
2013-05-28T21:00:00Z 80 136 61 62 66
2013-05-28T22:00:00Z 84 178 62 76 64
2013-05-28T23:00:00Z 89 394 62 86 60
2013-05-30T10:00:00Z 68 27 40 20 42
2013-05-30T11:00:00Z 68 28 45 24 41
2013-05-30T12:00:00Z 35 25 47 29 32
2013-05-30T13:00:00Z 26 25 46 30 36
2013-05-30T14:00:00Z 24 23 47 36 34
2013-05-30T15:00:00Z 26 23 48 40 32
2013-05-30T16:00:00Z 25 25 47 43 37
2013-05-30T17:00:00Z 30 31 50 45 39
2013-05-30T18:00:00Z 30 43 53 43 42
2013-05-30T19:00:00Z 36 54 56 47 34
2013-05-30T20:00:00Z 38 48 58 56 36
2013-05-30T21:00:00Z 45 45 60 49 50
2013-05-30T22:00:00Z 55 44 62 54 51
2013-05-30T23:00:00Z 60 45 62 55 47
2013-05-31T00:00:00Z -1 -1 -1 -1 -1
2013-05-31T01:00:00Z 61 33 65 47 42
2013-05-31T02:00:00Z 56 31 51 50 36
2013-05-31T03:00:00Z 57 32 43 55 33
2013-05-31T04:00:00Z 49 33 41 56 35
2013-05-31T05:00:00Z 42 31 44 47 39
2013-05-31T06:00:00Z 33 25 44 44 42
2013-05-31T07:00:00Z 36 28 45 43 49
2013-05-31T08:00:00Z 36 23 49 41 40
2013-05-31T09:00:00Z 36 22 53 39 32
2013-05-31T10:00:00Z 42 21 54 39 22
2013-05-31T11:00:00Z 49 25 48 47 22
2013-05-31T12:00:00Z 64 30 36 52 20
2013-05-31T13:00:00Z 70 34 30 60 16
2013-05-31T14:00:00Z 70 30 26 74 13
2013-05-31T15:00:00Z 66 27 32 74 10
2013-05-31T16:00:00Z 67 26 39 72 14
2013-05-31T17:00:00Z 66 30 41 68 17
2013-05-31T18:00:00Z 70 39 46 76 27
2013-05-31T19:00:00Z 74 47 45 76 33
2013-05-31T20:00:00Z 80 55 48 83 35
2013-05-31T21:00:00Z 88 57 47 93 40
2013-05-31T22:00:00Z 82 61 51 103 39
2013-05-31T23:00:00Z 77 60 53 103 37
2013-06-01T00:00:00Z 76 58 53 103 35
2013-06-01T01:00:00Z 99 59 57 104 35
2013-06-01T02:00:00Z 100 62 53 103 38
2013-06-01T03:00:00Z 106 65 49 104 43
2013-06-01T04:00:00Z 79 67 49 101 47
2013-06-01T05:00:00Z 68 80 47 101 54
2013-06-01T06:00:00Z 64 85 45 96 60
2013-06-01T07:00:00Z 61 94 53 100 66
2013-06-01T08:00:00Z 62 91 56 108 72
2013-06-01T09:00:00Z 72 100 58 119 77
2013-06-01T10:00:00Z 93 116 54 127 65
2013-06-01T11:00:00Z 93 116 40 117 54
2013-06-01T12:00:00Z 101 133 47 122 53
2013-06-01T13:00:00Z 99 144 44 106 46
2013-06-01T14:00:00Z 83 130 47 95 37
2013-06-01T15:00:00Z 80 106 54 85 40
2013-06-01T16:00:00Z 87 89 56 71 35
2013-06-01T17:00:00Z 101 89 53 65 29
2013-06-01T18:00:00Z 106 78 58 68 26
2013-06-01T19:00:00Z 112 73 63 74 22
2013-06-01T20:00:00Z 114 53 73 87 20
2013-06-05T09:00:00Z 38 164 46 43 24
2013-06-05T10:00:00Z 34 157 42 36 26
2013-06-05T11:00:00Z 33 92 40 36 27
2013-06-05T12:00:00Z 34 70 38 36 22
2013-06-05T13:00:00Z 32 48 36 33 29
2013-06-05T14:00:00Z 30 39 35 35 28
2013-06-05T15:00:00Z 28 32 35 33 21
2013-06-05T16:00:00Z 25 21 36 28 27
2013-06-05T17:00:00Z 26 27 34 33 25
2013-06-05T18:00:00Z 24 45 38 32 26
2013-06-05T19:00:00Z 26 45 34 39 22
2013-06-05T20:00:00Z 30 64 35 45 19
2013-06-05T21:00:00Z 29 67 36 49 18
2013-06-05T22:00:00Z 26 60 35 35 18
2013-06-05T23:00:00Z 29 43 30 36 24
2013-06-06T00:00:00Z 26 35 28 28 27
2013-06-06T01:00:00Z 23 27 27 30 22
2013-06-06T02:00:00Z 25 25 23 33 29
2013-06-06T03:00:00Z 25 28 30 29 40
2013-06-06T04:00:00Z 22 31 30 25 51
2013-06-06T05:00:00Z 24 29 33 24 53
2013-06-06T06:00:00Z 23 32 29 25 42
2013-06-06T07:00:00Z 23 38 31 30 35
2013-06-06T08:00:00Z 26 35 33 26 31
2013-06-06T09:00:00Z 25 29 31 27 29
2013-06-06T10:00:00Z 26 26 30 26 22
2013-06-06T11:00:00Z 26 22 29 30 20
2013-06-06T12:00:00Z 28 23 32 39 22
2013-06-06T13:00:00Z 29 26 32 40 23
2013-06-06T14:00:00Z 27 27 23 40 13
2013-06-06T15:00:00Z 27 28 25 39 21
2013-06-06T16:00:00Z 29 32 27 42 24
2013-06-06T17:00:00Z 33 28 48 37 24
2013-06-06T18:00:00Z 37 33 51 37 24
2013-06-06T19:00:00Z 34 38 33 42 24
2013-06-06T20:00:00Z 32 41 32 52 24
2013-06-06T21:00:00Z 31 46 46 58 27
2013-06-06T22:00:00Z 29 50 42 50 37
2013-06-06T23:00:00Z 26 35 42 39 39
2013-06-07T00:00:00Z 25 30 26 34 41
2013-06-07T01:00:00Z 25 27 26 38 54
2013-06-07T02:00:00Z 25 27 44 36 46
2013-06-07T03:00:00Z 25 26 22 33 35
2013-06-07T04:00:00Z 28 33 27 35 32
2013-06-07T05:00:00Z 30 31 28 34 28
2013-06-07T06:00:00Z 35 27 31 36 34
2013-06-07T07:00:00Z 33 31 24 36 28
2013-06-07T08:00:00Z 31 29 25 35 28
2013-06-07T09:00:00Z 25 28 21 33 23
2013-06-07T10:00:00Z 23 24 23 29 24
2013-06-07T11:00:00Z 13 23 13 20 37
2013-06-07T12:00:00Z 13 21 12 14 35
2013-06-07T13:00:00Z 14 21 16 12 32
2013-06-07T14:00:00Z 14 16 11 14 27
2013-06-07T15:00:00Z 12 15 17 12 26
2013-06-07T16:00:00Z 11 12 16 11 28
2013-06-07T17:00:00Z 11 12 15 12 23
2013-06-07T18:00:00Z 13 14 16 13 25
2013-06-07T19:00:00Z 15 16 13 15 23
2013-06-08T03:00:00Z 31 5 18 10 18
2013-06-08T04:00:00Z 32 4 20 6 17
2013-06-08T05:00:00Z 23 4 15 4 12
2013-06-08T06:00:00Z 27 3 14 6 15
2013-06-08T07:00:00Z 32 4 15 7 14
2013-06-08T08:00:00Z 30 7 17 6 14
2013-06-08T09:00:00Z 24 7 16 6 14
2013-06-08T10:00:00Z 22 7 14 8 13
2013-06-08T11:00:00Z 21 6 13 7 15
2013-06-08T12:00:00Z 22 5 15 9 20
2013-06-08T13:00:00Z 26 8 15 6 22
2013-06-08T14:00:00Z 24 7 14 8 24
2013-06-08T15:00:00Z 27 6 14 9 22
2013-06-08T16:00:00Z 30 8 13 13 15
2013-06-08T17:00:00Z 29 7 14 13 16
2013-06-08T18:00:00Z 26 12 14 11 14
2013-06-08T19:00:00Z 27 13 16 13 16
2013-06-08T20:00:00Z 30 12 14 13 18
2013-06-08T21:00:00Z 29 8 12 13 24
2013-06-08T22:00:00Z 30 8 12 16 24
2013-06-08T23:00:00Z 29 10 15 13 17
2013-06-09T00:00:00Z 26 12 16 9 16
2013-06-09T01:00:00Z 29 15 17 12 10
2013-06-09T02:00:00Z 28 14 18 10 10
2013-06-09T03:00:00Z 29 15 18 12 8
2013-06-09T04:00:00Z 34 14 20 16 8
2013-06-09T05:00:00Z 35 15 18 16 12
2013-06-09T06:00:00Z 37 17 19 15 9
2013-06-09T07:00:00Z 31 19 20 19 9
2013-06-09T08:00:00Z 29 24 23 20 11
2013-06-09T09:00:00Z 30 18 31 18 10
2013-06-09T10:00:00Z 38 18 37 24 14
2013-06-09T11:00:00Z 46 14 38 28 13
2013-06-15T17:00:00Z 51 36 41 96 27
2013-06-15T18:00:00Z 43 34 -1 91 24
2013-06-15T19:00:00Z 41 34 3 92 26
2013-06-15T20:00:00Z 50 33 3 99 28
2013-06-15T21:00:00Z 53 39 -1 103 27
2013-06-15T22:00:00Z 48 38 3 86 25
2013-06-15T23:00:00Z 43 38 3 75 25
2013-06-16T00:00:00Z 63 39 29 69 19
2013-06-16T01:00:00Z 44 32 29 65 12
2013-06-16T02:00:00Z 33 33 51 64 13
2013-06-16T03:00:00Z 35 38 52 64 10
2013-06-16T04:00:00Z 35 39 29 68 18
2013-06-16T05:00:00Z 34 32 29 79 36
2013-06-16T06:00:00Z 35 30 41 82 42
2013-06-16T07:00:00Z 44 37 63 85 38
2013-06-16T08:00:00Z 48 42 69 94 53
2013-06-16T09:00:00Z 64 65 52 95 50
2013-06-16T10:00:00Z 65 82 56 98 53
2013-06-16T11:00:00Z 76 83 87 103 62
2013-06-16T12:00:00Z 89 91 58 90 65
2013-06-16T13:00:00Z 93 104 72 98 72
2013-06-16T14:00:00Z 93 111 67 85 69
2013-06-16T15:00:00Z 89 110 55 57 77
2013-06-16T16:00:00Z 91 98 33 49 80
2013-06-16T17:00:00Z 84 81 47 36 77
2013-06-16T18:00:00Z 69 74 40 46 48
2013-06-22T21:00:00Z 55 58 72 82 39
2013-06-22T22:00:00Z 49 67 68 78 34
2013-06-22T23:00:00Z 45 67 67 74 39
2013-06-23T00:00:00Z 45 61 64 76 41
2013-06-23T01:00:00Z 49 63 60 77 42
2013-06-23T02:00:00Z 52 65 60 75 47
2013-06-23T03:00:00Z 62 68 61 79 58
2013-06-23T04:00:00Z 65 68 62 80 64
2013-06-23T05:00:00Z 69 67 65 82 58
2013-06-23T06:00:00Z 74 76 65 84 53
2013-06-23T07:00:00Z 76 82 69 89 54
2013-06-23T08:00:00Z 83 81 79 101 55
2013-06-23T09:00:00Z 96 74 85 91 54
2013-06-23T10:00:00Z 109 83 81 81 58
2013-06-23T11:00:00Z 112 95 64 84 74
2013-06-23T12:00:00Z 88 94 41 105 76
2013-06-23T13:00:00Z 65 62 39 110 61
2013-06-23T14:00:00Z 47 27 54 108 53
2013-06-23T15:00:00Z 39 18 42 86 37
2013-06-23T16:00:00Z 41 15 30 67 37
2013-06-23T17:00:00Z 52 17 26 63 38
2013-07-18T02:00:00Z 20 29 33 25 50
2013-07-18T03:00:00Z 18 27 32 27 63
2013-07-18T04:00:00Z 29 24 30 26 60
2013-07-18T05:00:00Z 25 25 27 27 58
2013-07-18T06:00:00Z 22 22 25 26 61
2013-07-18T07:00:00Z 22 23 26 27 62
2013-07-18T08:00:00Z 19 22 26 26 53
2013-07-18T09:00:00Z 18 21 25 28 50
2013-07-18T10:00:00Z 21 18 26 29 53
2013-07-18T11:00:00Z 21 17 26 35 54
2013-07-18T12:00:00Z -1 -1 -1 -1 -1
2013-07-18T13:00:00Z 32 24 26 40 73
2013-07-18T14:00:00Z 42 29 26 41 80
2013-07-18T15:00:00Z 42 32 27 40 68
2013-07-18T16:00:00Z 47 32 20 41 56
2013-07-18T17:00:00Z 47 35 30 37 53
2013-07-18T18:00:00Z 43 33 20 36 46
2013-07-18T19:00:00Z 32 31 28 37 53
2013-07-18T20:00:00Z 27 30 20 43 59
2013-07-18T21:00:00Z 30 29 20 43 64
2013-07-18T22:00:00Z 30 30 21 40 61
2013-07-18T23:00:00Z 28 29 21 37 55
2013-07-19T00:00:00Z 27 25 20 34 61
2013-07-19T01:00:00Z 31 26 20 29 68
2013-07-21T02:00:00Z 37 45 26 20 23
2013-07-21T03:00:00Z 39 53 27 24 25
2013-07-21T04:00:00Z 41 59 29 27 29
2013-07-21T05:00:00Z 55 60 31 24 27
2013-07-21T06:00:00Z 66 70 34 28 34
2013-07-21T07:00:00Z 61 80 40 30 37
2013-07-21T08:00:00Z 50 82 40 23 37
2013-07-21T09:00:00Z 44 81 36 11 16
2013-07-21T10:00:00Z 41 74 35 147 14
2013-07-21T11:00:00Z 44 86 34 14 19
2013-07-21T12:00:00Z 50 37 34 20 28
2013-07-21T13:00:00Z 47 38 34 26 15
2013-07-21T14:00:00Z 43 52 36 30 15
2013-07-21T15:00:00Z 35 66 33 32 13
2013-07-21T16:00:00Z 28 53 31 28 16
2013-07-21T17:00:00Z 28 54 35 27 17
2013-07-21T18:00:00Z 33 58 28 24 19
2013-07-21T19:00:00Z 43 57 26 14 26
2013-07-21T20:00:00Z 34 53 23 13 31
2013-07-21T21:00:00Z -1 -1 -1 -1 -1
2013-07-21T22:00:00Z 16 22 22 15 35
2013-07-21T23:00:00Z 21 30 20 15 36
2013-07-22T00:00:00Z 22 29 20 15 16
2013-07-22T01:00:00Z 22 30 21 17 19
2013-08-20T11:00:00Z 25 20 19 28 11
2013-08-20T12:00:00Z 25 20 20 28 18
2013-08-20T13:00:00Z 23 18 21 31 15
2013-08-20T14:00:00Z 19 14 20 25 19
2013-08-20T15:00:00Z 24 11 22 24 13
2013-08-20T16:00:00Z 26 10 23 24 9
2013-08-20T17:00:00Z 26 12 24 23 10
2013-08-20T18:00:00Z 24 15 26 22 10
2013-08-20T19:00:00Z 21 15 24 23 13
2013-08-20T20:00:00Z -1 -1 -1 -1 -1
2013-08-20T21:00:00Z 22 23 24 18 18
2013-08-20T22:00:00Z 28 24 23 20 15
2013-08-20T23:00:00Z 29 19 22 23 18
2013-08-21T00:00:00Z 30 21 23 26 17
2013-08-21T01:00:00Z 32 24 24 24 14
2013-08-21T02:00:00Z 31 25 24 25 18
2013-08-21T03:00:00Z 28 28 24 25 17
2013-08-21T04:00:00Z 23 24 24 28 17
2013-08-21T05:00:00Z 21 23 25 28 21
2013-08-21T06:00:00Z 23 26 25 32 26
2013-08-21T07:00:00Z 32 26 27 33 27
2013-08-21T10:00:00Z 34 24 25 27 16
2013-08-21T11:00:00Z 28 19 25 27 21
2013-08-21T12:00:00Z 23 21 25 27 17
2013-08-21T13:00:00Z -1 -1 -1 -1 -1
2013-08-21T14:00:00Z 26 21 23 22 13
2013-08-21T15:00:00Z 24 18 23 18 12
2013-08-21T16:00:00Z 22 19 23 19 14
2013-09-04T12:00:00Z 26 16 29 17 15
2013-09-04T13:00:00Z 27 16 28 19 18
2013-09-04T14:00:00Z 27 17 28 20 15
2013-09-04T15:00:00Z 20 18 27 18 17
2013-09-04T16:00:00Z 19 20 28 20 15
2013-09-04T17:00:00Z 22 19 29 23 20
2013-09-04T18:00:00Z 29 24 31 27 25
2013-09-04T19:00:00Z 24 31 31 24 26
2013-09-04T20:00:00Z 30 39 33 32 33
2013-09-04T21:00:00Z 23 38 36 32 40
2013-09-04T22:00:00Z 25 44 37 27 26
2013-09-04T23:00:00Z 28 49 37 28 26
2013-09-05T00:00:00Z 24 57 38 32 24
2013-09-05T01:00:00Z 22 55 41 32 23
2013-09-05T02:00:00Z 26 41 41 39 23
2013-09-05T03:00:00Z 27 37 43 40 25
2013-09-05T04:00:00Z 30 35 43 40 26
2013-09-05T05:00:00Z 30 37 50 38 27
2013-09-05T06:00:00Z 33 35 49 37 28
2013-09-05T07:00:00Z 34 39 55 37 37
2013-09-13T07:00:00Z 61 42 72 114 31
2013-09-13T08:00:00Z 92 62 73 97 33
2013-09-13T09:00:00Z 141 117 78 88 35
2013-09-13T10:00:00Z 183 146 82 93 51
2013-09-13T11:00:00Z 182 138 91 94 55
2013-09-13T12:00:00Z 178 138 97 91 43
2013-09-13T13:00:00Z 185 138 97 94 36
2013-09-13T14:00:00Z 185 135 97 96 32
2013-09-13T15:00:00Z 156 141 105 86 28
2013-09-13T16:00:00Z 148 146 109 83 26
2013-09-13T17:00:00Z 149 145 110 89 28
2013-09-13T18:00:00Z 151 136 116 92 35
2013-09-13T19:00:00Z 58 73 93 98 36
2013-09-13T20:00:00Z 45 63 65 109 41
2013-09-13T21:00:00Z -1 -1 -1 -1 -1
2013-09-13T22:00:00Z 24 70 47 72 47
2013-09-13T23:00:00Z 27 61 48 36 46
2013-09-14T00:00:00Z 28 58 47 28 49
2013-09-14T01:00:00Z 36 62 45 24 22
2013-09-14T02:00:00Z 34 68 45 27 17
2013-09-14T03:00:00Z 30 68 49 31 17
2013-09-14T04:00:00Z 32 96 48 38 29
2013-09-14T05:00:00Z 38 70 46 40 40
2013-09-14T06:00:00Z 35 78 42 45 44
2013-10-08T03:00:00Z 15 5 9 5 6
2013-10-08T04:00:00Z 15 5 8 5 5
2013-10-08T05:00:00Z 13 4 8 5 5
2013-10-08T06:00:00Z 13 6 8 5 4
2013-10-08T07:00:00Z 6 6 8 5 5
2013-10-08T08:00:00Z 8 6 8 6 8
2013-10-08T09:00:00Z 9 6 8 7 9
2013-10-08T10:00:00Z 7 6 8 7 10
2013-10-08T11:00:00Z 8 5 8 8 13
2013-10-08T12:00:00Z 8 8 8 8 11
2013-10-08T13:00:00Z 15 8 8 7 12
2013-10-08T14:00:00Z 14 8 8 11 11
2013-10-08T15:00:00Z 14 8 8 12 11
2013-10-08T16:00:00Z 16 9 15 12 18
2013-10-08T17:00:00Z 17 9 15 16 30
2013-10-08T18:00:00Z 24 13 15 13 46
2013-10-08T19:00:00Z 12 8 15 9 13
2013-10-08T20:00:00Z 13 9 15 9 15
2013-10-08T21:00:00Z 14 9 15 9 17
2013-10-08T22:00:00Z 15 10 16 9 18
2013-10-08T23:00:00Z 16 11 16 10 20
2013-10-17T01:00:00Z 17 28 26 36 64
2013-10-17T02:00:00Z 17 42 25 41 65
2013-10-17T03:00:00Z 23 50 27 46 71
2013-10-17T04:00:00Z 27 63 24 46 72
2013-10-17T05:00:00Z 40 72 29 52 80
2013-10-17T06:00:00Z 60 65 25 53 92
2013-10-17T07:00:00Z 58 68 25 50 84
2013-10-17T08:00:00Z 58 68 28 47 75
2013-10-17T09:00:00Z 59 64 30 38 75
2013-10-17T10:00:00Z 56 71 30 24 54
2013-10-17T11:00:00Z 39 73 26 38 33
2013-10-17T12:00:00Z 55 67 43 51 37
2013-10-17T13:00:00Z 47 61 43 46 37
2013-10-17T14:00:00Z 45 57 46 47 39
2013-10-17T15:00:00Z 45 45 48 45 38
2013-10-17T16:00:00Z 49 40 48 50 35
2013-10-17T17:00:00Z 47 27 48 46 33
2013-10-17T18:00:00Z 42 38 50 55 37
2014-02-11T08:00:00Z 43 53 64 40 38
2014-02-11T09:00:00Z 48 55 64 46 43
2014-02-11T10:00:00Z 50 59 60 43 44
2014-02-11T11:00:00Z 48 58 54 38 45
2014-02-11T12:00:00Z 47 49 47 33 41
2014-02-11T13:00:00Z 46 44 37 27 39
2014-02-11T14:00:00Z 44 47 38 -1 41
2014-02-11T15:00:00Z 45 50 46 30 -1
2014-02-11T16:00:00Z 44 49 48 31 47
2014-02-11T17:00:00Z 47 50 49 37 50
2014-02-11T18:00:00Z 48 49 57 38 54
2014-02-11T19:00:00Z 53 44 58 41 45
2014-02-11T20:00:00Z 60 38 59 43 41
2014-02-11T21:00:00Z 63 34 59 44 37
2014-02-11T22:00:00Z 61 35 56 46 38
2014-02-11T23:00:00Z 68 33 56 49 35
2014-02-12T00:00:00Z 74 32 60 50 37
2014-02-12T01:00:00Z 63 28 54 52 42
2014-02-12T02:00:00Z 44 30 63 42 45
2014-02-12T03:00:00Z 36 29 65 41 53
2014-02-12T04:00:00Z 39 32 70 39 62
2014-02-12T05:00:00Z 36 34 75 40 52
2014-02-12T06:00:00Z 37 34 79 42 45
2014-02-12T07:00:00Z 37 40 82 45 42
2014-02-12T08:00:00Z 45 42 81 48 43
2014-02-12T09:00:00Z 49 47 72 55 50
2014-02-12T10:00:00Z 56 49 44 59 49
2014-02-12T11:00:00Z 58 52 36 65 37
2014-02-13T02:00:00Z 29 32 43 49 55
2014-02-13T03:00:00Z 30 32 39 49 56
2014-02-13T04:00:00Z 26 43 41 50 61
2014-02-13T05:00:00Z 28 48 49 49 64
2014-02-13T06:00:00Z 37 49 54 49 61
2014-02-13T07:00:00Z 47 55 61 52 66
2014-02-13T08:00:00Z 55 56 68 56 77
2014-02-13T09:00:00Z 64 55 70 57 94
2014-02-13T10:00:00Z 64 47 70 64 96
2014-02-13T11:00:00Z 59 34 64 61 87
2014-02-13T12:00:00Z 65 18 51 51 76
2014-02-13T13:00:00Z 46 13 52 47 78
2014-02-13T14:00:00Z 34 14 58 47 77
2014-02-13T15:00:00Z 30 14 55 52 78
2014-02-13T16:00:00Z 24 12 47 51 83
2014-02-13T17:00:00Z 19 13 52 43 78
2014-02-13T18:00:00Z 19 17 59 33 86
2014-02-13T19:00:00Z 19 23 65 32 95
2014-02-13T20:00:00Z 22 28 69 31 101
2014-02-13T21:00:00Z 24 29 61 32 106
2014-02-13T22:00:00Z 25 34 56 39 107
2014-02-13T23:00:00Z 31 41 42 63 109
2014-02-15T09:00:00Z 65 125 115 122 147
2014-02-15T10:00:00Z 49 89 100 123 134
2014-02-15T11:00:00Z 39 42 105 123 99
2014-02-15T12:00:00Z 41 43 109 109 71
2014-02-15T13:00:00Z 45 42 108 91 77
2014-02-15T14:00:00Z 34 41 88 73 51
2014-02-15T15:00:00Z 30 45 96 59 34
2014-02-15T16:00:00Z 29 37 99 55 29
2014-02-15T17:00:00Z 29 35 78 55 33
2014-02-15T18:00:00Z 39 30 56 52 38
2014-02-15T19:00:00Z 44 30 52 54 42
2014-02-15T20:00:00Z 54 37 59 61 45
2014-02-15T21:00:00Z 49 39 54 58 39
2014-02-15T22:00:00Z 43 44 39 51 26
2014-02-15T23:00:00Z 45 43 44 45 21
2014-02-16T00:00:00Z 41 40 41 43 19
2014-02-16T01:00:00Z 35 38 40 46 24
2014-02-16T02:00:00Z 33 34 39 47 25
2014-02-16T03:00:00Z 33 30 36 49 28
2014-02-16T04:00:00Z 31 26 41 44 25
2014-02-16T05:00:00Z 34 21 46 43 26
2014-06-07T16:00:00Z -1 86 68 -1 124
2014-06-07T17:00:00Z -1 -1 -1 -1 -1
2014-06-07T18:00:00Z 74 87 74 84 70
2014-06-07T19:00:00Z 84 73 77 94 47
2014-06-07T20:00:00Z 100 72 74 73 45
2014-06-07T21:00:00Z 100 81 76 110 44
2014-06-07T22:00:00Z 79 86 85 94 43
2014-06-07T23:00:00Z -1 73 107 -1 43
2014-06-08T00:00:00Z 63 63 88 90 46
2014-06-08T01:00:00Z 50 61 80 88 43
2014-06-08T02:00:00Z 47 64 72 92 44
2014-06-08T03:00:00Z 50 61 64 95 44
2014-06-08T04:00:00Z 48 68 64 94 41
2014-06-08T05:00:00Z 46 74 68 103 49
2014-06-08T06:00:00Z -1 -1 -1 -1 -1
2014-06-08T07:00:00Z -1 -1 -1 -1 -1
2014-06-08T08:00:00Z 56 114 65 99 49
2014-06-08T09:00:00Z -1 119 65 -1 48
2014-06-08T10:00:00Z 66 109 67 110 46
2014-06-08T11:00:00Z 69 99 82 98 45
2014-06-08T12:00:00Z 77 89 89 94 43
2014-06-08T13:00:00Z 88 89 93 92 35
2014-06-08T14:00:00Z -1 86 84 -1 28
2014-06-09T23:00:00Z 33 43 34 47 38
2014-06-10T00:00:00Z 32 45 28 50 38
2014-06-10T01:00:00Z -1 41 28 -1 38
2014-06-10T02:00:00Z 31 37 32 50 42
2014-06-10T03:00:00Z -1 36 28 47 43
2014-06-10T04:00:00Z 35 33 28 -1 43
2014-06-10T05:00:00Z 33 39 28 48 44
2014-06-10T06:00:00Z -1 44 35 -1 42
2014-06-10T07:00:00Z 34 50 33 51 41
2014-06-10T08:00:00Z 35 47 31 51 43
2014-06-10T09:00:00Z 39 45 31 48 39
2014-06-10T10:00:00Z -1 41 39 -1 41
2014-06-10T11:00:00Z 53 39 42 44 42
2014-06-10T12:00:00Z 50 36 46 43 45
2014-06-10T13:00:00Z 48 34 47 45 36
2014-06-10T14:00:00Z 52 32 43 64 33
2014-06-10T15:00:00Z -1 30 46 -1 28
2014-06-10T16:00:00Z 44 26 45 65 27
2014-06-10T17:00:00Z -1 26 40 -1 23
2014-06-10T18:00:00Z 47 24 45 54 23
2014-06-10T19:00:00Z 51 31 46 46 26
2014-06-10T20:00:00Z 42 31 41 40 27
2014-06-10T21:00:00Z -1 33 33 -1 27
2014-06-10T22:00:00Z 30 41 33 40 31
2014-06-11T01:00:00Z 37 48 37 38 28
2014-06-11T02:00:00Z -1 45 40 -1 28
2014-06-11T03:00:00Z 42 57 42 45 29
2014-06-11T04:00:00Z 41 58 45 55 31
2014-06-11T05:00:00Z 44 61 46 60 32
2014-06-11T06:00:00Z 46 57 42 61 37
2014-06-18T17:00:00Z 70 32 69 80 13
2014-06-18T18:00:00Z 74 34 70 81 14
2014-06-18T19:00:00Z 66 31 71 69 11
2014-06-20T11:00:00Z 25 47 69 67 28
2014-06-20T12:00:00Z 33 48 62 64 33
2014-06-20T13:00:00Z 36 47 52 66 38
2014-06-20T14:00:00Z 40 44 51 63 38
2014-06-20T15:00:00Z 48 38 59 61 42
2014-06-20T16:00:00Z 53 42 71 63 47
2014-06-20T17:00:00Z 61 43 70 67 42
2014-06-20T18:00:00Z 67 43 66 68 44
2014-06-20T19:00:00Z 69 45 69 67 46
2014-06-20T20:00:00Z 71 52 62 61 59
2014-06-20T21:00:00Z -1 49 41 59 65
2014-06-20T22:00:00Z 61 44 23 -1 46
2014-06-20T23:00:00Z 76 32 47 59 28
2014-06-21T00:00:00Z 82 33 33 61 22
2014-06-21T01:00:00Z 78 31 38 84 21
2014-06-21T02:00:00Z 65 33 49 83 14
2014-06-21T03:00:00Z -1 26 53 -1 16
2014-06-21T04:00:00Z 54 22 47 65 18
2014-06-21T05:00:00Z 49 31 36 66 22
2014-06-21T06:00:00Z 51 27 27 59 21
2014-06-21T07:00:00Z -1 26 19 -1 23
2014-06-21T10:00:00Z 19 26 13 52 17
2014-06-21T11:00:00Z 18 25 13 49 31
2014-06-21T12:00:00Z -1 22 16 -1 20
2014-06-21T13:00:00Z 32 21 16 47 18
2014-06-21T14:00:00Z -1 -1 -1 -1 -1
2014-06-25T18:00:00Z 34 31 43 36 75
2014-06-26T08:00:00Z 32 13 32 24 28
2014-06-26T09:00:00Z 28 11 35 24 30
2014-06-26T10:00:00Z 27 14 44 24 22
2014-06-26T13:00:00Z 26 24 41 21 25
2014-06-26T14:00:00Z 29 21 31 17 17
2014-06-26T15:00:00Z 26 -1 -1 22 -1
2014-06-26T16:00:00Z -1 13 14 -1 10
2014-06-26T17:00:00Z 24 14 13 21 14
2014-06-26T18:00:00Z 21 16 13 21 17
2014-06-26T19:00:00Z 22 17 14 21 18
2014-06-26T20:00:00Z 25 15 17 25 17
2014-06-26T21:00:00Z 32 21 19 26 20
2014-06-26T22:00:00Z 34 23 16 33 19
2014-06-26T23:00:00Z 31 20 15 36 17
2014-06-27T00:00:00Z 24 22 15 36 11
2014-06-27T01:00:00Z 26 22 17 37 9
2014-06-27T02:00:00Z 21 17 23 37 7
2014-06-27T03:00:00Z 21 15 25 31 7
2014-06-27T04:00:00Z -1 18 25 29 10
2014-06-27T05:00:00Z 46 17 19 30 13
2014-06-27T06:00:00Z 46 14 18 29 11
2014-06-27T07:00:00Z 43 15 27 23 15
2014-06-27T08:00:00Z 47 16 29 23 14
2014-08-23T05:00:00Z 50 44 44 38 48
2014-08-23T06:00:00Z -1 50 50 -1 58
2014-08-23T07:00:00Z 54 58 57 46 67
2014-08-23T08:00:00Z 56 65 67 55 74
2014-08-23T09:00:00Z 62 68 73 60 82
2014-08-23T10:00:00Z 68 -1 -1 60 -1
2014-08-23T11:00:00Z 65 64 61 61 80
2014-08-23T12:00:00Z 63 59 43 57 81
2014-08-23T13:00:00Z 64 46 40 49 70
2014-08-23T14:00:00Z 71 43 43 37 61
2014-08-23T17:00:00Z 61 55 38 40 62
2014-08-23T18:00:00Z 77 56 36 47 54
2014-08-23T19:00:00Z 80 52 37 43 47
2014-08-23T20:00:00Z 91 46 39 34 41
2014-08-23T21:00:00Z 108 40 36 33 40
2014-08-23T22:00:00Z 91 29 34 23 43
2014-08-23T23:00:00Z 76 24 34 27 42
2014-08-24T00:00:00Z -1 24 34 -1 42
2014-08-24T01:00:00Z 66 17 36 32 44
2014-08-24T02:00:00Z -1 22 37 -1 48
2014-08-24T03:00:00Z 45 32 36 23 47
2014-08-24T04:00:00Z -1 -1 -1 -1 -1
2014-08-24T05:00:00Z 50 44 37 44 49
2014-08-24T06:00:00Z 62 43 38 49 47
2014-08-24T07:00:00Z 73 50 41 53 50
2014-08-24T08:00:00Z -1 54 44 -1 46
2014-08-24T09:00:00Z 106 62 40 63 43
2014-08-24T10:00:00Z 94 70 39 62 46
2014-08-24T11:00:00Z 78 92 37 52 46
2014-08-24T12:00:00Z 74 112 37 38 45
2014-08-24T13:00:00Z 74 126 37 33 38
2014-08-24T14:00:00Z 56 122 37 32 24
2014-08-24T15:00:00Z 40 117 37 34 20
2014-09-09T20:00:00Z 49 34 52 65 57
2014-09-09T21:00:00Z 42 37 52 65 54
2014-09-09T22:00:00Z 47 37 49 57 60
2014-09-09T23:00:00Z 49 42 49 45 69
2014-09-10T00:00:00Z 45 39 47 43 72
2014-09-10T01:00:00Z 42 43 49 42 60
2014-09-10T02:00:00Z 37 41 49 45 56
2014-09-10T03:00:00Z 38 45 48 46 56
2014-09-10T04:00:00Z 39 50 47 47 49
2014-09-10T05:00:00Z 43 49 48 45 50
2014-09-10T06:00:00Z 45 42 50 50 53
2014-09-10T07:00:00Z 51 48 52 51 60
2014-09-10T08:00:00Z -1 51 52 -1 72
2014-09-10T09:00:00Z 48 56 43 52 74
2014-09-10T10:00:00Z 42 60 39 53 74
2014-09-10T11:00:00Z 39 -1 -1 49 -1
2014-09-10T12:00:00Z -1 65 38 -1 62
2014-09-10T13:00:00Z 54 87 34 50 59
2014-09-10T14:00:00Z 75 81 30 55 61
2014-09-10T15:00:00Z -1 79 31 -1 55
2014-09-10T16:00:00Z 82 67 34 79 29
2014-09-10T17:00:00Z 97 56 46 85 15
2014-09-10T18:00:00Z -1 56 57 -1 9
2014-09-10T19:00:00Z 114 66 61 107 10
2014-10-08T01:00:00Z 32 43 37 54 36
2014-10-08T02:00:00Z 28 45 34 -1 38
2014-10-08T03:00:00Z 27 43 38 54 38
2014-10-08T04:00:00Z 29 46 39 50 39
2014-10-08T05:00:00Z 35 45 39 45 35
2014-10-08T06:00:00Z 40 50 40 64 43
2014-10-08T07:00:00Z 53 50 40 64 47
2014-10-08T08:00:00Z 64 60 39 52 49
2014-10-08T09:00:00Z -1 58 33 -1 41
2014-10-08T10:00:00Z 31 38 31 -1 32
2014-10-08T11:00:00Z -1 -1 -1 -1 -1
2014-10-08T12:00:00Z 27 23 32 33 22
2014-10-08T13:00:00Z 25 23 33 37 20
2014-10-08T14:00:00Z 20 23 32 33 21
2014-10-08T15:00:00Z 25 23 33 22 20
2014-10-08T16:00:00Z 24 24 34 -1 20
2014-10-08T17:00:00Z 30 25 33 22 20
2014-10-08T18:00:00Z 37 29 34 24 21
2014-10-08T19:00:00Z 36 32 34 33 22
2014-10-08T20:00:00Z 38 34 37 46 17
2014-10-08T21:00:00Z 37 39 36 56 24
2014-10-08T22:00:00Z 35 41 32 49 25
2014-10-08T23:00:00Z 31 41 30 38 22
2014-10-09T00:00:00Z 32 41 31 39 23
2014-10-09T01:00:00Z -1 44 32 -1 23
