2013-06-10T23:00:00Z 83 133 68 77 94
2013-06-11T00:00:00Z 65 109 95 72 94
2013-06-11T01:00:00Z 67 116 55 59 98
2013-06-11T02:00:00Z 62 137 55 87 117
2013-06-11T03:00:00Z 67 134 88 93 74
2013-06-11T04:00:00Z 71 137 89 100 51
2013-06-11T05:00:00Z 70 146 54 98 41
2013-06-11T06:00:00Z 72 154 76 104 41
2013-06-11T07:00:00Z 74 169 94 93 39
2013-06-11T08:00:00Z 84 145 115 99 52
2013-06-11T09:00:00Z 96 111 100 112 55
2013-06-11T10:00:00Z 116 102 140 148 58
2013-06-11T11:00:00Z 139 99 72 103 74
2013-06-11T12:00:00Z 176 144 113 66 84
2013-06-11T13:00:00Z 180 116 126 50 77
2013-06-11T14:00:00Z 151 111 96 50 86
2013-06-11T15:00:00Z 180 103 60 55 110
2013-06-11T16:00:00Z 172 94 63 61 102
2013-06-11T17:00:00Z 114 101 61 65 78
2013-06-11T18:00:00Z 96 140 63 74 75
2013-06-11T19:00:00Z 89 171 59 70 71
2013-06-11T20:00:00Z 90 170 56 56 77
2013-06-11T21:00:00Z 97 175 49 58 78
2013-06-11T22:00:00Z 98 188 46 50 82
2013-11-14T09:00:00Z 48 77 68 86 83
2013-11-14T10:00:00Z 58 114 49 93 85
2013-11-14T11:00:00Z 82 106 57 107 86
2013-11-14T12:00:00Z 91 97 61 115 101
2013-11-14T13:00:00Z 73 92 69 130 106
2013-11-14T14:00:00Z 79 114 86 -1 -1
2013-11-14T15:00:00Z 84 125 86 124 -1
2013-11-14T16:00:00Z 92 133 89 122 138
2013-11-14T17:00:00Z 134 109 97 114 122
2013-11-14T18:00:00Z 137 118 113 124 120
2013-11-14T19:00:00Z 135 117 115 134 157
2013-11-14T20:00:00Z 128 133 106 134 107
2013-11-14T21:00:00Z 118 144 110 126 130
2013-11-14T22:00:00Z 126 155 115 125 -1
2013-11-14T23:00:00Z 114 172 111 125 126
2013-11-15T00:00:00Z 112 161 109 126 128
2013-11-15T01:00:00Z 116 156 101 123 131
2013-11-15T02:00:00Z 127 153 97 122 144
2013-11-15T03:00:00Z 120 147 94 121 161
2013-11-15T04:00:00Z 113 150 89 115 181
2013-11-15T05:00:00Z 108 151 86 114 193
2013-11-15T06:00:00Z 109 153 80 114 208
2013-11-15T07:00:00Z 111 162 75 113 209
2013-11-18T20:00:00Z 75 51 92 95 90
2013-11-18T21:00:00Z 64 68 90 76 107
2013-11-18T22:00:00Z 68 72 95 91 110
2013-11-18T23:00:00Z 74 75 90 112 123
2013-11-19T00:00:00Z 82 93 89 115 130
2013-11-19T01:00:00Z 86 104 98 109 132
2013-11-19T02:00:00Z 88 99 103 131 163
2013-11-19T03:00:00Z 95 104 102 113 194
2013-11-19T04:00:00Z 102 118 99 130 167
2013-11-19T05:00:00Z 93 122 95 130 156
2013-11-19T06:00:00Z 97 144 93 162 146
2013-11-19T07:00:00Z 100 149 91 148 133
2013-11-20T09:00:00Z 189 221 161 183 146
2013-11-20T10:00:00Z 208 222 170 191 169
2013-11-20T11:00:00Z 236 208 153 175 160
2013-11-20T12:00:00Z 208 187 91 156 158
2013-11-20T13:00:00Z 170 164 61 138 139
2013-11-20T14:00:00Z 159 104 63 119 124
2013-11-20T15:00:00Z 145 92 40 117 119
2013-11-20T16:00:00Z 126 96 39 112 119
2013-11-20T17:00:00Z 111 106 84 108 114
2013-11-20T18:00:00Z 113 131 181 123 111
2013-11-20T19:00:00Z 143 182 209 154 122
2013-11-20T20:00:00Z 169 191 180 176 130
2013-11-20T21:00:00Z 186 174 225 191 105
2013-11-25T07:00:00Z 45 58 20 45 64
2013-11-25T08:00:00Z 47 65 21 53 65
2013-11-25T09:00:00Z 52 65 20 56 73
2013-11-25T10:00:00Z 51 67 20 60 70
2013-11-25T11:00:00Z 55 72 23 47 68
2013-11-25T12:00:00Z 60 75 31 57 65
2013-11-25T13:00:00Z 62 80 35 49 67
2013-11-25T14:00:00Z 64 82 37 61 68
2013-11-25T15:00:00Z 63 80 41 63 65
2013-11-25T16:00:00Z 61 73 44 62 63
2013-11-25T17:00:00Z 60 71 50 63 59
2013-11-25T18:00:00Z 63 71 54 69 73
2013-11-25T19:00:00Z 66 76 60 77 80
2013-11-25T20:00:00Z 71 62 73 88 92
2013-11-25T21:00:00Z 72 88 83 83 104
2013-11-25T22:00:00Z 69 85 80 112 103
2013-11-25T23:00:00Z 73 93 80 107 86
2013-11-26T00:00:00Z 77 93 78 105 78
2013-11-26T01:00:00Z 75 90 78 108 94
2013-11-26T02:00:00Z 73 91 73 120 100
2013-11-26T03:00:00Z 83 92 68 117 105
2013-11-26T04:00:00Z 80 98 66 109 113
2013-11-26T05:00:00Z 77 107 65 101 115
2013-11-30T05:00:00Z 100 85 75 67 111
2013-11-30T06:00:00Z 108 84 75 77 110
2013-11-30T07:00:00Z 110 88 82 85 116
2013-11-30T08:00:00Z 115 93 104 106 120
2013-11-30T09:00:00Z 151 100 118 112 138
2013-11-30T10:00:00Z 179 97 96 100 153
2013-11-30T11:00:00Z 168 97 83 80 136
2013-11-30T12:00:00Z 159 102 55 59 119
2013-11-30T13:00:00Z 125 80 42 47 120
2013-11-30T14:00:00Z 101 82 37 47 95
2013-11-30T15:00:00Z 62 84 39 46 65
2013-11-30T18:00:00Z 53 84 88 74 82
2013-11-30T19:00:00Z 64 88 109 96 113
2013-11-30T20:00:00Z 92 95 89 108 166
2013-11-30T21:00:00Z 106 94 90 102 246
2013-11-30T22:00:00Z 127 93 92 116 288
2013-11-30T23:00:00Z 152 97 105 117 332
2013-12-01T00:00:00Z 162 108 93 124 389
2013-12-01T01:00:00Z 164 115 89 125 325
2013-12-01T02:00:00Z 154 147 103 132 261
2013-12-01T03:00:00Z 133 184 110 135 272
2013-12-01T04:00:00Z 138 184 119 132 255
2013-12-01T05:00:00Z 136 195 127 121 260
2013-12-08T08:00:00Z 188 110 377 214 110
2013-12-08T09:00:00Z 194 98 432 226 111
2013-12-08T10:00:00Z 225 105 489 252 129
2013-12-08T11:00:00Z 261 176 348 277 154
2013-12-08T12:00:00Z 275 227 531 286 176
2013-12-08T13:00:00Z 259 241 513 299 193
2013-12-08T14:00:00Z 254 218 494 304 208
2013-12-08T15:00:00Z 258 188 442 322 233
2013-12-08T16:00:00Z 268 175 430 350 254
2013-12-08T17:00:00Z 278 181 420 377 257
2013-12-04T14:00:00Z 119 109 313 124 329
2013-12-04T15:00:00Z 98 98 254 162 247
2013-12-04T16:00:00Z 88 102 220 142 165
2013-12-04T17:00:00Z 90 115 235 148 153
2013-12-04T18:00:00Z 95 143 261 182 225
2013-12-04T19:00:00Z 155 183 270 254 339
2013-12-04T20:00:00Z 246 208 258 286 -1
2013-12-04T21:00:00Z 334 246 271 310 -1
2013-12-04T22:00:00Z 357 259 287 333 -1
2013-12-04T23:00:00Z 330 264 285 332 422
2013-12-23T21:00:00Z 120 137 137 138 220
2013-12-23T22:00:00Z 136 134 131 137 211
2013-12-23T23:00:00Z 141 136 129 133 238
2013-12-24T00:00:00Z 133 139 133 142 263
2013-12-24T01:00:00Z 122 142 138 157 301
2013-12-24T02:00:00Z 130 138 149 162 251
2013-12-24T03:00:00Z 135 163 160 166 235
2013-12-24T04:00:00Z 136 166 160 178 238
2013-12-24T05:00:00Z 132 169 156 188 247
2013-12-24T06:00:00Z 146 181 149 191 268
2013-12-24T07:00:00Z 171 188 147 198 258
2013-12-24T08:00:00Z 197 196 148 224 274
2013-12-24T09:00:00Z 211 195 161 245 308
2013-12-24T10:00:00Z 216 191 161 236 323
2013-12-24T11:00:00Z 239 200 184 209 310
2013-12-24T12:00:00Z 230 193 169 193 285
2013-12-24T13:00:00Z 178 149 150 167 237
2013-12-24T14:00:00Z 173 156 144 157 208
2013-12-24T17:00:00Z 155 179 139 170 232
2013-12-24T18:00:00Z 141 191 191 197 260
2013-12-24T19:00:00Z 162 215 211 222 263
2013-12-25T18:00:00Z -1 -1 -1 -1 -1
2013-12-25T19:00:00Z 195 248 217 266 280
2013-12-25T20:00:00Z 212 273 230 274 319
2013-12-25T21:00:00Z 214 298 231 287 -1
2013-12-25T22:00:00Z 209 319 223 300 318
2013-12-25T23:00:00Z 235 333 207 302 329
2013-12-26T00:00:00Z 246 341 208 308 344
2013-12-26T01:00:00Z 260 340 238 305 355
2013-12-26T02:00:00Z 271 344 237 293 311
2013-12-26T03:00:00Z 270 338 239 322 312
2013-12-26T04:00:00Z 279 336 234 319 313
2013-12-26T05:00:00Z 301 327 249 310 307
2013-12-26T06:00:00Z 339 318 257 285 318
2013-12-28T09:00:00Z 92 81 75 114 111
2013-12-28T10:00:00Z 98 83 69 119 123
2013-12-28T11:00:00Z 86 84 63 108 117
2013-12-28T12:00:00Z 68 75 56 103 99
2013-12-28T13:00:00Z 62 79 52 83 96
2013-12-28T14:00:00Z 59 88 53 77 92
2013-12-28T15:00:00Z 61 87 52 79 86
2013-12-28T16:00:00Z 68 76 63 81 81
2013-12-28T17:00:00Z 76 73 63 81 84
2013-12-28T18:00:00Z 76 83 70 81 102
2013-12-28T19:00:00Z 76 88 102 94 113
2013-12-28T20:00:00Z 93 103 106 104 130
2013-12-28T21:00:00Z 102 110 100 123 139
2013-12-28T22:00:00Z 109 117 92 128 138
2013-12-28T23:00:00Z 113 119 89 132 147
2013-12-29T00:00:00Z 116 123 93 129 149
2013-12-29T01:00:00Z 118 134 102 135 155
2013-12-29T02:00:00Z 94 126 112 130 161
2013-12-29T03:00:00Z 100 134 120 145 166
2013-12-29T04:00:00Z 121 144 126 149 163
2013-12-29T05:00:00Z 131 150 121 155 168
2013-12-29T06:00:00Z 140 162 123 159 180
2013-12-29T07:00:00Z 145 165 124 158 163
2013-12-31T12:00:00Z 79 151 67 90 126
2013-12-31T13:00:00Z 67 122 49 89 122
2013-12-31T14:00:00Z 60 92 44 82 108
2013-12-31T15:00:00Z 60 81 38 77 83
2013-12-31T16:00:00Z 57 89 30 75 90
2013-12-31T17:00:00Z 47 92 33 87 97
2013-12-31T18:00:00Z 47 100 51 99 103
2013-12-31T19:00:00Z 68 115 63 109 124
2013-12-31T20:00:00Z 88 136 75 107 152
2013-12-31T21:00:00Z 86 146 73 119 166
2014-01-02T12:00:00Z 152 176 189 182 118
2014-01-02T13:00:00Z 141 121 140 137 111
2014-01-02T14:00:00Z 132 95 191 141 107
2014-01-02T15:00:00Z 119 77 294 135 112
2014-01-02T16:00:00Z 94 69 251 122 109
2014-01-02T17:00:00Z 74 73 224 120 108
2014-01-02T18:00:00Z 74 80 220 144 106
2014-01-02T19:00:00Z 92 103 219 158 105
2014-01-02T20:00:00Z 102 113 245 169 114
2014-01-02T21:00:00Z 102 114 255 150 121
2014-01-02T22:00:00Z 100 115 240 144 117
2014-01-02T23:00:00Z 101 111 230 133 115
2014-01-03T00:00:00Z 103 114 243 137 110
2014-01-03T01:00:00Z 100 145 232 137 106
2014-01-03T02:00:00Z 94 157 237 141 110
2014-01-03T03:00:00Z 102 159 258 157 106
2014-01-03T04:00:00Z 106 155 230 161 107
2014-01-03T05:00:00Z 117 156 205 175 106
2014-01-03T06:00:00Z 120 152 195 165 91
2014-01-03T07:00:00Z 133 152 203 195 107
2014-01-12T02:00:00Z 76 85 66 77 91
2014-01-12T03:00:00Z 77 93 61 78 94
2014-01-12T04:00:00Z 75 92 65 78 101
2014-01-12T05:00:00Z 75 93 78 79 114
2014-01-12T06:00:00Z 78 99 73 77 122
2014-01-12T07:00:00Z 79 105 63 75 126
2014-01-12T08:00:00Z -1 -1 -1 -1 -1
2014-01-12T09:00:00Z 87 117 57 96 157
2014-01-12T10:00:00Z 103 129 45 113 166
2014-01-12T11:00:00Z 127 124 41 123 172
2014-01-12T12:00:00Z 136 122 42 148 163
2014-01-12T13:00:00Z -1 -1 -1 -1 -1
2014-01-12T14:00:00Z 134 120 56 107 179
2014-01-12T15:00:00Z 105 129 73 96 187
2014-01-12T16:00:00Z 98 145 94 107 205
2014-01-12T17:00:00Z 122 156 92 126 221
2014-01-12T18:00:00Z 142 163 71 151 241
2014-01-16T19:00:00Z 82 81 146 84 120
2014-01-16T20:00:00Z 98 97 133 103 117
2014-01-16T21:00:00Z 101 125 149 121 101
2014-01-16T22:00:00Z 100 126 161 128 99
2014-01-16T23:00:00Z 98 115 168 136 95
2014-01-17T00:00:00Z 105 103 164 141 84
2014-01-17T01:00:00Z 109 107 163 143 93
2014-01-17T02:00:00Z 110 110 152 136 83
2014-01-17T03:00:00Z 111 112 152 145 88
2014-01-17T04:00:00Z 112 114 151 150 84
2014-01-17T05:00:00Z 112 118 142 153 77
2014-01-17T06:00:00Z 121 122 138 158 79
2014-01-17T07:00:00Z 121 131 135 171 92
2014-01-17T08:00:00Z 132 139 137 195 79
2014-01-17T09:00:00Z 148 145 141 212 67
2014-01-17T10:00:00Z 157 169 136 212 83
2014-01-17T11:00:00Z 147 156 130 163 113
2014-01-17T12:00:00Z 139 134 118 171 141
2014-01-17T13:00:00Z 133 169 119 152 109
2014-01-17T14:00:00Z -1 -1 -1 -1 -1
2014-01-17T15:00:00Z 119 208 122 125 115
2014-01-17T16:00:00Z -1 -1 -1 -1 -1
2014-01-17T17:00:00Z 131 163 152 134 115
2014-01-17T18:00:00Z 135 158 162 151 123
2014-01-19T10:00:00Z 197 142 293 271 235
2014-01-19T11:00:00Z 192 138 331 251 239
2014-01-19T12:00:00Z 183 114 310 241 226
2014-01-19T13:00:00Z 187 101 285 217 192
2014-01-19T14:00:00Z 178 105 293 203 181
2014-01-19T15:00:00Z -1 -1 -1 -1 -1
2014-01-19T16:00:00Z 151 127 237 184 171
2014-01-19T17:00:00Z 146 128 181 197 176
2014-01-19T18:00:00Z 137 146 174 204 211
2014-01-29T01:00:00Z 71 35 71 77 13
2014-01-29T02:00:00Z 66 30 71 68 10
2014-01-29T03:00:00Z 63 27 71 61 11
2014-01-29T04:00:00Z 62 25 67 57 13
2014-01-29T05:00:00Z 59 27 67 53 15
2014-01-29T06:00:00Z 59 26 66 55 19
2014-01-29T07:00:00Z 56 27 67 61 12
2014-01-29T08:00:00Z 56 35 69 63 15
2014-01-29T09:00:00Z 58 38 69 60 21
2014-01-29T10:00:00Z 63 54 73 63 30
2014-01-29T11:00:00Z 63 58 86 65 35
2014-01-29T12:00:00Z 57 59 90 68 47
2014-01-29T13:00:00Z -1 -1 -1 -1 -1
2014-01-29T14:00:00Z 64 66 109 73 49
2014-01-29T15:00:00Z 69 64 105 80 64
2014-01-29T16:00:00Z 76 70 96 89 61
2014-01-29T17:00:00Z 85 76 90 93 56
2014-01-29T18:00:00Z 99 79 93 101 86
2014-01-29T19:00:00Z 107 95 101 107 123
2014-01-29T20:00:00Z 114 112 107 118 129
2014-01-29T21:00:00Z 117 125 107 123 120
2014-01-29T22:00:00Z 124 131 110 127 116
2014-01-29T23:00:00Z 123 137 117 125 115
2014-01-31T19:00:00Z 158 131 240 179 244
2014-01-31T20:00:00Z 125 132 215 180 218
2014-01-31T21:00:00Z 108 132 177 188 179
2014-01-31T22:00:00Z 100 129 156 173 166
2014-01-31T23:00:00Z 86 106 140 141 159
2014-02-01T04:00:00Z 70 73 83 77 136
2014-02-01T05:00:00Z -1 72 -1 77 125
2014-02-01T06:00:00Z 63 68 92 77 112
2014-02-01T07:00:00Z -1 -1 -1 -1 -1
2014-02-01T08:00:00Z 59 59 160 74 104
2014-02-01T09:00:00Z 57 58 173 72 99
2014-02-01T10:00:00Z 64 58 167 74 105
2014-02-01T11:00:00Z 67 61 133 80 111
2014-02-01T12:00:00Z 63 61 102 85 123
2014-02-01T13:00:00Z 66 66 75 88 140
2014-02-01T14:00:00Z 67 75 58 86 160
2014-02-01T15:00:00Z 65 83 57 85 178
2014-02-01T16:00:00Z 69 91 57 94 191
2014-02-01T17:00:00Z 79 106 64 123 187
2014-02-01T18:00:00Z 89 117 73 140 181
2014-02-01T19:00:00Z 102 146 85 148 188
2014-02-01T20:00:00Z 125 174 102 160 155
2014-02-01T21:00:00Z 133 194 107 177 121
2014-02-19T05:00:00Z 50 36 82 47 57
2014-02-19T06:00:00Z 57 36 86 54 64
2014-02-19T07:00:00Z 60 40 91 73 77
2014-02-19T08:00:00Z 56 42 98 93 91
2014-02-19T09:00:00Z 47 54 104 103 100
2014-02-19T10:00:00Z 73 71 103 103 101
2014-02-19T11:00:00Z 91 71 108 103 81
2014-02-19T12:00:00Z 99 61 108 109 66
2014-02-19T13:00:00Z -1 -1 -1 -1 -1
2014-02-19T14:00:00Z 126 43 86 95 59
2014-02-19T15:00:00Z 129 47 72 90 64
2014-02-19T16:00:00Z 114 62 67 87 75
2014-02-19T17:00:00Z 100 70 67 90 72
2014-02-19T18:00:00Z 95 74 70 82 77
2014-02-19T19:00:00Z 94 76 69 84 94
2014-02-19T20:00:00Z 99 80 72 88 111
2014-02-19T21:00:00Z 97 89 69 93 96
2014-03-08T01:00:00Z 33 71 23 42 52
2014-03-08T02:00:00Z 45 78 26 49 44
2014-03-08T03:00:00Z 59 77 27 59 59
2014-03-08T04:00:00Z 69 78 27 70 52
2014-03-08T05:00:00Z 76 81 33 80 57
2014-03-08T06:00:00Z 81 82 39 99 65
2014-03-08T07:00:00Z 89 79 44 88 73
2014-03-08T08:00:00Z 97 72 50 94 73
2014-03-08T09:00:00Z 92 71 53 100 85
2014-03-08T13:00:00Z 73 26 63 83 39
2014-03-08T14:00:00Z 49 28 44 78 35
2014-03-08T17:00:00Z 39 25 27 40 23
2014-03-08T18:00:00Z 38 23 27 42 23
2014-03-08T19:00:00Z 34 26 29 44 30
2014-03-08T20:00:00Z 36 42 29 51 45
2014-03-08T21:00:00Z 40 51 32 54 51
2014-03-09T09:00:00Z 88 130 55 96 109
2014-03-09T10:00:00Z 62 137 49 88 104
2014-03-09T11:00:00Z 50 111 37 63 93
2014-03-09T12:00:00Z 45 104 36 54 92
2014-03-09T13:00:00Z 44 94 37 64 98
2014-03-09T14:00:00Z 46 100 32 68 103
2014-03-09T15:00:00Z 62 105 26 76 98
2014-03-09T16:00:00Z 76 109 36 79 92
2014-03-16T21:00:00Z 62 77 82 84 112
2014-03-16T22:00:00Z 53 71 107 76 118
2014-03-16T23:00:00Z 54 76 121 67 93
2014-03-17T00:00:00Z 52 73 131 71 77
2014-03-17T01:00:00Z 54 70 143 73 80
2014-03-17T02:00:00Z 56 68 150 69 75
2014-03-17T03:00:00Z 61 64 143 70 83
2014-03-17T04:00:00Z 65 68 142 76 84
2014-03-17T05:00:00Z 69 72 132 85 86
2014-03-17T06:00:00Z 73 76 123 89 92
2014-03-17T07:00:00Z 77 83 113 95 98
2014-03-17T08:00:00Z 85 91 103 102 113
2014-03-17T09:00:00Z 96 101 102 115 130
2014-03-17T10:00:00Z 108 113 98 102 134
2014-03-17T11:00:00Z 127 122 61 76 124
2014-03-17T12:00:00Z 132 119 43 51 94
2014-03-17T13:00:00Z -1 -1 -1 -1 -1
2014-03-17T14:00:00Z 50 108 37 42 87
2014-03-17T15:00:00Z 50 82 36 42 91
2014-03-17T16:00:00Z 51 77 35 41 88
2014-03-17T17:00:00Z 50 75 41 42 80
2014-03-17T18:00:00Z 51 76 49 44 77
2014-03-17T19:00:00Z 56 83 57 46 79
2014-03-17T20:00:00Z 72 93 57 60 98
2014-04-16T11:00:00Z -1 -1 -1 -1 -1
2014-04-16T12:00:00Z 45 37 66 45 34
2014-04-16T13:00:00Z 50 45 68 45 38
2014-04-16T14:00:00Z 55 53 59 50 35
2014-04-16T15:00:00Z 59 52 59 61 48
2014-04-16T16:00:00Z 63 57 60 72 42
2014-04-16T17:00:00Z 68 63 57 87 37
2014-04-16T18:00:00Z 72 71 54 96 34
2014-04-16T19:00:00Z 83 78 56 99 37
2014-04-16T20:00:00Z 89 86 60 88 41
2014-04-16T21:00:00Z 87 93 64 90 38
2014-04-16T22:00:00Z 91 96 71 96 43
2014-04-16T23:00:00Z 92 95 76 109 40
2014-04-17T00:00:00Z 102 97 78 108 43
2014-04-17T01:00:00Z 108 101 76 113 39
2014-04-17T02:00:00Z 111 104 78 113 47
2014-04-17T03:00:00Z 115 111 81 113 64
2014-04-17T04:00:00Z 117 115 82 121 63
2014-04-17T05:00:00Z 112 118 88 124 64
2014-04-17T06:00:00Z 116 117 95 123 73
2014-04-17T07:00:00Z 111 117 106 121 72
2014-04-17T08:00:00Z 115 110 116 101 79
2014-05-20T16:00:00Z 142 60 74 103 82
2014-05-20T17:00:00Z 132 61 74 101 72
2014-05-20T18:00:00Z 127 63 83 97 63
2014-05-20T19:00:00Z 128 51 96 94 46
2014-05-20T20:00:00Z 133 31 112 107 32
2014-05-20T21:00:00Z 152 34 118 123 38
2014-05-20T22:00:00Z 155 41 100 139 37
2014-05-20T23:00:00Z 160 34 94 141 28
2014-05-21T00:00:00Z 136 39 104 150 31
2014-05-21T01:00:00Z 126 35 112 142 34
2014-05-21T02:00:00Z 107 49 118 134 51
2014-05-21T03:00:00Z 99 59 110 139 67
2014-05-21T04:00:00Z 94 64 116 154 92
2014-05-21T05:00:00Z 89 69 117 140 92
2014-05-21T06:00:00Z 87 88 125 161 99
2014-05-21T07:00:00Z 89 93 130 172 110
2014-05-21T08:00:00Z 93 103 170 180 117
2014-05-21T09:00:00Z 115 125 187 163 124
2014-05-21T10:00:00Z 145 140 163 152 118
2014-05-25T20:00:00Z 70 80 62 52 76
2014-05-25T21:00:00Z 74 87 58 61 85
2014-05-25T22:00:00Z 79 95 54 72 100
2014-05-25T23:00:00Z 86 98 58 82 105
2014-05-26T00:00:00Z 86 102 61 91 100
2014-05-26T01:00:00Z 93 102 65 103 100
2014-05-26T02:00:00Z 90 102 72 112 107
2014-05-26T03:00:00Z 94 99 76 110 109
2014-05-26T04:00:00Z 98 125 77 111 108
2014-05-26T05:00:00Z 104 135 73 106 110
2014-05-25T01:00:00Z 46 39 88 65 63
2014-05-25T02:00:00Z 45 40 85 68 74
2014-05-25T03:00:00Z 40 39 72 76 79
2014-05-25T04:00:00Z 42 36 66 85 87
2014-05-25T05:00:00Z 41 40 103 85 94
2014-05-25T06:00:00Z 42 45 98 92 86
2014-05-25T07:00:00Z 50 48 84 114 64
2014-05-25T08:00:00Z 64 53 78 139 50
2014-05-25T09:00:00Z 82 93 72 128 39
2014-05-25T10:00:00Z 87 142 70 113 32
2014-05-25T11:00:00Z 119 154 59 83 36
2014-05-25T12:00:00Z 162 123 60 68 44
2014-05-27T12:00:00Z 87 96 68 89 88
2014-05-27T13:00:00Z 73 90 70 70 88
2014-05-27T14:00:00Z 79 88 65 72 80
2014-05-27T15:00:00Z 77 88 57 66 76
2014-05-27T16:00:00Z -1 -1 -1 -1 -1
2014-05-27T17:00:00Z 71 87 69 78 84
2014-05-27T18:00:00Z 72 88 85 86 102
2014-05-27T19:00:00Z -1 96 115 -1 87
2014-05-28T15:00:00Z 109 -1 -1 86 -1
2014-05-28T16:00:00Z -1 62 128 -1 22
2014-05-28T17:00:00Z 126 65 133 69 21
2014-05-28T18:00:00Z 130 60 138 85 17
2014-05-28T19:00:00Z 130 58 148 97 32
2014-05-28T20:00:00Z 138 40 162 111 24
2014-05-28T21:00:00Z 144 47 180 108 24
2014-05-28T22:00:00Z -1 79 173 -1 33
2014-05-28T23:00:00Z 112 212 170 91 32
2014-05-29T00:00:00Z -1 167 143 -1 36
2014-05-29T01:00:00Z 119 80 120 92 32
2014-05-29T02:00:00Z 103 51 81 112 36
2014-05-29T03:00:00Z 73 41 81 104 33
2014-05-29T04:00:00Z -1 42 86 -1 42
2014-05-29T05:00:00Z 48 41 96 83 51
2014-05-29T06:00:00Z 44 44 97 73 62
2014-05-29T07:00:00Z -1 52 109 -1 83
2014-05-29T08:00:00Z 51 69 121 72 97
2014-05-29T11:00:00Z -1 69 137 -1 137
2014-05-29T12:00:00Z 144 99 151 133 154
2014-07-09T22:00:00Z 78 49 51 44 29
2014-07-09T23:00:00Z 81 40 48 56 31
2014-07-10T00:00:00Z 75 41 48 56 48
2014-07-10T01:00:00Z -1 40 51 -1 56
2014-07-10T02:00:00Z 75 39 58 54 56
2014-07-10T03:00:00Z 76 48 59 59 45
2014-07-10T04:00:00Z -1 59 55 -1 47
2014-07-10T05:00:00Z 77 77 58 69 47
2014-07-10T06:00:00Z 84 83 60 77 52
2014-07-10T07:00:00Z 87 84 66 86 61
2014-07-10T08:00:00Z 97 96 77 85 97
2014-07-10T09:00:00Z 91 91 77 76 109
2014-07-10T10:00:00Z 85 78 82 68 93
2014-07-10T11:00:00Z 74 53 89 63 77
2014-07-10T12:00:00Z 74 54 82 66 56
2014-07-10T13:00:00Z 76 59 68 65 44
2014-07-10T14:00:00Z 76 62 67 66 37
2014-07-10T15:00:00Z 78 55 68 66 35
2014-07-10T16:00:00Z 78 55 75 57 34
2014-07-10T17:00:00Z 96 56 75 69 31
2014-11-05T13:00:00Z 78 47 105 62 58
2014-11-05T14:00:00Z -1 -1 89 -1 57
2014-11-05T15:00:00Z 78 47 138 58 58
2014-11-05T16:00:00Z 82 52 149 59 61
2014-11-05T17:00:00Z 80 57 129 58 61
2014-11-05T18:00:00Z 79 62 141 71 62
2014-11-05T19:00:00Z 82 71 139 103 52
2014-11-05T20:00:00Z 96 71 125 121 58
2014-11-05T21:00:00Z 97 67 95 117 62
2014-11-05T22:00:00Z 100 69 114 95 57
2014-11-05T23:00:00Z -1 66 111 -1 63
2014-11-06T00:00:00Z 143 84 111 105 78
2014-11-06T01:00:00Z 180 171 94 117 95
2014-11-06T02:00:00Z 143 200 90 120 100
2014-11-06T03:00:00Z 126 183 99 115 107
2014-11-06T04:00:00Z -1 -1 100 -1 112
2014-11-11T11:00:00Z 69 69 89 87 158
2014-11-11T12:00:00Z 60 81 86 81 129
2014-11-11T13:00:00Z 67 81 94 93 113
2014-11-11T14:00:00Z 75 95 99 95 104
2014-11-11T15:00:00Z 83 118 82 99 77
2014-11-11T16:00:00Z 85 133 86 101 89
2014-11-11T17:00:00Z 89 138 90 101 105
2014-11-11T18:00:00Z 87 146 93 113 125
2014-11-11T19:00:00Z 93 164 97 131 144
2014-11-11T20:00:00Z 100 173 99 139 163
2014-11-11T21:00:00Z 109 188 109 143 166
2014-11-11T22:00:00Z 111 197 117 149 159
2014-12-14T21:00:00Z 87 84 83 89 116
2014-12-14T22:00:00Z 77 81 93 90 116
2014-12-14T23:00:00Z 74 75 100 79 112
2014-12-15T00:00:00Z 72 76 103 74 99
2014-12-15T01:00:00Z 69 77 108 71 88
2014-12-15T02:00:00Z 68 86 116 80 87
2014-12-15T03:00:00Z 66 87 124 82 86
2014-12-15T04:00:00Z 68 88 123 80 80
2014-12-15T05:00:00Z 71 95 133 81 79
2014-12-15T06:00:00Z 72 92 136 80 76
2014-12-15T07:00:00Z 74 94 136 79 77
2014-12-15T08:00:00Z 76 94 141 85 82
2014-12-15T09:00:00Z 86 97 141 93 99
2014-12-15T10:00:00Z 95 95 145 100 101
2014-12-15T11:00:00Z 98 75 140 96 96
2014-12-15T12:00:00Z 107 81 130 115 88
2014-12-15T13:00:00Z 116 89 131 103 90
2014-12-15T14:00:00Z 126 105 142 115 88
2014-12-15T15:00:00Z 131 120 133 108 101
2014-12-15T16:00:00Z 126 128 122 110 107
2014-12-15T18:00:00Z 106 142 102 102 122
2014-12-15T19:00:00Z 121 161 102 114 108
2014-12-15T20:00:00Z 131 159 102 122 141
2014-12-30T12:00:00Z 132 204 72 113 171
2014-12-30T13:00:00Z 105 201 66 97 134
2014-12-30T14:00:00Z 76 199 67 83 118
2014-12-30T15:00:00Z 69 171 64 75 108
2014-12-30T16:00:00Z 69 155 63 68 102
2014-12-30T17:00:00Z 85 143 64 70 104
2014-12-30T18:00:00Z 70 145 59 81 116
