2013-06-12T07:00:00Z 98 163 72 69 97
2013-06-12T08:00:00Z 103 161 73 76 107
2013-06-12T09:00:00Z 101 155 72 82 102
2013-06-12T10:00:00Z 110 111 71 83 89
2013-06-12T11:00:00Z 110 114 68 79 65
2013-06-12T12:00:00Z 106 114 68 74 57
2013-06-12T13:00:00Z 105 115 72 74 49
2013-06-12T14:00:00Z 99 113 72 74 47
2013-06-12T15:00:00Z 91 110 71 66 48
2013-06-12T16:00:00Z 95 103 76 66 51
2013-06-12T17:00:00Z 96 109 79 65 50
2013-06-12T18:00:00Z 90 147 81 67 37
2013-06-12T19:00:00Z 93 177 82 71 31
2013-06-12T20:00:00Z 110 161 82 76 29
2013-06-12T21:00:00Z 130 129 86 91 31
2013-06-12T22:00:00Z 110 121 81 113 32
2013-06-12T23:00:00Z 80 122 76 122 39
2013-06-13T00:00:00Z 84 132 77 129 62
2013-06-13T01:00:00Z 96 145 78 138 63
2013-06-13T02:00:00Z 85 152 74 140 46
2013-06-13T03:00:00Z 79 158 75 133 49
2013-11-07T21:00:00Z 161 247 209 181 36
2013-11-07T22:00:00Z -1 240 236 173 33
2013-11-07T23:00:00Z 186 254 224 177 29
2013-11-08T00:00:00Z 186 273 209 192 28
2013-11-08T03:00:00Z 179 259 209 236 30
2013-11-08T04:00:00Z 187 249 211 240 40
2013-11-08T05:00:00Z 181 248 211 222 67
2013-11-08T06:00:00Z 181 251 222 242 107
2013-11-08T07:00:00Z 163 261 210 243 73
2013-11-08T08:00:00Z 161 237 215 246 -1
2013-11-08T09:00:00Z -1 -1 -1 -1 -1
2013-11-08T10:00:00Z 110 219 198 222 -1
2013-11-08T11:00:00Z 94 179 151 171 -1
2013-11-08T12:00:00Z 85 125 129 120 -1
2013-11-08T13:00:00Z 67 92 129 98 52
2013-11-08T14:00:00Z 59 75 122 84 67
2013-11-08T15:00:00Z 60 65 106 85 69
2013-11-08T16:00:00Z 64 57 98 88 -1
2013-11-08T17:00:00Z 64 50 83 88 75
2013-11-08T18:00:00Z 63 51 111 93 56
2013-11-08T19:00:00Z 73 65 136 110 47
2013-11-08T20:00:00Z 69 80 127 125 59
2013-11-08T21:00:00Z 75 103 127 113 53
2013-11-08T22:00:00Z 73 114 132 111 52
2013-11-16T18:00:00Z 72 97 81 91 102
2013-11-16T19:00:00Z 74 106 92 88 123
2013-11-16T20:00:00Z 77 98 79 89 131
2013-11-16T21:00:00Z 84 99 80 81 147
2013-11-16T22:00:00Z 115 100 79 75 137
2013-11-16T23:00:00Z 97 101 75 76 136
2013-11-17T00:00:00Z 95 104 66 83 125
2013-11-17T01:00:00Z 97 108 66 82 112
2013-11-17T02:00:00Z 98 110 68 77 123
2013-11-17T03:00:00Z 98 117 71 76 125
2013-11-17T04:00:00Z 100 115 82 73 125
2013-11-17T05:00:00Z 98 116 96 71 114
2013-11-17T06:00:00Z 94 111 94 75 108
2013-11-17T07:00:00Z 92 112 93 78 103
2013-11-17T08:00:00Z 98 109 96 81 109
2013-11-17T09:00:00Z 104 99 96 86 94
2013-11-17T10:00:00Z 93 91 71 82 76
2013-11-17T11:00:00Z 77 67 54 62 47
2013-11-17T12:00:00Z 62 50 54 42 29
2013-11-17T13:00:00Z 59 46 51 34 24
2013-11-17T14:00:00Z 51 43 40 28 24
2013-11-20T22:00:00Z 195 186 194 182 89
2013-11-20T23:00:00Z 196 198 228 192 84
2013-11-21T00:00:00Z -1 194 250 -1 78
2013-11-21T01:00:00Z 200 191 231 197 74
2013-11-21T02:00:00Z 199 200 229 225 72
2013-11-21T03:00:00Z 198 203 271 219 73
2013-11-21T04:00:00Z 198 198 323 213 71
2013-11-21T05:00:00Z 198 187 288 205 71
2013-11-21T06:00:00Z 194 173 259 194 87
2013-11-21T07:00:00Z -1 -1 -1 -1 -1
2013-11-21T08:00:00Z 204 163 322 189 85
2013-11-21T09:00:00Z 171 162 374 171 92
2013-11-21T10:00:00Z 142 151 353 165 95
2013-11-21T11:00:00Z 110 138 331 146 97
2013-11-21T12:00:00Z 98 125 216 119 90
2013-11-21T13:00:00Z -1 -1 -1 -1 -1
2013-11-21T14:00:00Z 88 123 199 103 82
2013-11-21T15:00:00Z 90 120 350 105 71
2013-11-21T16:00:00Z 94 115 360 110 68
2013-11-21T17:00:00Z 86 124 279 112 59
2013-11-21T18:00:00Z 92 132 329 122 40
2013-11-26T12:00:00Z 68 121 57 90 86
2013-11-26T13:00:00Z -1 -1 -1 -1 -1
2013-11-26T14:00:00Z 63 102 50 59 83
2013-11-26T15:00:00Z 67 104 61 59 73
2013-11-26T16:00:00Z 71 95 74 60 71
2013-11-26T17:00:00Z 63 81 85 63 86
2013-11-26T18:00:00Z 67 70 95 68 98
2013-11-26T19:00:00Z 74 72 117 86 117
2013-11-26T20:00:00Z 78 76 124 83 154
2013-11-26T21:00:00Z 108 81 128 94 152
2013-11-26T22:00:00Z 105 91 119 93 171
2013-11-26T23:00:00Z 109 99 113 90 261
2013-11-27T00:00:00Z 120 100 114 86 242
2013-11-27T01:00:00Z 151 103 109 84 170
2013-11-27T02:00:00Z 114 109 100 85 97
2013-11-27T03:00:00Z 103 109 96 87 88
2013-11-27T04:00:00Z 85 127 95 91 73
2013-11-27T05:00:00Z 84 135 91 94 69
2013-11-27T06:00:00Z 84 124 81 71 74
2013-11-27T07:00:00Z 90 115 69 69 101
2013-11-27T08:00:00Z 91 109 74 72 40
2013-11-27T09:00:00Z 84 91 71 81 41
2013-11-27T10:00:00Z 78 99 72 97 56
2013-12-09T13:00:00Z 277 276 251 766 134
2013-12-09T14:00:00Z 144 162 227 91 131
2013-12-09T15:00:00Z 80 117 210 109 100
2013-12-09T16:00:00Z 81 140 193 94 83
2013-12-09T17:00:00Z 102 154 170 82 73
2013-12-09T18:00:00Z 103 150 168 68 59
2013-12-09T19:00:00Z 99 154 154 75 56
2013-12-09T20:00:00Z 87 141 155 82 58
2013-12-09T21:00:00Z 92 117 151 83 67
2013-12-09T22:00:00Z 104 106 136 80 67
2013-12-09T23:00:00Z 91 79 102 72 63
2013-12-10T00:00:00Z 78 71 73 75 66
2013-12-10T01:00:00Z 76 72 56 83 65
2013-12-10T02:00:00Z 80 86 48 79 68
2013-12-10T03:00:00Z 78 88 76 71 70
2013-12-10T04:00:00Z 79 85 84 71 75
2013-12-10T05:00:00Z 82 84 83 67 93
2013-12-10T06:00:00Z 87 86 94 68 91
2013-12-10T07:00:00Z -1 -1 -1 -1 -1
2013-12-10T08:00:00Z 104 87 96 88 96
2013-12-10T09:00:00Z 111 93 90 100 98
2013-12-10T10:00:00Z 110 95 84 109 95
2013-12-10T11:00:00Z 100 68 61 89 72
2013-12-10T12:00:00Z 87 56 35 55 52
2013-12-26T09:00:00Z 319 322 238 298 342
2013-12-26T10:00:00Z 325 329 268 264 285
2013-12-26T11:00:00Z 292 346 277 296 173
2013-12-26T12:00:00Z 284 370 279 319 95
2013-12-26T13:00:00Z 289 386 293 334 102
2013-12-26T14:00:00Z -1 -1 -1 -1 -1
2013-12-26T15:00:00Z 336 220 338 286 65
2013-12-26T16:00:00Z 352 160 369 221 43
2013-12-26T17:00:00Z 320 126 361 182 28
2013-12-26T18:00:00Z 233 113 299 183 29
2013-12-26T19:00:00Z 178 96 290 192 35
2013-12-26T20:00:00Z 166 51 243 153 39
2013-12-26T21:00:00Z 145 37 232 101 43
2013-12-26T22:00:00Z 112 38 154 59 42
2013-12-26T23:00:00Z 60 40 89 53 41
2013-12-27T00:00:00Z 46 42 49 50 36
2013-12-27T01:00:00Z 40 40 39 55 34
2013-12-27T02:00:00Z 43 41 30 51 28
2013-12-27T03:00:00Z 43 47 31 63 29
2013-12-27T04:00:00Z -1 -1 -1 -1 -1
2013-12-27T05:00:00Z 50 43 34 60 33
2013-12-27T06:00:00Z 53 41 35 51 33
2013-12-27T11:00:00Z 47 51 37 84 67
2013-12-27T12:00:00Z 41 49 33 70 55
2013-12-30T15:00:00Z 86 122 52 85 90
2013-12-30T16:00:00Z 85 103 45 87 89
2013-12-30T17:00:00Z 76 103 52 90 97
2013-12-30T18:00:00Z 76 115 71 98 108
2013-12-30T19:00:00Z 84 117 70 103 118
2013-12-30T20:00:00Z 92 137 70 111 130
2013-12-30T21:00:00Z 84 139 68 116 135
2013-12-30T22:00:00Z 78 144 74 117 139
2013-12-30T23:00:00Z 77 148 76 124 125
2013-12-31T00:00:00Z 76 147 86 126 125
2013-12-31T01:00:00Z 74 143 80 128 122
2013-12-31T02:00:00Z 77 145 75 137 130
2013-12-31T03:00:00Z 86 148 76 138 130
2013-12-31T04:00:00Z 96 154 74 132 123
2013-12-31T05:00:00Z 94 166 68 131 119
2013-12-31T06:00:00Z 90 185 74 124 110
2013-12-31T07:00:00Z 95 188 72 121 115
2013-12-31T08:00:00Z 90 178 85 113 116
2013-12-31T09:00:00Z 95 170 87 110 121
2013-12-31T10:00:00Z 105 154 82 105 123
2013-12-31T11:00:00Z 91 151 87 98 124
2013-12-31T12:00:00Z 79 151 67 90 126
2013-12-31T13:00:00Z 67 122 49 89 122
2013-12-31T14:00:00Z 60 92 44 82 108
2014-01-03T08:00:00Z 144 158 197 219 126
2014-01-03T09:00:00Z 157 165 193 245 124
2014-01-03T10:00:00Z 169 168 206 279 127
2014-01-03T11:00:00Z 189 196 203 300 162
2014-01-03T12:00:00Z 208 191 190 261 208
2014-01-03T13:00:00Z 217 196 180 227 219
2014-01-03T14:00:00Z 215 171 153 181 228
2014-01-03T15:00:00Z 239 170 149 170 225
2014-01-03T16:00:00Z 263 131 154 156 225
2014-01-03T17:00:00Z 261 122 172 164 229
2014-01-03T18:00:00Z 274 147 214 218 253
2014-01-03T19:00:00Z 264 187 234 214 282
2014-01-03T20:00:00Z 261 197 256 194 311
2014-01-03T21:00:00Z 259 215 241 214 309
2014-01-03T22:00:00Z 240 250 183 198 170
2014-01-03T23:00:00Z 215 259 138 181 93
2014-01-04T00:00:00Z 200 214 115 170 90
2014-01-04T01:00:00Z 174 191 96 162 96
2014-01-04T02:00:00Z 154 163 103 154 100
2014-01-04T03:00:00Z 148 142 110 156 98
2014-01-04T04:00:00Z 153 92 116 165 81
2014-01-04T05:00:00Z 157 75 135 150 58
2014-01-04T06:00:00Z 170 77 149 110 32
2014-01-04T07:00:00Z 196 81 162 97 22
2014-01-19T22:00:00Z 196 168 238 227 282
2014-01-19T23:00:00Z 203 186 222 242 267
2014-01-20T00:00:00Z 205 192 215 244 250
2014-01-20T01:00:00Z 205 194 236 224 249
2014-01-20T02:00:00Z 211 222 247 201 248
2014-01-20T03:00:00Z 221 227 243 200 268
2014-01-20T04:00:00Z 219 223 238 201 279
2014-01-20T05:00:00Z 219 230 236 204 292
2014-01-20T06:00:00Z 215 243 205 203 298
2014-01-20T07:00:00Z 217 251 183 207 298
2014-01-20T08:00:00Z 222 254 173 215 309
2014-01-20T09:00:00Z 222 261 161 218 310
2014-01-20T10:00:00Z 224 275 145 227 328
2014-01-20T11:00:00Z -1 -1 -1 -1 -1
2014-01-20T12:00:00Z 218 280 98 206 258
2014-01-20T13:00:00Z 232 265 98 183 145
2014-01-20T14:00:00Z 243 251 114 123 112
2014-01-20T15:00:00Z 218 221 124 96 56
2014-01-20T16:00:00Z 141 219 117 90 38
2014-01-20T17:00:00Z 118 144 108 79 51
2014-01-20T18:00:00Z 100 95 90 79 61
2014-01-20T19:00:00Z 88 94 58 83 79
2014-01-20T20:00:00Z 105 86 70 86 80
2014-01-20T21:00:00Z 110 58 55 83 101
2014-01-30T15:00:00Z 197 243 158 149 178
2014-01-30T16:00:00Z 196 249 128 161 191
2014-01-30T17:00:00Z 191 257 103 160 207
2014-01-30T18:00:00Z 217 278 127 162 217
2014-01-30T19:00:00Z 239 300 157 199 240
2014-01-30T20:00:00Z 284 334 169 311 302
2014-01-30T21:00:00Z 365 415 198 420 372
2014-01-30T22:00:00Z 404 419 212 476 371
2014-01-30T23:00:00Z 335 379 254 420 274
2014-01-31T00:00:00Z 288 305 302 371 225
2014-01-31T01:00:00Z 282 259 314 307 200
2014-01-31T02:00:00Z 285 288 226 289 201
2014-01-31T03:00:00Z 162 229 185 226 205
2014-01-31T04:00:00Z 135 200 165 208 211
2014-01-31T05:00:00Z 140 173 125 209 201
2014-01-31T06:00:00Z 143 161 104 214 190
2014-01-31T07:00:00Z 122 164 93 163 199
2014-01-31T08:00:00Z 129 176 89 122 225
2014-01-31T09:00:00Z -1 -1 -1 -1 -1
2014-01-31T10:00:00Z 163 195 98 131 222
2014-01-31T11:00:00Z 167 182 128 119 199
2014-02-02T13:00:00Z 230 211 268 222 300
2014-02-02T14:00:00Z 251 239 278 236 283
2014-02-02T15:00:00Z 247 232 291 235 259
2014-02-02T16:00:00Z 264 227 288 228 246
2014-02-02T17:00:00Z 264 214 295 224 235
2014-02-02T18:00:00Z 258 200 306 216 231
2014-02-20T12:00:00Z 104 153 69 101 120
2014-02-20T13:00:00Z 114 143 88 86 97
2014-02-20T14:00:00Z 129 135 89 95 103
2014-02-20T15:00:00Z 138 140 85 96 113
2014-02-20T16:00:00Z 142 145 87 94 121
2014-02-21T09:00:00Z 80 82 175 137 52
2014-02-21T13:00:00Z 113 112 176 107 -1
2014-02-21T14:00:00Z -1 -1 -1 -1 92
2014-02-21T15:00:00Z 130 104 137 106 87
2014-03-10T01:00:00Z 121 142 78 123 152
2014-03-10T02:00:00Z 115 138 75 122 142
2014-03-10T03:00:00Z 115 134 74 123 163
2014-03-10T04:00:00Z 110 133 74 127 169
2014-03-10T05:00:00Z 115 137 74 130 165
2014-03-10T06:00:00Z 123 144 75 131 162
2014-03-10T07:00:00Z 129 151 78 138 169
2014-03-10T08:00:00Z 141 156 90 160 169
2014-03-10T09:00:00Z 173 172 106 196 176
2014-03-10T10:00:00Z 183 167 103 202 177
2014-03-10T11:00:00Z 160 168 94 181 180
2014-03-10T12:00:00Z 131 168 101 150 179
2014-03-10T13:00:00Z 159 164 100 114 172
2014-03-10T14:00:00Z 139 168 84 96 168
2014-03-10T15:00:00Z 120 152 93 86 143
2014-03-10T16:00:00Z 116 137 103 87 134
2014-03-10T17:00:00Z 127 149 103 97 131
2014-03-10T18:00:00Z 126 171 111 113 286
2014-03-10T19:00:00Z 118 170 122 131 99
2014-03-10T20:00:00Z 122 176 136 140 78
2014-03-10T21:00:00Z 125 173 142 158 56
2014-03-10T22:00:00Z 135 167 158 161 46
2014-03-10T23:00:00Z 152 149 163 168 46
2014-03-18T09:00:00Z 165 174 100 129 121
2014-03-18T10:00:00Z 170 172 101 135 129
2014-03-18T11:00:00Z 150 149 94 154 136
2014-03-18T12:00:00Z 165 142 86 132 151
2014-03-18T13:00:00Z 176 121 68 107 138
2014-03-18T14:00:00Z 165 121 64 99 122
2014-03-18T15:00:00Z 147 125 88 97 100
2014-03-18T16:00:00Z 122 125 120 103 89
2014-03-18T17:00:00Z -1 129 129 -1 86
2014-03-18T18:00:00Z 135 135 137 107 79
2014-03-18T19:00:00Z 135 139 154 111 86
2014-03-18T20:00:00Z 141 126 143 125 90
2014-03-18T21:00:00Z 139 97 163 129 85
2014-03-18T22:00:00Z 134 79 180 128 68
2014-03-18T23:00:00Z 133 67 172 108 56
2014-03-19T00:00:00Z 127 69 159 82 52
2014-03-19T01:00:00Z 102 69 167 77 55
2014-03-19T02:00:00Z 88 63 165 56 54
2014-03-19T03:00:00Z 88 63 145 57 55
2014-03-19T04:00:00Z 86 64 137 62 56
2014-03-19T05:00:00Z 75 64 127 68 56
2014-03-19T06:00:00Z 69 63 117 71 55
2014-03-19T07:00:00Z 78 65 119 65 54
2014-04-17T09:00:00Z 131 98 110 51 72
2014-04-17T10:00:00Z 148 80 125 64 76
2014-04-17T11:00:00Z 141 78 127 66 69
2014-04-17T12:00:00Z 135 83 116 72 67
2014-04-17T13:00:00Z 140 84 108 67 66
2014-04-17T14:00:00Z 143 80 98 64 70
2014-04-17T15:00:00Z 145 87 52 63 68
2014-04-17T16:00:00Z 142 88 71 68 55
2014-04-17T17:00:00Z 134 83 66 82 56
2014-04-17T18:00:00Z 120 91 63 81 65
2014-04-17T19:00:00Z 109 99 59 78 67
2014-04-17T20:00:00Z 117 99 58 83 58
2014-04-17T21:00:00Z 116 101 60 91 60
2014-04-17T22:00:00Z 117 100 62 92 64
2014-04-17T23:00:00Z 119 103 61 94 47
2014-04-18T00:00:00Z 114 105 64 91 30
2014-04-18T01:00:00Z 115 88 67 86 25
2014-04-18T02:00:00Z 112 70 72 84 16
2014-04-18T03:00:00Z 109 65 77 84 20
2014-04-18T04:00:00Z 106 58 82 81 16
2014-05-21T11:00:00Z 150 154 123 142 101
2014-05-21T12:00:00Z -1 -1 -1 -1 -1
2014-05-21T13:00:00Z 125 128 103 123 89
2014-05-21T14:00:00Z 113 116 97 118 88
2014-05-21T15:00:00Z 102 116 90 124 83
2014-05-21T16:00:00Z -1 -1 -1 -1 -1
2014-05-21T17:00:00Z 124 104 76 119 75
2014-05-21T18:00:00Z 114 104 81 97 71
2014-05-21T19:00:00Z 120 104 104 88 82
2014-05-21T20:00:00Z 141 112 128 100 85
2014-05-21T21:00:00Z 149 141 149 120 97
2014-05-21T22:00:00Z 140 158 126 131 116
2014-05-21T23:00:00Z 120 168 120 126 127
2014-05-22T00:00:00Z 115 162 129 133 135
2014-05-22T01:00:00Z 114 149 125 131 142
2014-05-22T02:00:00Z 115 143 124 122 155
2014-05-22T03:00:00Z 118 149 119 120 163
2014-05-22T04:00:00Z 115 150 117 130 178
2014-05-22T05:00:00Z 111 148 118 142 175
2014-05-22T06:00:00Z 109 140 120 145 171
2014-05-22T07:00:00Z 111 135 117 142 148
2014-05-22T08:00:00Z 110 129 121 145 133
2014-05-27T23:00:00Z 75 149 153 136 85
2014-05-28T00:00:00Z 84 149 130 111 80
2014-05-28T01:00:00Z -1 146 107 -1 83
2014-05-28T02:00:00Z 104 138 103 102 91
2014-05-28T03:00:00Z 96 126 91 112 94
2014-05-28T04:00:00Z 94 117 92 95 105
2014-05-28T05:00:00Z 82 105 95 83 114
2014-05-28T06:00:00Z 75 109 92 80 119
2014-05-28T07:00:00Z 73 108 93 84 125
2014-05-28T08:00:00Z 76 108 89 88 117
2014-05-28T09:00:00Z 79 128 89 94 84
2014-05-28T10:00:00Z 88 133 91 99 32
2014-05-29T13:00:00Z -1 104 143 -1 144
2014-05-29T14:00:00Z 164 144 130 149 135
2014-05-29T17:00:00Z 201 142 93 105 167
2014-05-29T18:00:00Z 188 139 81 120 131
2014-05-29T19:00:00Z -1 143 77 149 126
2014-05-29T20:00:00Z 248 153 71 175 133
2014-05-29T21:00:00Z 330 175 66 199 133
2014-05-29T22:00:00Z -1 219 65 271 142
2014-05-29T23:00:00Z 138 283 68 -1 138
2014-05-30T00:00:00Z 159 351 71 352 148
2014-05-30T01:00:00Z 136 370 73 340 168
2014-05-30T02:00:00Z -1 400 73 293 214
2014-05-30T03:00:00Z 117 388 77 207 227
2014-05-30T04:00:00Z 112 325 80 220 219
2014-05-30T05:00:00Z -1 297 85 184 199
2014-05-30T06:00:00Z 110 197 89 -1 206
2014-05-30T07:00:00Z 115 169 98 172 216
2014-05-30T08:00:00Z 115 162 117 126 192
2014-05-30T09:00:00Z -1 158 105 -1 148
2014-11-06T15:00:00Z 129 167 61 132 65
2014-11-06T16:00:00Z 136 170 60 139 58
2014-11-06T17:00:00Z 139 153 66 146 56
2014-11-06T18:00:00Z 140 137 68 170 55
2014-11-06T19:00:00Z 164 136 75 205 62
2014-11-06T20:00:00Z 194 122 84 183 77
2014-11-06T21:00:00Z 212 116 -1 93 -1
2014-11-06T22:00:00Z 164 -1 84 58 83
2014-11-06T23:00:00Z 139 124 97 75 72
2014-11-07T00:00:00Z -1 121 112 -1 67
2014-11-07T01:00:00Z 122 105 100 84 64
2014-11-07T02:00:00Z -1 -1 97 -1 61
2014-11-11T23:00:00Z 120 190 124 151 155
2014-11-12T00:00:00Z 142 177 125 107 153
2014-11-12T01:00:00Z 162 180 127 160 155
2014-11-12T02:00:00Z 171 187 122 155 157
2014-11-12T03:00:00Z -1 -1 125 -1 167
2014-11-12T04:00:00Z 172 174 126 152 177
2014-11-12T05:00:00Z 165 172 123 146 187
2014-11-12T06:00:00Z 162 185 123 137 178
2014-11-12T07:00:00Z 153 194 118 134 154
2014-11-12T08:00:00Z 156 207 113 139 149
2014-11-12T09:00:00Z 167 209 112 152 114
2014-11-12T10:00:00Z 182 199 115 177 81
2014-11-12T11:00:00Z 208 134 121 165 51
2014-11-12T12:00:00Z 229 87 132 142 33
2014-11-12T13:00:00Z -1 -1 -1 -1 -1
2014-11-12T14:00:00Z 213 51 171 108 27
2014-11-12T15:00:00Z 179 55 198 86 27
2014-12-28T21:00:00Z 126 170 109 144 170
2014-12-28T22:00:00Z 129 174 111 139 179
2014-12-28T23:00:00Z 131 176 99 125 192
2014-12-29T00:00:00Z 119 179 87 120 207
2014-12-29T01:00:00Z 114 166 105 134 232
2014-12-29T02:00:00Z 117 153 108 136 249
