2014-01-02T13:00:00Z -1 195 156 58 3 -1 45.110000 16.140000 0.310000 0.000000 -1.000000 2.000000 280.000000 91 139 62 95 2 28 45.000000 16.210000 0.310000 0.000000 -1.000000 -1.000000 -1.000000 110 163 84 103 3 2 45.260000 16.040000 0.300000 0.000000 -1.000000 2.000000 280.000000 94 146 83 99 3 8 45.170000 16.100000 0.310000 0.000000 -1.000000 2.000000 280.000000 114 158 108 103 5 19 45.170000 16.100000 0.310000 0.000000 -1.000000 2.000000 280.000000
2014-01-02T12:00:00Z 145 178 131 52 3 -1 43.110000 15.960000 0.330000 0.000000 -1.000000 4.000000 240.000000 85 107 58 99 2 22 43.000000 15.890000 0.330000 -1.000000 -1.000000 -1.000000 -1.000000 100 161 80 103 3 1 43.260000 16.060000 0.330000 0.000000 -1.000000 4.000000 240.000000 94 144 76 100 3 6 43.170000 16.000000 0.330000 0.000000 -1.000000 4.000000 240.000000 112 155 106 104 5 16 43.170000 16.000000 0.330000 0.000000 -1.000000 4.000000 240.000000
2014-01-02T11:00:00Z 145 178 131 52 3 -1 40.220000 16.140000 0.370000 0.000000 1020.560000 1.400000 74.000000 -1 -1 -1 -1 -1 -1 34.260000 11.880000 0.390000 0.000000 1021.380000 0.570000 323.000000 -1 -1 -1 -1 -1 -1 39.440000 16.200000 0.380000 0.000000 1020.630000 0.810000 85.000000 -1 -1 -1 -1 -1 -1 39.970000 16.220000 0.380000 0.000000 1020.580000 1.170000 78.000000 -1 -1 -1 -1 -1 -1 40.080000 15.950000 0.370000 0.000000 1020.680000 1.210000 81.000000
2014-01-02T10:00:00Z 145 178 131 52 3 -1 37.070000 18.560000 0.470000 0.000000 1020.560000 2.000000 70.000000 -1 -1 -1 -1 -1 -1 37.000000 18.170000 0.460000 0.000000 -1.000000 -1.000000 -1.000000 -1 -1 -1 -1 -1 -1 37.180000 19.110000 0.480000 0.000000 -1.000000 2.000000 70.000000 -1 -1 -1 -1 -1 -1 37.110000 18.780000 0.470000 0.000000 -1.000000 2.000000 70.000000 -1 -1 -1 -1 -1 -1 37.110000 18.770000 0.470000 0.000000 -1.000000 2.000000 70.000000
2014-01-02T09:00:00Z 145 178 131 52 3 -1 34.000000 19.490000 0.550000 0.000000 1020.560000 6.710000 1.000000 -1 -1 -1 -1 -1 -1 34.000000 19.130000 0.540000 0.000000 -1.000000 7.000000 0.000000 -1 -1 -1 -1 -1 -1 34.000000 20.020000 0.560000 0.000000 -1.000000 6.300000 1.000000 -1 -1 -1 -1 -1 -1 34.000000 19.700000 0.550000 0.000000 -1.000000 6.550000 1.000000 -1 -1 -1 -1 -1 -1 34.000000 19.700000 0.550000 0.000000 -1.000000 6.560000 1.000000
2014-01-02T08:00:00Z 145 178 131 52 3 -1 26.260000 18.100000 0.710000 0.000000 1021.040000 3.250000 0.000000 -1 -1 -1 -1 -1 -1 20.950000 11.600000 0.670000 0.000000 1022.370000 1.250000 346.000000 -1 -1 -1 -1 -1 -1 25.480000 17.350000 0.710000 0.000000 1021.180000 2.460000 1.000000 -1 -1 -1 -1 -1 -1 25.980000 17.850000 0.710000 0.000000 1021.080000 2.940000 1.000000 -1 -1 -1 -1 -1 -1 26.060000 17.640000 0.700000 0.000000 1021.190000 2.990000 358.000000
2014-01-04T11:00:00Z 98 138 71 20 2 -1 31.630000 19.670000 0.610000 0.030000 1024.090000 3.200000 45.000000 99 111 68 65 7 12 27.190000 12.920000 0.540000 0.240000 1024.410000 2.800000 33.000000 106 135 67 62 2 1 31.300000 18.450000 0.580000 0.070000 1024.190000 2.260000 55.000000 113 176 74 43 2 1 31.560000 19.240000 0.600000 0.050000 1024.130000 2.790000 48.000000 98 109 75 46 4 12 31.650000 19.160000 0.590000 0.000000 1024.110000 2.760000 50.000000
2014-01-04T10:00:00Z 83 122 76 17 2 -1 30.250000 23.030000 0.740000 0.000000 1024.090000 2.150000 147.000000 85 110 66 56 7 12 30.000000 23.050000 0.750000 0.000000 -1.000000 2.000000 140.000000 92 129 69 54 2 1 30.610000 23.000000 0.730000 0.000000 -1.000000 2.410000 155.000000 106 -1 73 33 2 1 30.400000 23.020000 0.740000 0.000000 -1.000000 2.250000 150.000000 94 116 81 33 4 10 30.390000 23.020000 0.740000 0.000000 -1.000000 2.240000 150.000000
2014-01-04T09:00:00Z 81 122 78 14 2 -1 28.220000 21.260000 0.750000 0.000000 1024.090000 2.030000 117.000000 95 118 66 59 6 12 28.000000 21.120000 0.750000 -1.000000 -1.000000 2.000000 110.000000 84 110 64 48 2 1 28.530000 21.460000 0.740000 0.000000 -1.000000 2.110000 126.000000 97 146 71 26 2 1 28.340000 21.340000 0.750000 0.000000 -1.000000 2.060000 120.000000 89 112 76 26 4 11 28.330000 21.340000 0.750000 0.000000 -1.000000 2.050000 120.000000
2014-01-04T08:00:00Z 68 103 79 13 2 -1 25.900000 17.920000 0.710000 0.300000 1025.280000 1.730000 87.000000 62 84 61 46 7 12 19.140000 9.970000 0.670000 0.380000 1025.730000 0.670000 82.000000 72 107 62 52 2 1 24.770000 16.990000 0.720000 0.290000 1025.360000 1.490000 97.000000 71 118 72 37 2 1 25.500000 17.620000 0.720000 0.300000 1025.310000 1.640000 91.000000 94 118 77 27 5 12 25.570000 17.560000 0.710000 0.300000 1025.310000 1.570000 95.000000
2014-01-04T07:00:00Z 67 91 60 13 2 -1 26.930000 18.960000 0.710000 0.000000 1025.280000 1.930000 74.000000 57 80 57 39 7 12 27.000000 18.870000 0.710000 -1.000000 -1.000000 2.000000 70.000000 73 103 63 45 1 1 26.820000 19.070000 0.720000 0.000000 -1.000000 1.860000 81.000000 67 102 70 38 2 1 26.890000 19.000000 0.720000 0.000000 -1.000000 1.900000 77.000000 86 107 76 23 5 11 26.890000 19.000000 0.720000 0.000000 -1.000000 1.900000 77.000000
2014-01-04T06:00:00Z 66 94 67 17 1 -1 23.140000 18.240000 0.810000 0.000000 1025.280000 1.980000 134.000000 58 72 58 41 6 10 23.000000 18.060000 0.810000 -1.000000 -1.000000 2.000000 130.000000 74 90 60 31 1 1 23.350000 18.500000 0.810000 0.000000 -1.000000 1.970000 140.000000 62 104 68 24 2 1 23.230000 18.340000 0.810000 0.000000 -1.000000 1.980000 136.000000 80 98 73 20 4 10 23.220000 18.340000 0.810000 0.000000 -1.000000 1.980000 136.000000
2014-01-06T11:00:00Z 109 -1 51 18 1 -1 31.140000 24.230000 0.750000 0.960000 1027.850000 5.810000 152.000000 -1 -1 -1 -1 -1 -1 26.470000 17.570000 0.690000 0.910000 1027.880000 2.900000 162.000000 99 -1 51 54 1 3 30.280000 23.470000 0.750000 0.910000 1027.910000 4.560000 154.000000 96 107 54 34 1 12 30.840000 23.980000 0.750000 0.940000 1027.870000 5.310000 153.000000 129 -1 66 40 3 13 31.110000 23.940000 0.740000 0.930000 1027.780000 5.560000 153.000000
2014-01-06T10:00:00Z 111 113 54 17 1 -1 29.930000 23.130000 0.750000 0.000000 1027.850000 6.680000 149.000000 -1 -1 -1 -1 -1 -1 30.000000 23.050000 0.750000 -1.000000 -1.000000 7.000000 150.000000 110 116 55 61 1 1 29.820000 23.240000 0.760000 0.000000 -1.000000 6.220000 147.000000 108 120 58 38 1 4 29.890000 23.180000 0.760000 0.000000 -1.000000 6.490000 148.000000 121 -1 76 46 3 19 29.890000 23.180000 0.760000 0.000000 -1.000000 6.500000 148.000000
2014-01-06T09:00:00Z 106 110 53 16 1 -1 29.820000 23.070000 0.760000 0.000000 1027.850000 6.740000 139.000000 137 139 64 58 -1 2 30.000000 23.050000 0.750000 -1.000000 -1.000000 7.000000 140.000000 97 105 53 58 1 1 29.560000 23.100000 0.760000 0.000000 -1.000000 6.360000 138.000000 89 99 53 37 1 5 29.720000 23.080000 0.760000 0.000000 -1.000000 6.590000 139.000000 132 -1 72 35 4 8 29.720000 23.080000 0.760000 0.000000 -1.000000 6.590000 139.000000
2014-01-06T08:00:00Z 107 110 55 15 1 -1 28.080000 21.650000 0.760000 0.960000 1027.690000 5.580000 127.000000 134 -1 66 60 5 3 19.340000 12.770000 0.750000 0.910000 1027.980000 2.700000 107.000000 83 83 46 58 1 5 26.090000 20.220000 0.780000 0.910000 1027.800000 4.100000 122.000000 88 -1 47 35 1 8 27.340000 21.150000 0.770000 0.940000 1027.740000 4.980000 126.000000 126 -1 72 31 4 8 27.350000 21.070000 0.770000 0.930000 1027.690000 5.200000 125.000000
2014-01-06T07:00:00Z 102 110 51 14 1 -1 29.680000 22.930000 0.760000 0.000000 1027.690000 3.720000 140.000000 133 -1 65 51 3 1 30.000000 23.050000 0.750000 -1.000000 -1.000000 4.000000 140.000000 88 -1 53 58 1 3 29.210000 22.760000 0.760000 0.000000 -1.000000 3.310000 139.000000 85 -1 44 33 1 11 29.490000 22.860000 0.760000 0.000000 -1.000000 3.550000 139.000000 116 -1 70 27 3 7 29.500000 22.870000 0.760000 0.000000 -1.000000 3.560000 139.000000
2014-01-06T06:00:00Z 96 110 45 13 1 -1 29.750000 23.000000 0.760000 0.000000 1027.690000 3.840000 129.000000 132 -1 65 43 3 1 30.000000 23.050000 0.750000 -1.000000 -1.000000 4.000000 130.000000 99 -1 57 57 1 1 29.390000 22.930000 0.760000 0.000000 -1.000000 3.620000 127.000000 94 -1 51 30 1 8 29.600000 22.970000 0.760000 0.000000 -1.000000 3.760000 128.000000 117 -1 73 27 4 7 29.610000 22.980000 0.760000 0.000000 -1.000000 3.760000 128.000000
2014-01-13T16:00:00Z 61 74 86 57 1 -1 34.070000 -7.620000 0.160000 0.000000 -1.000000 1.870000 91.000000 84 100 73 73 1 25 34.000000 -8.720000 0.150000 0.000000 -1.000000 2.000000 90.000000 46 53 72 48 1 11 34.180000 -6.110000 0.170000 0.000000 -1.000000 1.680000 93.000000 81 110 104 54 1 4 34.110000 -7.010000 0.160000 0.000000 -1.000000 1.790000 92.000000 112 144 113 74 2 21 34.110000 -7.030000 0.160000 0.000000 -1.000000 1.790000 92.000000
2014-01-13T15:00:00Z 61 74 86 57 1 -1 36.960000 -7.940000 0.140000 0.000000 -1.000000 4.000000 250.000000 -1 -1 -1 -1 -1 -1 37.000000 -9.210000 0.130000 0.000000 -1.000000 -1.000000 -1.000000 -1 -1 -1 -1 -1 -1 36.910000 -6.220000 0.150000 0.000000 -1.000000 4.000000 250.000000 -1 -1 -1 -1 -1 -1 36.940000 -7.230000 0.140000 0.000000 -1.000000 4.000000 250.000000 -1 -1 -1 -1 -1 -1 36.940000 -7.270000 0.140000 0.000000 -1.000000 4.000000 250.000000
2014-01-13T14:00:00Z 65 74 74 90 1 -1 36.410000 -6.470000 0.150000 0.000000 1029.950000 1.540000 163.000000 69 -1 55 66 1 34 32.590000 -6.700000 0.180000 0.000000 1030.810000 2.710000 254.000000 66 76 69 62 1 14 35.810000 -3.930000 0.180000 0.000000 1030.120000 1.520000 196.000000 59 76 70 49 1 19 36.190000 -5.310000 0.160000 0.000000 1030.010000 1.490000 175.000000 49 54 66 62 1 28 36.150000 -5.420000 0.160000 0.000000 1030.030000 1.320000 182.000000
2014-01-13T13:00:00Z 65 74 74 90 1 -1 36.000000 -7.190000 0.150000 0.000000 1029.950000 1.540000 163.000000 -1 -1 -1 -1 -1 -1 36.000000 -8.510000 0.140000 0.000000 -1.000000 -1.000000 -1.000000 -1 -1 -1 -1 -1 -1 36.000000 -5.420000 0.160000 0.000000 -1.000000 -1.000000 -1.000000 -1 -1 -1 -1 -1 -1 36.000000 -6.470000 0.150000 0.000000 -1.000000 -1.000000 -1.000000 -1 -1 -1 -1 -1 -1 36.000000 -6.500000 0.150000 0.000000 -1.000000 -1.000000 -1.000000
2014-01-13T12:00:00Z 71 74 72 119 1 -1 34.000000 -5.070000 0.180000 0.000000 1029.950000 1.540000 163.000000 72 -1 63 87 1 22 34.000000 -6.170000 0.170000 0.000000 -1.000000 -1.000000 -1.000000 87 108 73 75 1 9 34.000000 -3.570000 0.190000 0.000000 -1.000000 -1.000000 -1.000000 71 88 74 62 1 9 34.000000 -4.450000 0.180000 0.000000 -1.000000 -1.000000 -1.000000 88 105 96 107 2 18 34.000000 -4.480000 0.180000 0.000000 -1.000000 -1.000000 -1.000000
2014-01-13T11:00:00Z 86 103 83 119 2 -1 29.230000 -0.850000 0.270000 0.000000 1033.040000 1.500000 100.000000 90 -1 72 113 2 11 23.760000 -4.200000 0.280000 0.060000 1034.350000 0.220000 220.000000 72 102 63 68 1 9 28.450000 0.640000 0.290000 0.000000 1033.300000 1.070000 121.000000 77 116 80 76 2 2 28.960000 -0.130000 0.280000 0.000000 1033.130000 1.320000 107.000000 89 124 100 124 3 17 28.970000 -0.230000 0.280000 0.000000 1033.170000 1.240000 109.000000
2014-01-14T21:00:00Z 106 131 91 84 2 -1 21.140000 7.480000 0.550000 0.000000 -1.000000 1.960000 134.000000 110 155 89 74 2 6 21.000000 7.000000 0.540000 0.000000 -1.000000 2.000000 130.000000 81 88 89 53 1 1 21.350000 8.170000 0.560000 0.000000 -1.000000 1.920000 140.000000 93 113 90 55 1 1 21.230000 7.750000 0.550000 0.000000 -1.000000 1.940000 137.000000 132 162 97 87 3 17 21.220000 7.740000 0.550000 0.000000 -1.000000 1.940000 136.000000
2014-01-14T20:00:00Z 96 124 91 80 2 -1 26.090000 6.650000 0.430000 0.000000 1034.250000 1.720000 208.000000 -1 -1 101 88 3 8 21.470000 -0.490000 0.370000 0.000000 1035.910000 0.930000 305.000000 86 105 93 57 1 1 25.160000 6.380000 0.440000 0.000000 1034.520000 1.500000 218.000000 86 109 92 52 1 1 25.750000 6.640000 0.440000 0.000000 1034.350000 1.640000 211.000000 126 144 95 76 2 15 25.680000 6.470000 0.430000 0.000000 1034.470000 1.720000 210.000000
2014-01-14T19:00:00Z 94 121 93 76 2 -1 31.820000 5.580000 0.320000 0.000000 1034.250000 2.000000 50.000000 137 -1 106 83 2 7 32.000000 4.830000 0.310000 0.000000 -1.000000 -1.000000 -1.000000 104 108 95 59 2 1 31.560000 6.610000 0.340000 0.000000 -1.000000 2.000000 50.000000 96 115 94 61 1 1 31.720000 6.000000 0.330000 0.000000 -1.000000 2.000000 50.000000 114 133 94 71 2 16 31.720000 5.980000 0.330000 0.000000 -1.000000 2.000000 50.000000
2014-01-14T18:00:00Z 92 101 90 65 1 -1 31.860000 7.450000 0.350000 0.000000 1034.250000 0.000000 50.000000 -1 -1 109 89 2 6 32.000000 6.850000 0.340000 0.000000 -1.000000 -1.000000 -1.000000 -1 -1 -1 -1 -1 -1 31.650000 8.280000 0.370000 0.000000 -1.000000 0.000000 -1.000000 97 109 91 57 1 2 31.770000 7.790000 0.360000 0.000000 -1.000000 0.000000 -1.000000 96 114 90 67 1 20 31.780000 7.770000 0.360000 0.000000 -1.000000 0.000000 -1.000000
2014-01-14T17:00:00Z 105 119 94 73 2 -1 33.410000 3.110000 0.270000 0.000000 1033.610000 8.060000 202.000000 81 -1 92 118 1 10 30.620000 -2.140000 0.240000 0.000000 1034.480000 4.360000 214.000000 105 134 100 75 2 4 32.780000 3.550000 0.280000 0.000000 1033.730000 7.020000 205.000000 100 121 90 60 2 8 33.170000 3.380000 0.280000 0.000000 1033.650000 7.660000 203.000000 89 103 85 64 1 28 33.120000 3.220000 0.280000 0.000000 1033.750000 7.390000 202.000000
2014-01-14T16:00:00Z 105 119 94 73 2 -1 35.930000 -1.330000 0.200000 0.000000 1033.610000 0.000000 202.000000 -1 -1 -1 -1 -1 -1 36.000000 -2.210000 0.190000 -1.000000 -1.000000 -1.000000 -1.000000 -1 -1 -1 -1 -1 -1 35.820000 -0.140000 0.210000 0.000000 -1.000000 0.000000 -1.000000 -1 -1 -1 -1 -1 -1 35.890000 -0.850000 0.200000 0.000000 -1.000000 0.000000 -1.000000 -1 -1 -1 -1 -1 -1 35.890000 -0.870000 0.200000 0.000000 -1.000000 0.000000 -1.000000
2014-01-15T17:00:00Z 78 97 100 60 2 -1 33.720000 -1.700000 0.210000 0.730000 1029.130000 2.470000 152.000000 80 107 77 66 1 13 32.070000 -4.350000 0.200000 0.750000 1029.850000 3.090000 147.000000 60 74 90 53 1 3 33.430000 2.330000 0.260000 0.700000 1029.270000 2.980000 154.000000 84 103 102 49 1 5 33.610000 0.180000 0.230000 0.710000 1029.180000 2.670000 153.000000 98 118 124 68 2 15 33.630000 0.040000 0.230000 0.720000 1029.190000 2.420000 155.000000
2014-01-15T16:00:00Z 60 97 86 51 1 -1 36.890000 -6.070000 0.150000 0.000000 1029.130000 3.920000 141.000000 94 113 81 81 1 14 37.000000 -9.210000 0.130000 -1.000000 -1.000000 4.000000 140.000000 49 50 77 48 1 9 36.740000 -2.240000 0.180000 0.000000 -1.000000 3.800000 141.000000 69 90 90 45 1 15 36.830000 -4.450000 0.170000 0.000000 -1.000000 3.870000 141.000000 69 77 117 54 2 19 36.830000 -4.520000 0.160000 0.000000 -1.000000 3.870000 141.000000
2014-01-15T15:00:00Z 56 97 78 50 1 -1 40.820000 -6.040000 0.130000 0.000000 1029.130000 4.000000 200.000000 121 137 85 94 1 17 41.000000 -9.430000 0.110000 -1.000000 -1.000000 -1.000000 -1.000000 46 47 72 47 1 13 40.560000 -1.960000 0.160000 0.000000 -1.000000 4.000000 200.000000 52 58 80 36 1 19 40.720000 -4.300000 0.140000 0.000000 -1.000000 4.000000 200.000000 59 -1 94 43 1 27 40.720000 -4.380000 0.140000 0.000000 -1.000000 4.000000 200.000000
2014-01-15T14:00:00Z 60 97 84 58 1 -1 40.220000 -2.130000 0.160000 0.690000 1029.560000 1.520000 108.000000 -1 167 102 113 2 16 36.560000 -4.710000 0.160000 0.550000 1030.310000 1.130000 103.000000 43 -1 59 48 1 20 39.410000 2.480000 0.210000 0.630000 1029.730000 1.320000 138.000000 43 45 68 38 1 24 39.910000 0.050000 0.180000 0.670000 1029.620000 1.390000 120.000000 82 -1 123 64 2 25 39.650000 -0.150000 0.180000 0.660000 1029.650000 1.050000 119.000000
2014-01-15T13:00:00Z 57 97 76 66 1 -1 38.890000 -6.120000 0.140000 0.000000 1029.560000 4.000000 230.000000 -1 -1 117 129 3 14 39.000000 -9.240000 0.120000 -1.000000 -1.000000 -1.000000 -1.000000 43 -1 49 55 1 22 38.740000 -2.290000 0.170000 0.000000 -1.000000 4.000000 230.000000 53 60 79 48 1 13 38.830000 -4.500000 0.150000 0.000000 -1.000000 4.000000 230.000000 84 85 111 79 2 26 38.830000 -4.570000 0.150000 0.000000 -1.000000 4.000000 230.000000
2014-01-15T12:00:00Z 59 97 74 75 1 -1 38.890000 -5.000000 0.150000 0.000000 1029.560000 9.000000 240.000000 -1 -1 -1 -1 5 10 39.000000 -7.610000 0.130000 -1.000000 -1.000000 -1.000000 -1.000000 49 50 58 49 1 16 38.740000 -1.710000 0.170000 0.000000 -1.000000 9.000000 240.000000 56 68 75 53 1 9 38.830000 -3.620000 0.160000 0.000000 -1.000000 9.000000 240.000000 85 92 116 82 2 20 38.830000 -3.680000 0.160000 0.000000 -1.000000 9.000000 240.000000
2014-01-22T16:00:00Z 92 102 150 63 1 6 39.000000 -5.370000 0.150000 0.000000 -1.000000 4.000000 170.000000 112 119 68 72 1 34 39.000000 -6.100000 0.140000 0.000000 -1.000000 -1.000000 -1.000000 114 126 118 69 2 1 39.000000 -4.360000 0.150000 0.000000 -1.000000 4.000000 170.000000 106 122 122 67 2 4 39.000000 -4.960000 0.150000 0.000000 -1.000000 4.000000 170.000000 96 107 120 69 2 21 39.000000 -4.980000 0.150000 0.000000 -1.000000 4.000000 170.000000
2014-01-22T15:00:00Z 96 104 140 65 1 10 42.930000 -7.070000 0.110000 0.000000 -1.000000 7.000000 210.000000 122 130 74 77 1 32 43.000000 -7.860000 0.110000 0.000000 -1.000000 -1.000000 -1.000000 112 126 106 69 2 5 42.820000 -5.980000 0.120000 0.000000 -1.000000 7.000000 210.000000 95 106 97 59 1 14 42.890000 -6.630000 0.120000 0.000000 -1.000000 7.000000 210.000000 88 -1 102 70 2 29 42.890000 -6.650000 0.120000 0.000000 -1.000000 7.000000 210.000000
2014-01-22T14:00:00Z 95 98 121 76 2 12 40.780000 -4.610000 0.140000 0.020000 1021.690000 1.820000 97.000000 111 116 77 90 1 24 39.510000 -4.660000 0.150000 0.200000 1022.210000 2.860000 128.000000 98 103 80 64 1 14 40.560000 -3.190000 0.150000 0.030000 1021.800000 2.100000 125.000000 100 105 90 57 1 16 40.710000 -3.990000 0.150000 0.020000 1021.730000 1.850000 109.000000 85 -1 89 87 1 32 40.760000 -4.040000 0.140000 0.030000 1021.760000 1.490000 102.000000
2014-01-22T13:00:00Z 100 98 102 102 2 11 39.000000 -5.580000 0.140000 0.000000 1021.690000 1.820000 97.000000 108 114 77 118 1 19 39.000000 -6.100000 0.140000 0.000000 -1.000000 -1.000000 -1.000000 96 105 70 54 1 16 39.000000 -4.850000 0.150000 0.000000 -1.000000 -1.000000 -1.000000 96 102 84 53 1 15 39.000000 -5.280000 0.150000 0.000000 -1.000000 -1.000000 -1.000000 85 -1 76 76 1 33 39.000000 -5.290000 0.150000 0.000000 -1.000000 -1.000000 -1.000000
2014-01-22T12:00:00Z 92 110 102 111 1 9 36.960000 -3.300000 0.170000 0.000000 1021.690000 1.820000 97.000000 122 134 84 137 2 15 37.000000 -3.700000 0.170000 0.000000 -1.000000 -1.000000 -1.000000 85 107 60 52 1 14 36.910000 -2.730000 0.180000 0.000000 -1.000000 -1.000000 -1.000000 85 95 75 50 1 12 36.940000 -3.070000 0.180000 0.000000 -1.000000 -1.000000 -1.000000 88 89 77 69 2 27 36.940000 -3.080000 0.180000 0.000000 -1.000000 -1.000000 -1.000000
2014-01-22T11:00:00Z 87 94 102 125 1 7 33.090000 -2.840000 0.210000 0.000000 1025.610000 1.510000 21.000000 -1 148 90 110 3 8 28.070000 -3.230000 0.250000 0.000000 1026.950000 0.420000 70.000000 73 93 50 48 1 12 32.140000 -1.880000 0.230000 0.000000 1025.850000 0.980000 22.000000 83 98 79 53 2 2 32.740000 -2.410000 0.210000 0.000000 1025.690000 1.300000 21.000000 89 101 90 75 2 17 32.810000 -2.430000 0.210000 0.000000 1025.770000 1.230000 19.000000
2014-01-29T11:00:00Z 95 114 82 81 2 7 31.640000 17.980000 0.560000 0.050000 1014.680000 3.500000 72.000000 81 91 49 104 1 17 27.980000 13.800000 0.550000 0.280000 1015.450000 1.400000 75.000000 92 112 60 99 1 6 31.330000 17.900000 0.570000 0.100000 1014.880000 2.960000 77.000000 88 111 72 101 1 5 31.580000 18.010000 0.570000 0.070000 1014.750000 3.290000 74.000000 80 -1 56 87 1 25 32.020000 18.380000 0.570000 0.040000 1014.750000 3.080000 70.000000
2014-01-29T10:00:00Z 97 123 88 74 2 1 30.220000 18.010000 0.600000 0.000000 1014.680000 9.000000 200.000000 100 110 53 69 2 13 30.000000 17.820000 0.600000 0.000000 -1.000000 -1.000000 -1.000000 100 139 72 82 2 1 30.530000 18.280000 0.600000 0.000000 -1.000000 9.000000 200.000000 76 106 68 97 1 2 30.340000 18.120000 0.600000 0.000000 -1.000000 9.000000 200.000000 87 90 72 56 2 14 30.330000 18.120000 0.600000 0.000000 -1.000000 9.000000 200.000000
2014-01-29T09:00:00Z 90 121 88 62 2 1 28.220000 19.250000 0.690000 0.000000 1014.680000 7.000000 190.000000 99 125 61 55 2 9 28.000000 19.170000 0.690000 0.000000 -1.000000 -1.000000 -1.000000 83 110 67 66 2 1 28.530000 19.370000 0.680000 0.000000 -1.000000 7.000000 190.000000 77 99 72 80 2 1 28.340000 19.300000 0.680000 0.000000 -1.000000 7.000000 190.000000 89 101 73 42 2 11 28.330000 19.300000 0.680000 0.000000 -1.000000 7.000000 190.000000
2014-01-29T08:00:00Z 78 100 90 54 3 1 22.340000 15.380000 0.740000 0.040000 1016.140000 3.530000 156.000000 85 102 55 40 2 6 17.380000 9.780000 0.720000 0.280000 1016.620000 1.060000 120.000000 71 102 67 60 2 1 21.700000 14.820000 0.740000 0.080000 1016.300000 3.080000 150.000000 68 100 73 61 2 1 22.140000 15.210000 0.740000 0.050000 1016.200000 3.360000 154.000000 68 78 74 35 2 9 22.310000 14.910000 0.730000 0.040000 1016.150000 3.130000 154.000000
2014-01-29T07:00:00Z 72 92 92 54 2 1 18.320000 12.280000 0.770000 0.000000 1016.140000 1.930000 70.000000 80 88 50 41 1 8 18.000000 12.030000 0.770000 0.000000 -1.000000 2.000000 70.000000 69 88 67 57 2 1 18.790000 12.640000 0.760000 0.000000 -1.000000 1.820000 70.000000 69 91 73 67 2 1 18.510000 12.420000 0.770000 0.000000 -1.000000 1.890000 70.000000 67 -1 75 34 2 8 18.500000 12.420000 0.770000 0.000000 -1.000000 1.890000 70.000000
2014-01-29T06:00:00Z 69 85 92 50 2 1 18.360000 12.260000 0.770000 0.000000 1016.140000 6.610000 0.000000 76 88 56 44 2 6 18.000000 12.030000 0.770000 0.000000 -1.000000 7.000000 0.000000 62 73 64 42 1 1 18.880000 12.600000 0.760000 0.000000 -1.000000 6.040000 359.000000 69 87 72 55 2 1 18.570000 12.400000 0.760000 0.000000 -1.000000 6.380000 0.000000 62 66 76 32 2 8 18.560000 12.390000 0.760000 0.000000 -1.000000 6.390000 0.000000
2014-01-30T18:00:00Z 71 136 112 40 1 35 36.820000 -7.120000 0.150000 -1.000000 -1.000000 4.170000 159.000000 71 114 45 46 1 59 37.000000 -10.820000 0.120000 -1.000000 -1.000000 4.000000 160.000000 31 52 38 18 0 54 36.560000 -2.720000 0.180000 -1.000000 -1.000000 4.430000 158.000000 36 64 49 17 0 49 36.720000 -5.240000 0.160000 -1.000000 -1.000000 4.280000 159.000000 126 163 57 54 1 78 36.720000 -5.320000 0.160000 -1.000000 -1.000000 4.270000 159.000000
2014-01-30T17:00:00Z 29 72 94 24 0 46 38.580000 -4.480000 0.150000 0.450000 1017.790000 6.700000 173.000000 29 54 33 28 0 62 38.280000 -7.560000 0.130000 0.540000 1017.060000 5.300000 150.000000 22 40 33 16 0 57 38.110000 0.900000 0.200000 0.440000 1017.790000 6.540000 165.000000 29 50 39 14 0 57 38.390000 -1.920000 0.180000 0.430000 1017.790000 6.640000 170.000000 79 118 42 36 1 84 38.830000 -1.500000 0.180000 0.420000 1017.660000 6.360000 172.000000
2014-01-30T16:00:00Z 14 40 98 20 0 42 44.710000 -8.230000 0.100000 0.000000 1017.790000 9.140000 169.000000 17 38 18 12 0 73 45.000000 -12.730000 0.080000 -1.000000 -1.000000 9.000000 170.000000 15 26 30 12 0 58 44.300000 -3.130000 0.130000 0.000000 -1.000000 9.340000 169.000000 22 46 38 13 0 56 44.550000 -6.030000 0.110000 0.000000 -1.000000 9.220000 169.000000 52 91 36 28 1 81 44.550000 -6.130000 0.110000 0.000000 -1.000000 9.210000 169.000000
2014-01-30T15:00:00Z 14 20 89 18 0 47 45.750000 -9.860000 0.090000 0.000000 1017.790000 16.000000 150.000000 14 41 13 11 0 79 46.000000 -14.620000 0.070000 -1.000000 -1.000000 -1.000000 -1.000000 17 21 22 12 0 64 45.390000 -4.520000 0.120000 0.000000 -1.000000 16.000000 150.000000 14 21 25 10 0 68 45.600000 -7.550000 0.100000 0.000000 -1.000000 16.000000 150.000000 9 17 16 12 0 83 45.610000 -7.650000 0.100000 0.000000 -1.000000 16.000000 150.000000
2014-01-30T14:00:00Z 8 8 72 17 0 50 45.320000 -10.730000 0.090000 0.000000 1017.900000 6.430000 141.000000 12 25 13 10 0 78 41.530000 -8.660000 0.110000 0.000000 1017.680000 2.970000 171.000000 16 16 16 12 0 70 44.620000 -7.340000 0.110000 0.000000 1017.910000 5.910000 142.000000 10 15 20 12 0 72 45.070000 -9.190000 0.100000 0.000000 1017.910000 6.260000 141.000000 7 7 8 7 0 88 45.200000 -8.540000 0.100000 0.000000 1017.830000 6.050000 142.000000
2014-01-30T13:00:00Z 9 8 62 14 0 54 44.930000 -16.330000 0.070000 0.000000 1017.900000 11.000000 110.000000 11 -1 11 10 0 79 45.000000 -18.360000 0.060000 -1.000000 -1.000000 -1.000000 -1.000000 11 -1 14 12 0 70 44.820000 -13.710000 0.080000 0.000000 -1.000000 11.000000 110.000000 13 17 22 12 0 65 44.890000 -15.240000 0.070000 0.000000 -1.000000 11.000000 110.000000 7 -1 9 7 0 85 44.890000 -15.290000 0.070000 0.000000 -1.000000 11.000000 110.000000
2014-01-31T16:00:00Z 106 131 76 62 1 31 36.890000 21.350000 0.530000 0.000000 -1.000000 4.000000 60.000000 89 119 37 74 1 44 37.000000 21.030000 0.520000 0.000000 -1.000000 -1.000000 -1.000000 119 164 42 65 1 32 36.740000 21.800000 0.540000 0.000000 -1.000000 4.000000 60.000000 122 150 42 53 1 36 36.830000 21.530000 0.530000 0.000000 -1.000000 4.000000 60.000000 82 97 47 69 1 47 36.830000 21.520000 0.530000 0.000000 -1.000000 4.000000 60.000000
2014-01-31T15:00:00Z 94 110 73 75 1 31 36.890000 23.370000 0.580000 0.000000 -1.000000 3.860000 129.000000 95 126 33 68 1 47 37.000000 23.200000 0.570000 0.000000 -1.000000 4.000000 130.000000 95 115 36 63 1 40 36.740000 23.600000 0.590000 0.000000 -1.000000 3.650000 127.000000 103 123 38 59 1 40 36.830000 23.460000 0.580000 0.000000 -1.000000 3.780000 128.000000 81 87 44 73 1 46 36.830000 23.460000 0.580000 0.000000 -1.000000 3.780000 128.000000
2014-01-31T14:00:00Z 82 104 67 74 1 31 36.480000 20.970000 0.530000 0.100000 1018.000000 2.060000 69.000000 101 133 34 68 1 44 35.720000 17.110000 0.460000 0.420000 1017.590000 2.240000 101.000000 83 103 29 63 1 44 35.950000 20.950000 0.540000 0.200000 1018.000000 2.160000 68.000000 76 92 33 64 1 41 36.270000 21.010000 0.530000 0.140000 1018.000000 2.100000 68.000000 80 83 39 75 1 47 36.390000 20.930000 0.530000 0.150000 1017.830000 1.820000 58.000000
2014-01-31T13:00:00Z 80 99 64 68 1 29 36.820000 19.460000 0.490000 0.000000 1018.000000 7.000000 20.000000 120 156 34 67 1 41 37.000000 19.160000 0.480000 0.000000 -1.000000 -1.000000 -1.000000 55 77 31 68 0 41 36.560000 19.880000 0.500000 0.000000 -1.000000 7.000000 20.000000 69 88 36 67 1 35 36.720000 19.630000 0.500000 0.000000 -1.000000 7.000000 20.000000 66 78 33 75 1 50 36.720000 19.620000 0.500000 0.000000 -1.000000 7.000000 20.000000
2014-01-31T12:00:00Z 73 95 58 72 1 29 36.750000 18.560000 0.470000 0.000000 1018.000000 7.000000 20.000000 129 168 34 72 1 38 37.000000 18.170000 0.460000 0.000000 -1.000000 -1.000000 -1.000000 58 75 30 67 0 38 36.390000 19.100000 0.490000 0.000000 -1.000000 7.000000 20.000000 66 84 37 77 1 30 36.600000 18.780000 0.480000 0.000000 -1.000000 7.000000 20.000000 69 74 32 88 1 48 36.610000 18.770000 0.480000 0.000000 -1.000000 7.000000 20.000000
2014-01-31T11:00:00Z 76 96 62 70 1 21 34.710000 19.350000 0.530000 0.090000 1020.470000 5.990000 37.000000 132 184 36 79 1 32 30.490000 16.180000 0.550000 0.380000 1020.470000 2.920000 36.000000 61 82 31 66 1 36 33.380000 19.430000 0.560000 0.190000 1020.540000 4.960000 33.000000 68 88 44 79 1 18 34.200000 19.430000 0.540000 0.130000 1020.490000 5.580000 35.000000 78 94 37 70 1 41 34.430000 19.530000 0.540000 0.120000 1020.330000 5.520000 37.000000
2014-02-05T22:00:00Z 112 135 97 69 1 3 27.000000 10.290000 0.490000 0.000000 -1.000000 3.900000 101.000000 121 124 53 54 1 22 27.000000 9.960000 0.480000 0.000000 -1.000000 4.000000 100.000000 139 157 58 65 1 13 27.000000 10.760000 0.500000 0.000000 -1.000000 3.760000 102.000000 108 118 66 60 1 17 27.000000 10.480000 0.490000 0.000000 -1.000000 3.850000 101.000000 132 154 72 68 1 16 27.000000 10.470000 0.490000 0.000000 -1.000000 3.850000 101.000000
2014-02-05T21:00:00Z 103 120 83 56 1 17 25.070000 10.120000 0.520000 0.000000 -1.000000 1.970000 112.000000 114 122 52 53 1 25 25.000000 9.890000 0.520000 0.000000 -1.000000 2.000000 110.000000 78 85 48 54 1 29 25.180000 10.460000 0.530000 0.000000 -1.000000 1.920000 115.000000 97 110 55 50 1 33 25.110000 10.260000 0.530000 0.000000 -1.000000 1.950000 113.000000 108 118 71 70 1 23 25.110000 10.250000 0.530000 0.000000 -1.000000 1.950000 113.000000
2014-02-05T20:00:00Z 86 91 83 59 1 23 26.600000 9.110000 0.470000 0.040000 1028.650000 1.730000 105.000000 131 145 66 73 1 17 23.810000 1.210000 0.370000 0.260000 1029.190000 1.020000 123.000000 79 80 46 60 1 30 26.210000 8.310000 0.460000 0.100000 1028.830000 1.640000 124.000000 79 81 52 53 0 41 26.470000 8.860000 0.470000 0.060000 1028.720000 1.680000 112.000000 108 109 65 76 1 29 26.520000 8.700000 0.460000 0.100000 1028.600000 1.540000 99.000000
2014-02-05T19:00:00Z 93 107 87 83 1 20 27.000000 10.110000 0.480000 0.040000 1028.650000 2.030000 97.000000 117 137 54 62 1 29 27.000000 9.960000 0.480000 -1.000000 -1.000000 2.000000 90.000000 86 88 46 67 0 33 27.000000 10.320000 0.490000 -1.000000 -1.000000 2.110000 106.000000 82 94 51 67 0 42 27.000000 10.190000 0.490000 -1.000000 -1.000000 2.060000 100.000000 104 -1 47 73 1 45 27.000000 10.190000 0.490000 -1.000000 -1.000000 2.050000 100.000000
2014-02-05T18:00:00Z 88 91 83 81 1 26 28.000000 9.930000 0.460000 0.040000 1028.650000 2.150000 107.000000 105 125 40 57 1 45 28.000000 9.930000 0.460000 -1.000000 -1.000000 2.000000 100.000000 83 92 40 66 0 38 28.000000 9.930000 0.460000 -1.000000 -1.000000 2.410000 115.000000 81 92 51 69 0 43 28.000000 9.930000 0.460000 -1.000000 -1.000000 2.250000 110.000000 90 -1 38 74 1 56 28.000000 9.930000 0.460000 -1.000000 -1.000000 2.240000 110.000000
2014-02-05T17:00:00Z 98 91 78 69 1 32 29.900000 7.880000 0.390000 0.750000 1027.430000 2.680000 136.000000 93 121 38 54 1 49 28.490000 -0.490000 0.280000 0.750000 1027.160000 4.360000 117.000000 86 88 33 62 0 45 29.810000 6.500000 0.370000 0.750000 1027.470000 3.410000 134.000000 91 92 45 60 0 49 29.880000 7.390000 0.380000 0.750000 1027.450000 2.960000 135.000000 86 -1 29 60 1 64 29.990000 7.420000 0.380000 0.750000 1027.310000 2.660000 135.000000
2014-02-11T14:00:00Z 96 -1 111 67 1 17 31.970000 1.110000 0.260000 0.010000 1026.440000 6.520000 186.000000 72 -1 44 57 1 59 29.740000 -0.110000 0.270000 0.060000 1026.930000 4.150000 217.000000 87 -1 69 56 1 22 31.970000 1.210000 0.260000 0.030000 1026.490000 6.080000 192.000000 100 105 82 59 1 34 31.990000 1.180000 0.260000 0.020000 1026.460000 6.360000 188.000000 115 -1 107 71 2 35 31.650000 1.440000 0.270000 0.020000 1026.640000 6.190000 189.000000
2014-02-11T13:00:00Z 92 -1 91 75 1 18 32.000000 2.630000 0.280000 0.000000 1026.440000 9.000000 250.000000 72 73 49 62 1 46 32.000000 2.630000 0.280000 -1.000000 -1.000000 -1.000000 -1.000000 83 -1 57 55 1 28 32.000000 2.630000 0.280000 0.000000 -1.000000 9.000000 250.000000 81 -1 68 50 1 37 32.000000 2.630000 0.280000 0.000000 -1.000000 9.000000 250.000000 90 -1 95 75 2 34 32.000000 2.630000 0.280000 0.000000 -1.000000 9.000000 250.000000
2014-02-11T12:00:00Z 92 -1 91 75 1 18 30.070000 3.060000 0.310000 0.000000 1026.440000 9.000000 250.000000 -1 -1 -1 -1 -1 -1 30.000000 3.070000 0.310000 -1.000000 -1.000000 -1.000000 -1.000000 -1 -1 -1 -1 -1 -1 30.180000 3.040000 0.310000 0.000000 -1.000000 -1.000000 -1.000000 -1 -1 -1 -1 -1 -1 30.110000 3.050000 0.310000 0.000000 -1.000000 -1.000000 -1.000000 -1 -1 -1 -1 -1 -1 30.110000 3.060000 0.310000 0.000000 -1.000000 -1.000000 -1.000000
2014-02-11T11:00:00Z 94 100 91 123 2 9 27.340000 2.820000 0.340000 0.330000 1029.430000 3.080000 124.000000 79 80 63 65 1 24 21.640000 -0.240000 0.380000 0.310000 1030.380000 2.000000 160.000000 76 86 55 69 1 14 26.680000 2.370000 0.340000 0.340000 1029.580000 2.420000 147.000000 64 68 64 54 1 20 27.120000 2.680000 0.340000 0.330000 1029.480000 2.750000 132.000000 71 -1 72 79 1 30 26.820000 2.970000 0.350000 0.330000 1029.600000 2.610000 131.000000
2014-02-11T10:00:00Z 91 97 103 111 3 1 25.180000 3.160000 0.380000 0.000000 1029.430000 9.000000 240.000000 62 -1 51 54 1 23 25.000000 3.020000 0.380000 -1.000000 -1.000000 -1.000000 -1.000000 52 -1 44 54 1 13 25.440000 3.360000 0.380000 0.000000 -1.000000 9.000000 240.000000 58 67 70 68 1 1 25.280000 3.240000 0.380000 0.000000 -1.000000 9.000000 240.000000 68 -1 81 71 2 18 25.280000 3.240000 0.380000 0.000000 -1.000000 9.000000 240.000000
2014-02-11T09:00:00Z 80 102 100 83 3 1 21.140000 5.050000 0.490000 0.000000 1029.430000 6.590000 8.000000 52 59 53 56 1 15 21.000000 4.870000 0.490000 -1.000000 -1.000000 7.000000 10.000000 48 -1 48 60 1 3 21.350000 5.310000 0.490000 0.000000 -1.000000 6.010000 6.000000 62 73 73 81 2 1 21.230000 5.160000 0.490000 0.000000 -1.000000 6.360000 7.000000 61 -1 83 49 2 12 21.220000 5.150000 0.490000 0.000000 -1.000000 6.370000 7.000000
2014-02-19T22:00:00Z 112 130 148 39 1 6 29.890000 18.160000 0.610000 0.000000 -1.000000 6.840000 141.000000 64 84 75 46 1 9 30.000000 17.820000 0.600000 0.000000 -1.000000 7.000000 140.000000 121 141 83 44 1 10 29.740000 18.630000 0.630000 0.000000 -1.000000 6.620000 142.000000 98 120 89 39 1 16 29.830000 18.350000 0.620000 0.000000 -1.000000 6.750000 141.000000 102 136 83 35 1 32 29.830000 18.340000 0.620000 0.000000 -1.000000 6.760000 141.000000
2014-02-19T21:00:00Z 72 103 144 28 1 7 31.750000 12.740000 0.450000 0.000000 -1.000000 6.890000 160.000000 61 73 80 48 1 16 32.000000 12.070000 0.430000 0.000000 -1.000000 7.000000 160.000000 102 134 72 35 1 20 31.390000 13.660000 0.470000 0.000000 -1.000000 6.730000 161.000000 88 108 94 34 1 11 31.600000 13.120000 0.460000 0.000000 -1.000000 6.830000 160.000000 78 113 100 38 1 16 31.610000 13.100000 0.460000 0.000000 -1.000000 6.830000 160.000000
2014-02-19T20:00:00Z 28 29 144 20 0 6 27.790000 10.860000 0.480000 0.000000 1029.380000 6.420000 168.000000 50 62 64 35 1 29 25.760000 8.790000 0.480000 0.000000 1030.140000 3.130000 152.000000 39 60 63 17 0 20 27.570000 11.850000 0.510000 0.000000 1029.580000 5.850000 165.000000 33 37 69 18 0 24 27.720000 11.340000 0.500000 0.000000 1029.450000 6.220000 166.000000 66 87 88 27 1 25 27.640000 11.750000 0.510000 0.000000 1029.470000 6.030000 167.000000
2014-02-19T19:00:00Z 27 29 142 17 0 8 33.780000 8.430000 0.340000 0.000000 1029.380000 8.920000 160.000000 35 51 49 29 0 40 34.000000 7.280000 0.320000 0.000000 -1.000000 9.000000 160.000000 31 48 62 15 0 20 33.470000 9.970000 0.370000 0.000000 -1.000000 8.820000 161.000000 25 27 60 14 0 33 33.660000 9.060000 0.350000 0.000000 -1.000000 8.880000 160.000000 36 63 61 23 0 52 33.670000 9.040000 0.350000 0.000000 -1.000000 8.880000 160.000000
2014-02-19T18:00:00Z 22 29 135 15 0 11 35.780000 2.680000 0.240000 0.000000 1029.380000 4.180000 160.000000 19 31 33 18 0 60 36.000000 0.890000 0.220000 -1.000000 -1.000000 4.000000 160.000000 24 33 48 14 0 34 35.470000 4.980000 0.270000 0.000000 -1.000000 4.440000 160.000000 23 -1 53 14 0 41 35.660000 3.630000 0.250000 0.000000 -1.000000 4.280000 160.000000 -1 -1 42 17 0 70 35.670000 3.590000 0.250000 0.000000 -1.000000 4.280000 160.000000
2014-02-19T17:00:00Z 17 29 117 15 0 16 38.130000 20.170000 0.480000 0.000000 1027.560000 6.280000 154.000000 16 20 19 10 0 76 34.550000 9.230000 0.340000 0.310000 1028.290000 2.070000 198.000000 17 -1 21 13 0 60 37.220000 19.540000 0.480000 0.000000 1027.750000 5.650000 159.000000 14 -1 37 13 0 57 37.770000 20.260000 0.490000 0.000000 1027.630000 6.070000 156.000000 -1 -1 27 13 0 78 37.570000 20.890000 0.510000 0.000000 1027.670000 6.150000 155.000000
2014-03-01T22:00:00Z 102 138 194 44 1 10 45.500000 5.060000 0.180000 0.000000 -1.000000 8.790000 219.000000 67 92 62 35 1 4 46.000000 2.360000 0.160000 -1.000000 -1.000000 9.000000 220.000000 85 123 78 68 1 24 44.770000 8.330000 0.220000 0.000000 -1.000000 8.480000 218.000000 98 126 89 79 1 22 45.210000 6.450000 0.200000 0.000000 -1.000000 8.670000 219.000000 -1 220 109 53 1 22 45.220000 6.390000 0.200000 0.000000 -1.000000 8.670000 219.000000
2014-03-01T21:00:00Z 93 131 194 39 1 16 44.610000 4.030000 0.180000 0.000000 -1.000000 8.900000 199.000000 87 125 86 49 1 4 45.000000 1.550000 0.160000 -1.000000 -1.000000 9.000000 200.000000 65 109 64 25 0 41 44.040000 7.090000 0.210000 0.000000 -1.000000 8.750000 198.000000 74 102 81 34 0 36 44.380000 5.320000 0.200000 0.000000 -1.000000 8.840000 199.000000 -1 234 105 42 1 28 44.390000 5.260000 0.190000 0.000000 -1.000000 8.840000 199.000000
2014-03-01T20:00:00Z 64 100 180 21 1 23 44.560000 0.860000 0.160000 0.190000 1021.930000 7.840000 209.000000 74 109 85 44 1 5 39.320000 0.370000 0.190000 0.460000 1022.970000 3.270000 238.000000 47 75 55 16 0 46 43.050000 5.110000 0.200000 0.180000 1022.180000 6.660000 207.000000 52 79 75 19 0 43 43.970000 2.860000 0.180000 0.180000 1022.020000 7.390000 208.000000 82 184 85 29 1 46 43.950000 4.060000 0.190000 0.190000 1022.020000 7.440000 210.000000
2014-03-01T19:00:00Z 45 77 164 15 0 33 47.570000 -0.490000 0.130000 0.000000 1021.930000 9.000000 160.000000 40 71 69 34 1 5 48.000000 -3.960000 0.110000 -1.000000 -1.000000 -1.000000 -1.000000 42 68 42 13 0 67 46.950000 3.590000 0.160000 0.000000 -1.000000 9.000000 160.000000 42 58 64 13 0 59 47.320000 1.250000 0.140000 0.000000 -1.000000 9.000000 160.000000 60 110 51 14 0 78 47.330000 1.180000 0.140000 0.000000 -1.000000 9.000000 160.000000
2014-03-01T18:00:00Z 43 72 148 15 0 54 47.680000 -2.630000 0.120000 0.000000 1021.930000 8.920000 217.000000 24 43 35 17 0 11 48.000000 -5.930000 0.100000 -1.000000 -1.000000 9.000000 220.000000 34 63 35 12 0 76 47.210000 1.310000 0.150000 0.000000 -1.000000 8.840000 214.000000 38 56 51 10 0 81 47.490000 -0.950000 0.130000 0.000000 -1.000000 8.880000 216.000000 44 62 32 10 0 97 47.500000 -1.030000 0.130000 0.000000 -1.000000 8.880000 216.000000
2014-03-01T17:00:00Z 29 63 119 14 0 58 50.990000 -11.400000 0.070000 0.310000 1020.840000 11.690000 290.000000 17 52 21 17 0 12 46.160000 -4.840000 0.110000 0.520000 1021.540000 7.710000 283.000000 20 34 16 10 0 82 49.950000 -9.620000 0.080000 0.310000 1021.000000 10.270000 291.000000 24 44 38 8 0 90 50.600000 -10.700000 0.070000 0.310000 1020.900000 11.110000 291.000000 43 81 26 11 0 111 50.450000 -9.700000 0.080000 -1.000000 1020.960000 10.890000 289.000000
2014-03-16T16:00:00Z 104 230 67 79 1 86 62.610000 18.760000 0.180000 0.000000 -1.000000 13.000000 100.000000 10 208 44 69 1 92 63.000000 17.520000 0.170000 0.000000 -1.000000 -1.000000 -1.000000 110 222 49 61 1 100 62.040000 20.380000 0.200000 0.000000 -1.000000 13.000000 100.000000 113 213 48 62 1 115 62.380000 19.430000 0.190000 0.000000 -1.000000 13.000000 100.000000 108 217 62 67 1 102 62.390000 19.400000 0.190000 0.000000 -1.000000 13.000000 100.000000
2014-03-16T15:00:00Z 89 194 65 81 1 77 62.680000 17.410000 0.170000 0.000000 -1.000000 18.000000 110.000000 3 162 42 58 1 92 63.000000 16.120000 0.160000 0.000000 -1.000000 -1.000000 -1.000000 96 205 53 71 1 82 62.210000 19.100000 0.190000 0.000000 -1.000000 18.000000 110.000000 96 190 56 71 1 90 62.490000 18.110000 0.180000 0.000000 -1.000000 18.000000 110.000000 92 184 60 67 1 91 62.500000 18.080000 0.180000 0.000000 -1.000000 18.000000 110.000000
2014-03-16T14:00:00Z 79 160 59 71 1 73 62.340000 14.610000 0.150000 0.720000 1014.550000 7.480000 120.000000 37 160 52 62 1 79 61.970000 14.310000 0.150000 0.790000 1013.040000 8.430000 142.000000 80 182 49 60 1 74 61.620000 17.550000 0.180000 0.680000 1014.390000 7.970000 120.000000 81 166 54 65 1 80 62.050000 15.940000 0.160000 0.700000 1014.490000 7.680000 120.000000 83 166 56 62 1 86 62.730000 15.680000 0.160000 0.690000 1014.230000 7.240000 118.000000
2014-03-16T13:00:00Z 81 158 63 71 1 65 60.780000 11.320000 0.140000 0.000000 1014.550000 16.000000 70.000000 63 149 54 62 1 70 61.000000 9.830000 0.130000 -1.000000 -1.000000 -1.000000 -1.000000 78 164 46 56 1 73 60.470000 13.290000 0.150000 0.000000 -1.000000 16.000000 70.000000 79 148 51 60 1 76 60.660000 12.130000 0.150000 0.000000 -1.000000 16.000000 70.000000 79 159 56 62 1 78 60.670000 12.100000 0.150000 0.000000 -1.000000 16.000000 70.000000
2014-03-16T12:00:00Z 68 147 65 75 1 53 60.780000 11.150000 0.140000 0.000000 1014.550000 13.000000 100.000000 50 137 48 67 1 67 61.000000 9.830000 0.130000 -1.000000 -1.000000 -1.000000 -1.000000 79 165 57 64 1 54 60.470000 12.900000 0.150000 0.000000 -1.000000 13.000000 100.000000 71 159 53 61 1 64 60.660000 11.870000 0.140000 0.000000 -1.000000 13.000000 100.000000 68 149 60 63 1 64 60.670000 11.840000 0.140000 0.000000 -1.000000 13.000000 100.000000
2014-03-16T11:00:00Z 64 128 65 76 1 44 60.050000 12.720000 0.150000 0.720000 1017.660000 7.040000 80.000000 64 119 44 66 1 62 56.900000 12.450000 0.170000 0.740000 1016.580000 6.440000 122.000000 69 147 57 66 1 47 59.040000 15.350000 0.180000 0.680000 1017.520000 7.350000 90.000000 71 138 60 66 1 48 59.650000 13.920000 0.160000 0.700000 1017.610000 7.170000 84.000000 62 130 62 63 1 53 59.720000 13.630000 0.160000 0.670000 1017.440000 7.120000 78.000000
2014-03-23T08:00:00Z 113 210 115 44 1 2 50.550000 23.680000 0.350000 0.000000 1026.780000 3.490000 70.000000 99 164 51 35 1 32 44.050000 16.920000 0.330000 0.060000 1026.430000 1.700000 91.000000 132 224 110 43 1 2 49.030000 24.230000 0.380000 0.000000 1026.770000 2.950000 69.000000 116 185 112 49 2 2 49.980000 24.020000 0.360000 0.000000 1026.780000 3.280000 70.000000 107 208 91 30 2 9 50.320000 24.230000 0.360000 0.000000 1026.660000 3.210000 72.000000
2014-03-23T07:00:00Z 111 230 118 31 2 2 43.000000 25.690000 0.500000 0.000000 1026.780000 4.000000 340.000000 95 166 35 30 1 48 43.000000 25.160000 0.490000 0.000000 -1.000000 -1.000000 -1.000000 111 172 110 32 1 2 43.000000 26.420000 0.520000 0.000000 -1.000000 4.000000 340.000000 103 152 114 34 1 2 43.000000 25.980000 0.510000 0.000000 -1.000000 4.000000 340.000000 108 202 88 23 2 7 43.000000 25.970000 0.510000 0.000000 -1.000000 4.000000 340.000000
2014-03-23T06:00:00Z 101 224 119 29 2 2 41.070000 25.630000 0.540000 0.000000 1026.780000 1.740000 105.000000 88 149 31 29 1 48 41.000000 25.200000 0.530000 0.000000 -1.000000 2.000000 110.000000 107 154 105 32 1 2 41.180000 26.260000 0.550000 0.000000 -1.000000 1.410000 94.000000 95 139 100 40 1 15 41.110000 25.880000 0.540000 0.000000 -1.000000 1.600000 101.000000 118 251 95 27 2 6 41.110000 25.870000 0.540000 0.000000 -1.000000 1.610000 101.000000
2014-03-23T05:00:00Z 107 194 119 30 1 2 41.000000 24.970000 0.530000 0.000000 1025.640000 1.850000 97.000000 86 151 35 30 1 45 38.450000 17.770000 0.430000 0.000000 1025.110000 0.830000 70.000000 105 175 106 38 1 2 40.970000 24.780000 0.520000 0.000000 1025.580000 1.690000 94.000000 89 141 100 34 1 8 41.020000 24.970000 0.520000 0.000000 1025.620000 1.790000 96.000000 126 -1 105 29 2 5 41.440000 25.190000 0.520000 0.000000 1025.470000 1.790000 102.000000
2014-03-23T04:00:00Z 96 187 120 30 1 2 41.070000 21.240000 0.450000 0.000000 1025.640000 1.860000 340.000000 79 139 29 28 1 52 41.000000 20.780000 0.440000 0.000000 -1.000000 2.000000 340.000000 103 164 101 37 1 6 41.180000 21.900000 0.460000 0.000000 -1.000000 1.650000 339.000000 89 144 87 33 1 19 41.110000 21.510000 0.450000 0.000000 -1.000000 1.780000 339.000000 128 -1 114 25 2 6 41.110000 21.500000 0.450000 0.000000 -1.000000 1.780000 339.000000
2014-03-23T03:00:00Z 87 191 110 34 1 5 43.070000 21.480000 0.420000 0.000000 1025.640000 1.940000 62.000000 94 170 50 38 1 43 43.000000 20.930000 0.410000 0.000000 -1.000000 2.000000 60.000000 92 168 96 33 1 8 43.180000 22.270000 0.430000 0.000000 -1.000000 1.860000 65.000000 81 117 86 37 1 22 43.110000 21.800000 0.420000 0.000000 -1.000000 1.910000 63.000000 114 186 121 31 2 6 43.110000 21.790000 0.420000 0.000000 -1.000000 1.910000 63.000000
2014-03-31T02:00:00Z 81 234 143 20 0 2 60.010000 32.410000 0.350000 0.000000 1015.350000 3.890000 132.000000 42 91 60 6 0 23 55.640000 26.670000 0.330000 0.000000 1015.270000 2.080000 136.000000 128 279 81 24 1 39 58.970000 33.130000 0.380000 0.000000 1015.420000 3.800000 135.000000 112 220 90 -1 0 41 59.630000 32.820000 0.360000 0.000000 1015.380000 3.880000 134.000000 91 270 112 17 0 5 60.010000 33.310000 0.360000 0.000000 1015.330000 3.880000 135.000000
2014-03-31T01:00:00Z 62 154 140 14 0 2 62.780000 31.190000 0.300000 0.000000 1015.350000 8.790000 131.000000 35 78 44 5 0 35 63.000000 30.250000 0.290000 0.000000 -1.000000 9.000000 130.000000 91 231 98 21 0 22 62.470000 32.470000 0.320000 0.000000 -1.000000 8.480000 132.000000 72 159 110 16 0 16 62.660000 31.720000 0.310000 0.000000 -1.000000 8.670000 131.000000 90 289 110 14 1 7 62.670000 31.690000 0.310000 0.000000 -1.000000 8.670000 131.000000
2014-03-31T00:00:00Z 50 152 142 12 0 2 62.780000 28.640000 0.270000 0.000000 1015.350000 6.890000 170.000000 32 73 45 5 0 34 63.000000 27.580000 0.260000 -1.000000 -1.000000 7.000000 170.000000 60 167 109 14 0 6 62.470000 30.070000 0.290000 0.000000 -1.000000 6.730000 169.000000 58 119 110 10 0 14 62.660000 29.230000 0.280000 0.000000 -1.000000 6.830000 170.000000 -1 -1 121 13 0 7 62.670000 29.200000 0.280000 0.000000 -1.000000 6.830000 170.000000
2014-03-30T23:00:00Z 44 158 138 10 0 2 63.750000 26.570000 0.240000 0.000000 1016.100000 6.890000 160.000000 44 99 84 6 0 9 63.180000 23.920000 0.220000 -1.000000 1016.000000 6.680000 142.000000 57 208 122 11 0 2 63.390000 28.050000 0.260000 0.000000 1016.100000 6.740000 160.000000 48 114 113 7 0 14 63.600000 27.180000 0.250000 0.000000 1016.100000 6.830000 160.000000 -1 347 124 11 1 7 63.610000 27.150000 0.250000 0.000000 1016.100000 6.830000 160.000000
2014-03-30T22:00:00Z 38 149 126 9 0 6 65.820000 19.810000 0.170000 0.000000 1016.100000 6.820000 160.000000 44 129 98 5 0 2 66.000000 18.540000 0.160000 -1.000000 -1.000000 7.000000 160.000000 50 155 114 13 0 3 65.560000 21.520000 0.180000 0.000000 -1.000000 6.560000 160.000000 39 117 100 6 0 26 65.720000 20.510000 0.180000 0.000000 -1.000000 6.720000 160.000000 61 193 114 13 0 9 65.720000 20.480000 0.180000 0.000000 -1.000000 6.720000 160.000000
2014-03-30T21:00:00Z 25 113 112 7 0 18 69.680000 16.920000 0.130000 0.000000 1016.100000 8.790000 219.000000 40 111 68 4 0 40 70.000000 15.070000 0.120000 -1.000000 -1.000000 9.000000 220.000000 40 116 87 9 0 27 69.210000 19.300000 0.150000 0.000000 -1.000000 8.480000 218.000000 31 72 81 3 0 45 69.490000 17.910000 0.140000 0.000000 -1.000000 8.670000 219.000000 42 160 93 14 0 30 69.500000 17.860000 0.140000 0.000000 -1.000000 8.670000 219.000000
2014-03-31T23:00:00Z 105 126 153 13 1 2 54.110000 45.220000 0.720000 0.000000 1015.400000 2.150000 123.000000 162 281 54 8 1 48 52.570000 42.900000 0.700000 0.000000 1015.560000 1.310000 108.000000 151 193 118 13 1 2 54.260000 45.270000 0.720000 0.000000 1015.400000 2.380000 127.000000 121 131 132 10 1 3 54.170000 45.240000 0.720000 0.000000 1015.400000 2.240000 125.000000 114 232 128 11 1 4 54.170000 45.240000 0.720000 0.000000 1015.400000 2.230000 125.000000
2014-03-31T22:00:00Z 78 104 154 14 1 2 55.070000 45.060000 0.690000 0.000000 1015.400000 4.090000 129.000000 44 97 42 8 0 54 55.000000 45.020000 0.690000 0.000000 -1.000000 4.000000 130.000000 124 152 121 16 1 2 55.180000 45.120000 0.690000 0.000000 -1.000000 4.230000 127.000000 86 86 112 12 1 25 55.110000 45.080000 0.690000 0.000000 -1.000000 4.150000 128.000000 123 189 140 12 1 6 55.110000 45.080000 0.690000 0.000000 -1.000000 4.150000 128.000000
2014-03-31T21:00:00Z 78 104 154 14 1 2 55.220000 46.160000 0.710000 0.000000 1015.400000 6.730000 119.000000 -1 -1 -1 -1 -1 -1 55.000000 46.140000 0.720000 0.000000 -1.000000 7.000000 120.000000 -1 -1 -1 -1 -1 -1 55.530000 46.190000 0.710000 0.000000 -1.000000 6.340000 117.000000 -1 -1 -1 -1 -1 -1 55.340000 46.170000 0.710000 0.000000 -1.000000 6.570000 118.000000 -1 -1 -1 -1 -1 -1 55.330000 46.170000 0.710000 0.000000 -1.000000 6.580000 118.000000
2014-03-31T20:00:00Z 78 104 154 14 1 2 58.870000 44.530000 0.590000 0.010000 1014.250000 6.060000 151.000000 -1 -1 -1 -1 -1 -1 55.500000 40.600000 0.570000 0.150000 1014.870000 4.590000 156.000000 -1 -1 -1 -1 -1 -1 58.770000 43.930000 0.580000 0.030000 1014.410000 5.080000 153.000000 -1 -1 -1 -1 -1 -1 58.860000 44.330000 0.580000 0.020000 1014.310000 5.650000 152.000000 -1 -1 -1 -1 -1 -1 58.480000 44.540000 0.600000 0.020000 1014.390000 5.370000 149.000000
2014-03-31T19:00:00Z 73 108 102 15 1 49 63.000000 45.130000 0.520000 0.000000 1014.250000 10.730000 150.000000 29 33 32 9 0 87 63.000000 45.090000 0.520000 0.000000 -1.000000 11.000000 150.000000 54 77 47 17 0 82 63.000000 45.180000 0.520000 0.000000 -1.000000 10.340000 151.000000 74 87 68 13 1 86 63.000000 45.150000 0.520000 0.000000 -1.000000 10.570000 151.000000 85 126 68 11 1 73 63.000000 45.150000 0.520000 0.000000 -1.000000 10.580000 151.000000
2014-03-31T18:00:00Z 35 89 62 13 0 70 67.820000 32.560000 0.270000 0.000000 1014.250000 6.430000 320.000000 3 30 31 8 0 94 68.000000 31.830000 0.260000 -1.000000 -1.000000 7.000000 320.000000 6 17 29 14 0 89 67.560000 33.550000 0.280000 0.000000 -1.000000 5.610000 319.000000 33 39 48 11 0 89 67.720000 32.960000 0.270000 0.000000 -1.000000 6.100000 319.000000 72 194 55 13 1 94 67.720000 32.940000 0.270000 0.000000 -1.000000 6.120000 319.000000
2014-04-17T21:00:00Z 110 127 91 17 1 41 58.820000 50.090000 0.730000 0.000000 -1.000000 4.020000 157.000000 120 -1 40 15 1 87 59.000000 49.980000 0.720000 0.000000 -1.000000 4.000000 160.000000 108 133 58 16 1 76 58.560000 50.240000 0.740000 0.000000 -1.000000 4.070000 153.000000 130 -1 64 16 1 80 58.720000 50.150000 0.730000 0.000000 -1.000000 4.040000 156.000000 123 134 78 6 2 63 58.720000 50.150000 0.730000 0.000000 -1.000000 4.040000 156.000000
2014-04-17T20:00:00Z 94 113 82 17 1 56 59.890000 49.830000 0.690000 0.090000 1014.340000 2.440000 140.000000 123 -1 42 15 1 93 56.770000 48.120000 0.730000 0.480000 1014.330000 3.130000 145.000000 127 139 60 19 1 87 58.740000 49.670000 0.720000 0.190000 1014.400000 3.040000 132.000000 104 118 61 17 1 96 59.450000 49.800000 0.700000 0.130000 1014.360000 2.670000 136.000000 116 131 75 7 2 71 59.880000 49.970000 0.700000 0.130000 1014.220000 2.470000 136.000000
2014-04-17T19:00:00Z 86 105 86 20 1 61 58.860000 48.250000 0.680000 0.000000 1014.340000 9.000000 80.000000 114 -1 44 16 1 102 59.000000 48.060000 0.670000 0.000000 -1.000000 -1.000000 -1.000000 130 147 70 23 1 87 58.650000 48.510000 0.690000 0.000000 -1.000000 9.000000 80.000000 98 122 69 21 1 103 58.770000 48.350000 0.680000 0.000000 -1.000000 9.000000 80.000000 105 133 69 9 2 90 58.780000 48.350000 0.680000 0.000000 -1.000000 9.000000 80.000000
2014-04-17T18:00:00Z 78 92 78 21 1 70 60.860000 50.050000 0.680000 0.000000 1014.340000 11.000000 100.000000 104 -1 39 16 1 114 61.000000 49.960000 0.670000 0.000000 -1.000000 -1.000000 -1.000000 116 131 68 23 1 89 60.650000 50.180000 0.680000 0.000000 -1.000000 11.000000 100.000000 90 108 69 22 1 107 60.770000 50.110000 0.680000 0.000000 -1.000000 11.000000 100.000000 87 108 58 11 2 112 60.780000 50.100000 0.680000 0.000000 -1.000000 11.000000 100.000000
2014-04-17T17:00:00Z 79 87 66 20 1 78 60.450000 49.760000 0.680000 0.090000 1012.700000 4.250000 148.000000 100 -1 30 16 1 132 58.650000 47.740000 0.670000 0.450000 1012.230000 3.810000 134.000000 83 105 50 24 1 108 59.870000 49.560000 0.690000 0.200000 1012.700000 4.590000 145.000000 85 93 60 22 1 116 60.240000 49.700000 0.680000 0.130000 1012.700000 4.390000 147.000000 103 109 54 13 2 111 60.790000 49.790000 0.670000 0.130000 1012.550000 4.050000 150.000000
2014-04-17T16:00:00Z 79 86 52 28 1 86 62.860000 48.180000 0.590000 0.000000 1012.700000 9.000000 120.000000 104 -1 28 17 1 129 63.000000 47.990000 0.580000 0.000000 -1.000000 -1.000000 -1.000000 102 114 43 32 1 108 62.650000 48.450000 0.600000 0.000000 -1.000000 9.000000 120.000000 85 97 54 27 1 114 62.770000 48.290000 0.590000 0.000000 -1.000000 9.000000 120.000000 111 -1 52 24 2 105 62.780000 48.290000 0.590000 0.000000 -1.000000 9.000000 120.000000
2014-04-23T07:00:00Z 113 150 78 13 1 2 63.000000 53.830000 0.720000 0.000000 -1.000000 4.030000 134.000000 74 122 48 10 0 48 63.000000 53.830000 0.720000 0.000000 -1.000000 4.000000 130.000000 123 164 46 17 0 34 63.000000 53.830000 0.720000 0.000000 -1.000000 4.100000 140.000000 117 141 54 20 0 36 63.000000 53.830000 0.720000 0.000000 -1.000000 4.050000 136.000000 121 168 69 6 1 9 63.000000 53.830000 0.720000 0.000000 -1.000000 4.050000 136.000000
2014-04-23T06:00:00Z 106 130 58 11 0 17 59.070000 52.220000 0.780000 0.000000 -1.000000 6.960000 142.000000 65 68 28 8 0 72 59.000000 52.150000 0.780000 0.000000 -1.000000 7.000000 140.000000 106 153 40 13 0 41 59.180000 52.320000 0.780000 0.000000 -1.000000 6.920000 145.000000 110 126 44 20 0 49 59.110000 52.260000 0.780000 0.000000 -1.000000 6.940000 143.000000 127 174 77 6 1 4 59.110000 52.260000 0.780000 0.000000 -1.000000 6.940000 143.000000
2014-04-23T05:00:00Z 102 129 59 11 0 22 58.240000 50.830000 0.760000 0.000000 1010.850000 3.790000 155.000000 74 83 -1 7 0 59 53.240000 42.630000 0.670000 0.000000 1010.670000 0.790000 157.000000 105 183 47 15 0 40 57.460000 49.480000 0.750000 0.000000 1010.920000 3.580000 163.000000 105 129 44 18 0 54 57.970000 50.360000 0.760000 0.000000 1010.880000 3.730000 158.000000 128 170 81 5 0 5 58.210000 50.680000 0.760000 0.000000 1010.830000 4.020000 160.000000
2014-04-23T04:00:00Z 85 130 64 11 0 26 61.000000 51.910000 0.720000 0.000000 1010.850000 6.870000 153.000000 66 84 29 7 0 59 61.000000 51.910000 0.720000 -1.000000 -1.000000 7.000000 150.000000 113 -1 53 16 0 42 61.000000 51.910000 0.720000 0.000000 -1.000000 6.700000 156.000000 97 126 49 16 0 57 61.000000 51.910000 0.720000 0.000000 -1.000000 6.790000 154.000000 128 178 65 5 0 20 61.000000 51.910000 0.720000 0.000000 -1.000000 6.800000 154.000000
2014-04-23T03:00:00Z 77 132 72 13 0 26 63.000000 50.260000 0.630000 0.000000 1010.850000 6.960000 162.000000 62 72 25 8 0 85 63.000000 50.200000 0.630000 -1.000000 -1.000000 7.000000 160.000000 94 -1 58 16 0 46 63.000000 50.350000 0.630000 0.000000 -1.000000 6.920000 165.000000 88 128 41 16 0 73 63.000000 50.300000 0.630000 0.000000 -1.000000 6.940000 163.000000 81 160 59 7 0 25 63.000000 50.300000 0.630000 0.000000 -1.000000 6.940000 163.000000
2014-04-23T02:00:00Z 80 137 69 14 0 34 63.250000 48.840000 0.590000 0.000000 1010.920000 7.980000 164.000000 58 72 23 7 0 86 59.260000 42.150000 0.530000 -1.000000 1010.570000 4.530000 157.000000 86 -1 63 18 0 46 62.470000 47.850000 0.590000 0.000000 1010.950000 6.980000 170.000000 81 134 43 16 0 76 62.980000 48.510000 0.590000 0.000000 1010.940000 7.600000 166.000000 84 163 60 8 0 30 63.190000 48.790000 0.590000 0.000000 1010.920000 8.130000 165.000000
2014-04-24T07:00:00Z 106 124 64 14 0 34 63.040000 51.650000 0.660000 0.000000 -1.000000 7.000000 150.000000 93 105 51 7 0 56 63.000000 51.870000 0.670000 0.000000 -1.000000 7.000000 150.000000 114 135 50 13 0 57 63.090000 51.340000 0.660000 0.000000 -1.000000 7.000000 150.000000 107 114 57 19 0 64 63.060000 51.530000 0.660000 0.000000 -1.000000 7.000000 150.000000 116 145 69 6 0 27 63.060000 51.530000 0.660000 0.000000 -1.000000 7.000000 150.000000
2014-04-24T06:00:00Z 104 106 47 10 0 43 61.070000 51.730000 0.710000 0.000000 -1.000000 3.990000 143.000000 105 -1 42 6 0 63 61.000000 51.910000 0.720000 0.000000 -1.000000 4.000000 140.000000 100 112 51 10 0 56 61.180000 51.470000 0.700000 0.000000 -1.000000 3.990000 148.000000 101 104 43 17 0 78 61.110000 51.630000 0.710000 0.000000 -1.000000 3.990000 145.000000 102 117 36 5 0 56 61.110000 51.630000 0.710000 0.000000 -1.000000 3.990000 145.000000
2014-04-24T05:00:00Z 93 98 38 11 0 57 60.290000 51.260000 0.720000 0.000000 1012.940000 2.070000 130.000000 101 -1 40 6 0 67 56.510000 48.760000 0.750000 0.000000 1012.060000 2.550000 127.000000 95 107 -1 10 0 40 59.570000 50.570000 0.720000 0.000000 1012.880000 2.240000 140.000000 82 97 -1 15 0 52 60.030000 50.990000 0.720000 0.000000 1012.920000 2.140000 134.000000 100 108 36 6 0 62 59.890000 50.950000 0.720000 0.000000 1012.820000 2.070000 135.000000
2014-04-24T04:00:00Z 86 87 38 10 0 60 61.000000 51.720000 0.710000 0.000000 1012.940000 4.050000 162.000000 87 91 37 7 0 79 61.000000 51.910000 0.720000 0.000000 -1.000000 4.000000 160.000000 89 110 27 10 0 74 61.000000 51.440000 0.710000 0.000000 -1.000000 4.140000 165.000000 76 91 33 13 0 -1 61.000000 51.610000 0.710000 0.000000 -1.000000 4.090000 164.000000 99 112 33 6 0 66 61.000000 51.610000 0.710000 0.000000 -1.000000 4.080000 164.000000
2014-04-24T03:00:00Z 81 87 40 11 0 62 61.000000 51.770000 0.720000 0.000000 1012.940000 3.980000 161.000000 98 105 39 8 0 86 61.000000 51.910000 0.720000 0.000000 -1.000000 4.000000 160.000000 89 108 29 10 0 81 61.000000 51.570000 0.710000 0.000000 -1.000000 3.960000 163.000000 86 86 31 13 -1 93 61.000000 51.690000 0.710000 0.000000 -1.000000 3.970000 162.000000 96 124 46 6 0 61 61.000000 51.700000 0.710000 0.000000 -1.000000 3.970000 162.000000
2014-04-24T02:00:00Z 80 100 41 11 0 68 60.630000 51.400000 0.720000 0.000000 1012.680000 6.510000 180.000000 88 104 45 8 0 82 58.140000 49.070000 0.720000 0.000000 1011.290000 4.060000 160.000000 87 119 49 12 0 58 60.270000 50.860000 0.710000 0.000000 1012.560000 6.050000 179.000000 85 88 36 -1 0 93 60.520000 51.200000 0.710000 0.000000 1012.640000 6.350000 179.000000 90 125 43 6 0 70 60.580000 51.280000 0.710000 0.000000 1012.490000 6.100000 181.000000
2014-05-01T02:00:00Z 109 167 73 15 0 47 63.600000 53.000000 0.680000 0.000000 1007.750000 3.870000 129.000000 94 132 35 8 0 111 61.350000 48.140000 0.620000 -1.000000 1007.070000 2.650000 145.000000 114 180 85 14 0 62 63.200000 51.920000 0.670000 0.000000 1007.710000 3.860000 139.000000 117 182 54 15 0 97 63.470000 52.580000 0.680000 0.000000 1007.740000 3.860000 133.000000 130 230 112 7 1 19 63.570000 52.350000 0.670000 0.000000 1007.740000 3.620000 132.000000
2014-05-01T01:00:00Z 99 167 69 16 0 59 64.140000 53.860000 0.690000 0.000000 1007.750000 6.800000 141.000000 94 135 42 11 0 114 64.000000 54.010000 0.700000 -1.000000 -1.000000 7.000000 140.000000 105 194 84 15 0 68 64.350000 53.620000 0.680000 0.000000 -1.000000 6.520000 143.000000 110 147 50 15 0 108 64.230000 53.760000 0.690000 0.000000 -1.000000 6.680000 142.000000 121 217 110 8 1 30 64.220000 53.770000 0.690000 0.000000 -1.000000 6.690000 142.000000
2014-05-01T00:00:00Z 99 167 69 16 0 59 68.000000 52.050000 0.570000 0.000000 1007.750000 6.820000 151.000000 -1 -1 -1 -1 -1 -1 68.000000 52.190000 0.570000 -1.000000 -1.000000 7.000000 150.000000 -1 -1 -1 -1 -1 -1 68.000000 51.850000 0.560000 -1.000000 -1.000000 6.570000 153.000000 -1 -1 -1 -1 -1 -1 68.000000 51.970000 0.570000 -1.000000 -1.000000 6.720000 152.000000 -1 -1 -1 -1 -1 -1 68.000000 51.980000 0.570000 -1.000000 -1.000000 6.720000 152.000000
2014-04-30T23:00:00Z 88 165 79 16 0 67 68.070000 52.070000 0.570000 0.000000 1008.000000 8.800000 180.000000 100 157 60 13 1 109 68.410000 50.240000 0.520000 -1.000000 1007.590000 8.210000 165.000000 88 147 75 15 0 98 68.180000 51.890000 0.560000 -1.000000 1008.000000 8.520000 181.000000 96 167 53 16 0 127 68.110000 52.000000 0.560000 -1.000000 1008.000000 8.690000 181.000000 105 196 80 9 0 76 68.110000 52.000000 0.560000 -1.000000 1008.000000 8.690000 181.000000
2014-04-30T22:00:00Z 84 163 80 15 0 76 70.070000 49.900000 0.490000 0.000000 1008.000000 7.000000 172.000000 99 166 73 15 1 105 70.000000 49.950000 0.490000 -1.000000 -1.000000 7.000000 170.000000 86 144 66 15 0 116 70.180000 49.820000 0.480000 -1.000000 -1.000000 7.010000 174.000000 83 135 52 15 0 141 70.110000 49.870000 0.490000 -1.000000 -1.000000 7.000000 173.000000 105 176 59 11 0 114 70.110000 49.870000 0.490000 -1.000000 -1.000000 7.000000 173.000000
2014-04-30T21:00:00Z 83 164 68 18 0 96 72.040000 49.940000 0.460000 0.000000 1008.000000 7.050000 191.000000 98 168 60 18 0 132 72.000000 50.080000 0.460000 -1.000000 -1.000000 7.000000 190.000000 90 157 66 16 0 121 72.090000 49.740000 0.450000 -1.000000 -1.000000 7.130000 192.000000 89 144 49 15 0 156 72.060000 49.860000 0.460000 -1.000000 -1.000000 7.080000 191.000000 106 213 57 12 0 134 72.060000 49.860000 0.460000 -1.000000 -1.000000 7.080000 191.000000
2014-05-15T13:00:00Z 64 231 77 14 0 57 82.000000 35.370000 0.190000 0.000000 -1.000000 4.000000 250.000000 70 184 35 9 0 83 82.000000 35.660000 0.190000 -1.000000 -1.000000 -1.000000 -1.000000 73 221 53 12 0 72 82.000000 34.950000 0.180000 0.000000 -1.000000 4.000000 250.000000 65 244 60 11 0 79 82.000000 35.200000 0.190000 0.000000 -1.000000 4.000000 250.000000 -1 262 54 -1 0 82 82.000000 35.210000 0.190000 0.000000 -1.000000 4.000000 250.000000
2014-05-15T12:00:00Z 61 180 91 16 0 34 81.040000 33.420000 0.180000 0.000000 -1.000000 4.000000 40.000000 53 155 38 13 0 69 81.000000 33.490000 0.180000 -1.000000 -1.000000 -1.000000 -1.000000 54 162 60 13 0 49 81.090000 33.320000 0.180000 -1.000000 -1.000000 4.000000 40.000000 50 183 65 11 0 55 81.060000 33.380000 0.180000 -1.000000 -1.000000 4.000000 40.000000 -1 -1 85 -1 0 39 81.060000 33.380000 0.180000 -1.000000 -1.000000 4.000000 40.000000
2014-05-15T11:00:00Z 43 146 108 17 0 12 78.450000 33.770000 0.200000 0.750000 1001.030000 2.440000 143.000000 35 95 33 9 0 63 74.740000 28.210000 0.180000 0.680000 1001.130000 3.440000 302.000000 42 124 68 10 0 30 77.900000 33.060000 0.200000 0.750000 1001.050000 0.860000 156.000000 58 139 76 12 0 32 78.250000 33.530000 0.200000 0.750000 1001.040000 1.830000 145.000000 60 183 86 -1 0 23 78.120000 33.370000 0.200000 0.730000 1001.130000 1.590000 154.000000
2014-05-15T10:00:00Z 59 130 108 15 0 3 75.000000 35.750000 0.240000 0.750000 1001.030000 4.000000 350.000000 34 80 47 6 0 38 75.000000 35.750000 0.240000 -1.000000 -1.000000 -1.000000 -1.000000 40 128 67 7 0 18 75.000000 35.750000 0.240000 -1.000000 -1.000000 4.000000 350.000000 50 137 91 9 0 10 75.000000 35.750000 0.240000 -1.000000 -1.000000 4.000000 350.000000 46 96 77 -1 0 19 75.000000 35.750000 0.240000 -1.000000 -1.000000 4.000000 350.000000
2014-05-15T09:00:00Z 55 133 105 15 0 2 72.000000 37.100000 0.280000 0.750000 1001.030000 4.000000 350.000000 31 100 58 6 0 15 72.000000 37.100000 0.280000 -1.000000 -1.000000 -1.000000 -1.000000 44 126 66 6 0 13 72.000000 37.100000 0.280000 -1.000000 -1.000000 -1.000000 -1.000000 38 94 84 7 0 9 72.000000 37.100000 0.280000 -1.000000 -1.000000 -1.000000 -1.000000 41 132 82 -1 0 10 72.000000 37.100000 0.280000 -1.000000 -1.000000 -1.000000 -1.000000
2014-05-15T08:00:00Z 50 148 91 16 1 2 65.470000 38.180000 0.370000 0.750000 1002.140000 3.310000 33.000000 33 116 58 7 0 5 62.290000 32.260000 0.320000 0.310000 1002.470000 1.020000 3.000000 45 118 76 10 0 2 64.930000 37.410000 0.360000 -1.000000 1002.190000 2.670000 23.000000 46 76 83 7 0 5 65.280000 37.920000 0.360000 -1.000000 1002.160000 3.050000 29.000000 50 152 79 -1 0 5 65.520000 37.640000 0.360000 0.310000 1002.200000 2.790000 25.000000
2014-05-21T14:00:00Z 109 196 80 37 1 168 86.180000 54.570000 0.340000 0.010000 1004.090000 8.240000 194.000000 114 150 31 24 1 228 85.800000 49.390000 0.290000 0.250000 1003.140000 4.550000 169.000000 125 210 67 27 1 178 86.380000 53.990000 0.330000 0.020000 1003.970000 7.600000 186.000000 107 204 61 31 1 205 86.270000 54.380000 0.340000 0.010000 1004.050000 7.990000 191.000000 110 225 60 34 1 189 86.180000 54.090000 0.340000 0.040000 1003.970000 7.780000 196.000000
2014-05-21T13:00:00Z 105 159 86 34 1 125 84.220000 56.990000 0.400000 0.000000 1004.090000 8.240000 194.000000 110 140 25 22 1 204 84.000000 57.050000 0.400000 0.000000 -1.000000 -1.000000 -1.000000 106 168 64 27 1 149 84.530000 56.900000 0.390000 0.000000 -1.000000 -1.000000 -1.000000 100 173 76 28 1 155 84.340000 56.960000 0.390000 0.000000 -1.000000 -1.000000 -1.000000 108 190 72 33 1 145 84.330000 56.960000 0.390000 0.000000 -1.000000 -1.000000 -1.000000
2014-05-21T12:00:00Z 105 159 86 34 1 125 82.220000 55.190000 0.400000 0.000000 1004.090000 8.240000 194.000000 -1 -1 -1 -1 -1 -1 82.000000 55.270000 0.400000 0.000000 -1.000000 -1.000000 -1.000000 -1 -1 -1 -1 -1 -1 82.530000 55.070000 0.390000 0.000000 -1.000000 -1.000000 -1.000000 -1 -1 -1 -1 -1 -1 82.340000 55.140000 0.390000 0.000000 -1.000000 -1.000000 -1.000000 -1 -1 -1 -1 -1 -1 82.330000 55.140000 0.390000 0.000000 -1.000000 -1.000000 -1.000000
2014-05-21T11:00:00Z 98 164 59 37 1 93 80.990000 56.210000 0.430000 0.000000 1006.230000 4.030000 114.000000 100 142 31 28 1 137 80.410000 50.330000 0.350000 0.150000 1005.430000 4.430000 149.000000 101 145 57 29 1 96 80.980000 55.400000 0.420000 0.000000 1006.160000 4.090000 119.000000 94 126 56 26 1 117 80.990000 55.940000 0.420000 0.000000 1006.210000 4.050000 116.000000 101 159 66 30 1 97 81.060000 56.020000 0.420000 0.000000 1006.090000 3.420000 119.000000
2014-05-21T10:00:00Z 92 133 56 39 1 77 77.000000 54.300000 0.450000 0.000000 1006.230000 4.000000 120.000000 104 140 32 29 1 110 77.000000 54.010000 0.450000 0.000000 -1.000000 -1.000000 -1.000000 102 167 62 28 1 65 77.000000 54.700000 0.460000 0.000000 -1.000000 4.000000 120.000000 88 148 71 30 1 72 77.000000 54.460000 0.460000 0.000000 -1.000000 4.000000 120.000000 92 140 49 31 1 96 77.000000 54.450000 0.460000 0.000000 -1.000000 4.000000 120.000000
2014-05-21T09:00:00Z 96 132 76 42 1 37 72.960000 55.180000 0.540000 0.000000 1006.230000 4.000000 120.000000 104 122 35 27 1 81 73.000000 54.840000 0.530000 0.000000 -1.000000 -1.000000 -1.000000 89 156 58 33 1 55 72.910000 55.660000 0.550000 0.000000 -1.000000 -1.000000 -1.000000 77 137 72 36 1 53 72.940000 55.370000 0.540000 0.000000 -1.000000 -1.000000 -1.000000 91 119 42 30 1 90 72.940000 55.370000 0.540000 0.000000 -1.000000 -1.000000 -1.000000
2014-06-16T05:00:00Z 102 -1 60 4 0 25 71.210000 67.030000 0.870000 0.000000 1003.890000 6.010000 153.000000 73 85 31 2 0 79 65.990000 62.500000 0.890000 0.000000 1004.090000 2.830000 139.000000 120 -1 40 2 0 72 70.410000 66.120000 0.860000 0.000000 1003.990000 5.000000 158.000000 136 136 34 3 1 73 70.930000 66.690000 0.860000 0.000000 1003.930000 5.620000 155.000000 101 107 54 2 0 41 70.930000 66.550000 0.860000 0.000000 1003.870000 5.800000 155.000000
2014-06-16T04:00:00Z 102 -1 60 4 0 25 70.110000 65.880000 0.860000 0.000000 1003.890000 1.740000 118.000000 -1 -1 -1 -1 -1 -1 70.000000 65.950000 0.870000 0.000000 -1.000000 2.000000 110.000000 -1 -1 -1 -1 -1 -1 70.260000 65.790000 0.860000 0.000000 -1.000000 1.450000 135.000000 -1 -1 -1 -1 -1 -1 70.170000 65.850000 0.860000 0.000000 -1.000000 1.610000 124.000000 -1 -1 -1 -1 -1 -1 70.170000 65.850000 0.860000 0.000000 -1.000000 1.610000 124.000000
2014-06-16T03:00:00Z 102 -1 60 4 0 25 70.110000 67.740000 0.920000 0.000000 1003.890000 6.840000 182.000000 -1 -1 -1 -1 -1 -1 70.000000 67.880000 0.930000 0.000000 -1.000000 7.000000 180.000000 -1 -1 -1 -1 -1 -1 70.260000 67.530000 0.910000 0.000000 -1.000000 6.620000 185.000000 -1 -1 -1 -1 -1 -1 70.170000 67.650000 0.920000 0.000000 -1.000000 6.750000 183.000000 -1 -1 -1 -1 -1 -1 70.170000 67.660000 0.920000 0.000000 -1.000000 6.750000 183.000000
2014-06-16T02:00:00Z 102 -1 60 4 0 25 71.460000 67.090000 0.860000 0.000000 1003.990000 2.020000 185.000000 -1 -1 -1 -1 -1 -1 67.080000 63.210000 0.870000 0.000000 1004.350000 1.030000 144.000000 -1 -1 -1 -1 -1 -1 70.940000 66.230000 0.850000 0.000000 1004.090000 2.230000 200.000000 -1 -1 -1 -1 -1 -1 71.300000 66.760000 0.860000 0.000000 1004.030000 2.110000 191.000000 -1 -1 -1 -1 -1 -1 71.410000 66.600000 0.850000 0.000000 1004.030000 1.890000 187.000000
2014-06-16T01:00:00Z 104 -1 65 4 1 36 70.180000 67.790000 0.920000 0.000000 1003.990000 11.000000 250.000000 48 -1 34 2 0 87 70.000000 67.880000 0.930000 0.000000 -1.000000 -1.000000 -1.000000 109 -1 55 2 0 94 70.440000 67.650000 0.910000 0.000000 -1.000000 11.000000 250.000000 102 -1 44 2 1 84 70.280000 67.730000 0.920000 0.000000 -1.000000 11.000000 250.000000 82 83 70 2 1 45 70.280000 67.730000 0.920000 0.000000 -1.000000 11.000000 250.000000
2014-06-16T00:00:00Z 105 107 72 4 1 41 70.250000 67.800000 0.920000 0.000000 1003.990000 1.820000 127.000000 49 -1 28 2 0 111 70.000000 67.880000 0.930000 0.000000 -1.000000 2.000000 120.000000 115 -1 50 2 0 99 70.610000 67.680000 0.900000 0.000000 -1.000000 1.610000 139.000000 120 -1 48 2 1 86 70.400000 67.750000 0.910000 0.000000 -1.000000 1.720000 131.000000 84 -1 55 2 1 72 70.390000 67.750000 0.910000 0.000000 -1.000000 1.730000 131.000000
2014-07-01T09:00:00Z 104 215 94 13 0 37 84.140000 65.990000 0.550000 0.000000 -1.000000 7.000000 180.000000 96 146 42 22 1 112 84.000000 66.070000 0.550000 0.000000 -1.000000 -1.000000 -1.000000 127 -1 96 16 1 43 84.350000 65.880000 0.540000 0.000000 -1.000000 7.000000 180.000000 102 170 98 19 1 49 84.230000 65.950000 0.540000 0.000000 -1.000000 7.000000 180.000000 99 192 76 2 1 58 84.220000 65.950000 0.540000 0.000000 -1.000000 7.000000 180.000000
2014-07-01T08:00:00Z 106 236 105 12 1 16 81.570000 65.810000 0.590000 0.080000 1006.090000 6.040000 75.000000 85 122 41 18 1 94 76.920000 63.870000 0.640000 0.420000 1005.960000 3.260000 77.000000 114 -1 111 18 1 9 81.150000 65.380000 0.590000 0.170000 1006.090000 5.140000 83.000000 94 149 69 18 1 59 81.440000 65.650000 0.590000 0.120000 1006.090000 5.660000 78.000000 103 182 73 3 1 48 81.390000 65.490000 0.590000 0.130000 1006.020000 5.030000 75.000000
2014-07-01T07:00:00Z 78 166 98 12 0 10 81.110000 65.800000 0.600000 0.000000 1006.090000 6.920000 112.000000 84 124 46 13 1 67 81.000000 65.780000 0.600000 0.000000 -1.000000 7.000000 110.000000 96 -1 70 12 0 37 81.260000 65.820000 0.600000 0.000000 -1.000000 6.820000 116.000000 92 147 54 18 1 58 81.170000 65.800000 0.600000 0.000000 -1.000000 6.870000 114.000000 92 200 74 4 1 35 81.170000 65.800000 0.600000 0.000000 -1.000000 6.870000 114.000000
2014-07-01T06:00:00Z 76 150 97 12 0 7 77.070000 63.870000 0.640000 0.000000 1006.090000 4.000000 100.000000 75 131 47 9 0 65 77.000000 63.870000 0.640000 0.000000 -1.000000 -1.000000 -1.000000 89 -1 51 12 0 49 77.180000 63.880000 0.640000 0.000000 -1.000000 4.000000 100.000000 87 128 54 14 1 53 77.110000 63.880000 0.640000 0.000000 -1.000000 4.000000 100.000000 85 182 72 4 0 32 77.110000 63.880000 0.640000 0.000000 -1.000000 4.000000 100.000000
2014-07-01T05:00:00Z 70 136 79 14 0 34 74.910000 63.670000 0.680000 0.000000 1005.020000 3.700000 86.000000 61 105 37 6 0 76 72.480000 61.180000 0.680000 0.000000 1005.050000 2.430000 82.000000 77 -1 55 11 0 49 74.830000 63.210000 0.670000 0.000000 1005.050000 3.400000 82.000000 78 114 53 11 0 54 74.910000 63.500000 0.680000 0.000000 1005.040000 3.580000 85.000000 80 173 64 4 0 37 74.950000 63.380000 0.670000 0.000000 1004.980000 3.390000 84.000000
2014-07-01T04:00:00Z 63 121 47 14 0 34 75.140000 62.870000 0.660000 0.000000 1005.020000 3.980000 71.000000 68 123 44 7 0 71 75.000000 62.850000 0.660000 0.000000 -1.000000 4.000000 70.000000 68 -1 44 8 0 67 75.350000 62.880000 0.650000 0.000000 -1.000000 3.960000 73.000000 60 102 43 9 0 73 75.230000 62.870000 0.660000 0.000000 -1.000000 3.970000 72.000000 80 193 94 6 0 22 75.220000 62.870000 0.660000 0.000000 -1.000000 3.970000 72.000000
2014-07-02T21:00:00Z 104 137 70 6 1 46 75.000000 69.900000 0.840000 0.000000 -1.000000 4.100000 139.000000 97 -1 24 2 1 102 75.000000 69.830000 0.840000 0.000000 -1.000000 4.000000 140.000000 119 -1 40 2 0 81 75.000000 70.010000 0.850000 0.000000 -1.000000 4.250000 139.000000 110 -1 35 2 1 90 75.000000 69.940000 0.840000 0.000000 -1.000000 4.160000 139.000000 100 123 44 2 1 89 75.000000 69.940000 0.840000 0.000000 -1.000000 4.160000 139.000000
2014-07-02T20:00:00Z 102 137 60 7 1 74 74.840000 69.540000 0.840000 0.960000 1002.190000 6.620000 115.000000 80 -1 26 2 1 114 73.780000 66.740000 0.790000 0.950000 1001.930000 5.750000 128.000000 100 -1 59 3 0 77 74.670000 69.270000 0.830000 0.910000 1002.190000 6.280000 121.000000 95 -1 35 2 1 101 74.790000 69.460000 0.840000 0.940000 1002.190000 6.480000 117.000000 104 120 39 2 1 113 75.020000 69.310000 0.820000 0.930000 1002.080000 6.190000 113.000000
2014-07-02T19:00:00Z 98 109 76 6 1 68 75.000000 71.860000 0.900000 0.000000 1002.190000 2.070000 90.000000 83 -1 32 2 1 127 75.000000 71.860000 0.900000 -1.000000 -1.000000 2.000000 90.000000 89 -1 55 2 0 96 75.000000 71.860000 0.900000 0.000000 -1.000000 2.180000 90.000000 58 73 48 2 1 111 75.000000 71.860000 0.900000 0.000000 -1.000000 2.110000 90.000000 90 105 31 2 1 129 75.000000 71.860000 0.900000 0.000000 -1.000000 2.110000 90.000000
2014-07-02T18:00:00Z 86 109 58 6 1 90 76.930000 70.050000 0.790000 0.000000 1002.190000 7.000000 150.000000 86 -1 26 2 0 142 77.000000 69.970000 0.790000 -1.000000 -1.000000 -1.000000 -1.000000 84 -1 55 2 0 96 76.820000 70.160000 0.800000 0.000000 -1.000000 7.000000 150.000000 -1 69 60 2 1 104 76.890000 70.090000 0.800000 0.000000 -1.000000 7.000000 150.000000 70 -1 25 2 0 134 76.890000 70.090000 0.800000 0.000000 -1.000000 7.000000 150.000000
2014-07-02T17:00:00Z 86 109 58 6 1 90 77.000000 71.420000 0.830000 0.730000 1000.850000 4.380000 170.000000 -1 -1 -1 -1 -1 -1 77.190000 67.770000 0.730000 0.650000 1000.180000 5.790000 161.000000 -1 -1 -1 -1 -1 -1 76.970000 70.670000 0.810000 0.710000 1000.800000 4.920000 162.000000 -1 -1 -1 -1 -1 -1 77.000000 71.140000 0.820000 0.720000 1000.830000 4.570000 167.000000 -1 -1 -1 -1 -1 -1 77.390000 70.940000 0.810000 0.720000 1000.730000 3.990000 174.000000
2014-07-02T16:00:00Z 74 77 60 6 1 74 78.780000 69.850000 0.740000 0.730000 1000.850000 4.380000 170.000000 71 -1 25 2 0 134 79.000000 69.990000 0.740000 -1.000000 -1.000000 -1.000000 -1.000000 78 -1 51 2 1 86 78.470000 69.650000 0.740000 -1.000000 -1.000000 -1.000000 -1.000000 75 -1 56 2 1 99 78.660000 69.770000 0.740000 -1.000000 -1.000000 -1.000000 -1.000000 66 -1 20 2 0 138 78.670000 69.770000 0.740000 -1.000000 -1.000000 -1.000000 -1.000000
2014-07-05T18:00:00Z 53 64 25 15 0 150 85.860000 71.960000 0.630000 0.000000 -1.000000 9.000000 160.000000 64 -1 19 2 0 194 86.000000 71.910000 0.630000 0.000000 -1.000000 -1.000000 -1.000000 80 -1 32 4 0 158 85.650000 72.030000 0.640000 0.000000 -1.000000 9.000000 160.000000 52 -1 19 2 0 158 85.770000 71.980000 0.640000 0.000000 -1.000000 9.000000 160.000000 61 89 16 2 0 180 85.780000 71.980000 0.640000 0.000000 -1.000000 9.000000 160.000000
2014-07-05T17:00:00Z 60 64 30 15 0 144 87.390000 68.300000 0.530000 0.050000 1005.050000 8.540000 165.000000 83 -1 21 2 0 227 85.360000 65.610000 0.520000 0.200000 1004.420000 7.560000 149.000000 81 -1 28 2 0 170 86.730000 68.500000 0.550000 0.100000 1005.000000 8.160000 160.000000 59 -1 18 2 0 164 87.130000 68.420000 0.540000 0.070000 1005.040000 8.380000 164.000000 72 77 15 2 0 188 87.220000 68.050000 0.530000 0.070000 1004.980000 8.150000 163.000000
2014-07-05T16:00:00Z 72 64 32 13 0 142 87.780000 69.900000 0.560000 0.000000 1005.050000 4.000000 130.000000 112 -1 22 2 0 253 88.000000 69.770000 0.550000 0.000000 -1.000000 -1.000000 -1.000000 76 -1 22 2 0 172 87.470000 70.070000 0.560000 0.000000 -1.000000 4.000000 130.000000 66 -1 18 2 0 169 87.660000 69.970000 0.560000 0.000000 -1.000000 4.000000 130.000000 72 72 12 2 0 187 87.670000 69.960000 0.560000 0.000000 -1.000000 4.000000 130.000000
2014-07-05T15:00:00Z 72 64 32 13 0 142 87.860000 69.870000 0.550000 0.000000 1005.050000 4.000000 130.000000 -1 -1 -1 -1 -1 -1 88.000000 69.770000 0.550000 0.000000 -1.000000 -1.000000 -1.000000 -1 -1 -1 -1 -1 -1 87.650000 70.000000 0.560000 0.000000 -1.000000 -1.000000 -1.000000 -1 -1 -1 -1 -1 -1 87.770000 69.920000 0.560000 0.000000 -1.000000 -1.000000 -1.000000 -1 -1 -1 -1 -1 -1 87.780000 69.920000 0.560000 0.000000 -1.000000 -1.000000 -1.000000
2014-07-05T14:00:00Z 62 64 25 14 0 148 87.600000 71.280000 0.590000 0.070000 1006.320000 6.940000 157.000000 199 -1 24 6 1 214 85.620000 66.930000 0.540000 0.370000 1005.600000 7.300000 150.000000 89 -1 25 4 0 203 87.170000 70.710000 0.580000 0.140000 1006.240000 6.890000 155.000000 76 -1 29 2 0 187 87.430000 71.080000 0.590000 0.100000 1006.290000 6.900000 157.000000 72 -1 11 2 0 168 87.450000 70.720000 0.580000 0.130000 1006.240000 6.300000 159.000000
2014-07-05T13:00:00Z 99 64 36 14 0 176 85.860000 72.810000 0.650000 0.000000 1006.320000 9.000000 70.000000 196 -1 24 3 1 203 86.000000 72.830000 0.650000 0.000000 -1.000000 -1.000000 -1.000000 100 -1 28 5 0 194 85.650000 72.780000 0.660000 0.000000 -1.000000 9.000000 70.000000 98 -1 39 2 0 193 85.770000 72.800000 0.650000 0.000000 -1.000000 9.000000 70.000000 88 -1 16 2 0 183 85.780000 72.800000 0.650000 0.000000 -1.000000 9.000000 70.000000
2014-07-30T08:00:00Z 113 -1 35 4 1 64 74.890000 71.360000 0.890000 0.980000 1005.420000 1.730000 21.000000 50 -1 17 2 0 82 71.530000 67.010000 0.860000 0.890000 1005.680000 1.840000 336.000000 114 -1 31 2 1 79 74.820000 70.860000 0.880000 0.960000 1005.450000 1.460000 24.000000 121 -1 39 2 1 69 74.910000 71.190000 0.880000 0.970000 1005.430000 1.620000 23.000000 99 -1 30 2 1 98 74.770000 70.850000 0.880000 0.980000 1005.400000 1.360000 22.000000
2014-07-30T07:00:00Z 113 -1 35 4 1 64 73.290000 72.130000 0.960000 0.000000 1005.420000 9.000000 100.000000 -1 -1 -1 -1 -1 -1 73.000000 72.100000 0.970000 -1.000000 -1.000000 -1.000000 -1.000000 -1 -1 -1 -1 -1 -1 73.700000 72.170000 0.950000 0.000000 -1.000000 9.000000 100.000000 -1 -1 -1 -1 -1 -1 73.450000 72.150000 0.960000 0.000000 -1.000000 9.000000 100.000000 -1 -1 -1 -1 -1 -1 73.450000 72.150000 0.960000 0.000000 -1.000000 9.000000 100.000000
2014-07-30T06:00:00Z 70 -1 15 7 0 79 73.220000 72.150000 0.960000 0.000000 1005.420000 3.930000 5.000000 69 -1 10 2 0 121 73.000000 72.100000 0.970000 -1.000000 -1.000000 4.000000 0.000000 116 -1 24 2 0 92 73.530000 72.210000 0.960000 0.000000 -1.000000 3.870000 12.000000 84 -1 22 2 1 86 73.340000 72.170000 0.960000 0.000000 -1.000000 3.890000 7.000000 62 -1 19 2 0 97 73.330000 72.170000 0.960000 0.000000 -1.000000 3.900000 7.000000
2014-07-30T05:00:00Z 60 -1 19 7 0 71 72.750000 71.550000 0.960000 0.000000 1003.910000 6.070000 12.000000 55 -1 10 2 0 126 68.390000 67.160000 0.960000 -1.000000 1004.110000 3.190000 10.000000 98 -1 17 2 0 88 72.540000 71.000000 0.950000 0.000000 1003.920000 5.120000 14.000000 56 -1 21 2 0 88 72.720000 71.360000 0.960000 0.000000 1003.910000 5.710000 13.000000 60 -1 21 2 0 78 72.610000 71.170000 0.950000 0.000000 1003.890000 5.720000 14.000000
2014-07-30T04:00:00Z 60 -1 19 7 0 71 73.220000 72.150000 0.960000 0.000000 1003.910000 7.000000 120.000000 -1 -1 -1 -1 -1 -1 73.000000 72.100000 0.970000 -1.000000 -1.000000 -1.000000 -1.000000 -1 -1 -1 -1 -1 -1 73.530000 72.210000 0.960000 0.000000 -1.000000 7.000000 120.000000 -1 -1 -1 -1 -1 -1 73.340000 72.170000 0.960000 0.000000 -1.000000 7.000000 120.000000 -1 -1 -1 -1 -1 -1 73.330000 72.170000 0.960000 0.000000 -1.000000 7.000000 120.000000
2014-07-30T03:00:00Z 48 -1 16 6 0 83 73.220000 70.010000 0.900000 0.000000 1003.910000 7.000000 170.000000 70 -1 12 2 0 127 73.000000 69.890000 0.900000 -1.000000 -1.000000 -1.000000 -1.000000 38 -1 13 2 0 111 73.530000 70.180000 0.890000 0.000000 -1.000000 7.000000 170.000000 34 -1 10 2 0 120 73.340000 70.070000 0.900000 0.000000 -1.000000 7.000000 170.000000 46 -1 25 2 0 67 73.330000 70.070000 0.900000 0.000000 -1.000000 7.000000 170.000000
2014-08-20T02:00:00Z 97 153 44 -1 0 65 72.540000 65.560000 0.790000 0.000000 1009.840000 1.660000 115.000000 80 97 24 4 0 123 69.540000 62.620000 0.790000 -1.000000 1009.710000 1.350000 88.000000 88 135 42 3 0 85 72.070000 65.010000 0.790000 0.000000 1009.880000 1.300000 123.000000 92 108 29 13 0 93 72.380000 65.360000 0.790000 0.000000 1009.860000 1.510000 119.000000 110 183 66 4 1 46 72.530000 65.370000 0.780000 0.000000 1009.830000 1.710000 122.000000
2014-08-20T01:00:00Z 97 153 44 -1 0 65 75.070000 66.060000 0.740000 0.000000 1009.840000 3.830000 142.000000 -1 -1 -1 -1 -1 -1 75.000000 66.140000 0.740000 -1.000000 -1.000000 4.000000 140.000000 -1 -1 -1 -1 -1 -1 75.180000 65.960000 0.730000 0.000000 -1.000000 3.610000 145.000000 -1 -1 -1 -1 -1 -1 75.110000 66.020000 0.730000 0.000000 -1.000000 3.740000 143.000000 -1 -1 -1 -1 -1 -1 75.110000 66.030000 0.730000 0.000000 -1.000000 3.750000 143.000000
2014-08-20T00:00:00Z 99 178 59 19 0 82 75.070000 66.060000 0.740000 0.000000 1009.840000 2.000000 220.000000 92 131 34 3 0 129 75.000000 66.140000 0.740000 -1.000000 -1.000000 -1.000000 -1.000000 86 142 42 3 0 111 75.180000 65.960000 0.730000 0.000000 -1.000000 2.000000 220.000000 92 128 36 11 1 115 75.110000 66.020000 0.730000 0.000000 -1.000000 2.000000 220.000000 104 -1 53 6 1 92 75.110000 66.030000 0.730000 0.000000 -1.000000 2.000000 220.000000
2014-08-19T23:00:00Z 92 166 55 22 0 98 77.070000 65.970000 0.690000 0.000000 1010.400000 3.950000 162.000000 92 143 40 3 1 138 77.000000 64.720000 0.660000 -1.000000 1010.110000 4.590000 142.000000 84 137 41 5 0 129 77.180000 65.870000 0.680000 0.000000 1010.400000 3.880000 164.000000 88 128 35 14 1 134 77.110000 65.930000 0.680000 0.000000 1010.400000 3.920000 163.000000 102 189 54 4 1 109 77.110000 65.930000 0.680000 0.000000 1010.400000 3.920000 162.000000
2014-08-19T22:00:00Z 90 157 53 20 0 117 77.070000 65.940000 0.690000 0.000000 1010.400000 3.930000 162.000000 85 141 40 4 0 162 77.000000 66.030000 0.690000 -1.000000 -1.000000 4.000000 160.000000 89 142 44 4 0 136 77.180000 65.790000 0.680000 0.000000 -1.000000 3.840000 165.000000 91 122 35 13 1 152 77.110000 65.880000 0.680000 0.000000 -1.000000 3.890000 163.000000 98 172 46 5 1 138 77.110000 65.880000 0.680000 0.000000 -1.000000 3.890000 163.000000
2014-08-19T21:00:00Z 82 135 49 17 0 134 79.070000 66.100000 0.650000 0.000000 1010.400000 4.020000 163.000000 75 132 38 4 0 174 79.000000 66.210000 0.650000 -1.000000 -1.000000 4.000000 160.000000 86 138 46 3 0 146 79.180000 65.940000 0.640000 -1.000000 -1.000000 4.070000 167.000000 79 115 32 10 1 164 79.110000 66.040000 0.640000 -1.000000 -1.000000 4.040000 164.000000 90 174 38 4 1 172 79.110000 66.040000 0.640000 -1.000000 -1.000000 4.040000 164.000000
2014-08-21T01:00:00Z 111 168 51 16 0 77 77.070000 66.100000 0.690000 0.000000 -1.000000 1.980000 154.000000 102 139 47 9 1 92 77.000000 66.030000 0.690000 0.000000 -1.000000 2.000000 150.000000 110 146 65 3 0 80 77.180000 66.200000 0.690000 0.000000 -1.000000 1.970000 160.000000 107 126 30 12 1 115 77.110000 66.140000 0.690000 0.000000 -1.000000 1.980000 156.000000 116 179 50 3 1 69 77.110000 66.140000 0.690000 0.000000 -1.000000 1.980000 156.000000
2014-08-21T00:00:00Z 101 146 44 17 0 102 77.070000 66.100000 0.690000 0.000000 -1.000000 3.910000 142.000000 95 133 39 11 1 119 77.000000 66.030000 0.690000 0.000000 -1.000000 4.000000 140.000000 109 130 58 4 0 99 77.180000 66.200000 0.690000 0.000000 -1.000000 3.780000 145.000000 106 126 29 12 1 131 77.110000 66.140000 0.690000 0.000000 -1.000000 3.860000 143.000000 110 194 70 4 1 66 77.110000 66.140000 0.690000 0.000000 -1.000000 3.860000 143.000000
2014-08-20T23:00:00Z 101 146 44 17 0 102 80.860000 65.890000 0.610000 0.000000 1007.800000 3.970000 141.000000 -1 -1 -1 -1 -1 -1 79.570000 62.940000 0.570000 -1.000000 1007.680000 3.150000 125.000000 -1 -1 -1 -1 -1 -1 80.650000 66.040000 0.610000 0.000000 1007.800000 3.920000 143.000000 -1 -1 -1 -1 -1 -1 80.770000 65.950000 0.610000 0.000000 1007.800000 3.950000 142.000000 -1 -1 -1 -1 -1 -1 80.780000 65.950000 0.610000 0.000000 1007.800000 3.950000 142.000000
2014-08-20T22:00:00Z 89 143 52 15 0 111 81.000000 65.780000 0.600000 0.000000 1007.800000 3.910000 114.000000 116 163 39 16 1 163 81.000000 65.780000 0.600000 -1.000000 -1.000000 4.000000 110.000000 94 142 62 4 0 103 81.000000 65.780000 0.600000 0.000000 -1.000000 3.800000 119.000000 91 114 31 10 0 143 81.000000 65.780000 0.600000 0.000000 -1.000000 3.860000 116.000000 92 152 36 6 0 129 81.000000 65.780000 0.600000 0.000000 -1.000000 3.860000 116.000000
2014-08-20T21:00:00Z 90 129 50 20 0 132 81.000000 65.780000 0.600000 0.000000 1007.800000 4.050000 152.000000 118 180 40 23 1 193 81.000000 65.780000 0.600000 -1.000000 -1.000000 4.000000 150.000000 93 124 55 5 0 133 81.000000 65.780000 0.600000 0.000000 -1.000000 4.140000 155.000000 83 105 28 11 0 158 81.000000 65.780000 0.600000 0.000000 -1.000000 4.090000 154.000000 99 171 48 7 1 138 81.000000 65.780000 0.600000 0.000000 -1.000000 4.080000 154.000000
2014-08-20T20:00:00Z 101 164 48 23 1 162 81.850000 66.100000 0.590000 0.720000 1007.010000 3.920000 151.000000 112 158 39 26 1 230 80.960000 63.060000 0.550000 0.740000 1006.860000 2.580000 137.000000 99 144 49 7 0 174 81.690000 65.980000 0.590000 0.680000 1007.040000 3.850000 153.000000 94 120 30 16 1 186 81.790000 66.060000 0.590000 0.700000 1007.020000 3.900000 152.000000 115 220 47 12 1 173 81.820000 65.590000 0.580000 0.670000 1006.990000 3.750000 153.000000
2014-08-30T02:00:00Z 96 143 111 -1 0 2 71.320000 67.210000 0.870000 0.000000 1015.950000 3.560000 73.000000 87 -1 26 5 1 97 66.810000 62.430000 0.860000 0.000000 1015.870000 2.790000 73.000000 115 159 131 2 1 2 70.630000 66.510000 0.870000 0.000000 1016.020000 3.040000 77.000000 99 -1 62 3 1 47 71.090000 66.980000 0.870000 0.000000 1015.970000 3.350000 74.000000 75 155 85 2 1 23 71.320000 67.030000 0.860000 0.000000 1015.800000 3.330000 77.000000
2014-08-30T01:00:00Z 96 143 111 -1 0 2 72.040000 67.910000 0.870000 0.000000 1015.950000 3.880000 62.000000 -1 -1 -1 -1 -1 -1 72.000000 67.910000 0.870000 0.000000 -1.000000 4.000000 60.000000 -1 -1 -1 -1 -1 -1 72.090000 67.910000 0.870000 0.000000 -1.000000 3.730000 65.000000 -1 -1 -1 -1 -1 -1 72.060000 67.910000 0.870000 0.000000 -1.000000 3.820000 63.000000 -1 -1 -1 -1 -1 -1 72.060000 67.910000 0.870000 0.000000 -1.000000 3.820000 63.000000
2014-08-30T00:00:00Z 80 120 86 8 0 30 73.000000 69.890000 0.900000 0.000000 1015.950000 3.910000 71.000000 72 -1 26 2 0 106 73.000000 69.890000 0.900000 0.000000 -1.000000 4.000000 70.000000 125 164 95 2 0 36 73.000000 69.890000 0.900000 0.000000 -1.000000 3.790000 72.000000 87 -1 54 4 1 72 73.000000 69.890000 0.900000 0.000000 -1.000000 3.860000 71.000000 87 146 75 3 1 47 73.000000 69.890000 0.900000 0.000000 -1.000000 3.860000 71.000000
2014-08-29T23:00:00Z 77 121 83 8 0 42 73.070000 69.890000 0.900000 0.000000 1015.800000 3.890000 71.000000 78 81 31 2 1 108 71.570000 67.330000 0.870000 0.000000 1015.720000 4.380000 82.000000 124 159 94 2 1 41 73.180000 69.890000 0.890000 0.000000 1015.800000 3.740000 72.000000 95 -1 51 3 1 82 73.110000 69.890000 0.900000 0.000000 1015.800000 3.830000 71.000000 88 139 68 3 1 65 73.110000 69.890000 0.900000 0.000000 1015.800000 3.830000 71.000000
2014-08-29T22:00:00Z 73 130 98 5 1 36 73.070000 69.890000 0.900000 0.000000 1015.800000 1.980000 158.000000 67 72 36 2 0 113 73.000000 69.890000 0.900000 0.000000 -1.000000 2.000000 160.000000 122 163 96 2 1 49 73.180000 69.890000 0.890000 0.000000 -1.000000 1.940000 156.000000 81 111 66 3 1 78 73.110000 69.890000 0.900000 0.000000 -1.000000 1.960000 157.000000 81 164 93 4 1 46 73.110000 69.890000 0.900000 0.000000 -1.000000 1.960000 158.000000
2014-08-29T21:00:00Z 70 130 78 6 0 65 72.110000 69.810000 0.920000 0.000000 1015.800000 2.000000 100.000000 82 100 48 2 1 119 72.000000 69.860000 0.930000 0.000000 -1.000000 -1.000000 -1.000000 120 159 80 2 1 82 72.260000 69.730000 0.920000 0.000000 -1.000000 2.000000 100.000000 89 -1 60 4 1 100 72.170000 69.780000 0.920000 0.000000 -1.000000 2.000000 100.000000 75 139 64 3 1 93 72.170000 69.780000 0.920000 0.000000 -1.000000 2.000000 100.000000
2014-09-22T09:00:00Z 86 104 70 19 2 2 68.250000 63.100000 0.840000 0.000000 -1.000000 9.000000 130.000000 79 94 38 13 1 35 68.000000 62.980000 0.840000 -1.000000 -1.000000 -1.000000 -1.000000 102 138 84 9 3 4 68.610000 63.280000 0.830000 0.000000 -1.000000 9.000000 130.000000 89 105 70 18 2 20 68.400000 63.170000 0.830000 0.000000 -1.000000 9.000000 130.000000 85 94 67 7 2 -1 68.390000 63.170000 0.830000 0.000000 -1.000000 9.000000 130.000000
2014-09-22T08:00:00Z 86 104 70 19 2 2 67.430000 62.650000 0.850000 0.950000 1019.400000 1.880000 69.000000 -1 -1 -1 -1 -1 -1 62.460000 58.500000 0.870000 0.890000 1019.290000 0.760000 356.000000 -1 -1 -1 -1 -1 -1 66.890000 62.330000 0.850000 0.890000 1019.400000 1.780000 69.000000 -1 -1 -1 -1 -1 -1 67.270000 62.560000 0.850000 0.920000 1019.400000 1.860000 70.000000 -1 -1 -1 -1 -1 -1 67.220000 62.460000 0.850000 0.910000 1019.300000 1.930000 71.000000
2014-09-22T07:00:00Z 68 104 51 14 1 10 68.000000 60.990000 0.780000 0.000000 1019.400000 1.980000 89.000000 84 90 34 11 1 33 68.000000 60.880000 0.780000 -1.000000 -1.000000 2.000000 90.000000 87 92 62 6 2 11 68.000000 61.160000 0.790000 0.000000 -1.000000 1.960000 87.000000 74 -1 54 11 1 20 68.000000 61.060000 0.790000 0.000000 -1.000000 1.970000 88.000000 70 -1 -1 6 1 -1 68.000000 61.060000 0.790000 0.000000 -1.000000 1.980000 88.000000
2014-09-22T06:00:00Z 80 104 54 15 0 9 68.000000 60.950000 0.780000 0.000000 1019.400000 2.000000 60.000000 69 -1 21 9 1 53 68.000000 60.880000 0.780000 0.000000 -1.000000 -1.000000 -1.000000 74 -1 47 5 1 24 68.000000 61.070000 0.790000 0.000000 -1.000000 2.000000 60.000000 75 -1 48 9 1 27 68.000000 61.000000 0.780000 0.000000 -1.000000 2.000000 60.000000 76 87 -1 6 1 -1 68.000000 61.000000 0.780000 0.000000 -1.000000 2.000000 60.000000
2014-09-22T05:00:00Z 68 71 60 14 1 8 67.190000 60.760000 0.800000 0.000000 1018.310000 3.580000 91.000000 62 -1 18 8 0 60 61.920000 57.360000 0.850000 0.000000 1018.120000 1.690000 90.000000 73 -1 37 5 0 30 66.370000 60.640000 0.820000 0.000000 1018.320000 3.140000 91.000000 76 -1 58 11 1 20 66.900000 60.740000 0.810000 0.000000 1018.310000 3.410000 91.000000 83 89 -1 5 1 -1 66.790000 60.640000 0.810000 0.000000 1018.220000 3.660000 96.000000
2014-09-22T04:00:00Z 81 71 77 13 1 2 68.000000 60.950000 0.780000 0.000000 1018.310000 2.000000 90.000000 84 86 26 9 1 51 68.000000 60.880000 0.780000 0.000000 -1.000000 -1.000000 -1.000000 78 -1 54 7 0 16 68.000000 61.070000 0.790000 0.000000 -1.000000 2.000000 90.000000 72 -1 62 12 1 25 68.000000 61.000000 0.780000 0.000000 -1.000000 2.000000 90.000000 102 118 -1 4 0 -1 68.000000 61.000000 0.780000 0.000000 -1.000000 2.000000 90.000000
2014-09-25T08:00:00Z 83 146 62 8 1 2 62.230000 59.390000 0.900000 0.010000 1018.730000 1.610000 70.000000 52 56 35 2 0 6 57.600000 54.260000 0.890000 0.000000 1018.890000 1.130000 77.000000 88 140 68 6 1 2 61.600000 58.630000 0.900000 0.010000 1018.780000 1.470000 71.000000 92 110 66 2 1 2 62.020000 59.130000 0.900000 0.010000 1018.750000 1.550000 71.000000 67 108 56 2 1 -1 60.080000 57.410000 0.910000 0.000000 1018.710000 1.470000 75.000000
2014-09-25T07:00:00Z 83 146 62 8 1 2 60.530000 58.130000 0.920000 0.000000 1018.650000 1.440000 67.000000 -1 -1 -1 -1 -1 -1 58.100000 55.720000 0.920000 0.000000 1018.640000 1.310000 66.000000 -1 -1 -1 -1 -1 -1 60.510000 58.110000 0.920000 0.000000 1018.650000 1.410000 67.000000 -1 -1 -1 -1 -1 -1 62.890000 60.830000 0.930000 0.000000 -1.000000 1.890000 60.000000 -1 -1 -1 -1 -1 -1 58.070000 55.700000 0.920000 0.000000 1018.640000 1.280000 66.000000
2014-09-25T06:00:00Z 44 55 54 7 0 2 57.510000 56.460000 0.960000 0.000000 1018.300000 0.370000 99.000000 52 -1 31 2 0 6 55.580000 54.450000 0.960000 0.000000 1018.300000 0.210000 99.000000 68 96 70 7 1 2 57.490000 56.410000 0.960000 0.000000 1018.300000 0.370000 99.000000 73 76 63 2 1 2 60.890000 60.770000 1.000000 0.000000 -1.000000 0.000000 -1.000000 73 91 53 2 1 -1 55.560000 54.390000 0.960000 0.000000 1018.300000 0.130000 99.000000
2014-09-25T05:00:00Z 60 60 53 7 1 2 54.930000 54.300000 0.980000 0.010000 1017.590000 0.480000 101.000000 46 -1 31 2 0 6 51.360000 50.260000 0.960000 0.010000 1017.820000 0.110000 63.000000 75 -1 68 7 1 2 54.690000 53.980000 0.970000 0.010000 1017.640000 0.470000 109.000000 89 -1 53 2 1 2 55.920000 55.600000 0.990000 0.000000 1017.010000 1.680000 56.000000 69 79 53 2 1 -1 53.100000 52.250000 0.970000 0.010000 1017.600000 0.140000 105.000000
2014-09-25T04:00:00Z 72 76 56 9 1 2 55.130000 54.080000 0.960000 0.010000 1017.840000 0.760000 165.000000 52 -1 35 2 0 5 53.200000 51.950000 0.950000 0.000000 1017.850000 0.630000 196.000000 79 -1 62 6 1 2 55.130000 54.080000 0.960000 0.010000 1017.840000 0.730000 168.000000 95 -1 58 2 1 2 59.000000 56.980000 0.930000 0.000000 -1.000000 1.790000 88.000000 92 115 59 2 1 -1 53.200000 51.950000 0.950000 0.000000 1017.850000 0.630000 201.000000
2014-09-25T03:00:00Z 86 76 59 8 1 2 55.840000 55.360000 0.980000 0.010000 1017.770000 1.900000 194.000000 50 -1 29 2 0 12 53.380000 52.760000 0.980000 0.000000 1017.780000 2.080000 228.000000 87 -1 69 5 1 2 55.840000 55.330000 0.980000 0.010000 1017.770000 1.900000 194.000000 86 92 61 3 1 2 59.000000 58.890000 1.000000 0.000000 -1.000000 2.000000 160.000000 99 127 62 2 1 -1 53.380000 52.730000 0.980000 0.000000 1017.780000 1.760000 208.000000
2014-09-26T08:00:00Z 112 -1 71 16 1 2 62.870000 59.310000 0.880000 0.100000 1011.830000 5.270000 137.000000 109 -1 54 6 1 11 60.600000 57.100000 0.880000 0.480000 1011.560000 4.840000 144.000000 115 -1 80 8 1 2 62.870000 59.130000 0.880000 0.200000 1011.820000 5.190000 138.000000 115 -1 64 10 1 11 62.880000 59.250000 0.880000 0.140000 1011.830000 5.240000 137.000000 107 116 60 7 1 -1 61.120000 57.910000 0.890000 0.140000 1011.740000 5.030000 144.000000
2014-09-26T07:00:00Z 102 107 70 11 1 2 61.640000 58.840000 0.910000 0.080000 1012.310000 3.730000 135.000000 105 -1 54 5 1 9 59.450000 56.960000 0.910000 0.170000 1012.150000 3.510000 146.000000 101 -1 74 8 1 2 61.660000 58.800000 0.900000 0.080000 1012.310000 3.760000 136.000000 107 -1 64 12 1 11 61.650000 58.820000 0.900000 0.080000 1012.310000 3.740000 136.000000 101 117 64 5 1 -1 59.470000 56.920000 0.910000 0.170000 1012.150000 3.570000 146.000000
2014-09-26T06:00:00Z 95 107 67 10 1 2 59.740000 57.860000 0.940000 0.080000 1012.290000 4.350000 132.000000 96 -1 52 6 1 13 57.900000 56.100000 0.940000 0.170000 1012.120000 4.080000 140.000000 104 -1 56 6 1 13 59.740000 57.830000 0.930000 0.080000 1012.290000 4.340000 132.000000 108 -1 60 9 1 12 59.740000 57.850000 0.930000 0.080000 1012.290000 4.350000 132.000000 97 -1 65 4 1 -1 57.900000 56.070000 0.940000 0.170000 1012.120000 4.070000 140.000000
2014-09-26T05:00:00Z 86 107 47 12 1 18 58.750000 57.090000 0.940000 0.080000 1012.230000 3.480000 133.000000 77 -1 35 6 1 36 56.650000 54.350000 0.920000 0.170000 1011.870000 3.350000 147.000000 105 -1 46 7 1 21 58.700000 56.920000 0.940000 0.080000 1012.200000 3.550000 135.000000 95 -1 57 7 1 17 58.730000 57.030000 0.940000 0.080000 1012.230000 3.510000 134.000000 92 -1 52 4 0 -1 57.110000 55.390000 0.940000 0.170000 1012.100000 2.900000 144.000000
2014-09-26T04:00:00Z 82 107 45 14 1 29 58.920000 57.060000 0.940000 0.110000 1012.690000 2.760000 148.000000 77 -1 37 7 1 41 57.380000 55.640000 0.940000 0.140000 1012.560000 2.640000 176.000000 95 -1 41 8 0 26 58.920000 57.060000 0.940000 0.110000 1012.690000 2.760000 148.000000 86 -1 60 7 1 20 58.920000 57.060000 0.940000 0.110000 1012.690000 2.760000 148.000000 88 96 58 4 0 -1 57.380000 55.640000 0.940000 0.140000 1012.560000 2.420000 169.000000
2014-09-26T03:00:00Z 74 107 50 12 1 26 59.260000 57.140000 0.930000 0.130000 1013.080000 2.560000 168.000000 89 -1 53 6 1 27 57.690000 55.950000 0.940000 0.110000 1012.990000 3.590000 192.000000 82 -1 36 6 0 37 59.260000 57.140000 0.930000 0.130000 1013.080000 2.560000 168.000000 79 -1 57 8 1 31 59.260000 57.140000 0.930000 0.130000 1013.080000 2.560000 168.000000 92 -1 60 4 0 -1 57.690000 55.950000 0.940000 0.110000 1012.990000 2.410000 187.000000
2014-10-07T13:00:00Z 106 129 106 19 1 46 67.860000 46.010000 0.450000 0.000000 1018.880000 4.070000 151.000000 87 113 34 14 1 99 65.890000 46.420000 0.490000 0.000000 1018.710000 4.770000 141.000000 110 142 91 18 1 30 67.870000 46.020000 0.450000 0.000000 1018.880000 4.070000 151.000000 119 125 78 18 1 45 67.880000 46.030000 0.450000 0.000000 1018.880000 4.070000 151.000000 85 113 58 12 0 80 65.890000 46.420000 0.490000 0.000000 1018.710000 4.770000 141.000000
2014-10-07T12:00:00Z 91 131 103 19 1 29 65.100000 45.150000 0.480000 0.000000 1019.560000 3.030000 149.000000 85 109 42 13 1 79 63.530000 45.570000 0.520000 0.010000 1019.380000 4.280000 138.000000 97 136 74 16 1 23 65.130000 45.180000 0.480000 0.000000 1019.560000 3.030000 149.000000 102 118 70 17 1 33 65.160000 45.200000 0.480000 0.000000 1019.560000 3.030000 149.000000 77 117 72 10 0 42 63.580000 45.620000 0.520000 0.010000 1019.380000 4.280000 138.000000
2014-10-07T11:00:00Z 80 124 113 14 0 2 61.830000 44.330000 0.530000 0.000000 1020.220000 1.960000 141.000000 84 122 67 7 0 18 60.610000 44.730000 0.560000 0.010000 1020.050000 0.700000 109.000000 66 98 53 11 0 20 61.880000 44.370000 0.530000 0.000000 1020.220000 1.960000 141.000000 70 90 67 16 1 10 61.920000 44.410000 0.530000 0.000000 1020.220000 1.960000 141.000000 70 122 66 8 0 18 60.690000 44.810000 0.560000 0.010000 1020.050000 0.700000 109.000000
2014-10-07T10:00:00Z 80 124 113 14 0 2 58.410000 43.360000 0.570000 0.000000 1020.760000 1.200000 116.000000 84 122 67 7 0 18 57.460000 43.750000 0.600000 0.010000 1020.640000 0.530000 11.000000 66 98 53 11 0 20 58.470000 43.420000 0.570000 0.000000 1020.760000 1.200000 116.000000 70 90 67 16 1 10 58.520000 43.460000 0.570000 0.000000 1020.760000 1.200000 116.000000 70 122 66 8 0 18 57.580000 43.860000 0.600000 0.010000 1020.640000 0.530000 11.000000
2014-10-07T09:00:00Z 80 124 113 14 0 2 55.050000 42.280000 0.620000 0.000000 1021.210000 1.030000 72.000000 -1 -1 -1 -1 -1 -1 54.320000 42.660000 0.650000 0.010000 1021.150000 1.020000 356.000000 -1 -1 -1 -1 -1 -1 55.120000 42.340000 0.620000 0.000000 1021.210000 1.030000 72.000000 -1 -1 -1 -1 -1 -1 55.170000 42.390000 0.620000 0.000000 1021.210000 1.030000 72.000000 -1 -1 -1 -1 -1 -1 54.450000 42.770000 0.650000 0.010000 1021.150000 1.020000 356.000000
2014-10-07T08:00:00Z 80 124 113 14 0 2 52.330000 41.430000 0.660000 0.000000 1021.460000 1.160000 46.000000 -1 -1 -1 -1 -1 -1 51.650000 41.780000 0.690000 -1.000000 1021.420000 1.290000 350.000000 -1 -1 -1 -1 -1 -1 52.390000 41.480000 0.660000 -1.000000 1021.460000 1.160000 46.000000 -1 -1 -1 -1 -1 -1 52.440000 41.530000 0.660000 -1.000000 1021.460000 1.160000 46.000000 -1 -1 -1 -1 -1 -1 51.770000 41.890000 0.690000 -1.000000 1021.420000 1.290000 350.000000
