2014-09-30T20:00:00Z 2014-09-30T22:00:00Z 0.000000 0.000000 0.000000 0.000000 0.000000 0.000000 1 2 1
2014-09-30T18:00:00Z 2014-09-30T20:00:00Z 0.000000 49.000000 34.000000 4.000000 0.600000 45.000000 1 1 1
2014-09-30T16:00:00Z 2014-09-30T18:00:00Z 23.000000 39.000000 28.000000 5.000000 0.500000 54.000000 1 1 1
2014-09-30T15:00:00Z 2014-09-30T17:00:00Z 21.000000 38.000000 28.000000 6.000000 0.500000 50.000000 1 1 1
2014-09-30T14:00:00Z 2014-09-30T16:00:00Z 20.000000 32.000000 27.000000 7.000000 0.500000 48.000000 1 1 1
2014-09-30T13:00:00Z 2014-09-30T15:00:00Z 19.000000 22.000000 30.000000 8.000000 0.600000 40.000000 1 1 1
2014-09-30T12:00:00Z 2014-09-30T14:00:00Z 17.000000 48.000000 36.000000 8.000000 0.700000 31.000000 1 1 1
2014-09-30T11:00:00Z 2014-09-30T13:00:00Z 14.000000 37.000000 39.000000 9.000000 0.700000 26.000000 1 1 1
2014-09-30T09:00:00Z 2014-09-30T11:00:00Z 11.000000 0.000000 50.000000 8.000000 0.700000 13.000000 1 1 1
2014-09-30T07:00:00Z 2014-09-30T09:00:00Z 12.000000 24.000000 40.000000 9.000000 0.800000 19.000000 1 1 1
2014-09-30T05:00:00Z 2014-09-30T07:00:00Z 11.000000 20.000000 33.000000 8.000000 0.700000 24.000000 1 1 1
2014-09-30T02:00:00Z 2014-09-30T04:00:00Z 19.000000 40.000000 41.000000 10.000000 0.900000 13.000000 1 1 1
2014-09-30T00:00:00Z 2014-09-30T02:00:00Z 17.000000 65.000000 40.000000 8.000000 0.700000 17.000000 1 1 1
2014-09-29T22:00:00Z 2014-09-30T00:00:00Z 13.000000 55.000000 35.000000 6.000000 0.500000 28.000000 1 1 1
2014-09-29T21:00:00Z 2014-09-29T23:00:00Z 15.000000 0.000000 40.000000 8.000000 0.600000 29.000000 1 1 1
2014-09-29T20:00:00Z 2014-09-29T22:00:00Z 24.000000 144.000000 48.000000 3.000000 0.600000 31.000000 1 1 1
2014-09-29T19:00:00Z 2014-09-29T21:00:00Z 8.000000 50.000000 42.000000 2.000000 0.400000 41.000000 1 1 1
2014-09-29T18:00:00Z 2014-09-29T20:00:00Z 8.000000 14.000000 28.000000 2.000000 0.300000 53.000000 1 1 1
2014-09-29T17:00:00Z 2014-09-29T19:00:00Z 8.000000 19.000000 22.000000 2.000000 0.300000 64.000000 1 1 1
2014-09-29T16:00:00Z 2014-09-29T18:00:00Z 10.000000 13.000000 22.000000 2.000000 0.300000 69.000000 1 1 1
2014-09-29T15:00:00Z 2014-09-29T17:00:00Z 4.000000 12.000000 18.000000 2.000000 0.300000 70.000000 1 1 1
2014-09-29T14:00:00Z 2014-09-29T16:00:00Z 10.000000 0.000000 16.000000 2.000000 0.300000 67.000000 1 1 1
2014-09-29T13:00:00Z 2014-09-29T15:00:00Z 16.000000 23.000000 14.000000 2.000000 0.500000 69.000000 1 1 1
2014-09-28T11:00:00Z 2014-09-28T13:00:00Z 0.000000 188.000000 83.000000 36.000000 2.300000 10.000000 1 3 1
2014-09-27T19:00:00Z 2014-09-27T21:00:00Z 17.000000 82.000000 54.000000 2.000000 0.600000 74.000000 1 2 1
2014-09-27T17:00:00Z 2014-09-27T19:00:00Z 10.000000 54.000000 31.000000 2.000000 0.400000 94.000000 1 1 1
2014-09-27T15:00:00Z 2014-09-27T17:00:00Z 0.000000 0.000000 0.000000 0.000000 0.000000 0.000000 1 1 1
2014-09-27T13:00:00Z 2014-09-27T15:00:00Z 3.000000 5.000000 17.000000 2.000000 0.300000 72.000000 1 1 1
2014-09-27T11:00:00Z 2014-09-27T13:00:00Z 3.000000 5.000000 24.000000 2.000000 0.400000 53.000000 1 1 1
2014-09-27T10:00:00Z 2014-09-27T12:00:00Z 18.000000 47.000000 38.000000 2.000000 0.600000 33.000000 1 1 1
2014-09-27T09:00:00Z 2014-09-27T11:00:00Z 12.000000 35.000000 37.000000 2.000000 0.600000 30.000000 1 1 1
2014-09-27T08:00:00Z 2014-09-27T10:00:00Z 21.000000 42.000000 43.000000 2.000000 0.700000 22.000000 1 1 1
2014-09-27T06:00:00Z 2014-09-27T08:00:00Z 18.000000 31.000000 38.000000 2.000000 0.600000 30.000000 1 1 1
2014-09-27T04:00:00Z 2014-09-27T06:00:00Z 3.000000 5.000000 30.000000 2.000000 0.300000 42.000000 1 1 1
2014-09-27T02:00:00Z 2014-09-27T04:00:00Z 33.000000 0.000000 67.000000 3.000000 0.900000 4.000000 1 1 1
2014-09-24T18:00:00Z 2014-09-24T20:00:00Z 26.000000 66.000000 34.000000 2.000000 0.700000 93.000000 1 2 1
2014-09-24T17:00:00Z 2014-09-24T19:00:00Z 14.000000 25.000000 33.000000 2.000000 0.600000 89.000000 1 2 1
2014-09-24T16:00:00Z 2014-09-24T18:00:00Z 15.000000 19.000000 26.000000 2.000000 0.600000 84.000000 1 1 1
2014-09-24T15:00:00Z 2014-09-24T17:00:00Z 9.000000 0.000000 20.000000 2.000000 0.500000 78.000000 1 1 1
2014-09-24T14:00:00Z 2014-09-24T16:00:00Z 12.000000 0.000000 22.000000 2.000000 0.600000 67.000000 1 1 1
2014-09-24T13:00:00Z 2014-09-24T15:00:00Z 9.000000 10.000000 22.000000 2.000000 0.600000 56.000000 1 1 1
2014-09-24T12:00:00Z 2014-09-24T14:00:00Z 3.000000 5.000000 18.000000 2.000000 0.600000 52.000000 1 1 1
2014-09-24T11:00:00Z 2014-09-24T13:00:00Z 33.000000 40.000000 69.000000 2.000000 1.200000 3.000000 1 1 1
2014-09-24T10:00:00Z 2014-09-24T12:00:00Z 33.000000 40.000000 69.000000 2.000000 1.200000 3.000000 1 1 1
2014-09-24T09:00:00Z 2014-09-24T11:00:00Z 33.000000 40.000000 69.000000 2.000000 1.200000 3.000000 1 1 1
2014-09-24T08:00:00Z 2014-09-24T10:00:00Z 33.000000 40.000000 69.000000 2.000000 1.200000 3.000000 1 1 1
2014-09-24T07:00:00Z 2014-09-24T09:00:00Z 33.000000 40.000000 69.000000 2.000000 1.200000 3.000000 1 1 1
2014-09-24T06:00:00Z 2014-09-24T08:00:00Z 33.000000 40.000000 69.000000 2.000000 1.200000 3.000000 1 1 1
2014-09-24T05:00:00Z 2014-09-24T07:00:00Z 33.000000 40.000000 69.000000 2.000000 1.200000 3.000000 1 1 1
2014-09-24T04:00:00Z 2014-09-24T06:00:00Z 33.000000 40.000000 69.000000 2.000000 1.200000 3.000000 1 1 1
2014-09-24T03:00:00Z 2014-09-24T05:00:00Z 33.000000 40.000000 69.000000 2.000000 1.200000 3.000000 1 1 1
2014-09-24T02:00:00Z 2014-09-24T04:00:00Z 33.000000 40.000000 69.000000 2.000000 1.200000 3.000000 1 1 1
2014-09-24T01:00:00Z 2014-09-24T03:00:00Z 33.000000 40.000000 69.000000 2.000000 1.200000 3.000000 1 1 1
2014-09-24T00:00:00Z 2014-09-24T02:00:00Z 33.000000 40.000000 69.000000 2.000000 1.200000 3.000000 1 1 1
2014-09-23T23:00:00Z 2014-09-24T01:00:00Z 33.000000 40.000000 69.000000 2.000000 1.200000 3.000000 1 1 1
2014-09-23T22:00:00Z 2014-09-24T00:00:00Z 33.000000 40.000000 69.000000 2.000000 1.200000 3.000000 1 1 1
2014-09-23T20:00:00Z 2014-09-23T22:00:00Z 33.000000 40.000000 69.000000 2.000000 1.200000 3.000000 1 1 1
2014-09-23T18:00:00Z 2014-09-23T20:00:00Z 33.000000 40.000000 69.000000 2.000000 1.200000 3.000000 1 1 1
2014-09-23T17:00:00Z 2014-09-23T19:00:00Z 26.000000 26.000000 54.000000 2.000000 0.800000 16.000000 1 1 1
2014-09-23T16:00:00Z 2014-09-23T18:00:00Z 26.000000 26.000000 54.000000 2.000000 0.800000 16.000000 1 1 1
2014-09-23T15:00:00Z 2014-09-23T17:00:00Z 27.000000 29.000000 35.000000 2.000000 0.800000 29.000000 1 1 1
2014-09-18T19:00:00Z 2014-09-18T21:00:00Z 30.000000 62.000000 47.000000 4.000000 0.600000 123.000000 1 2 1
2014-09-18T18:00:00Z 2014-09-18T20:00:00Z 30.000000 51.000000 32.000000 4.000000 0.500000 145.000000 1 2 1
2014-09-18T01:00:00Z 2014-09-18T03:00:00Z 0.000000 0.000000 0.000000 0.000000 0.000000 0.000000 1 2 1
2014-09-17T19:00:00Z 2014-09-17T21:00:00Z 31.000000 59.000000 42.000000 4.000000 0.600000 67.000000 1 2 1
2014-09-17T18:00:00Z 2014-09-17T20:00:00Z 28.000000 59.000000 43.000000 5.000000 0.600000 74.000000 1 2 1
2014-09-17T09:00:00Z 2014-09-17T11:00:00Z 16.000000 46.000000 50.000000 4.000000 0.600000 24.000000 1 2 1
2014-09-17T08:00:00Z 2014-09-17T10:00:00Z 19.000000 45.000000 50.000000 4.000000 0.600000 19.000000 1 1 1
2014-09-17T07:00:00Z 2014-09-17T09:00:00Z 17.000000 49.000000 47.000000 4.000000 0.600000 21.000000 1 1 1
2014-09-17T06:00:00Z 2014-09-17T08:00:00Z 16.000000 48.000000 47.000000 4.000000 0.500000 18.000000 1 1 1
2014-09-17T05:00:00Z 2014-09-17T07:00:00Z 20.000000 53.000000 44.000000 5.000000 0.500000 20.000000 1 1 1
2014-09-17T04:00:00Z 2014-09-17T06:00:00Z 10.000000 40.000000 50.000000 4.000000 0.300000 24.000000 1 1 1
2014-09-17T03:00:00Z 2014-09-17T05:00:00Z 8.000000 15.000000 32.000000 3.000000 0.300000 34.000000 1 1 1
2014-09-17T02:00:00Z 2014-09-17T04:00:00Z 14.000000 23.000000 39.000000 4.000000 0.500000 26.000000 1 1 1
2014-09-17T01:00:00Z 2014-09-17T03:00:00Z 20.000000 50.000000 50.000000 3.000000 0.600000 21.000000 1 1 1
2014-09-16T13:00:00Z 2014-09-16T15:00:00Z 27.000000 70.000000 70.000000 8.000000 0.600000 38.000000 1 2 1
2014-09-16T12:00:00Z 2014-09-16T14:00:00Z 0.000000 0.000000 0.000000 0.000000 0.000000 0.000000 1 2 1
2014-09-16T11:00:00Z 2014-09-16T13:00:00Z 13.000000 53.000000 46.000000 3.000000 0.500000 35.000000 1 1 1
2014-09-16T10:00:00Z 2014-09-16T12:00:00Z 14.000000 49.000000 51.000000 3.000000 0.500000 29.000000 1 1 1
2014-09-16T09:00:00Z 2014-09-16T11:00:00Z 12.000000 64.000000 52.000000 3.000000 0.500000 23.000000 1 1 1
2014-09-16T08:00:00Z 2014-09-16T10:00:00Z 10.000000 66.000000 56.000000 3.000000 0.500000 16.000000 1 1 1
2014-09-16T07:00:00Z 2014-09-16T09:00:00Z 16.000000 77.000000 59.000000 3.000000 0.500000 11.000000 1 1 1
2014-09-16T06:00:00Z 2014-09-16T08:00:00Z 16.000000 59.000000 60.000000 3.000000 0.400000 10.000000 1 1 1
2014-09-16T02:00:00Z 2014-09-16T04:00:00Z 30.000000 94.000000 79.000000 4.000000 0.800000 2.000000 1 2 1
2014-09-16T01:00:00Z 2014-09-16T03:00:00Z 27.000000 96.000000 75.000000 4.000000 0.600000 5.000000 1 1 1
2014-09-16T00:00:00Z 2014-09-16T02:00:00Z 30.000000 96.000000 66.000000 7.000000 0.600000 20.000000 1 1 1
2014-09-15T22:00:00Z 2014-09-16T00:00:00Z 20.000000 76.000000 54.000000 8.000000 0.500000 37.000000 1 1 1
2014-09-15T19:00:00Z 2014-09-15T21:00:00Z 17.000000 62.000000 32.000000 2.000000 0.400000 89.000000 1 1 1
2014-09-15T17:00:00Z 2014-09-15T19:00:00Z 9.000000 42.000000 22.000000 2.000000 0.300000 104.000000 1 1 1
2014-09-15T16:00:00Z 2014-09-15T18:00:00Z 6.000000 30.000000 19.000000 2.000000 0.300000 94.000000 1 1 1
2014-09-15T15:00:00Z 2014-09-15T17:00:00Z 4.000000 10.000000 14.000000 2.000000 0.200000 89.000000 1 1 1
2014-09-15T14:00:00Z 2014-09-15T16:00:00Z 3.000000 6.000000 12.000000 2.000000 0.200000 85.000000 1 1 1
2014-09-15T13:00:00Z 2014-09-15T15:00:00Z 3.000000 5.000000 13.000000 3.000000 0.200000 74.000000 1 1 1
2014-09-15T12:00:00Z 2014-09-15T14:00:00Z 3.000000 5.000000 17.000000 4.000000 0.300000 61.000000 1 1 1
2014-09-15T10:00:00Z 2014-09-15T12:00:00Z 6.000000 36.000000 36.000000 15.000000 0.500000 32.000000 1 1 1
2014-09-15T08:00:00Z 2014-09-15T10:00:00Z 12.000000 39.000000 49.000000 13.000000 0.700000 10.000000 1 1 1
2014-09-15T07:00:00Z 2014-09-15T09:00:00Z 9.000000 70.000000 51.000000 3.000000 0.500000 4.000000 1 1 1
2014-09-15T06:00:00Z 2014-09-15T08:00:00Z 7.000000 31.000000 50.000000 2.000000 0.400000 3.000000 1 1 1
2014-09-15T05:00:00Z 2014-09-15T07:00:00Z 12.000000 28.000000 49.000000 3.000000 0.400000 3.000000 1 1 1
2014-09-15T04:00:00Z 2014-09-15T06:00:00Z 20.000000 50.000000 52.000000 2.000000 0.400000 3.000000 1 1 1
2014-09-15T03:00:00Z 2014-09-15T05:00:00Z 32.000000 86.000000 59.000000 4.000000 0.600000 2.000000 1 1 1
2014-09-14T20:00:00Z 2014-09-14T22:00:00Z 24.000000 104.000000 77.000000 2.000000 0.700000 7.000000 1 2 1
2014-09-14T19:00:00Z 2014-09-14T21:00:00Z 9.000000 39.000000 55.000000 2.000000 0.500000 29.000000 1 1 1
2014-09-14T18:00:00Z 2014-09-14T20:00:00Z 5.000000 28.000000 40.000000 2.000000 0.400000 41.000000 1 1 1
2014-09-14T17:00:00Z 2014-09-14T19:00:00Z 5.000000 26.000000 25.000000 2.000000 0.300000 52.000000 1 1 1
2014-09-14T16:00:00Z 2014-09-14T18:00:00Z 5.000000 25.000000 33.000000 2.000000 0.400000 44.000000 1 1 1
2014-09-14T15:00:00Z 2014-09-14T17:00:00Z 4.000000 14.000000 28.000000 2.000000 0.300000 47.000000 1 1 1
2014-09-14T13:00:00Z 2014-09-14T15:00:00Z 7.000000 16.000000 28.000000 2.000000 0.400000 47.000000 1 1 1
2014-09-09T16:00:00Z 2014-09-09T18:00:00Z 16.000000 49.000000 22.000000 8.000000 0.400000 0.000000 1 2 1
2014-09-09T12:00:00Z 2014-09-09T14:00:00Z 27.000000 100.000000 58.000000 8.000000 0.700000 97.000000 1 2 1
2014-09-09T09:00:00Z 2014-09-09T11:00:00Z 9.000000 67.000000 44.000000 3.000000 0.500000 44.000000 1 1 1
2014-09-09T07:00:00Z 2014-09-09T09:00:00Z 12.000000 25.000000 54.000000 3.000000 0.500000 22.000000 1 1 1
2014-09-09T06:00:00Z 2014-09-09T08:00:00Z 19.000000 57.000000 65.000000 4.000000 0.500000 10.000000 1 1 1
2014-09-09T04:00:00Z 2014-09-09T06:00:00Z 30.000000 104.000000 83.000000 5.000000 0.600000 6.000000 1 1 1
2014-09-09T01:00:00Z 2014-09-09T03:00:00Z 27.000000 115.000000 78.000000 6.000000 0.700000 23.000000 1 1 1
2014-09-08T22:00:00Z 2014-09-09T00:00:00Z 13.000000 77.000000 49.000000 5.000000 0.600000 66.000000 1 1 1
2014-09-08T20:00:00Z 2014-09-08T22:00:00Z 6.000000 83.000000 33.000000 3.000000 0.500000 100.000000 1 1 1
2014-09-08T19:00:00Z 2014-09-08T21:00:00Z 3.000000 69.000000 31.000000 2.000000 0.400000 111.000000 1 1 1
2014-09-08T18:00:00Z 2014-09-08T20:00:00Z 3.000000 54.000000 28.000000 3.000000 0.400000 113.000000 1 1 1
2014-09-08T16:00:00Z 2014-09-08T18:00:00Z 3.000000 9.000000 12.000000 5.000000 0.300000 107.000000 1 1 1
2014-09-08T14:00:00Z 2014-09-08T16:00:00Z 3.000000 5.000000 10.000000 2.000000 0.300000 97.000000 1 1 1
2014-09-08T13:00:00Z 2014-09-08T15:00:00Z 3.000000 6.000000 9.000000 2.000000 0.300000 91.000000 1 1 1
2014-09-08T12:00:00Z 2014-09-08T14:00:00Z 3.000000 5.000000 10.000000 2.000000 0.300000 80.000000 1 1 1
2014-09-08T10:00:00Z 2014-09-08T12:00:00Z 3.000000 12.000000 18.000000 7.000000 0.300000 62.000000 1 1 1
2014-09-08T08:00:00Z 2014-09-08T10:00:00Z 3.000000 32.000000 35.000000 6.000000 0.400000 41.000000 1 1 1
2014-09-08T06:00:00Z 2014-09-08T08:00:00Z 3.000000 21.000000 33.000000 2.000000 0.300000 45.000000 1 1 1
2014-09-08T04:00:00Z 2014-09-08T06:00:00Z 3.000000 15.000000 23.000000 2.000000 0.200000 61.000000 1 1 1
2014-09-08T02:00:00Z 2014-09-08T04:00:00Z 3.000000 5.000000 19.000000 2.000000 0.200000 70.000000 1 1 1
2014-09-08T01:00:00Z 2014-09-08T03:00:00Z 6.000000 0.000000 16.000000 2.000000 0.400000 69.000000 1 1 1
2014-09-04T19:00:00Z 2014-09-04T21:00:00Z 34.000000 76.000000 36.000000 10.000000 0.800000 152.000000 1 2 1
2014-09-04T17:00:00Z 2014-09-04T19:00:00Z 22.000000 143.000000 27.000000 7.000000 0.600000 177.000000 1 1 1
2014-09-04T15:00:00Z 2014-09-04T17:00:00Z 13.000000 0.000000 24.000000 5.000000 0.500000 164.000000 1 1 1
2014-09-04T02:00:00Z 2014-09-04T04:00:00Z 32.000000 73.000000 89.000000 3.000000 0.900000 5.000000 1 2 1
2014-09-04T01:00:00Z 2014-09-04T03:00:00Z 27.000000 81.000000 80.000000 3.000000 0.800000 13.000000 1 1 1
2014-09-04T00:00:00Z 2014-09-04T02:00:00Z 18.000000 66.000000 72.000000 3.000000 0.700000 25.000000 1 1 1
2014-09-03T23:00:00Z 2014-09-04T01:00:00Z 15.000000 74.000000 61.000000 4.000000 0.700000 41.000000 1 1 1
2014-09-03T21:00:00Z 2014-09-03T23:00:00Z 15.000000 70.000000 45.000000 5.000000 0.600000 69.000000 1 1 1
2014-09-03T19:00:00Z 2014-09-03T21:00:00Z 9.000000 37.000000 30.000000 3.000000 0.500000 95.000000 1 1 1
2014-09-03T18:00:00Z 2014-09-03T20:00:00Z 8.000000 60.000000 25.000000 4.000000 0.400000 114.000000 1 1 1
2014-09-03T16:00:00Z 2014-09-03T18:00:00Z 11.000000 59.000000 26.000000 6.000000 0.400000 140.000000 1 1 1
2014-09-03T14:00:00Z 2014-09-03T16:00:00Z 14.000000 0.000000 26.000000 9.000000 0.400000 104.000000 1 1 1
2014-09-03T13:00:00Z 2014-09-03T15:00:00Z 8.000000 8.000000 32.000000 14.000000 0.500000 88.000000 1 1 1
2014-09-03T08:00:00Z 2014-09-03T10:00:00Z 3.000000 11.000000 40.000000 3.000000 0.700000 27.000000 1 1 1
2014-09-03T05:00:00Z 2014-09-03T07:00:00Z 3.000000 5.000000 38.000000 2.000000 0.600000 23.000000 1 1 1
2014-09-03T03:00:00Z 2014-09-03T05:00:00Z 6.000000 0.000000 61.000000 2.000000 0.700000 9.000000 1 1 1
2014-09-03T02:00:00Z 2014-09-03T04:00:00Z 12.000000 23.000000 65.000000 2.000000 1.000000 7.000000 1 1 1
2014-09-03T01:00:00Z 2014-09-03T03:00:00Z 5.000000 18.000000 52.000000 2.000000 0.800000 24.000000 1 1 1
2014-09-03T00:00:00Z 2014-09-03T02:00:00Z 3.000000 14.000000 45.000000 2.000000 0.800000 33.000000 1 1 1
2014-09-02T22:00:00Z 2014-09-03T00:00:00Z 3.000000 5.000000 36.000000 2.000000 0.700000 48.000000 1 1 1
2014-09-02T20:00:00Z 2014-09-02T22:00:00Z 9.000000 0.000000 50.000000 2.000000 0.900000 40.000000 1 1 1
2014-09-02T19:00:00Z 2014-09-02T21:00:00Z 3.000000 11.000000 36.000000 2.000000 0.800000 60.000000 1 1 1
2014-09-02T18:00:00Z 2014-09-02T20:00:00Z 5.000000 0.000000 38.000000 2.000000 1.000000 60.000000 1 1 1
2014-09-02T17:00:00Z 2014-09-02T19:00:00Z 14.000000 0.000000 44.000000 2.000000 1.300000 58.000000 1 1 1
2014-09-02T16:00:00Z 2014-09-02T18:00:00Z 16.000000 0.000000 43.000000 2.000000 1.100000 62.000000 1 1 1
2014-09-02T15:00:00Z 2014-09-02T17:00:00Z 15.000000 36.000000 37.000000 2.000000 1.100000 65.000000 1 1 1
2014-09-02T14:00:00Z 2014-09-02T16:00:00Z 19.000000 0.000000 27.000000 2.000000 1.000000 77.000000 1 1 1
2014-09-02T13:00:00Z 2014-09-02T15:00:00Z 28.000000 31.000000 46.000000 2.000000 1.200000 65.000000 1 1 1
2014-09-02T12:00:00Z 2014-09-02T14:00:00Z 31.000000 71.000000 57.000000 2.000000 1.300000 50.000000 1 1 1
2014-09-02T10:00:00Z 2014-09-02T12:00:00Z 19.000000 0.000000 51.000000 2.000000 1.200000 57.000000 1 1 1
2014-09-02T08:00:00Z 2014-09-02T10:00:00Z 14.000000 0.000000 40.000000 2.000000 1.100000 69.000000 1 1 1
2014-09-02T07:00:00Z 2014-09-02T09:00:00Z 17.000000 0.000000 32.000000 2.000000 1.000000 68.000000 1 1 1
2014-09-02T06:00:00Z 2014-09-02T08:00:00Z 18.000000 0.000000 23.000000 2.000000 0.900000 70.000000 1 1 1
2014-09-02T05:00:00Z 2014-09-02T07:00:00Z 20.000000 0.000000 18.000000 2.000000 1.000000 81.000000 1 1 1
2014-09-02T00:00:00Z 2014-09-02T02:00:00Z 24.000000 0.000000 26.000000 2.000000 1.000000 90.000000 1 2 1
2014-09-01T22:00:00Z 2014-09-02T00:00:00Z 30.000000 0.000000 28.000000 2.000000 1.100000 88.000000 1 1 1
2014-09-01T00:00:00Z 2014-09-01T02:00:00Z 0.000000 0.000000 0.000000 0.000000 0.000000 0.000000 1 3 1
2014-08-30T00:00:00Z 2014-08-30T02:00:00Z 0.000000 0.000000 71.000000 6.000000 1.300000 65.000000 1 4 1
2014-08-28T21:00:00Z 2014-08-28T23:00:00Z 0.000000 167.000000 92.000000 6.000000 1.700000 68.000000 1 2 1
