2014-10-01T21:00:00Z 2014-10-01T23:00:00Z 81.000000 0.000000 63.000000 2.000000 1.300000 3.000000 3 2 1
2014-10-01T20:00:00Z 2014-10-01T22:00:00Z 85.000000 90.000000 66.000000 2.000000 1.300000 3.000000 3 2 1
2014-10-01T19:00:00Z 2014-10-01T21:00:00Z 86.000000 0.000000 65.000000 2.000000 1.400000 3.000000 3 3 1
2014-10-01T02:00:00Z 2014-10-01T04:00:00Z 77.000000 157.000000 71.000000 8.000000 1.100000 2.000000 3 2 1
2014-09-29T11:00:00Z 2014-09-29T13:00:00Z 86.000000 90.000000 38.000000 6.000000 1.300000 53.000000 3 1 1
2014-09-29T09:00:00Z 2014-09-29T11:00:00Z 100.000000 122.000000 56.000000 7.000000 1.800000 12.000000 3 3 1
2014-09-29T07:00:00Z 2014-09-29T09:00:00Z 99.000000 150.000000 68.000000 7.000000 1.900000 3.000000 3 3 1
2014-09-29T05:00:00Z 2014-09-29T07:00:00Z 105.000000 130.000000 72.000000 4.000000 1.700000 2.000000 3 3 1
2014-09-29T04:00:00Z 2014-09-29T06:00:00Z 107.000000 159.000000 75.000000 3.000000 1.400000 4.000000 3 3 1
2014-09-29T03:00:00Z 2014-09-29T05:00:00Z 95.000000 152.000000 77.000000 4.000000 1.300000 3.000000 3 3 1
2014-09-29T02:00:00Z 2014-09-29T04:00:00Z 98.000000 157.000000 81.000000 6.000000 1.500000 2.000000 3 3 1
2014-09-29T01:00:00Z 2014-09-29T03:00:00Z 94.000000 150.000000 88.000000 15.000000 1.400000 3.000000 3 3 1
2014-09-28T23:00:00Z 2014-09-29T01:00:00Z 79.000000 115.000000 76.000000 18.000000 1.200000 15.000000 3 3 1
2014-09-26T08:00:00Z 2014-09-26T10:00:00Z 111.000000 0.000000 72.000000 16.000000 1.900000 10.000000 3 3 1
2014-09-26T07:00:00Z 2014-09-26T09:00:00Z 106.000000 0.000000 72.000000 13.000000 1.700000 8.000000 3 3 1
2014-09-26T06:00:00Z 2014-09-26T08:00:00Z 95.000000 0.000000 60.000000 16.000000 1.600000 18.000000 3 3 1
2014-09-26T05:00:00Z 2014-09-26T07:00:00Z 97.000000 0.000000 45.000000 16.000000 1.400000 30.000000 3 3 1
2014-09-26T04:00:00Z 2014-09-26T06:00:00Z 92.000000 0.000000 42.000000 18.000000 1.300000 35.000000 3 3 1
2014-09-26T03:00:00Z 2014-09-26T05:00:00Z 84.000000 0.000000 43.000000 18.000000 1.200000 40.000000 3 3 1
2014-09-25T08:00:00Z 2014-09-25T10:00:00Z 84.000000 120.000000 69.000000 3.000000 1.700000 4.000000 3 4 1
2014-09-25T06:00:00Z 2014-09-25T08:00:00Z 76.000000 107.000000 57.000000 4.000000 1.500000 2.000000 3 3 1
2014-09-25T04:00:00Z 2014-09-25T06:00:00Z 77.000000 0.000000 59.000000 4.000000 1.000000 4.000000 3 3 1
2014-09-25T03:00:00Z 2014-09-25T05:00:00Z 81.000000 84.000000 63.000000 4.000000 1.100000 3.000000 3 3 1
2014-09-25T02:00:00Z 2014-09-25T04:00:00Z 84.000000 88.000000 62.000000 5.000000 1.600000 3.000000 3 3 1
2014-09-25T01:00:00Z 2014-09-25T03:00:00Z 94.000000 104.000000 62.000000 8.000000 1.700000 11.000000 3 3 1
2014-09-25T00:00:00Z 2014-09-25T02:00:00Z 101.000000 119.000000 60.000000 12.000000 1.900000 20.000000 3 3 1
2014-09-23T04:00:00Z 2014-09-23T06:00:00Z 94.000000 0.000000 56.000000 7.000000 2.200000 3.000000 3 2 1
2014-09-23T03:00:00Z 2014-09-23T05:00:00Z 94.000000 0.000000 56.000000 7.000000 2.200000 3.000000 3 2 1
2014-09-23T02:00:00Z 2014-09-23T04:00:00Z 94.000000 0.000000 56.000000 7.000000 2.200000 3.000000 3 3 1
2014-09-23T01:00:00Z 2014-09-23T03:00:00Z 98.000000 0.000000 62.000000 6.000000 2.500000 3.000000 3 3 1
2014-09-23T00:00:00Z 2014-09-23T02:00:00Z 104.000000 0.000000 67.000000 7.000000 2.600000 3.000000 3 3 1
2014-09-22T23:00:00Z 2014-09-23T01:00:00Z 103.000000 0.000000 72.000000 8.000000 2.700000 3.000000 3 3 1
2014-09-22T22:00:00Z 2014-09-23T00:00:00Z 99.000000 0.000000 72.000000 10.000000 2.600000 6.000000 3 3 1
2014-09-22T21:00:00Z 2014-09-22T23:00:00Z 101.000000 120.000000 92.000000 20.000000 2.600000 8.000000 3 3 1
2014-09-22T20:00:00Z 2014-09-22T22:00:00Z 101.000000 120.000000 92.000000 20.000000 2.600000 8.000000 3 3 1
2014-09-22T19:00:00Z 2014-09-22T21:00:00Z 101.000000 120.000000 92.000000 20.000000 2.600000 8.000000 3 3 1
2014-09-22T07:00:00Z 2014-09-22T09:00:00Z 78.000000 80.000000 60.000000 20.000000 2.400000 19.000000 3 3 1
2014-09-22T05:00:00Z 2014-09-22T07:00:00Z 76.000000 0.000000 61.000000 13.000000 1.000000 16.000000 3 3 1
2014-09-22T02:00:00Z 2014-09-22T04:00:00Z 77.000000 82.000000 75.000000 14.000000 1.200000 19.000000 3 2 1
2014-09-22T01:00:00Z 2014-09-22T03:00:00Z 81.000000 92.000000 67.000000 13.000000 1.100000 35.000000 3 2 1
2014-09-22T00:00:00Z 2014-09-22T02:00:00Z 76.000000 84.000000 45.000000 12.000000 1.100000 70.000000 3 3 1
2014-09-21T22:00:00Z 2014-09-22T00:00:00Z 79.000000 0.000000 35.000000 13.000000 0.900000 89.000000 3 3 1
2014-09-21T21:00:00Z 2014-09-21T23:00:00Z 89.000000 96.000000 39.000000 10.000000 1.000000 85.000000 3 2 1
2014-09-21T20:00:00Z 2014-09-21T22:00:00Z 92.000000 102.000000 36.000000 13.000000 1.200000 91.000000 3 3 1
2014-09-21T19:00:00Z 2014-09-21T21:00:00Z 88.000000 109.000000 39.000000 13.000000 1.600000 97.000000 3 3 1
2014-09-21T18:00:00Z 2014-09-21T20:00:00Z 100.000000 118.000000 40.000000 17.000000 1.900000 115.000000 3 3 1
2014-09-21T17:00:00Z 2014-09-21T19:00:00Z 107.000000 122.000000 34.000000 19.000000 1.700000 126.000000 3 3 1
2014-09-21T15:00:00Z 2014-09-21T17:00:00Z 102.000000 0.000000 35.000000 29.000000 1.500000 124.000000 3 3 1
2014-09-21T13:00:00Z 2014-09-21T15:00:00Z 88.000000 122.000000 54.000000 50.000000 2.300000 79.000000 3 3 1
2014-09-21T05:00:00Z 2014-09-21T07:00:00Z 109.000000 0.000000 52.000000 32.000000 2.800000 29.000000 3 2 1
2014-09-20T17:00:00Z 2014-09-20T19:00:00Z 98.000000 105.000000 38.000000 11.000000 1.000000 183.000000 3 5 1
2014-09-20T16:00:00Z 2014-09-20T18:00:00Z 99.000000 108.000000 36.000000 11.000000 1.000000 181.000000 3 4 1
2014-09-20T08:00:00Z 2014-09-20T10:00:00Z 107.000000 0.000000 56.000000 5.000000 1.100000 34.000000 3 4 1
2014-09-19T15:00:00Z 2014-09-19T17:00:00Z 81.000000 0.000000 23.000000 10.000000 0.700000 128.000000 3 2 1
2014-09-19T14:00:00Z 2014-09-19T16:00:00Z 97.000000 0.000000 26.000000 15.000000 0.900000 121.000000 3 2 1
2014-09-19T13:00:00Z 2014-09-19T15:00:00Z 112.000000 0.000000 33.000000 20.000000 0.900000 107.000000 3 3 1
2014-09-19T09:00:00Z 2014-09-19T11:00:00Z 97.000000 172.000000 102.000000 8.000000 1.300000 12.000000 3 5 1
2014-09-19T06:00:00Z 2014-09-19T08:00:00Z 112.000000 132.000000 62.000000 7.000000 1.000000 10.000000 3 2 1
2014-09-19T04:00:00Z 2014-09-19T06:00:00Z 108.000000 128.000000 51.000000 10.000000 0.700000 28.000000 3 3 1
2014-09-19T02:00:00Z 2014-09-19T04:00:00Z 83.000000 116.000000 55.000000 10.000000 0.800000 35.000000 3 3 1
2014-09-18T10:00:00Z 2014-09-18T12:00:00Z 90.000000 104.000000 82.000000 6.000000 1.000000 37.000000 3 2 1
2014-09-18T08:00:00Z 2014-09-18T10:00:00Z 99.000000 132.000000 78.000000 5.000000 1.200000 9.000000 3 3 1
2014-09-18T07:00:00Z 2014-09-18T09:00:00Z 100.000000 131.000000 82.000000 4.000000 1.200000 5.000000 3 3 1
2014-09-18T06:00:00Z 2014-09-18T08:00:00Z 96.000000 107.000000 69.000000 4.000000 0.900000 10.000000 3 3 1
2014-09-18T04:00:00Z 2014-09-18T06:00:00Z 98.000000 143.000000 89.000000 5.000000 1.000000 4.000000 3 3 1
2014-09-17T14:00:00Z 2014-09-17T16:00:00Z 82.000000 115.000000 95.000000 8.000000 1.100000 41.000000 3 2 1
2014-09-14T08:00:00Z 2014-09-14T10:00:00Z 91.000000 135.000000 77.000000 8.000000 0.900000 28.000000 3 2 1
2014-09-13T02:00:00Z 2014-09-13T04:00:00Z 79.000000 90.000000 81.000000 7.000000 1.100000 3.000000 3 2 1
2014-09-12T04:00:00Z 2014-09-12T06:00:00Z 86.000000 0.000000 35.000000 6.000000 0.900000 64.000000 3 2 1
2014-09-12T00:00:00Z 2014-09-12T02:00:00Z 114.000000 0.000000 45.000000 15.000000 1.700000 66.000000 3 4 1
2014-09-11T22:00:00Z 2014-09-12T00:00:00Z 104.000000 0.000000 46.000000 19.000000 1.700000 72.000000 3 3 1
2014-09-11T17:00:00Z 2014-09-11T19:00:00Z 108.000000 155.000000 59.000000 43.000000 2.400000 130.000000 3 4 1
2014-09-11T15:00:00Z 2014-09-11T17:00:00Z 98.000000 129.000000 58.000000 52.000000 2.400000 135.000000 3 3 1
2014-09-11T12:00:00Z 2014-09-11T14:00:00Z 114.000000 174.000000 84.000000 54.000000 2.800000 66.000000 3 3 1
2014-09-11T10:00:00Z 2014-09-11T12:00:00Z 108.000000 182.000000 83.000000 31.000000 2.000000 28.000000 3 3 1
2014-09-11T09:00:00Z 2014-09-11T11:00:00Z 100.000000 144.000000 85.000000 21.000000 1.600000 16.000000 3 3 1
2014-09-11T07:00:00Z 2014-09-11T09:00:00Z 84.000000 142.000000 82.000000 13.000000 1.200000 7.000000 3 3 1
2014-09-10T09:00:00Z 2014-09-10T11:00:00Z 102.000000 146.000000 92.000000 20.000000 2.000000 29.000000 3 4 1
2014-09-10T07:00:00Z 2014-09-10T09:00:00Z 87.000000 158.000000 99.000000 15.000000 2.000000 8.000000 3 3 1
2014-09-07T17:00:00Z 2014-09-07T19:00:00Z 115.000000 149.000000 19.000000 25.000000 1.300000 180.000000 3 4 1
2014-09-07T16:00:00Z 2014-09-07T18:00:00Z 100.000000 183.000000 16.000000 20.000000 1.100000 176.000000 3 4 1
2014-09-07T15:00:00Z 2014-09-07T17:00:00Z 88.000000 0.000000 12.000000 18.000000 1.000000 163.000000 3 3 1
2014-09-07T14:00:00Z 2014-09-07T16:00:00Z 106.000000 0.000000 15.000000 20.000000 1.100000 161.000000 3 3 1
2014-09-06T18:00:00Z 2014-09-06T20:00:00Z 99.000000 0.000000 25.000000 18.000000 1.000000 164.000000 3 4 1
2014-09-05T08:00:00Z 2014-09-05T10:00:00Z 79.000000 149.000000 85.000000 9.000000 1.200000 18.000000 3 3 1
2014-09-05T05:00:00Z 2014-09-05T07:00:00Z 84.000000 152.000000 107.000000 8.000000 1.300000 10.000000 3 2 1
2014-09-01T17:00:00Z 2014-09-01T19:00:00Z 103.000000 0.000000 29.000000 6.000000 1.200000 133.000000 3 4 1
2014-09-01T08:00:00Z 2014-09-01T10:00:00Z 112.000000 0.000000 71.000000 7.000000 2.400000 13.000000 3 4 1
2014-09-01T06:00:00Z 2014-09-01T08:00:00Z 104.000000 0.000000 66.000000 4.000000 2.100000 11.000000 3 3 1
2014-09-01T04:00:00Z 2014-09-01T06:00:00Z 100.000000 0.000000 49.000000 5.000000 1.300000 30.000000 3 3 1
2014-09-01T02:00:00Z 2014-09-01T04:00:00Z 97.000000 0.000000 59.000000 4.000000 1.600000 21.000000 3 3 1
2014-08-31T22:00:00Z 2014-09-01T00:00:00Z 104.000000 0.000000 69.000000 2.000000 1.500000 52.000000 3 1 1
2014-08-31T19:00:00Z 2014-08-31T21:00:00Z 78.000000 81.000000 32.000000 2.000000 1.100000 114.000000 3 3 1
2014-08-31T17:00:00Z 2014-08-31T19:00:00Z 82.000000 0.000000 25.000000 2.000000 1.100000 136.000000 3 3 1
2014-08-31T16:00:00Z 2014-08-31T18:00:00Z 96.000000 0.000000 24.000000 4.000000 1.200000 142.000000 3 3 1
2014-08-31T15:00:00Z 2014-08-31T17:00:00Z 84.000000 0.000000 26.000000 7.000000 1.300000 146.000000 3 3 1
2014-08-31T11:00:00Z 2014-08-31T13:00:00Z 93.000000 0.000000 36.000000 3.000000 1.200000 81.000000 3 2 1
2014-08-31T04:00:00Z 2014-08-31T06:00:00Z 79.000000 0.000000 26.000000 2.000000 1.000000 64.000000 3 2 1
2014-08-31T01:00:00Z 2014-08-31T03:00:00Z 100.000000 0.000000 36.000000 2.000000 1.300000 90.000000 3 3 1
2014-08-29T21:00:00Z 2014-08-29T23:00:00Z 101.000000 140.000000 57.000000 5.000000 1.200000 107.000000 3 4 1
2014-08-29T20:00:00Z 2014-08-29T22:00:00Z 106.000000 133.000000 48.000000 7.000000 1.200000 140.000000 3 4 1
2014-08-29T19:00:00Z 2014-08-29T21:00:00Z 93.000000 95.000000 39.000000 8.000000 1.100000 166.000000 3 3 1
2014-08-29T18:00:00Z 2014-08-29T20:00:00Z 89.000000 98.000000 40.000000 8.000000 1.100000 172.000000 3 3 1
2014-08-29T16:00:00Z 2014-08-29T18:00:00Z 84.000000 0.000000 34.000000 9.000000 1.000000 165.000000 3 3 1
2014-08-29T14:00:00Z 2014-08-29T16:00:00Z 82.000000 0.000000 41.000000 12.000000 1.100000 135.000000 3 3 1
2014-08-29T07:00:00Z 2014-08-29T09:00:00Z 89.000000 0.000000 42.000000 3.000000 1.100000 67.000000 3 2 1
2014-08-29T03:00:00Z 2014-08-29T05:00:00Z 76.000000 0.000000 25.000000 4.000000 1.100000 93.000000 3 2 1
2014-08-29T01:00:00Z 2014-08-29T03:00:00Z 77.000000 0.000000 31.000000 7.000000 1.000000 109.000000 3 3 1
2014-08-28T19:00:00Z 2014-08-28T21:00:00Z 98.000000 134.000000 69.000000 10.000000 1.300000 101.000000 3 1 1
2014-08-28T17:00:00Z 2014-08-28T19:00:00Z 88.000000 143.000000 43.000000 10.000000 1.000000 126.000000 3 3 1
2014-08-28T02:00:00Z 2014-08-28T04:00:00Z 113.000000 190.000000 80.000000 23.000000 1.200000 63.000000 3 4 1
2014-08-28T01:00:00Z 2014-08-28T03:00:00Z 103.000000 189.000000 97.000000 21.000000 1.300000 70.000000 3 4 1
2014-08-28T00:00:00Z 2014-08-28T02:00:00Z 99.000000 176.000000 100.000000 20.000000 1.200000 75.000000 3 3 1
2014-08-27T22:00:00Z 2014-08-28T00:00:00Z 89.000000 163.000000 72.000000 20.000000 1.100000 104.000000 3 3 1
2014-08-27T20:00:00Z 2014-08-27T22:00:00Z 79.000000 166.000000 38.000000 20.000000 0.800000 164.000000 3 3 1
