2014-07-31T12:00:00Z 2014-07-31T14:00:00Z 252.000000 0.000000 48.000000 10.000000 2.000000 120.000000 6 5 1
2014-07-08T03:00:00Z 2014-07-08T05:00:00Z 257.000000 0.000000 58.000000 18.000000 1.700000 53.000000 6 5 1
2014-07-08T02:00:00Z 2014-07-08T04:00:00Z 257.000000 0.000000 77.000000 20.000000 1.800000 48.000000 6 5 1
2014-07-08T01:00:00Z 2014-07-08T03:00:00Z 255.000000 0.000000 67.000000 21.000000 1.900000 67.000000 6 6 1
2014-07-08T00:00:00Z 2014-07-08T02:00:00Z 276.000000 0.000000 60.000000 21.000000 1.800000 82.000000 6 6 1
2014-07-07T23:00:00Z 2014-07-08T01:00:00Z 288.000000 0.000000 68.000000 19.000000 1.700000 81.000000 6 6 1
2014-07-07T22:00:00Z 2014-07-08T00:00:00Z 252.000000 0.000000 62.000000 14.000000 1.500000 98.000000 6 6 1
2014-07-06T08:00:00Z 2014-07-06T10:00:00Z 252.000000 0.000000 60.000000 18.000000 1.800000 41.000000 6 5 1
2014-07-03T09:00:00Z 2014-07-03T11:00:00Z 266.000000 0.000000 66.000000 14.000000 1.800000 37.000000 6 5 0
2014-07-03T08:00:00Z 2014-07-03T10:00:00Z 272.000000 0.000000 65.000000 16.000000 1.900000 26.000000 6 6 0
2014-07-03T07:00:00Z 2014-07-03T09:00:00Z 264.000000 0.000000 55.000000 17.000000 1.800000 29.000000 6 6 0
2014-05-22T11:00:00Z 2014-05-22T13:00:00Z 282.000000 322.000000 80.000000 44.000000 2.700000 152.000000 6 4 1
2014-05-22T09:00:00Z 2014-05-22T11:00:00Z 280.000000 364.000000 94.000000 35.000000 2.500000 49.000000 6 6 1
2014-05-22T08:00:00Z 2014-05-22T10:00:00Z 258.000000 358.000000 110.000000 30.000000 2.200000 13.000000 6 6 1
2014-04-14T21:00:00Z 2014-04-14T23:00:00Z 274.000000 303.000000 90.000000 40.000000 2.200000 97.000000 6 3 1
2014-04-14T15:00:00Z 2014-04-14T17:00:00Z 277.000000 0.000000 58.000000 42.000000 1.900000 214.000000 6 5 1
2014-04-14T14:00:00Z 2014-04-14T16:00:00Z 296.000000 0.000000 78.000000 43.000000 1.900000 190.000000 6 5 1
2014-04-14T13:00:00Z 2014-04-14T15:00:00Z 280.000000 300.000000 97.000000 49.000000 2.300000 150.000000 6 6 1
2014-04-14T10:00:00Z 2014-04-14T12:00:00Z 298.000000 321.000000 102.000000 57.000000 2.500000 34.000000 6 5 1
2014-04-14T09:00:00Z 2014-04-14T11:00:00Z 266.000000 291.000000 91.000000 49.000000 2.300000 20.000000 6 1 1
2014-03-31T14:00:00Z 2014-03-31T16:00:00Z 276.000000 298.000000 89.000000 68.000000 3.300000 93.000000 6 5 1
2014-03-31T13:00:00Z 2014-03-31T15:00:00Z 275.000000 346.000000 97.000000 72.000000 3.600000 69.000000 6 5 1
2014-03-27T12:00:00Z 2014-03-27T14:00:00Z 395.000000 459.000000 124.000000 65.000000 5.300000 5.000000 6 5 1
2014-03-27T10:00:00Z 2014-03-27T12:00:00Z 320.000000 378.000000 105.000000 35.000000 2.600000 5.000000 6 6 1
2014-03-27T08:00:00Z 2014-03-27T10:00:00Z 318.000000 365.000000 118.000000 28.000000 2.700000 4.000000 6 6 1
2014-03-27T07:00:00Z 2014-03-27T09:00:00Z 353.000000 399.000000 137.000000 28.000000 2.600000 4.000000 6 6 1
2014-03-27T06:00:00Z 2014-03-27T08:00:00Z 359.000000 380.000000 145.000000 31.000000 2.500000 4.000000 6 6 1
2014-03-27T05:00:00Z 2014-03-27T07:00:00Z 308.000000 379.000000 147.000000 33.000000 2.800000 4.000000 6 6 1
2014-03-27T04:00:00Z 2014-03-27T06:00:00Z 330.000000 396.000000 159.000000 35.000000 2.900000 4.000000 6 6 1
2014-03-27T03:00:00Z 2014-03-27T05:00:00Z 401.000000 438.000000 168.000000 38.000000 3.100000 5.000000 6 6 1
2014-03-27T02:00:00Z 2014-03-27T04:00:00Z 419.000000 458.000000 179.000000 41.000000 3.200000 5.000000 6 6 1
2014-03-27T01:00:00Z 2014-03-27T03:00:00Z 420.000000 447.000000 179.000000 45.000000 3.800000 7.000000 6 6 1
2014-03-27T00:00:00Z 2014-03-27T02:00:00Z 411.000000 442.000000 168.000000 52.000000 3.500000 7.000000 6 6 1
2014-03-26T23:00:00Z 2014-03-27T01:00:00Z 402.000000 426.000000 135.000000 66.000000 3.000000 39.000000 6 6 1
2014-03-26T22:00:00Z 2014-03-27T00:00:00Z 396.000000 418.000000 136.000000 70.000000 2.600000 47.000000 6 6 1
2014-03-26T21:00:00Z 2014-03-26T23:00:00Z 385.000000 416.000000 109.000000 72.000000 2.500000 78.000000 6 6 1
2014-03-26T20:00:00Z 2014-03-26T22:00:00Z 373.000000 408.000000 82.000000 82.000000 2.400000 112.000000 6 6 1
2014-03-26T19:00:00Z 2014-03-26T21:00:00Z 350.000000 376.000000 72.000000 87.000000 2.300000 139.000000 6 6 1
2014-03-26T18:00:00Z 2014-03-26T20:00:00Z 322.000000 372.000000 60.000000 86.000000 2.000000 163.000000 6 6 1
2014-03-26T17:00:00Z 2014-03-26T19:00:00Z 286.000000 302.000000 46.000000 85.000000 2.000000 188.000000 6 6 1
2014-03-26T16:00:00Z 2014-03-26T18:00:00Z 262.000000 279.000000 42.000000 75.000000 1.700000 188.000000 6 6 1
2014-03-26T15:00:00Z 2014-03-26T17:00:00Z 273.000000 311.000000 94.000000 65.000000 2.100000 161.000000 6 6 1
2014-03-26T13:00:00Z 2014-03-26T15:00:00Z 295.000000 347.000000 124.000000 58.000000 2.400000 76.000000 6 6 1
2014-03-26T11:00:00Z 2014-03-26T13:00:00Z 341.000000 389.000000 137.000000 57.000000 2.800000 24.000000 6 6 1
2014-03-26T10:00:00Z 2014-03-26T12:00:00Z 318.000000 382.000000 138.000000 47.000000 2.800000 12.000000 6 6 1
2014-03-26T09:00:00Z 2014-03-26T11:00:00Z 301.000000 375.000000 130.000000 37.000000 2.700000 9.000000 6 6 1
2014-03-26T08:00:00Z 2014-03-26T10:00:00Z 284.000000 364.000000 127.000000 30.000000 2.600000 7.000000 6 6 1
2014-03-26T07:00:00Z 2014-03-26T09:00:00Z 272.000000 366.000000 140.000000 28.000000 2.600000 6.000000 6 6 1
2014-03-26T06:00:00Z 2014-03-26T08:00:00Z 260.000000 322.000000 144.000000 30.000000 2.400000 5.000000 6 6 1
2014-03-25T05:00:00Z 2014-03-25T07:00:00Z 265.000000 291.000000 109.000000 44.000000 2.100000 21.000000 6 5 1
2014-03-25T04:00:00Z 2014-03-25T06:00:00Z 286.000000 342.000000 0.000000 48.000000 1.900000 8.000000 6 5 1
2014-03-25T03:00:00Z 2014-03-25T05:00:00Z 298.000000 346.000000 156.000000 47.000000 1.900000 6.000000 6 6 1
2014-03-25T02:00:00Z 2014-03-25T04:00:00Z 276.000000 342.000000 156.000000 45.000000 2.900000 5.000000 6 6 1
2014-03-25T01:00:00Z 2014-03-25T03:00:00Z 281.000000 348.000000 162.000000 49.000000 3.100000 8.000000 6 6 1
2014-03-25T00:00:00Z 2014-03-25T02:00:00Z 277.000000 328.000000 154.000000 61.000000 2.400000 11.000000 6 6 1
2014-03-24T23:00:00Z 2014-03-25T01:00:00Z 266.000000 328.000000 152.000000 64.000000 2.200000 16.000000 6 6 1
2014-03-24T13:00:00Z 2014-03-24T15:00:00Z 291.000000 312.000000 124.000000 64.000000 2.500000 61.000000 6 5 1
2014-03-24T11:00:00Z 2014-03-24T13:00:00Z 276.000000 294.000000 91.000000 75.000000 2.400000 49.000000 6 6 1
2014-03-24T10:00:00Z 2014-03-24T12:00:00Z 281.000000 299.000000 95.000000 69.000000 2.400000 31.000000 6 5 1
2014-03-24T09:00:00Z 2014-03-24T11:00:00Z 269.000000 293.000000 98.000000 58.000000 2.500000 14.000000 6 6 1
2014-03-24T07:00:00Z 2014-03-24T09:00:00Z 255.000000 276.000000 98.000000 43.000000 2.400000 6.000000 6 6 1
2014-03-24T06:00:00Z 2014-03-24T08:00:00Z 253.000000 255.000000 102.000000 44.000000 2.400000 5.000000 6 5 1
2014-03-24T04:00:00Z 2014-03-24T06:00:00Z 252.000000 263.000000 106.000000 47.000000 2.500000 5.000000 6 6 1
2014-03-11T11:00:00Z 2014-03-11T13:00:00Z 258.000000 287.000000 100.000000 180.000000 3.400000 46.000000 6 5 1
2014-03-04T01:00:00Z 2014-03-04T03:00:00Z 256.000000 302.000000 97.000000 127.000000 4.500000 26.000000 6 5 0
2014-03-03T16:00:00Z 2014-03-03T18:00:00Z 283.000000 295.000000 98.000000 114.000000 5.300000 31.000000 6 5 0
2014-03-03T15:00:00Z 2014-03-03T17:00:00Z 304.000000 323.000000 102.000000 121.000000 5.800000 33.000000 6 5 0
2014-03-03T14:00:00Z 2014-03-03T16:00:00Z 298.000000 314.000000 100.000000 124.000000 5.700000 36.000000 6 6 0
2014-03-03T13:00:00Z 2014-03-03T15:00:00Z 272.000000 306.000000 93.000000 141.000000 5.500000 36.000000 6 6 0
2014-03-03T12:00:00Z 2014-03-03T14:00:00Z 253.000000 272.000000 93.000000 154.000000 5.700000 32.000000 6 6 0
2014-02-26T13:00:00Z 2014-02-26T15:00:00Z 516.000000 0.000000 158.000000 145.000000 5.800000 40.000000 6 1 1
2014-02-26T11:00:00Z 2014-02-26T13:00:00Z 465.000000 0.000000 140.000000 131.000000 5.600000 35.000000 6 6 1
2014-02-26T10:00:00Z 2014-02-26T12:00:00Z 450.000000 0.000000 128.000000 124.000000 5.100000 31.000000 6 1 1
2014-02-26T09:00:00Z 2014-02-26T11:00:00Z 456.000000 0.000000 122.000000 110.000000 5.200000 31.000000 6 6 1
2014-02-26T08:00:00Z 2014-02-26T10:00:00Z 449.000000 0.000000 126.000000 105.000000 5.800000 31.000000 6 6 1
2014-02-25T23:00:00Z 2014-02-26T01:00:00Z 488.000000 0.000000 156.000000 97.000000 6.000000 34.000000 6 1 1
2014-02-25T22:00:00Z 2014-02-26T00:00:00Z 481.000000 0.000000 141.000000 99.000000 5.300000 32.000000 6 1 1
2014-02-25T11:00:00Z 2014-02-25T13:00:00Z 354.000000 0.000000 0.000000 109.000000 4.200000 30.000000 6 1 1
2014-02-25T10:00:00Z 2014-02-25T12:00:00Z 346.000000 0.000000 0.000000 108.000000 4.100000 26.000000 6 6 1
2014-02-25T09:00:00Z 2014-02-25T11:00:00Z 341.000000 0.000000 0.000000 98.000000 4.300000 25.000000 6 6 1
2014-02-25T08:00:00Z 2014-02-25T10:00:00Z 348.000000 0.000000 0.000000 98.000000 4.400000 24.000000 6 6 1
2014-02-25T07:00:00Z 2014-02-25T09:00:00Z 375.000000 0.000000 0.000000 105.000000 5.400000 26.000000 6 6 1
2014-02-25T06:00:00Z 2014-02-25T08:00:00Z 398.000000 0.000000 0.000000 107.000000 6.000000 32.000000 6 6 1
2014-02-25T05:00:00Z 2014-02-25T07:00:00Z 394.000000 0.000000 0.000000 107.000000 6.400000 34.000000 6 6 1
2014-02-25T04:00:00Z 2014-02-25T06:00:00Z 383.000000 0.000000 0.000000 106.000000 6.300000 34.000000 6 6 1
2014-02-25T03:00:00Z 2014-02-25T05:00:00Z 337.000000 341.000000 0.000000 99.000000 6.600000 33.000000 6 6 1
2014-02-25T02:00:00Z 2014-02-25T04:00:00Z 308.000000 323.000000 0.000000 92.000000 6.300000 29.000000 6 6 1
2014-02-25T01:00:00Z 2014-02-25T03:00:00Z 333.000000 0.000000 0.000000 79.000000 4.900000 24.000000 6 6 1
2014-02-25T00:00:00Z 2014-02-25T02:00:00Z 325.000000 0.000000 0.000000 88.000000 4.700000 24.000000 6 6 1
2014-02-24T23:00:00Z 2014-02-25T01:00:00Z 331.000000 0.000000 0.000000 88.000000 4.500000 25.000000 6 6 1
2014-02-24T20:00:00Z 2014-02-24T22:00:00Z 309.000000 0.000000 0.000000 95.000000 4.600000 25.000000 6 1 1
2014-02-24T18:00:00Z 2014-02-24T20:00:00Z 368.000000 414.000000 0.000000 109.000000 5.600000 28.000000 6 6 1
2014-02-24T17:00:00Z 2014-02-24T19:00:00Z 361.000000 421.000000 0.000000 118.000000 6.000000 30.000000 6 1 1
2014-02-24T15:00:00Z 2014-02-24T17:00:00Z 302.000000 383.000000 0.000000 132.000000 5.700000 30.000000 6 6 1
2014-02-22T10:00:00Z 2014-02-22T12:00:00Z 251.000000 283.000000 0.000000 121.000000 3.400000 27.000000 6 5 1
2014-02-22T04:00:00Z 2014-02-22T06:00:00Z 272.000000 0.000000 0.000000 108.000000 3.000000 24.000000 6 5 1
2014-02-22T03:00:00Z 2014-02-22T05:00:00Z 281.000000 0.000000 0.000000 96.000000 3.000000 25.000000 6 5 1
2014-02-22T02:00:00Z 2014-02-22T04:00:00Z 294.000000 0.000000 0.000000 96.000000 3.100000 26.000000 6 6 1
2014-02-22T01:00:00Z 2014-02-22T03:00:00Z 295.000000 0.000000 0.000000 94.000000 4.100000 28.000000 6 6 1
2014-02-21T23:00:00Z 2014-02-22T01:00:00Z 279.000000 0.000000 0.000000 70.000000 3.400000 24.000000 6 6 1
2014-02-21T21:00:00Z 2014-02-21T23:00:00Z 276.000000 0.000000 0.000000 78.000000 2.900000 25.000000 6 6 1
2014-02-21T16:00:00Z 2014-02-21T18:00:00Z 279.000000 0.000000 0.000000 89.000000 2.600000 40.000000 6 5 1
2014-02-16T22:00:00Z 2014-02-17T00:00:00Z 252.000000 0.000000 0.000000 76.000000 3.300000 22.000000 6 5 1
2014-02-16T21:00:00Z 2014-02-16T23:00:00Z 267.000000 0.000000 0.000000 71.000000 2.900000 29.000000 6 5 1
2014-02-16T20:00:00Z 2014-02-16T22:00:00Z 272.000000 0.000000 0.000000 77.000000 3.000000 36.000000 6 6 1
2014-02-16T19:00:00Z 2014-02-16T21:00:00Z 291.000000 0.000000 0.000000 98.000000 3.700000 45.000000 6 6 1
2014-02-16T18:00:00Z 2014-02-16T20:00:00Z 269.000000 0.000000 0.000000 104.000000 3.800000 61.000000 6 6 1
2014-02-16T11:00:00Z 2014-02-16T13:00:00Z 268.000000 0.000000 0.000000 78.000000 2.600000 43.000000 6 5 1
2014-02-16T10:00:00Z 2014-02-16T12:00:00Z 319.000000 0.000000 0.000000 90.000000 3.200000 38.000000 6 5 1
2014-02-16T09:00:00Z 2014-02-16T11:00:00Z 338.000000 0.000000 0.000000 89.000000 3.500000 31.000000 6 6 1
2014-02-16T08:00:00Z 2014-02-16T10:00:00Z 362.000000 0.000000 0.000000 92.000000 3.400000 28.000000 6 6 1
2014-02-16T07:00:00Z 2014-02-16T09:00:00Z 370.000000 0.000000 0.000000 100.000000 3.000000 34.000000 6 6 1
2014-02-16T06:00:00Z 2014-02-16T08:00:00Z 393.000000 0.000000 0.000000 105.000000 3.600000 28.000000 6 6 1
2014-02-16T05:00:00Z 2014-02-16T07:00:00Z 409.000000 0.000000 0.000000 115.000000 3.800000 29.000000 6 6 1
2014-02-16T04:00:00Z 2014-02-16T06:00:00Z 432.000000 0.000000 0.000000 123.000000 1.100000 0.000000 6 6 1
2014-02-16T03:00:00Z 2014-02-16T05:00:00Z 456.000000 0.000000 0.000000 120.000000 0.000000 12.000000 6 6 1
2014-02-16T02:00:00Z 2014-02-16T04:00:00Z 445.000000 0.000000 0.000000 0.000000 4.100000 24.000000 6 6 1
2014-02-16T01:00:00Z 2014-02-16T03:00:00Z 443.000000 0.000000 0.000000 107.000000 4.500000 34.000000 6 6 1
2014-02-16T00:00:00Z 2014-02-16T02:00:00Z 446.000000 0.000000 0.000000 89.000000 4.500000 35.000000 6 6 1
2014-02-15T23:00:00Z 2014-02-16T01:00:00Z 449.000000 0.000000 0.000000 88.000000 4.500000 34.000000 6 6 1
2014-02-15T22:00:00Z 2014-02-16T00:00:00Z 472.000000 0.000000 0.000000 94.000000 4.800000 36.000000 6 6 1
2014-02-15T21:00:00Z 2014-02-15T23:00:00Z 450.000000 0.000000 0.000000 86.000000 4.100000 35.000000 6 6 1
2014-02-15T20:00:00Z 2014-02-15T22:00:00Z 448.000000 0.000000 0.000000 77.000000 3.600000 37.000000 6 6 1
2014-02-15T19:00:00Z 2014-02-15T21:00:00Z 416.000000 0.000000 0.000000 76.000000 3.300000 47.000000 6 6 1
2014-02-15T18:00:00Z 2014-02-15T20:00:00Z 422.000000 0.000000 0.000000 91.000000 3.200000 53.000000 6 6 1
2014-02-15T17:00:00Z 2014-02-15T19:00:00Z 438.000000 0.000000 0.000000 120.000000 3.300000 60.000000 6 6 1
2014-02-15T16:00:00Z 2014-02-15T18:00:00Z 484.000000 0.000000 0.000000 135.000000 3.800000 54.000000 6 6 1
2014-02-15T15:00:00Z 2014-02-15T17:00:00Z 495.000000 0.000000 0.000000 141.000000 4.000000 54.000000 6 6 1
2014-02-15T14:00:00Z 2014-02-15T16:00:00Z 423.000000 0.000000 0.000000 141.000000 3.500000 59.000000 6 6 1
2014-02-15T13:00:00Z 2014-02-15T15:00:00Z 394.000000 0.000000 0.000000 138.000000 3.500000 50.000000 6 6 1
2014-02-15T12:00:00Z 2014-02-15T14:00:00Z 330.000000 0.000000 0.000000 153.000000 3.000000 51.000000 6 6 1
2014-02-15T11:00:00Z 2014-02-15T13:00:00Z 321.000000 0.000000 0.000000 153.000000 3.100000 39.000000 6 6 1
2014-02-15T10:00:00Z 2014-02-15T12:00:00Z 325.000000 0.000000 0.000000 125.000000 3.400000 32.000000 6 6 1
2014-02-15T09:00:00Z 2014-02-15T11:00:00Z 324.000000 0.000000 0.000000 116.000000 3.800000 29.000000 6 6 1
2014-02-15T08:00:00Z 2014-02-15T10:00:00Z 319.000000 0.000000 0.000000 103.000000 4.000000 28.000000 6 6 1
2014-02-15T07:00:00Z 2014-02-15T09:00:00Z 320.000000 0.000000 0.000000 105.000000 4.200000 28.000000 6 6 1
2014-02-15T06:00:00Z 2014-02-15T08:00:00Z 322.000000 0.000000 0.000000 100.000000 4.400000 28.000000 6 6 1
2014-02-15T05:00:00Z 2014-02-15T07:00:00Z 362.000000 0.000000 0.000000 110.000000 4.400000 32.000000 6 6 1
2014-02-15T04:00:00Z 2014-02-15T06:00:00Z 420.000000 0.000000 0.000000 134.000000 1.100000 0.000000 6 6 1
2014-02-15T03:00:00Z 2014-02-15T05:00:00Z 489.000000 0.000000 0.000000 147.000000 0.000000 15.000000 6 6 1
2014-02-15T02:00:00Z 2014-02-15T04:00:00Z 555.000000 0.000000 0.000000 0.000000 4.900000 35.000000 6 6 1
2014-02-15T01:00:00Z 2014-02-15T03:00:00Z 560.000000 564.000000 0.000000 150.000000 4.600000 47.000000 6 6 1
2014-02-15T00:00:00Z 2014-02-15T02:00:00Z 679.000000 726.000000 0.000000 173.000000 4.800000 57.000000 6 6 1
2014-02-14T23:00:00Z 2014-02-15T01:00:00Z 737.000000 0.000000 0.000000 200.000000 4.800000 59.000000 6 6 1
2014-02-14T22:00:00Z 2014-02-15T00:00:00Z 684.000000 759.000000 0.000000 0.000000 4.500000 59.000000 6 6 1
2014-02-14T21:00:00Z 2014-02-14T23:00:00Z 504.000000 563.000000 0.000000 0.000000 3.700000 49.000000 6 6 1
2014-02-14T20:00:00Z 2014-02-14T22:00:00Z 365.000000 0.000000 0.000000 117.000000 3.100000 45.000000 6 6 1
2014-02-14T19:00:00Z 2014-02-14T21:00:00Z 300.000000 0.000000 0.000000 93.000000 2.900000 42.000000 6 6 1
2014-02-14T18:00:00Z 2014-02-14T20:00:00Z 293.000000 0.000000 0.000000 86.000000 2.800000 39.000000 6 6 1
2014-02-14T17:00:00Z 2014-02-14T19:00:00Z 302.000000 0.000000 0.000000 85.000000 2.900000 51.000000 6 6 1
2014-02-14T16:00:00Z 2014-02-14T18:00:00Z 282.000000 0.000000 0.000000 76.000000 2.900000 44.000000 6 6 1
2014-02-14T15:00:00Z 2014-02-14T17:00:00Z 258.000000 0.000000 0.000000 77.000000 2.600000 47.000000 6 6 1
2014-01-31T03:00:00Z 2014-01-31T05:00:00Z 279.000000 322.000000 0.000000 72.000000 1.800000 24.000000 6 5 1
2014-01-31T02:00:00Z 2014-01-31T04:00:00Z 373.000000 461.000000 0.000000 96.000000 1.400000 35.000000 6 5 1
2014-01-31T01:00:00Z 2014-01-31T03:00:00Z 278.000000 423.000000 0.000000 109.000000 1.000000 40.000000 6 6 1
2014-01-24T03:00:00Z 2014-01-24T05:00:00Z 256.000000 266.000000 0.000000 161.000000 3.500000 3.000000 6 5 1
2014-01-24T02:00:00Z 2014-01-24T04:00:00Z 263.000000 278.000000 0.000000 160.000000 5.000000 4.000000 6 5 1
2014-01-24T01:00:00Z 2014-01-24T03:00:00Z 268.000000 295.000000 0.000000 158.000000 5.200000 6.000000 6 6 1
2014-01-24T00:00:00Z 2014-01-24T02:00:00Z 259.000000 295.000000 0.000000 137.000000 5.000000 6.000000 6 6 1
2014-01-23T23:00:00Z 2014-01-24T01:00:00Z 271.000000 306.000000 0.000000 131.000000 5.000000 6.000000 6 6 1
2014-01-23T22:00:00Z 2014-01-24T00:00:00Z 278.000000 316.000000 0.000000 131.000000 5.000000 6.000000 6 6 1
2014-01-23T21:00:00Z 2014-01-23T23:00:00Z 276.000000 315.000000 0.000000 110.000000 5.000000 7.000000 6 6 1
2014-01-23T20:00:00Z 2014-01-23T22:00:00Z 294.000000 315.000000 0.000000 87.000000 4.700000 8.000000 6 6 1
2014-01-23T19:00:00Z 2014-01-23T21:00:00Z 264.000000 313.000000 0.000000 106.000000 4.200000 6.000000 6 6 1
2014-01-23T18:00:00Z 2014-01-23T20:00:00Z 269.000000 329.000000 0.000000 134.000000 4.700000 6.000000 6 6 1
2014-01-23T06:00:00Z 2014-01-23T08:00:00Z 251.000000 266.000000 0.000000 118.000000 0.300000 1.000000 6 5 1
2014-01-23T05:00:00Z 2014-01-23T07:00:00Z 273.000000 286.000000 0.000000 128.000000 0.300000 1.000000 6 5 1
2014-01-23T04:00:00Z 2014-01-23T06:00:00Z 308.000000 328.000000 0.000000 132.000000 0.300000 1.000000 6 6 1
2014-01-23T03:00:00Z 2014-01-23T05:00:00Z 296.000000 320.000000 0.000000 126.000000 0.300000 1.000000 6 6 1
2014-01-23T02:00:00Z 2014-01-23T04:00:00Z 268.000000 296.000000 0.000000 123.000000 0.300000 1.000000 6 6 1
2014-01-18T00:00:00Z 2014-01-18T02:00:00Z 320.000000 0.000000 93.000000 52.000000 4.400000 8.000000 6 1 1
2014-01-17T23:00:00Z 2014-01-18T01:00:00Z 336.000000 346.000000 97.000000 59.000000 4.300000 8.000000 6 5 1
2014-01-17T22:00:00Z 2014-01-18T00:00:00Z 363.000000 380.000000 104.000000 64.000000 4.300000 8.000000 6 6 1
2014-01-17T21:00:00Z 2014-01-17T23:00:00Z 387.000000 420.000000 110.000000 66.000000 4.400000 9.000000 6 6 1
2014-01-17T19:00:00Z 2014-01-17T21:00:00Z 268.000000 282.000000 106.000000 59.000000 3.500000 9.000000 6 6 1
2014-01-17T01:00:00Z 2014-01-17T03:00:00Z 254.000000 0.000000 73.000000 115.000000 3.600000 5.000000 6 5 1
2014-01-17T00:00:00Z 2014-01-17T02:00:00Z 290.000000 0.000000 84.000000 127.000000 4.300000 6.000000 6 5 1
2014-01-16T23:00:00Z 2014-01-17T01:00:00Z 292.000000 0.000000 88.000000 114.000000 4.100000 5.000000 6 6 1
2014-01-16T22:00:00Z 2014-01-17T00:00:00Z 289.000000 0.000000 85.000000 102.000000 3.900000 5.000000 6 6 1
2014-01-16T21:00:00Z 2014-01-16T23:00:00Z 372.000000 388.000000 101.000000 125.000000 4.700000 6.000000 6 6 1
2014-01-16T20:00:00Z 2014-01-16T22:00:00Z 398.000000 402.000000 112.000000 132.000000 4.500000 7.000000 6 6 1
2014-01-16T19:00:00Z 2014-01-16T21:00:00Z 370.000000 0.000000 109.000000 112.000000 3.400000 7.000000 6 6 1
2014-01-16T18:00:00Z 2014-01-16T20:00:00Z 301.000000 325.000000 115.000000 124.000000 3.300000 9.000000 6 6 1
2014-01-16T17:00:00Z 2014-01-16T19:00:00Z 260.000000 0.000000 103.000000 126.000000 2.800000 20.000000 6 6 1
2014-01-16T13:00:00Z 2014-01-16T15:00:00Z 284.000000 0.000000 96.000000 116.000000 3.100000 25.000000 6 3 1
2014-01-16T11:00:00Z 2014-01-16T13:00:00Z 440.000000 451.000000 131.000000 158.000000 5.000000 12.000000 6 6 1
2014-01-16T10:00:00Z 2014-01-16T12:00:00Z 422.000000 437.000000 129.000000 155.000000 4.800000 10.000000 6 6 1
2014-01-16T09:00:00Z 2014-01-16T11:00:00Z 428.000000 440.000000 118.000000 124.000000 5.000000 8.000000 6 6 1
2014-01-16T07:00:00Z 2014-01-16T09:00:00Z 494.000000 500.000000 133.000000 117.000000 6.200000 10.000000 6 6 1
2014-01-16T06:00:00Z 2014-01-16T08:00:00Z 554.000000 559.000000 140.000000 111.000000 6.600000 11.000000 6 1 1
2014-01-16T05:00:00Z 2014-01-16T07:00:00Z 590.000000 598.000000 135.000000 99.000000 6.900000 11.000000 6 6 1
2014-01-16T04:00:00Z 2014-01-16T06:00:00Z 602.000000 622.000000 153.000000 106.000000 7.700000 13.000000 6 6 1
2014-01-16T03:00:00Z 2014-01-16T05:00:00Z 596.000000 612.000000 152.000000 124.000000 7.300000 13.000000 6 6 1
2014-01-16T02:00:00Z 2014-01-16T04:00:00Z 593.000000 0.000000 141.000000 129.000000 6.700000 12.000000 6 6 1
2014-01-16T01:00:00Z 2014-01-16T03:00:00Z 597.000000 598.000000 140.000000 141.000000 6.400000 12.000000 6 6 1
2014-01-16T00:00:00Z 2014-01-16T02:00:00Z 583.000000 585.000000 145.000000 154.000000 6.000000 13.000000 6 6 1
2014-01-15T23:00:00Z 2014-01-16T01:00:00Z 553.000000 576.000000 148.000000 149.000000 5.700000 12.000000 6 6 1
2014-01-15T19:00:00Z 2014-01-15T21:00:00Z 435.000000 493.000000 146.000000 171.000000 4.500000 11.000000 6 1 1
2014-01-11T19:00:00Z 2014-01-11T21:00:00Z 253.000000 0.000000 125.000000 130.000000 4.000000 9.000000 6 5 1
2013-12-25T13:00:00Z 2013-12-25T15:00:00Z 267.000000 0.000000 141.000000 114.000000 4.600000 19.000000 6 2 1
2013-12-25T12:00:00Z 2013-12-25T14:00:00Z 265.000000 268.000000 131.000000 117.000000 4.600000 17.000000 6 3 1
2013-12-25T05:00:00Z 2013-12-25T07:00:00Z 254.000000 264.000000 150.000000 128.000000 5.100000 10.000000 6 5 1
2013-12-25T04:00:00Z 2013-12-25T06:00:00Z 261.000000 0.000000 0.000000 138.000000 3.900000 12.000000 6 5 1
2013-12-25T03:00:00Z 2013-12-25T05:00:00Z 274.000000 289.000000 144.000000 164.000000 4.200000 8.000000 6 6 1
2013-12-25T02:00:00Z 2013-12-25T04:00:00Z 261.000000 262.000000 133.000000 158.000000 5.100000 8.000000 6 6 1
2013-12-24T22:00:00Z 2013-12-25T00:00:00Z 258.000000 263.000000 140.000000 152.000000 4.900000 9.000000 6 5 1
