2014-10-02T14:00:00Z 2014-10-02T16:00:00Z 36.000000 66.000000 33.000000 12.000000 0.700000 48.000000 2 1 1
2014-10-02T13:00:00Z 2014-10-02T15:00:00Z 46.000000 0.000000 35.000000 16.000000 0.800000 39.000000 2 2 1
2014-10-02T12:00:00Z 2014-10-02T14:00:00Z 62.000000 0.000000 50.000000 14.000000 1.100000 26.000000 2 2 1
2014-10-02T10:00:00Z 2014-10-02T12:00:00Z 59.000000 0.000000 45.000000 5.000000 1.100000 16.000000 2 2 1
2014-10-02T08:00:00Z 2014-10-02T10:00:00Z 70.000000 91.000000 45.000000 2.000000 1.300000 5.000000 2 2 1
2014-10-02T07:00:00Z 2014-10-02T09:00:00Z 62.000000 62.000000 45.000000 2.000000 1.300000 3.000000 2 2 1
2014-10-02T06:00:00Z 2014-10-02T08:00:00Z 60.000000 0.000000 44.000000 2.000000 1.200000 2.000000 2 2 1
2014-10-02T05:00:00Z 2014-10-02T07:00:00Z 64.000000 0.000000 46.000000 2.000000 1.200000 2.000000 2 2 1
2014-10-02T03:00:00Z 2014-10-02T05:00:00Z 53.000000 0.000000 40.000000 2.000000 1.000000 5.000000 2 2 1
2014-10-02T01:00:00Z 2014-10-02T03:00:00Z 59.000000 0.000000 49.000000 2.000000 1.100000 4.000000 2 2 1
2014-10-02T00:00:00Z 2014-10-02T02:00:00Z 71.000000 0.000000 56.000000 2.000000 1.100000 2.000000 2 2 1
2014-10-01T23:00:00Z 2014-10-02T01:00:00Z 67.000000 0.000000 58.000000 2.000000 1.200000 2.000000 2 2 1
2014-10-01T22:00:00Z 2014-10-02T00:00:00Z 71.000000 0.000000 58.000000 2.000000 1.200000 3.000000 2 2 1
2014-10-01T17:00:00Z 2014-10-01T19:00:00Z 71.000000 0.000000 60.000000 3.000000 1.400000 5.000000 2 3 1
2014-10-01T08:00:00Z 2014-10-01T10:00:00Z 52.000000 136.000000 55.000000 7.000000 0.900000 4.000000 2 2 1
2014-10-01T07:00:00Z 2014-10-01T09:00:00Z 62.000000 78.000000 61.000000 8.000000 0.900000 3.000000 2 2 1
2014-10-01T06:00:00Z 2014-10-01T08:00:00Z 60.000000 132.000000 63.000000 7.000000 0.900000 3.000000 2 2 1
2014-10-01T04:00:00Z 2014-10-01T06:00:00Z 65.000000 138.000000 68.000000 7.000000 0.700000 4.000000 2 2 1
2014-10-01T01:00:00Z 2014-10-01T03:00:00Z 73.000000 126.000000 77.000000 8.000000 1.100000 3.000000 2 2 1
2014-10-01T00:00:00Z 2014-10-01T02:00:00Z 59.000000 127.000000 79.000000 8.000000 1.100000 4.000000 2 3 1
2014-09-30T23:00:00Z 2014-10-01T01:00:00Z 53.000000 109.000000 77.000000 8.000000 1.000000 7.000000 2 2 1
2014-09-30T22:00:00Z 2014-10-01T00:00:00Z 51.000000 108.000000 75.000000 6.000000 1.000000 10.000000 2 2 1
2014-09-30T21:00:00Z 2014-09-30T23:00:00Z 44.000000 109.000000 78.000000 6.000000 0.900000 11.000000 2 2 1
2014-09-28T21:00:00Z 2014-09-28T23:00:00Z 60.000000 111.000000 94.000000 16.000000 1.500000 8.000000 2 3 1
2014-09-28T20:00:00Z 2014-09-28T22:00:00Z 56.000000 76.000000 75.000000 16.000000 1.400000 24.000000 2 2 1
2014-09-28T18:00:00Z 2014-09-28T20:00:00Z 50.000000 90.000000 47.000000 19.000000 1.300000 56.000000 2 2 1
2014-09-28T16:00:00Z 2014-09-28T18:00:00Z 48.000000 63.000000 33.000000 20.000000 1.100000 72.000000 2 2 1
2014-09-28T10:00:00Z 2014-09-28T12:00:00Z 71.000000 158.000000 71.000000 16.000000 2.100000 6.000000 2 2 1
2014-09-28T09:00:00Z 2014-09-28T11:00:00Z 58.000000 171.000000 64.000000 15.000000 1.900000 4.000000 2 1 1
2014-09-28T07:00:00Z 2014-09-28T09:00:00Z 52.000000 140.000000 57.000000 8.000000 1.200000 2.000000 2 2 1
2014-09-28T05:00:00Z 2014-09-28T07:00:00Z 52.000000 122.000000 64.000000 7.000000 1.100000 2.000000 2 2 1
2014-09-28T04:00:00Z 2014-09-28T06:00:00Z 58.000000 155.000000 84.000000 8.000000 1.400000 2.000000 2 2 1
2014-09-28T03:00:00Z 2014-09-28T05:00:00Z 45.000000 98.000000 97.000000 12.000000 1.100000 2.000000 2 2 1
2014-09-28T02:00:00Z 2014-09-28T04:00:00Z 50.000000 0.000000 102.000000 11.000000 1.100000 2.000000 2 2 1
2014-09-28T00:00:00Z 2014-09-28T02:00:00Z 57.000000 107.000000 113.000000 2.000000 1.400000 4.000000 2 2 1
2014-09-27T21:00:00Z 2014-09-27T23:00:00Z 44.000000 114.000000 114.000000 2.000000 0.900000 17.000000 2 2 1
2014-09-26T02:00:00Z 2014-09-26T04:00:00Z 74.000000 0.000000 40.000000 14.000000 1.200000 47.000000 2 3 1
2014-09-26T00:00:00Z 2014-09-26T02:00:00Z 60.000000 0.000000 48.000000 8.000000 1.000000 40.000000 2 2 1
2014-09-24T22:00:00Z 2014-09-25T00:00:00Z 67.000000 79.000000 75.000000 6.000000 1.400000 32.000000 2 3 1
2014-09-24T20:00:00Z 2014-09-24T22:00:00Z 58.000000 78.000000 48.000000 3.000000 1.200000 69.000000 2 2 1
2014-09-23T10:00:00Z 2014-09-23T12:00:00Z 36.000000 41.000000 52.000000 3.000000 1.200000 9.000000 2 2 1
2014-09-23T09:00:00Z 2014-09-23T11:00:00Z 67.000000 0.000000 35.000000 5.000000 1.400000 19.000000 2 2 1
2014-09-23T07:00:00Z 2014-09-23T09:00:00Z 67.000000 0.000000 35.000000 5.000000 1.400000 19.000000 2 2 1
2014-09-23T05:00:00Z 2014-09-23T07:00:00Z 67.000000 0.000000 35.000000 5.000000 1.400000 19.000000 2 2 1
2014-09-22T04:00:00Z 2014-09-22T06:00:00Z 65.000000 0.000000 53.000000 19.000000 1.200000 29.000000 2 2 1
2014-09-22T03:00:00Z 2014-09-22T05:00:00Z 65.000000 0.000000 57.000000 16.000000 1.200000 32.000000 2 3 1
2014-09-21T23:00:00Z 2014-09-22T01:00:00Z 66.000000 0.000000 35.000000 13.000000 0.900000 88.000000 2 3 1
2014-09-21T11:00:00Z 2014-09-21T13:00:00Z 50.000000 83.000000 58.000000 42.000000 2.000000 48.000000 2 3 1
2014-09-21T09:00:00Z 2014-09-21T11:00:00Z 60.000000 82.000000 70.000000 33.000000 2.700000 24.000000 2 2 1
2014-09-21T08:00:00Z 2014-09-21T10:00:00Z 62.000000 71.000000 70.000000 28.000000 2.500000 19.000000 2 2 1
2014-09-21T07:00:00Z 2014-09-21T09:00:00Z 66.000000 76.000000 60.000000 32.000000 2.500000 26.000000 2 2 1
2014-09-21T06:00:00Z 2014-09-21T08:00:00Z 68.000000 0.000000 58.000000 38.000000 2.800000 28.000000 2 2 1
2014-09-19T20:00:00Z 2014-09-19T22:00:00Z 61.000000 116.000000 60.000000 7.000000 1.000000 89.000000 2 4 1
2014-09-19T19:00:00Z 2014-09-19T21:00:00Z 61.000000 82.000000 40.000000 10.000000 0.800000 120.000000 2 3 1
2014-09-19T18:00:00Z 2014-09-19T20:00:00Z 58.000000 0.000000 32.000000 7.000000 0.700000 130.000000 2 2 1
2014-09-19T17:00:00Z 2014-09-19T19:00:00Z 61.000000 0.000000 28.000000 9.000000 0.700000 126.000000 2 2 1
2014-09-19T16:00:00Z 2014-09-19T18:00:00Z 65.000000 0.000000 24.000000 10.000000 0.700000 126.000000 2 2 1
2014-09-19T08:00:00Z 2014-09-19T10:00:00Z 75.000000 124.000000 95.000000 7.000000 1.100000 8.000000 2 4 1
2014-09-19T00:00:00Z 2014-09-19T02:00:00Z 63.000000 97.000000 55.000000 8.000000 0.700000 63.000000 2 3 1
2014-09-18T22:00:00Z 2014-09-19T00:00:00Z 60.000000 101.000000 78.000000 14.000000 0.900000 54.000000 2 2 1
2014-09-18T20:00:00Z 2014-09-18T22:00:00Z 41.000000 71.000000 74.000000 4.000000 0.700000 78.000000 2 2 1
2014-09-18T17:00:00Z 2014-09-18T19:00:00Z 42.000000 50.000000 30.000000 4.000000 0.500000 156.000000 2 1 1
2014-09-18T16:00:00Z 2014-09-18T18:00:00Z 57.000000 70.000000 41.000000 6.000000 0.500000 160.000000 2 1 1
2014-09-18T15:00:00Z 2014-09-18T17:00:00Z 57.000000 0.000000 40.000000 5.000000 0.600000 145.000000 2 2 1
2014-09-18T13:00:00Z 2014-09-18T15:00:00Z 62.000000 0.000000 55.000000 6.000000 0.800000 117.000000 2 2 1
2014-09-17T22:00:00Z 2014-09-18T00:00:00Z 47.000000 92.000000 69.000000 5.000000 0.900000 23.000000 2 2 1
2014-09-17T20:00:00Z 2014-09-17T22:00:00Z 38.000000 86.000000 44.000000 4.000000 0.700000 59.000000 2 2 1
2014-09-17T17:00:00Z 2014-09-17T19:00:00Z 42.000000 67.000000 53.000000 6.000000 0.600000 77.000000 2 1 1
2014-09-17T16:00:00Z 2014-09-17T18:00:00Z 43.000000 82.000000 63.000000 7.000000 0.700000 70.000000 2 1 1
2014-09-17T11:00:00Z 2014-09-17T13:00:00Z 46.000000 110.000000 70.000000 6.000000 1.000000 16.000000 2 3 1
2014-09-17T00:00:00Z 2014-09-17T02:00:00Z 39.000000 47.000000 64.000000 5.000000 0.700000 12.000000 2 1 1
2014-09-16T22:00:00Z 2014-09-17T00:00:00Z 68.000000 138.000000 91.000000 11.000000 0.900000 6.000000 2 2 1
2014-09-16T19:00:00Z 2014-09-16T21:00:00Z 67.000000 135.000000 89.000000 10.000000 0.900000 33.000000 2 2 1
2014-09-16T17:00:00Z 2014-09-16T19:00:00Z 74.000000 144.000000 113.000000 9.000000 0.900000 43.000000 2 2 1
2014-09-16T15:00:00Z 2014-09-16T17:00:00Z 49.000000 119.000000 97.000000 6.000000 0.800000 35.000000 2 2 1
2014-09-16T04:00:00Z 2014-09-16T06:00:00Z 47.000000 149.000000 86.000000 8.000000 0.800000 3.000000 2 1 1
2014-09-15T01:00:00Z 2014-09-15T03:00:00Z 46.000000 116.000000 63.000000 4.000000 1.000000 2.000000 2 1 1
2014-09-14T22:00:00Z 2014-09-15T00:00:00Z 37.000000 120.000000 77.000000 4.000000 0.900000 3.000000 2 2 1
2014-09-14T10:00:00Z 2014-09-14T12:00:00Z 41.000000 53.000000 49.000000 5.000000 0.600000 36.000000 2 1 1
2014-09-13T07:00:00Z 2014-09-13T09:00:00Z 70.000000 154.000000 82.000000 5.000000 1.500000 4.000000 2 2 1
2014-09-13T04:00:00Z 2014-09-13T06:00:00Z 56.000000 75.000000 81.000000 7.000000 0.800000 6.000000 2 2 1
2014-09-13T01:00:00Z 2014-09-13T03:00:00Z 61.000000 85.000000 75.000000 7.000000 1.000000 12.000000 2 2 1
2014-09-13T00:00:00Z 2014-09-13T02:00:00Z 69.000000 95.000000 70.000000 7.000000 1.000000 19.000000 2 3 1
2014-09-12T22:00:00Z 2014-09-13T00:00:00Z 57.000000 91.000000 64.000000 7.000000 0.900000 31.000000 2 2 1
2014-09-12T20:00:00Z 2014-09-12T22:00:00Z 59.000000 97.000000 83.000000 6.000000 0.900000 21.000000 2 2 1
2014-09-12T18:00:00Z 2014-09-12T20:00:00Z 49.000000 70.000000 57.000000 7.000000 0.800000 54.000000 2 2 1
2014-09-12T16:00:00Z 2014-09-12T18:00:00Z 51.000000 76.000000 60.000000 9.000000 0.800000 83.000000 2 2 1
2014-09-12T15:00:00Z 2014-09-12T17:00:00Z 39.000000 0.000000 44.000000 9.000000 0.700000 94.000000 2 2 1
2014-09-12T14:00:00Z 2014-09-12T16:00:00Z 51.000000 0.000000 54.000000 8.000000 0.900000 76.000000 2 2 1
2014-09-12T13:00:00Z 2014-09-12T15:00:00Z 75.000000 0.000000 76.000000 7.000000 1.100000 50.000000 2 2 1
2014-09-12T12:00:00Z 2014-09-12T14:00:00Z 68.000000 76.000000 74.000000 4.000000 1.100000 39.000000 2 2 1
2014-09-12T11:00:00Z 2014-09-12T13:00:00Z 62.000000 0.000000 62.000000 4.000000 1.000000 36.000000 2 2 1
2014-09-12T10:00:00Z 2014-09-12T12:00:00Z 59.000000 65.000000 68.000000 3.000000 1.000000 20.000000 2 2 1
2014-09-12T09:00:00Z 2014-09-12T11:00:00Z 66.000000 0.000000 66.000000 2.000000 1.000000 19.000000 2 2 1
2014-09-12T08:00:00Z 2014-09-12T10:00:00Z 61.000000 0.000000 48.000000 2.000000 0.900000 33.000000 2 2 1
2014-09-12T07:00:00Z 2014-09-12T09:00:00Z 56.000000 0.000000 40.000000 2.000000 0.800000 41.000000 2 2 1
2014-09-12T06:00:00Z 2014-09-12T08:00:00Z 68.000000 0.000000 34.000000 2.000000 0.800000 48.000000 2 2 1
2014-09-12T05:00:00Z 2014-09-12T07:00:00Z 69.000000 0.000000 36.000000 3.000000 0.800000 55.000000 2 2 1
2014-09-11T04:00:00Z 2014-09-11T06:00:00Z 70.000000 116.000000 95.000000 18.000000 1.100000 8.000000 2 3 1
2014-09-11T02:00:00Z 2014-09-11T04:00:00Z 63.000000 93.000000 49.000000 19.000000 1.600000 51.000000 2 2 1
2014-09-11T01:00:00Z 2014-09-11T03:00:00Z 65.000000 106.000000 75.000000 18.000000 1.600000 56.000000 2 2 1
2014-09-11T00:00:00Z 2014-09-11T02:00:00Z 62.000000 136.000000 101.000000 17.000000 1.400000 56.000000 2 2 1
2014-09-10T22:00:00Z 2014-09-11T00:00:00Z 64.000000 120.000000 100.000000 15.000000 1.200000 64.000000 2 2 1
2014-09-10T20:00:00Z 2014-09-10T22:00:00Z 69.000000 128.000000 56.000000 19.000000 1.100000 124.000000 2 2 1
2014-09-10T19:00:00Z 2014-09-10T21:00:00Z 54.000000 108.000000 47.000000 23.000000 0.900000 158.000000 2 2 1
2014-09-10T17:00:00Z 2014-09-10T19:00:00Z 36.000000 72.000000 24.000000 18.000000 1.000000 181.000000 2 2 1
2014-09-10T14:00:00Z 2014-09-10T16:00:00Z 40.000000 0.000000 21.000000 21.000000 0.900000 170.000000 2 1 1
2014-09-10T05:00:00Z 2014-09-10T07:00:00Z 58.000000 122.000000 67.000000 16.000000 1.200000 36.000000 2 3 1
2014-09-10T04:00:00Z 2014-09-10T06:00:00Z 65.000000 104.000000 56.000000 18.000000 1.100000 50.000000 2 2 1
2014-09-10T03:00:00Z 2014-09-10T05:00:00Z 56.000000 97.000000 50.000000 21.000000 1.100000 59.000000 2 2 1
2014-09-10T02:00:00Z 2014-09-10T04:00:00Z 54.000000 92.000000 48.000000 22.000000 1.200000 69.000000 2 2 1
2014-09-10T01:00:00Z 2014-09-10T03:00:00Z 48.000000 83.000000 44.000000 22.000000 1.200000 81.000000 2 2 1
2014-09-10T00:00:00Z 2014-09-10T02:00:00Z 49.000000 82.000000 46.000000 20.000000 1.100000 88.000000 2 2 1
2014-09-09T23:00:00Z 2014-09-10T01:00:00Z 66.000000 136.000000 83.000000 16.000000 1.200000 68.000000 2 2 1
2014-09-09T22:00:00Z 2014-09-10T00:00:00Z 63.000000 134.000000 98.000000 10.000000 1.200000 61.000000 2 2 1
2014-09-09T21:00:00Z 2014-09-09T23:00:00Z 65.000000 121.000000 58.000000 8.000000 1.100000 105.000000 2 2 1
2014-09-09T20:00:00Z 2014-09-09T22:00:00Z 50.000000 118.000000 47.000000 9.000000 0.900000 131.000000 2 2 1
2014-09-09T18:00:00Z 2014-09-09T20:00:00Z 41.000000 103.000000 26.000000 9.000000 0.700000 169.000000 2 2 1
2014-09-09T14:00:00Z 2014-09-09T16:00:00Z 47.000000 112.000000 43.000000 10.000000 0.700000 162.000000 2 1 1
2014-09-05T18:00:00Z 2014-09-05T20:00:00Z 68.000000 73.000000 25.000000 13.000000 1.000000 186.000000 2 4 1
2014-09-05T16:00:00Z 2014-09-05T18:00:00Z 66.000000 88.000000 20.000000 15.000000 0.900000 201.000000 2 2 1
2014-09-05T07:00:00Z 2014-09-05T09:00:00Z 74.000000 127.000000 91.000000 7.000000 1.200000 10.000000 2 3 1
2014-09-05T06:00:00Z 2014-09-05T08:00:00Z 73.000000 165.000000 102.000000 7.000000 1.200000 9.000000 2 3 1
2014-09-05T03:00:00Z 2014-09-05T05:00:00Z 73.000000 186.000000 100.000000 10.000000 1.000000 11.000000 2 3 1
2014-09-05T01:00:00Z 2014-09-05T03:00:00Z 68.000000 137.000000 72.000000 19.000000 1.100000 48.000000 2 2 1
2014-09-05T00:00:00Z 2014-09-05T02:00:00Z 65.000000 140.000000 59.000000 21.000000 1.100000 69.000000 2 2 1
2014-09-04T23:00:00Z 2014-09-05T01:00:00Z 54.000000 106.000000 50.000000 23.000000 1.000000 94.000000 2 2 1
2014-09-04T21:00:00Z 2014-09-04T23:00:00Z 52.000000 144.000000 52.000000 18.000000 0.900000 118.000000 2 2 1
2014-09-04T13:00:00Z 2014-09-04T15:00:00Z 45.000000 0.000000 93.000000 9.000000 1.000000 108.000000 2 1 1
2014-09-04T08:00:00Z 2014-09-04T10:00:00Z 71.000000 123.000000 97.000000 9.000000 1.500000 13.000000 2 2 1
2014-09-04T07:00:00Z 2014-09-04T09:00:00Z 69.000000 170.000000 82.000000 8.000000 1.700000 10.000000 2 2 1
2014-09-04T06:00:00Z 2014-09-04T08:00:00Z 54.000000 133.000000 88.000000 7.000000 1.500000 8.000000 2 2 1
2014-09-04T04:00:00Z 2014-09-04T06:00:00Z 56.000000 134.000000 78.000000 4.000000 1.900000 10.000000 2 2 1
2014-09-02T04:00:00Z 2014-09-02T06:00:00Z 39.000000 0.000000 23.000000 2.000000 1.000000 73.000000 2 1 1
2014-09-02T03:00:00Z 2014-09-02T05:00:00Z 55.000000 0.000000 30.000000 2.000000 1.100000 67.000000 2 1 1
2014-09-02T02:00:00Z 2014-09-02T04:00:00Z 49.000000 0.000000 32.000000 2.000000 1.100000 66.000000 2 2 1
2014-09-02T01:00:00Z 2014-09-02T03:00:00Z 42.000000 0.000000 34.000000 2.000000 1.000000 76.000000 2 2 1
2014-08-31T13:00:00Z 2014-08-31T15:00:00Z 72.000000 0.000000 21.000000 4.000000 1.200000 130.000000 2 3 1
2014-08-31T09:00:00Z 2014-08-31T11:00:00Z 75.000000 0.000000 47.000000 2.000000 1.200000 51.000000 2 3 1
2014-08-31T06:00:00Z 2014-08-31T08:00:00Z 66.000000 0.000000 21.000000 2.000000 1.000000 74.000000 2 3 1
2014-08-29T12:00:00Z 2014-08-29T14:00:00Z 65.000000 0.000000 35.000000 6.000000 1.000000 119.000000 2 3 1
2014-08-29T10:00:00Z 2014-08-29T12:00:00Z 65.000000 73.000000 44.000000 4.000000 1.000000 78.000000 2 2 1
2014-08-29T05:00:00Z 2014-08-29T07:00:00Z 72.000000 0.000000 24.000000 4.000000 0.900000 99.000000 2 3 1
2014-08-29T00:00:00Z 2014-08-29T02:00:00Z 65.000000 0.000000 40.000000 8.000000 1.200000 105.000000 2 2 1
2014-08-28T23:00:00Z 2014-08-29T01:00:00Z 73.000000 0.000000 43.000000 8.000000 1.400000 109.000000 2 3 1
2014-08-28T15:00:00Z 2014-08-28T17:00:00Z 71.000000 99.000000 23.000000 14.000000 0.800000 162.000000 2 3 1
2014-08-28T12:00:00Z 2014-08-28T14:00:00Z 70.000000 75.000000 45.000000 13.000000 0.900000 116.000000 2 2 1
2014-08-28T09:00:00Z 2014-08-28T11:00:00Z 55.000000 97.000000 46.000000 7.000000 0.800000 105.000000 2 2 1
2014-08-28T06:00:00Z 2014-08-28T08:00:00Z 71.000000 90.000000 45.000000 11.000000 0.800000 92.000000 2 2 1
2014-08-27T19:00:00Z 2014-08-27T21:00:00Z 73.000000 155.000000 30.000000 20.000000 0.700000 182.000000 2 3 1
2014-08-27T18:00:00Z 2014-08-27T20:00:00Z 69.000000 151.000000 21.000000 22.000000 0.600000 189.000000 2 3 1
