2014-09-26T23:00:00Z 2014-09-27T01:00:00Z 175.000000 0.000000 99.000000 6.000000 2.500000 6.000000 5 3 1
2014-09-26T22:00:00Z 2014-09-27T00:00:00Z 183.000000 0.000000 108.000000 8.000000 2.300000 6.000000 5 4 1
2014-09-26T21:00:00Z 2014-09-26T23:00:00Z 198.000000 0.000000 107.000000 7.000000 2.300000 7.000000 5 5 1
2014-09-26T20:00:00Z 2014-09-26T22:00:00Z 203.000000 0.000000 104.000000 7.000000 2.300000 10.000000 5 5 1
2014-09-26T19:00:00Z 2014-09-26T21:00:00Z 198.000000 0.000000 91.000000 9.000000 2.200000 22.000000 5 5 1
2014-09-26T18:00:00Z 2014-09-26T20:00:00Z 186.000000 0.000000 90.000000 11.000000 2.300000 24.000000 5 5 1
2014-09-26T17:00:00Z 2014-09-26T19:00:00Z 181.000000 0.000000 81.000000 12.000000 2.000000 41.000000 5 5 1
2014-09-26T15:00:00Z 2014-09-26T17:00:00Z 162.000000 164.000000 49.000000 36.000000 1.400000 99.000000 5 5 1
2014-09-25T15:00:00Z 2014-09-25T17:00:00Z 164.000000 0.000000 42.000000 4.000000 1.400000 67.000000 5 4 1
2014-09-25T14:00:00Z 2014-09-25T16:00:00Z 153.000000 0.000000 62.000000 3.000000 1.500000 52.000000 5 4 1
2014-09-25T13:00:00Z 2014-09-25T15:00:00Z 156.000000 180.000000 79.000000 3.000000 1.600000 25.000000 5 5 1
2014-09-21T03:00:00Z 2014-09-21T05:00:00Z 169.000000 0.000000 57.000000 14.000000 1.500000 20.000000 5 3 1
2014-09-21T02:00:00Z 2014-09-21T04:00:00Z 190.000000 0.000000 56.000000 13.000000 1.600000 26.000000 5 4 1
2014-09-21T00:00:00Z 2014-09-21T02:00:00Z 227.000000 244.000000 95.000000 10.000000 2.100000 47.000000 5 5 1
2014-09-20T22:00:00Z 2014-09-21T00:00:00Z 210.000000 242.000000 103.000000 10.000000 1.900000 58.000000 5 5 1
2014-09-20T20:00:00Z 2014-09-20T22:00:00Z 164.000000 183.000000 72.000000 9.000000 1.600000 126.000000 5 5 1
2014-09-20T19:00:00Z 2014-09-20T21:00:00Z 154.000000 179.000000 52.000000 11.000000 1.400000 168.000000 5 5 1
2014-09-19T11:00:00Z 2014-09-19T13:00:00Z 152.000000 232.000000 105.000000 13.000000 1.500000 32.000000 5 3 1
2014-09-07T22:00:00Z 2014-09-08T00:00:00Z 162.000000 198.000000 48.000000 21.000000 1.800000 111.000000 5 4 1
2014-09-07T13:00:00Z 2014-09-07T15:00:00Z 159.000000 0.000000 35.000000 23.000000 1.300000 135.000000 5 3 1
2014-09-07T11:00:00Z 2014-09-07T13:00:00Z 215.000000 225.000000 87.000000 12.000000 1.700000 43.000000 5 5 1
2014-09-07T09:00:00Z 2014-09-07T11:00:00Z 195.000000 239.000000 77.000000 14.000000 1.500000 27.000000 5 5 1
2014-09-07T07:00:00Z 2014-09-07T09:00:00Z 176.000000 190.000000 58.000000 15.000000 1.300000 39.000000 5 5 1
2014-09-07T04:00:00Z 2014-09-07T06:00:00Z 161.000000 181.000000 49.000000 42.000000 1.000000 70.000000 5 5 1
2014-09-07T02:00:00Z 2014-09-07T04:00:00Z 157.000000 0.000000 62.000000 17.000000 1.200000 54.000000 5 5 1
2014-09-07T01:00:00Z 2014-09-07T03:00:00Z 164.000000 210.000000 76.000000 20.000000 1.300000 65.000000 5 4 1
2014-09-06T14:00:00Z 2014-09-06T16:00:00Z 167.000000 170.000000 37.000000 41.000000 2.300000 207.000000 5 4 1
2014-09-06T12:00:00Z 2014-09-06T14:00:00Z 173.000000 174.000000 45.000000 41.000000 2.800000 135.000000 5 5 1
2014-09-06T11:00:00Z 2014-09-06T13:00:00Z 169.000000 0.000000 46.000000 35.000000 2.600000 107.000000 5 5 1
2014-09-06T10:00:00Z 2014-09-06T12:00:00Z 159.000000 0.000000 46.000000 32.000000 2.200000 91.000000 5 5 1
2014-09-06T04:00:00Z 2014-09-06T06:00:00Z 152.000000 0.000000 35.000000 18.000000 1.600000 111.000000 5 4 1
2014-09-06T03:00:00Z 2014-09-06T05:00:00Z 152.000000 0.000000 33.000000 15.000000 1.800000 112.000000 5 5 1
2014-09-05T23:00:00Z 2014-09-06T01:00:00Z 151.000000 171.000000 43.000000 19.000000 1.400000 117.000000 5 4 1
2014-09-01T20:00:00Z 2014-09-01T22:00:00Z 153.000000 158.000000 113.000000 2.000000 2.300000 30.000000 5 1 1
2014-09-01T12:00:00Z 2014-09-01T14:00:00Z 154.000000 0.000000 59.000000 11.000000 2.300000 82.000000 5 5 1
2014-08-30T21:00:00Z 2014-08-30T23:00:00Z 151.000000 0.000000 76.000000 5.000000 1.700000 54.000000 5 4 1
2014-08-30T20:00:00Z 2014-08-30T22:00:00Z 152.000000 0.000000 79.000000 6.000000 1.800000 62.000000 5 4 1
2014-08-30T19:00:00Z 2014-08-30T21:00:00Z 157.000000 0.000000 76.000000 7.000000 2.200000 70.000000 5 5 1
2014-08-30T18:00:00Z 2014-08-30T20:00:00Z 167.000000 171.000000 66.000000 9.000000 2.700000 75.000000 5 5 1
2014-08-30T17:00:00Z 2014-08-30T19:00:00Z 158.000000 163.000000 58.000000 11.000000 2.500000 80.000000 5 5 1
2014-08-30T15:00:00Z 2014-08-30T17:00:00Z 174.000000 0.000000 72.000000 14.000000 2.400000 60.000000 5 5 1
2014-08-30T13:00:00Z 2014-08-30T15:00:00Z 206.000000 239.000000 62.000000 16.000000 2.800000 67.000000 5 5 1
2014-08-30T12:00:00Z 2014-08-30T14:00:00Z 185.000000 211.000000 62.000000 15.000000 2.300000 55.000000 5 5 1
2014-08-30T11:00:00Z 2014-08-30T13:00:00Z 164.000000 173.000000 58.000000 14.000000 1.900000 52.000000 5 5 1
2014-08-30T10:00:00Z 2014-08-30T12:00:00Z 153.000000 168.000000 64.000000 12.000000 1.700000 41.000000 5 5 1
2014-08-30T06:00:00Z 2014-08-30T08:00:00Z 159.000000 160.000000 79.000000 8.000000 1.800000 15.000000 5 4 1
