2014-10-02T14:00:00Z 2014-10-02T16:00:00Z 36.000000 66.000000 33.000000 12.000000 0.700000 48.000000 2 1 1
2014-10-02T13:00:00Z 2014-10-02T15:00:00Z 46.000000 0.000000 35.000000 16.000000 0.800000 39.000000 2 2 1
2014-10-02T12:00:00Z 2014-10-02T14:00:00Z 62.000000 0.000000 50.000000 14.000000 1.100000 26.000000 2 2 1
2014-10-02T10:00:00Z 2014-10-02T12:00:00Z 59.000000 0.000000 45.000000 5.000000 1.100000 16.000000 2 2 1
2014-10-02T08:00:00Z 2014-10-02T10:00:00Z 70.000000 91.000000 45.000000 2.000000 1.300000 5.000000 2 2 1
2014-10-02T07:00:00Z 2014-10-02T09:00:00Z 62.000000 62.000000 45.000000 2.000000 1.300000 3.000000 2 2 1
2014-10-02T06:00:00Z 2014-10-02T08:00:00Z 60.000000 0.000000 44.000000 2.000000 1.200000 2.000000 2 2 1
2014-10-02T05:00:00Z 2014-10-02T07:00:00Z 64.000000 0.000000 46.000000 2.000000 1.200000 2.000000 2 2 1
2014-10-02T03:00:00Z 2014-10-02T05:00:00Z 53.000000 0.000000 40.000000 2.000000 1.000000 5.000000 2 2 1
2014-10-02T01:00:00Z 2014-10-02T03:00:00Z 59.000000 0.000000 49.000000 2.000000 1.100000 4.000000 2 2 1
2014-10-02T00:00:00Z 2014-10-02T02:00:00Z 71.000000 0.000000 56.000000 2.000000 1.100000 2.000000 2 2 1
2014-10-01T23:00:00Z 2014-10-02T01:00:00Z 67.000000 0.000000 58.000000 2.000000 1.200000 2.000000 2 2 1
2014-10-01T22:00:00Z 2014-10-02T00:00:00Z 71.000000 0.000000 58.000000 2.000000 1.200000 3.000000 2 2 1
2014-10-01T21:00:00Z 2014-10-01T23:00:00Z 81.000000 0.000000 63.000000 2.000000 1.300000 3.000000 3 2 1
2014-10-01T20:00:00Z 2014-10-01T22:00:00Z 85.000000 90.000000 66.000000 2.000000 1.300000 3.000000 3 2 1
2014-10-01T19:00:00Z 2014-10-01T21:00:00Z 86.000000 0.000000 65.000000 2.000000 1.400000 3.000000 3 3 1
2014-10-01T17:00:00Z 2014-10-01T19:00:00Z 71.000000 0.000000 60.000000 3.000000 1.400000 5.000000 2 3 1
2014-10-01T08:00:00Z 2014-10-01T10:00:00Z 52.000000 136.000000 55.000000 7.000000 0.900000 4.000000 2 2 1
2014-10-01T07:00:00Z 2014-10-01T09:00:00Z 62.000000 78.000000 61.000000 8.000000 0.900000 3.000000 2 2 1
2014-10-01T06:00:00Z 2014-10-01T08:00:00Z 60.000000 132.000000 63.000000 7.000000 0.900000 3.000000 2 2 1
2014-10-01T04:00:00Z 2014-10-01T06:00:00Z 65.000000 138.000000 68.000000 7.000000 0.700000 4.000000 2 2 1
2014-10-01T02:00:00Z 2014-10-01T04:00:00Z 77.000000 157.000000 71.000000 8.000000 1.100000 2.000000 3 2 1
2014-10-01T01:00:00Z 2014-10-01T03:00:00Z 73.000000 126.000000 77.000000 8.000000 1.100000 3.000000 2 2 1
2014-10-01T00:00:00Z 2014-10-01T02:00:00Z 59.000000 127.000000 79.000000 8.000000 1.100000 4.000000 2 3 1
2014-09-30T23:00:00Z 2014-10-01T01:00:00Z 53.000000 109.000000 77.000000 8.000000 1.000000 7.000000 2 2 1
2014-09-30T22:00:00Z 2014-10-01T00:00:00Z 51.000000 108.000000 75.000000 6.000000 1.000000 10.000000 2 2 1
2014-09-30T21:00:00Z 2014-09-30T23:00:00Z 44.000000 109.000000 78.000000 6.000000 0.900000 11.000000 2 2 1
2014-09-30T20:00:00Z 2014-09-30T22:00:00Z 0.000000 0.000000 0.000000 0.000000 0.000000 0.000000 1 2 1
2014-09-30T18:00:00Z 2014-09-30T20:00:00Z 0.000000 49.000000 34.000000 4.000000 0.600000 45.000000 1 1 1
2014-09-30T16:00:00Z 2014-09-30T18:00:00Z 23.000000 39.000000 28.000000 5.000000 0.500000 54.000000 1 1 1
2014-09-30T15:00:00Z 2014-09-30T17:00:00Z 21.000000 38.000000 28.000000 6.000000 0.500000 50.000000 1 1 1
2014-09-30T14:00:00Z 2014-09-30T16:00:00Z 20.000000 32.000000 27.000000 7.000000 0.500000 48.000000 1 1 1
2014-09-30T13:00:00Z 2014-09-30T15:00:00Z 19.000000 22.000000 30.000000 8.000000 0.600000 40.000000 1 1 1
2014-09-30T12:00:00Z 2014-09-30T14:00:00Z 17.000000 48.000000 36.000000 8.000000 0.700000 31.000000 1 1 1
2014-09-30T11:00:00Z 2014-09-30T13:00:00Z 14.000000 37.000000 39.000000 9.000000 0.700000 26.000000 1 1 1
2014-09-30T09:00:00Z 2014-09-30T11:00:00Z 11.000000 0.000000 50.000000 8.000000 0.700000 13.000000 1 1 1
2014-09-30T07:00:00Z 2014-09-30T09:00:00Z 12.000000 24.000000 40.000000 9.000000 0.800000 19.000000 1 1 1
2014-09-30T05:00:00Z 2014-09-30T07:00:00Z 11.000000 20.000000 33.000000 8.000000 0.700000 24.000000 1 1 1
2014-09-30T02:00:00Z 2014-09-30T04:00:00Z 19.000000 40.000000 41.000000 10.000000 0.900000 13.000000 1 1 1
2014-09-30T00:00:00Z 2014-09-30T02:00:00Z 17.000000 65.000000 40.000000 8.000000 0.700000 17.000000 1 1 1
2014-09-29T22:00:00Z 2014-09-30T00:00:00Z 13.000000 55.000000 35.000000 6.000000 0.500000 28.000000 1 1 1
2014-09-29T21:00:00Z 2014-09-29T23:00:00Z 15.000000 0.000000 40.000000 8.000000 0.600000 29.000000 1 1 1
2014-09-29T20:00:00Z 2014-09-29T22:00:00Z 24.000000 144.000000 48.000000 3.000000 0.600000 31.000000 1 1 1
2014-09-29T19:00:00Z 2014-09-29T21:00:00Z 8.000000 50.000000 42.000000 2.000000 0.400000 41.000000 1 1 1
2014-09-29T18:00:00Z 2014-09-29T20:00:00Z 8.000000 14.000000 28.000000 2.000000 0.300000 53.000000 1 1 1
2014-09-29T17:00:00Z 2014-09-29T19:00:00Z 8.000000 19.000000 22.000000 2.000000 0.300000 64.000000 1 1 1
2014-09-29T16:00:00Z 2014-09-29T18:00:00Z 10.000000 13.000000 22.000000 2.000000 0.300000 69.000000 1 1 1
2014-09-29T15:00:00Z 2014-09-29T17:00:00Z 4.000000 12.000000 18.000000 2.000000 0.300000 70.000000 1 1 1
2014-09-29T14:00:00Z 2014-09-29T16:00:00Z 10.000000 0.000000 16.000000 2.000000 0.300000 67.000000 1 1 1
2014-09-29T13:00:00Z 2014-09-29T15:00:00Z 16.000000 23.000000 14.000000 2.000000 0.500000 69.000000 1 1 1
2014-09-29T11:00:00Z 2014-09-29T13:00:00Z 86.000000 90.000000 38.000000 6.000000 1.300000 53.000000 3 1 1
2014-09-29T09:00:00Z 2014-09-29T11:00:00Z 100.000000 122.000000 56.000000 7.000000 1.800000 12.000000 3 3 1
2014-09-29T07:00:00Z 2014-09-29T09:00:00Z 99.000000 150.000000 68.000000 7.000000 1.900000 3.000000 3 3 1
2014-09-29T05:00:00Z 2014-09-29T07:00:00Z 105.000000 130.000000 72.000000 4.000000 1.700000 2.000000 3 3 1
2014-09-29T04:00:00Z 2014-09-29T06:00:00Z 107.000000 159.000000 75.000000 3.000000 1.400000 4.000000 3 3 1
2014-09-29T03:00:00Z 2014-09-29T05:00:00Z 95.000000 152.000000 77.000000 4.000000 1.300000 3.000000 3 3 1
2014-09-29T02:00:00Z 2014-09-29T04:00:00Z 98.000000 157.000000 81.000000 6.000000 1.500000 2.000000 3 3 1
2014-09-29T01:00:00Z 2014-09-29T03:00:00Z 94.000000 150.000000 88.000000 15.000000 1.400000 3.000000 3 3 1
2014-09-28T23:00:00Z 2014-09-29T01:00:00Z 79.000000 115.000000 76.000000 18.000000 1.200000 15.000000 3 3 1
2014-09-28T21:00:00Z 2014-09-28T23:00:00Z 60.000000 111.000000 94.000000 16.000000 1.500000 8.000000 2 3 1
2014-09-28T20:00:00Z 2014-09-28T22:00:00Z 56.000000 76.000000 75.000000 16.000000 1.400000 24.000000 2 2 1
2014-09-28T18:00:00Z 2014-09-28T20:00:00Z 50.000000 90.000000 47.000000 19.000000 1.300000 56.000000 2 2 1
2014-09-28T16:00:00Z 2014-09-28T18:00:00Z 48.000000 63.000000 33.000000 20.000000 1.100000 72.000000 2 2 1
2014-09-28T11:00:00Z 2014-09-28T13:00:00Z 0.000000 188.000000 83.000000 36.000000 2.300000 10.000000 1 3 1
2014-09-28T10:00:00Z 2014-09-28T12:00:00Z 71.000000 158.000000 71.000000 16.000000 2.100000 6.000000 2 2 1
2014-09-28T09:00:00Z 2014-09-28T11:00:00Z 58.000000 171.000000 64.000000 15.000000 1.900000 4.000000 2 1 1
2014-09-28T07:00:00Z 2014-09-28T09:00:00Z 52.000000 140.000000 57.000000 8.000000 1.200000 2.000000 2 2 1
2014-09-28T05:00:00Z 2014-09-28T07:00:00Z 52.000000 122.000000 64.000000 7.000000 1.100000 2.000000 2 2 1
2014-09-28T04:00:00Z 2014-09-28T06:00:00Z 58.000000 155.000000 84.000000 8.000000 1.400000 2.000000 2 2 1
2014-09-28T03:00:00Z 2014-09-28T05:00:00Z 45.000000 98.000000 97.000000 12.000000 1.100000 2.000000 2 2 1
2014-09-28T02:00:00Z 2014-09-28T04:00:00Z 50.000000 0.000000 102.000000 11.000000 1.100000 2.000000 2 2 1
2014-09-28T00:00:00Z 2014-09-28T02:00:00Z 57.000000 107.000000 113.000000 2.000000 1.400000 4.000000 2 2 1
2014-09-27T21:00:00Z 2014-09-27T23:00:00Z 44.000000 114.000000 114.000000 2.000000 0.900000 17.000000 2 2 1
2014-09-27T19:00:00Z 2014-09-27T21:00:00Z 17.000000 82.000000 54.000000 2.000000 0.600000 74.000000 1 2 1
2014-09-27T17:00:00Z 2014-09-27T19:00:00Z 10.000000 54.000000 31.000000 2.000000 0.400000 94.000000 1 1 1
2014-09-27T15:00:00Z 2014-09-27T17:00:00Z 0.000000 0.000000 0.000000 0.000000 0.000000 0.000000 1 1 1
2014-09-27T13:00:00Z 2014-09-27T15:00:00Z 3.000000 5.000000 17.000000 2.000000 0.300000 72.000000 1 1 1
2014-09-27T11:00:00Z 2014-09-27T13:00:00Z 3.000000 5.000000 24.000000 2.000000 0.400000 53.000000 1 1 1
2014-09-27T10:00:00Z 2014-09-27T12:00:00Z 18.000000 47.000000 38.000000 2.000000 0.600000 33.000000 1 1 1
2014-09-27T09:00:00Z 2014-09-27T11:00:00Z 12.000000 35.000000 37.000000 2.000000 0.600000 30.000000 1 1 1
2014-09-27T08:00:00Z 2014-09-27T10:00:00Z 21.000000 42.000000 43.000000 2.000000 0.700000 22.000000 1 1 1
2014-09-27T06:00:00Z 2014-09-27T08:00:00Z 18.000000 31.000000 38.000000 2.000000 0.600000 30.000000 1 1 1
2014-09-27T04:00:00Z 2014-09-27T06:00:00Z 3.000000 5.000000 30.000000 2.000000 0.300000 42.000000 1 1 1
2014-09-27T02:00:00Z 2014-09-27T04:00:00Z 33.000000 0.000000 67.000000 3.000000 0.900000 4.000000 1 1 1
2014-09-27T00:00:00Z 2014-09-27T02:00:00Z 119.000000 0.000000 86.000000 5.000000 1.900000 4.000000 4 1 1
2014-09-26T23:00:00Z 2014-09-27T01:00:00Z 175.000000 0.000000 99.000000 6.000000 2.500000 6.000000 5 3 1
2014-09-26T22:00:00Z 2014-09-27T00:00:00Z 183.000000 0.000000 108.000000 8.000000 2.300000 6.000000 5 4 1
2014-09-26T21:00:00Z 2014-09-26T23:00:00Z 198.000000 0.000000 107.000000 7.000000 2.300000 7.000000 5 5 1
2014-09-26T20:00:00Z 2014-09-26T22:00:00Z 203.000000 0.000000 104.000000 7.000000 2.300000 10.000000 5 5 1
2014-09-26T19:00:00Z 2014-09-26T21:00:00Z 198.000000 0.000000 91.000000 9.000000 2.200000 22.000000 5 5 1
2014-09-26T18:00:00Z 2014-09-26T20:00:00Z 186.000000 0.000000 90.000000 11.000000 2.300000 24.000000 5 5 1
2014-09-26T17:00:00Z 2014-09-26T19:00:00Z 181.000000 0.000000 81.000000 12.000000 2.000000 41.000000 5 5 1
2014-09-26T15:00:00Z 2014-09-26T17:00:00Z 162.000000 164.000000 49.000000 36.000000 1.400000 99.000000 5 5 1
2014-09-26T13:00:00Z 2014-09-26T15:00:00Z 144.000000 0.000000 53.000000 36.000000 1.600000 65.000000 4 5 1
2014-09-26T08:00:00Z 2014-09-26T10:00:00Z 111.000000 0.000000 72.000000 16.000000 1.900000 10.000000 3 3 1
2014-09-26T07:00:00Z 2014-09-26T09:00:00Z 106.000000 0.000000 72.000000 13.000000 1.700000 8.000000 3 3 1
2014-09-26T06:00:00Z 2014-09-26T08:00:00Z 95.000000 0.000000 60.000000 16.000000 1.600000 18.000000 3 3 1
2014-09-26T05:00:00Z 2014-09-26T07:00:00Z 97.000000 0.000000 45.000000 16.000000 1.400000 30.000000 3 3 1
2014-09-26T04:00:00Z 2014-09-26T06:00:00Z 92.000000 0.000000 42.000000 18.000000 1.300000 35.000000 3 3 1
2014-09-26T03:00:00Z 2014-09-26T05:00:00Z 84.000000 0.000000 43.000000 18.000000 1.200000 40.000000 3 3 1
2014-09-26T02:00:00Z 2014-09-26T04:00:00Z 74.000000 0.000000 40.000000 14.000000 1.200000 47.000000 2 3 1
2014-09-26T00:00:00Z 2014-09-26T02:00:00Z 60.000000 0.000000 48.000000 8.000000 1.000000 40.000000 2 2 1
2014-09-25T22:00:00Z 2014-09-26T00:00:00Z 119.000000 0.000000 62.000000 6.000000 1.500000 55.000000 4 2 1
2014-09-25T20:00:00Z 2014-09-25T22:00:00Z 128.000000 130.000000 68.000000 4.000000 1.400000 56.000000 4 4 1
2014-09-25T19:00:00Z 2014-09-25T21:00:00Z 122.000000 126.000000 64.000000 3.000000 1.300000 60.000000 4 4 1
2014-09-25T18:00:00Z 2014-09-25T20:00:00Z 126.000000 126.000000 62.000000 4.000000 1.200000 60.000000 4 4 1
2014-09-25T17:00:00Z 2014-09-25T19:00:00Z 141.000000 0.000000 56.000000 5.000000 1.300000 67.000000 4 4 1
2014-09-25T16:00:00Z 2014-09-25T18:00:00Z 143.000000 0.000000 44.000000 5.000000 1.300000 77.000000 4 4 1
2014-09-25T15:00:00Z 2014-09-25T17:00:00Z 164.000000 0.000000 42.000000 4.000000 1.400000 67.000000 5 4 1
2014-09-25T14:00:00Z 2014-09-25T16:00:00Z 153.000000 0.000000 62.000000 3.000000 1.500000 52.000000 5 4 1
2014-09-25T13:00:00Z 2014-09-25T15:00:00Z 156.000000 180.000000 79.000000 3.000000 1.600000 25.000000 5 5 1
2014-09-25T12:00:00Z 2014-09-25T14:00:00Z 137.000000 156.000000 87.000000 3.000000 1.900000 10.000000 4 5 1
2014-09-25T10:00:00Z 2014-09-25T12:00:00Z 117.000000 134.000000 67.000000 3.000000 1.700000 16.000000 4 4 1
2014-09-25T08:00:00Z 2014-09-25T10:00:00Z 84.000000 120.000000 69.000000 3.000000 1.700000 4.000000 3 4 1
2014-09-25T06:00:00Z 2014-09-25T08:00:00Z 76.000000 107.000000 57.000000 4.000000 1.500000 2.000000 3 3 1
2014-09-25T04:00:00Z 2014-09-25T06:00:00Z 77.000000 0.000000 59.000000 4.000000 1.000000 4.000000 3 3 1
2014-09-25T03:00:00Z 2014-09-25T05:00:00Z 81.000000 84.000000 63.000000 4.000000 1.100000 3.000000 3 3 1
2014-09-25T02:00:00Z 2014-09-25T04:00:00Z 84.000000 88.000000 62.000000 5.000000 1.600000 3.000000 3 3 1
2014-09-25T01:00:00Z 2014-09-25T03:00:00Z 94.000000 104.000000 62.000000 8.000000 1.700000 11.000000 3 3 1
2014-09-25T00:00:00Z 2014-09-25T02:00:00Z 101.000000 119.000000 60.000000 12.000000 1.900000 20.000000 3 3 1
2014-09-24T22:00:00Z 2014-09-25T00:00:00Z 67.000000 79.000000 75.000000 6.000000 1.400000 32.000000 2 3 1
2014-09-24T20:00:00Z 2014-09-24T22:00:00Z 58.000000 78.000000 48.000000 3.000000 1.200000 69.000000 2 2 1
2014-09-24T18:00:00Z 2014-09-24T20:00:00Z 26.000000 66.000000 34.000000 2.000000 0.700000 93.000000 1 2 1
2014-09-24T17:00:00Z 2014-09-24T19:00:00Z 14.000000 25.000000 33.000000 2.000000 0.600000 89.000000 1 2 1
2014-09-24T16:00:00Z 2014-09-24T18:00:00Z 15.000000 19.000000 26.000000 2.000000 0.600000 84.000000 1 1 1
2014-09-24T15:00:00Z 2014-09-24T17:00:00Z 9.000000 0.000000 20.000000 2.000000 0.500000 78.000000 1 1 1
2014-09-24T14:00:00Z 2014-09-24T16:00:00Z 12.000000 0.000000 22.000000 2.000000 0.600000 67.000000 1 1 1
2014-09-24T13:00:00Z 2014-09-24T15:00:00Z 9.000000 10.000000 22.000000 2.000000 0.600000 56.000000 1 1 1
2014-09-24T12:00:00Z 2014-09-24T14:00:00Z 3.000000 5.000000 18.000000 2.000000 0.600000 52.000000 1 1 1
2014-09-24T11:00:00Z 2014-09-24T13:00:00Z 33.000000 40.000000 69.000000 2.000000 1.200000 3.000000 1 1 1
2014-09-24T10:00:00Z 2014-09-24T12:00:00Z 33.000000 40.000000 69.000000 2.000000 1.200000 3.000000 1 1 1
2014-09-24T09:00:00Z 2014-09-24T11:00:00Z 33.000000 40.000000 69.000000 2.000000 1.200000 3.000000 1 1 1
2014-09-24T08:00:00Z 2014-09-24T10:00:00Z 33.000000 40.000000 69.000000 2.000000 1.200000 3.000000 1 1 1
2014-09-24T07:00:00Z 2014-09-24T09:00:00Z 33.000000 40.000000 69.000000 2.000000 1.200000 3.000000 1 1 1
2014-09-24T06:00:00Z 2014-09-24T08:00:00Z 33.000000 40.000000 69.000000 2.000000 1.200000 3.000000 1 1 1
2014-09-24T05:00:00Z 2014-09-24T07:00:00Z 33.000000 40.000000 69.000000 2.000000 1.200000 3.000000 1 1 1
2014-09-24T04:00:00Z 2014-09-24T06:00:00Z 33.000000 40.000000 69.000000 2.000000 1.200000 3.000000 1 1 1
2014-09-24T03:00:00Z 2014-09-24T05:00:00Z 33.000000 40.000000 69.000000 2.000000 1.200000 3.000000 1 1 1
2014-09-24T02:00:00Z 2014-09-24T04:00:00Z 33.000000 40.000000 69.000000 2.000000 1.200000 3.000000 1 1 1
2014-09-24T01:00:00Z 2014-09-24T03:00:00Z 33.000000 40.000000 69.000000 2.000000 1.200000 3.000000 1 1 1
2014-09-24T00:00:00Z 2014-09-24T02:00:00Z 33.000000 40.000000 69.000000 2.000000 1.200000 3.000000 1 1 1
2014-09-23T23:00:00Z 2014-09-24T01:00:00Z 33.000000 40.000000 69.000000 2.000000 1.200000 3.000000 1 1 1
2014-09-23T22:00:00Z 2014-09-24T00:00:00Z 33.000000 40.000000 69.000000 2.000000 1.200000 3.000000 1 1 1
2014-09-23T20:00:00Z 2014-09-23T22:00:00Z 33.000000 40.000000 69.000000 2.000000 1.200000 3.000000 1 1 1
2014-09-23T18:00:00Z 2014-09-23T20:00:00Z 33.000000 40.000000 69.000000 2.000000 1.200000 3.000000 1 1 1
2014-09-23T17:00:00Z 2014-09-23T19:00:00Z 26.000000 26.000000 54.000000 2.000000 0.800000 16.000000 1 1 1
2014-09-23T16:00:00Z 2014-09-23T18:00:00Z 26.000000 26.000000 54.000000 2.000000 0.800000 16.000000 1 1 1
2014-09-23T15:00:00Z 2014-09-23T17:00:00Z 27.000000 29.000000 35.000000 2.000000 0.800000 29.000000 1 1 1
2014-09-23T10:00:00Z 2014-09-23T12:00:00Z 36.000000 41.000000 52.000000 3.000000 1.200000 9.000000 2 2 1
2014-09-23T09:00:00Z 2014-09-23T11:00:00Z 67.000000 0.000000 35.000000 5.000000 1.400000 19.000000 2 2 1
2014-09-23T07:00:00Z 2014-09-23T09:00:00Z 67.000000 0.000000 35.000000 5.000000 1.400000 19.000000 2 2 1
2014-09-23T05:00:00Z 2014-09-23T07:00:00Z 67.000000 0.000000 35.000000 5.000000 1.400000 19.000000 2 2 1
2014-09-23T04:00:00Z 2014-09-23T06:00:00Z 94.000000 0.000000 56.000000 7.000000 2.200000 3.000000 3 2 1
2014-09-23T03:00:00Z 2014-09-23T05:00:00Z 94.000000 0.000000 56.000000 7.000000 2.200000 3.000000 3 2 1
2014-09-23T02:00:00Z 2014-09-23T04:00:00Z 94.000000 0.000000 56.000000 7.000000 2.200000 3.000000 3 3 1
2014-09-23T01:00:00Z 2014-09-23T03:00:00Z 98.000000 0.000000 62.000000 6.000000 2.500000 3.000000 3 3 1
2014-09-23T00:00:00Z 2014-09-23T02:00:00Z 104.000000 0.000000 67.000000 7.000000 2.600000 3.000000 3 3 1
2014-09-22T23:00:00Z 2014-09-23T01:00:00Z 103.000000 0.000000 72.000000 8.000000 2.700000 3.000000 3 3 1
2014-09-22T22:00:00Z 2014-09-23T00:00:00Z 99.000000 0.000000 72.000000 10.000000 2.600000 6.000000 3 3 1
2014-09-22T21:00:00Z 2014-09-22T23:00:00Z 101.000000 120.000000 92.000000 20.000000 2.600000 8.000000 3 3 1
2014-09-22T20:00:00Z 2014-09-22T22:00:00Z 101.000000 120.000000 92.000000 20.000000 2.600000 8.000000 3 3 1
2014-09-22T19:00:00Z 2014-09-22T21:00:00Z 101.000000 120.000000 92.000000 20.000000 2.600000 8.000000 3 3 1
2014-09-22T18:00:00Z 2014-09-22T20:00:00Z 118.000000 144.000000 92.000000 23.000000 3.300000 12.000000 4 3 1
2014-09-22T16:00:00Z 2014-09-22T18:00:00Z 118.000000 144.000000 92.000000 23.000000 3.300000 12.000000 4 4 1
2014-09-22T14:00:00Z 2014-09-22T16:00:00Z 131.000000 177.000000 92.000000 24.000000 3.600000 14.000000 4 4 1
2014-09-22T13:00:00Z 2014-09-22T15:00:00Z 127.000000 172.000000 88.000000 24.000000 3.700000 17.000000 4 4 1
2014-09-22T12:00:00Z 2014-09-22T14:00:00Z 121.000000 158.000000 91.000000 24.000000 3.800000 12.000000 4 4 1
2014-09-22T07:00:00Z 2014-09-22T09:00:00Z 78.000000 80.000000 60.000000 20.000000 2.400000 19.000000 3 3 1
2014-09-22T05:00:00Z 2014-09-22T07:00:00Z 76.000000 0.000000 61.000000 13.000000 1.000000 16.000000 3 3 1
2014-09-22T04:00:00Z 2014-09-22T06:00:00Z 65.000000 0.000000 53.000000 19.000000 1.200000 29.000000 2 2 1
2014-09-22T03:00:00Z 2014-09-22T05:00:00Z 65.000000 0.000000 57.000000 16.000000 1.200000 32.000000 2 3 1
2014-09-22T02:00:00Z 2014-09-22T04:00:00Z 77.000000 82.000000 75.000000 14.000000 1.200000 19.000000 3 2 1
2014-09-22T01:00:00Z 2014-09-22T03:00:00Z 81.000000 92.000000 67.000000 13.000000 1.100000 35.000000 3 2 1
2014-09-22T00:00:00Z 2014-09-22T02:00:00Z 76.000000 84.000000 45.000000 12.000000 1.100000 70.000000 3 3 1
2014-09-21T23:00:00Z 2014-09-22T01:00:00Z 66.000000 0.000000 35.000000 13.000000 0.900000 88.000000 2 3 1
2014-09-21T22:00:00Z 2014-09-22T00:00:00Z 79.000000 0.000000 35.000000 13.000000 0.900000 89.000000 3 3 1
2014-09-21T21:00:00Z 2014-09-21T23:00:00Z 89.000000 96.000000 39.000000 10.000000 1.000000 85.000000 3 2 1
2014-09-21T20:00:00Z 2014-09-21T22:00:00Z 92.000000 102.000000 36.000000 13.000000 1.200000 91.000000 3 3 1
2014-09-21T19:00:00Z 2014-09-21T21:00:00Z 88.000000 109.000000 39.000000 13.000000 1.600000 97.000000 3 3 1
2014-09-21T18:00:00Z 2014-09-21T20:00:00Z 100.000000 118.000000 40.000000 17.000000 1.900000 115.000000 3 3 1
2014-09-21T17:00:00Z 2014-09-21T19:00:00Z 107.000000 122.000000 34.000000 19.000000 1.700000 126.000000 3 3 1
2014-09-21T15:00:00Z 2014-09-21T17:00:00Z 102.000000 0.000000 35.000000 29.000000 1.500000 124.000000 3 3 1
2014-09-21T13:00:00Z 2014-09-21T15:00:00Z 88.000000 122.000000 54.000000 50.000000 2.300000 79.000000 3 3 1
2014-09-21T11:00:00Z 2014-09-21T13:00:00Z 50.000000 83.000000 58.000000 42.000000 2.000000 48.000000 2 3 1
2014-09-21T09:00:00Z 2014-09-21T11:00:00Z 60.000000 82.000000 70.000000 33.000000 2.700000 24.000000 2 2 1
2014-09-21T08:00:00Z 2014-09-21T10:00:00Z 62.000000 71.000000 70.000000 28.000000 2.500000 19.000000 2 2 1
2014-09-21T07:00:00Z 2014-09-21T09:00:00Z 66.000000 76.000000 60.000000 32.000000 2.500000 26.000000 2 2 1
2014-09-21T06:00:00Z 2014-09-21T08:00:00Z 68.000000 0.000000 58.000000 38.000000 2.800000 28.000000 2 2 1
2014-09-21T05:00:00Z 2014-09-21T07:00:00Z 109.000000 0.000000 52.000000 32.000000 2.800000 29.000000 3 2 1
2014-09-21T04:00:00Z 2014-09-21T06:00:00Z 144.000000 0.000000 55.000000 19.000000 1.900000 27.000000 4 2 1
2014-09-21T03:00:00Z 2014-09-21T05:00:00Z 169.000000 0.000000 57.000000 14.000000 1.500000 20.000000 5 3 1
2014-09-21T02:00:00Z 2014-09-21T04:00:00Z 190.000000 0.000000 56.000000 13.000000 1.600000 26.000000 5 4 1
2014-09-21T00:00:00Z 2014-09-21T02:00:00Z 227.000000 244.000000 95.000000 10.000000 2.100000 47.000000 5 5 1
2014-09-20T22:00:00Z 2014-09-21T00:00:00Z 210.000000 242.000000 103.000000 10.000000 1.900000 58.000000 5 5 1
2014-09-20T20:00:00Z 2014-09-20T22:00:00Z 164.000000 183.000000 72.000000 9.000000 1.600000 126.000000 5 5 1
2014-09-20T19:00:00Z 2014-09-20T21:00:00Z 154.000000 179.000000 52.000000 11.000000 1.400000 168.000000 5 5 1
2014-09-20T18:00:00Z 2014-09-20T20:00:00Z 148.000000 186.000000 50.000000 13.000000 1.300000 189.000000 4 5 1
2014-09-20T17:00:00Z 2014-09-20T19:00:00Z 98.000000 105.000000 38.000000 11.000000 1.000000 183.000000 3 5 1
2014-09-20T16:00:00Z 2014-09-20T18:00:00Z 99.000000 108.000000 36.000000 11.000000 1.000000 181.000000 3 4 1
2014-09-20T14:00:00Z 2014-09-20T16:00:00Z 122.000000 0.000000 31.000000 11.000000 1.000000 169.000000 4 3 1
2014-09-20T11:00:00Z 2014-09-20T13:00:00Z 131.000000 0.000000 68.000000 8.000000 1.300000 75.000000 4 4 1
2014-09-20T09:00:00Z 2014-09-20T11:00:00Z 117.000000 0.000000 55.000000 6.000000 1.100000 50.000000 4 4 1
2014-09-20T08:00:00Z 2014-09-20T10:00:00Z 107.000000 0.000000 56.000000 5.000000 1.100000 34.000000 3 4 1
2014-09-20T06:00:00Z 2014-09-20T08:00:00Z 124.000000 0.000000 55.000000 4.000000 1.000000 21.000000 4 3 1
2014-09-20T04:00:00Z 2014-09-20T06:00:00Z 134.000000 0.000000 91.000000 5.000000 1.200000 8.000000 4 4 1
2014-09-20T03:00:00Z 2014-09-20T05:00:00Z 139.000000 0.000000 101.000000 5.000000 1.300000 7.000000 4 4 1
2014-09-20T02:00:00Z 2014-09-20T04:00:00Z 138.000000 0.000000 92.000000 5.000000 1.400000 14.000000 4 4 1
2014-09-20T01:00:00Z 2014-09-20T03:00:00Z 133.000000 0.000000 109.000000 4.000000 1.700000 12.000000 4 4 1
2014-09-20T00:00:00Z 2014-09-20T02:00:00Z 136.000000 144.000000 127.000000 4.000000 2.100000 4.000000 4 4 1
2014-09-19T22:00:00Z 2014-09-20T00:00:00Z 121.000000 142.000000 77.000000 10.000000 1.600000 63.000000 4 4 1
2014-09-19T20:00:00Z 2014-09-19T22:00:00Z 61.000000 116.000000 60.000000 7.000000 1.000000 89.000000 2 4 1
2014-09-19T19:00:00Z 2014-09-19T21:00:00Z 61.000000 82.000000 40.000000 10.000000 0.800000 120.000000 2 3 1
2014-09-19T18:00:00Z 2014-09-19T20:00:00Z 58.000000 0.000000 32.000000 7.000000 0.700000 130.000000 2 2 1
2014-09-19T17:00:00Z 2014-09-19T19:00:00Z 61.000000 0.000000 28.000000 9.000000 0.700000 126.000000 2 2 1
2014-09-19T16:00:00Z 2014-09-19T18:00:00Z 65.000000 0.000000 24.000000 10.000000 0.700000 126.000000 2 2 1
2014-09-19T15:00:00Z 2014-09-19T17:00:00Z 81.000000 0.000000 23.000000 10.000000 0.700000 128.000000 3 2 1
2014-09-19T14:00:00Z 2014-09-19T16:00:00Z 97.000000 0.000000 26.000000 15.000000 0.900000 121.000000 3 2 1
2014-09-19T13:00:00Z 2014-09-19T15:00:00Z 112.000000 0.000000 33.000000 20.000000 0.900000 107.000000 3 3 1
2014-09-19T12:00:00Z 2014-09-19T14:00:00Z 134.000000 144.000000 55.000000 22.000000 1.100000 88.000000 4 3 1
2014-09-19T11:00:00Z 2014-09-19T13:00:00Z 152.000000 232.000000 105.000000 13.000000 1.500000 32.000000 5 3 1
2014-09-19T10:00:00Z 2014-09-19T12:00:00Z 118.000000 229.000000 130.000000 9.000000 1.600000 11.000000 4 4 1
2014-09-19T09:00:00Z 2014-09-19T11:00:00Z 97.000000 172.000000 102.000000 8.000000 1.300000 12.000000 3 5 1
2014-09-19T08:00:00Z 2014-09-19T10:00:00Z 75.000000 124.000000 95.000000 7.000000 1.100000 8.000000 2 4 1
2014-09-19T06:00:00Z 2014-09-19T08:00:00Z 112.000000 132.000000 62.000000 7.000000 1.000000 10.000000 3 2 1
2014-09-19T04:00:00Z 2014-09-19T06:00:00Z 108.000000 128.000000 51.000000 10.000000 0.700000 28.000000 3 3 1
2014-09-19T02:00:00Z 2014-09-19T04:00:00Z 83.000000 116.000000 55.000000 10.000000 0.800000 35.000000 3 3 1
2014-09-19T00:00:00Z 2014-09-19T02:00:00Z 63.000000 97.000000 55.000000 8.000000 0.700000 63.000000 2 3 1
2014-09-18T22:00:00Z 2014-09-19T00:00:00Z 60.000000 101.000000 78.000000 14.000000 0.900000 54.000000 2 2 1
2014-09-18T20:00:00Z 2014-09-18T22:00:00Z 41.000000 71.000000 74.000000 4.000000 0.700000 78.000000 2 2 1
2014-09-18T19:00:00Z 2014-09-18T21:00:00Z 30.000000 62.000000 47.000000 4.000000 0.600000 123.000000 1 2 1
2014-09-18T18:00:00Z 2014-09-18T20:00:00Z 30.000000 51.000000 32.000000 4.000000 0.500000 145.000000 1 2 1
2014-09-18T17:00:00Z 2014-09-18T19:00:00Z 42.000000 50.000000 30.000000 4.000000 0.500000 156.000000 2 1 1
2014-09-18T16:00:00Z 2014-09-18T18:00:00Z 57.000000 70.000000 41.000000 6.000000 0.500000 160.000000 2 1 1
2014-09-18T15:00:00Z 2014-09-18T17:00:00Z 57.000000 0.000000 40.000000 5.000000 0.600000 145.000000 2 2 1
2014-09-18T13:00:00Z 2014-09-18T15:00:00Z 62.000000 0.000000 55.000000 6.000000 0.800000 117.000000 2 2 1
2014-09-18T10:00:00Z 2014-09-18T12:00:00Z 90.000000 104.000000 82.000000 6.000000 1.000000 37.000000 3 2 1
2014-09-18T08:00:00Z 2014-09-18T10:00:00Z 99.000000 132.000000 78.000000 5.000000 1.200000 9.000000 3 3 1
2014-09-18T07:00:00Z 2014-09-18T09:00:00Z 100.000000 131.000000 82.000000 4.000000 1.200000 5.000000 3 3 1
2014-09-18T06:00:00Z 2014-09-18T08:00:00Z 96.000000 107.000000 69.000000 4.000000 0.900000 10.000000 3 3 1
2014-09-18T04:00:00Z 2014-09-18T06:00:00Z 98.000000 143.000000 89.000000 5.000000 1.000000 4.000000 3 3 1
2014-09-18T01:00:00Z 2014-09-18T03:00:00Z 0.000000 0.000000 0.000000 0.000000 0.000000 0.000000 1 2 1
2014-09-17T22:00:00Z 2014-09-18T00:00:00Z 47.000000 92.000000 69.000000 5.000000 0.900000 23.000000 2 2 1
2014-09-17T20:00:00Z 2014-09-17T22:00:00Z 38.000000 86.000000 44.000000 4.000000 0.700000 59.000000 2 2 1
2014-09-17T19:00:00Z 2014-09-17T21:00:00Z 31.000000 59.000000 42.000000 4.000000 0.600000 67.000000 1 2 1
2014-09-17T18:00:00Z 2014-09-17T20:00:00Z 28.000000 59.000000 43.000000 5.000000 0.600000 74.000000 1 2 1
2014-09-17T17:00:00Z 2014-09-17T19:00:00Z 42.000000 67.000000 53.000000 6.000000 0.600000 77.000000 2 1 1
2014-09-17T16:00:00Z 2014-09-17T18:00:00Z 43.000000 82.000000 63.000000 7.000000 0.700000 70.000000 2 1 1
2014-09-17T14:00:00Z 2014-09-17T16:00:00Z 82.000000 115.000000 95.000000 8.000000 1.100000 41.000000 3 2 1
2014-09-17T11:00:00Z 2014-09-17T13:00:00Z 46.000000 110.000000 70.000000 6.000000 1.000000 16.000000 2 3 1
2014-09-17T09:00:00Z 2014-09-17T11:00:00Z 16.000000 46.000000 50.000000 4.000000 0.600000 24.000000 1 2 1
2014-09-17T08:00:00Z 2014-09-17T10:00:00Z 19.000000 45.000000 50.000000 4.000000 0.600000 19.000000 1 1 1
2014-09-17T07:00:00Z 2014-09-17T09:00:00Z 17.000000 49.000000 47.000000 4.000000 0.600000 21.000000 1 1 1
2014-09-17T06:00:00Z 2014-09-17T08:00:00Z 16.000000 48.000000 47.000000 4.000000 0.500000 18.000000 1 1 1
2014-09-17T05:00:00Z 2014-09-17T07:00:00Z 20.000000 53.000000 44.000000 5.000000 0.500000 20.000000 1 1 1
2014-09-17T04:00:00Z 2014-09-17T06:00:00Z 10.000000 40.000000 50.000000 4.000000 0.300000 24.000000 1 1 1
2014-09-17T03:00:00Z 2014-09-17T05:00:00Z 8.000000 15.000000 32.000000 3.000000 0.300000 34.000000 1 1 1
2014-09-17T02:00:00Z 2014-09-17T04:00:00Z 14.000000 23.000000 39.000000 4.000000 0.500000 26.000000 1 1 1
2014-09-17T01:00:00Z 2014-09-17T03:00:00Z 20.000000 50.000000 50.000000 3.000000 0.600000 21.000000 1 1 1
2014-09-17T00:00:00Z 2014-09-17T02:00:00Z 39.000000 47.000000 64.000000 5.000000 0.700000 12.000000 2 1 1
2014-09-16T22:00:00Z 2014-09-17T00:00:00Z 68.000000 138.000000 91.000000 11.000000 0.900000 6.000000 2 2 1
2014-09-16T19:00:00Z 2014-09-16T21:00:00Z 67.000000 135.000000 89.000000 10.000000 0.900000 33.000000 2 2 1
2014-09-16T17:00:00Z 2014-09-16T19:00:00Z 74.000000 144.000000 113.000000 9.000000 0.900000 43.000000 2 2 1
2014-09-16T15:00:00Z 2014-09-16T17:00:00Z 49.000000 119.000000 97.000000 6.000000 0.800000 35.000000 2 2 1
2014-09-16T13:00:00Z 2014-09-16T15:00:00Z 27.000000 70.000000 70.000000 8.000000 0.600000 38.000000 1 2 1
2014-09-16T12:00:00Z 2014-09-16T14:00:00Z 0.000000 0.000000 0.000000 0.000000 0.000000 0.000000 1 2 1
2014-09-16T11:00:00Z 2014-09-16T13:00:00Z 13.000000 53.000000 46.000000 3.000000 0.500000 35.000000 1 1 1
2014-09-16T10:00:00Z 2014-09-16T12:00:00Z 14.000000 49.000000 51.000000 3.000000 0.500000 29.000000 1 1 1
2014-09-16T09:00:00Z 2014-09-16T11:00:00Z 12.000000 64.000000 52.000000 3.000000 0.500000 23.000000 1 1 1
2014-09-16T08:00:00Z 2014-09-16T10:00:00Z 10.000000 66.000000 56.000000 3.000000 0.500000 16.000000 1 1 1
2014-09-16T07:00:00Z 2014-09-16T09:00:00Z 16.000000 77.000000 59.000000 3.000000 0.500000 11.000000 1 1 1
2014-09-16T06:00:00Z 2014-09-16T08:00:00Z 16.000000 59.000000 60.000000 3.000000 0.400000 10.000000 1 1 1
2014-09-16T04:00:00Z 2014-09-16T06:00:00Z 47.000000 149.000000 86.000000 8.000000 0.800000 3.000000 2 1 1
2014-09-16T02:00:00Z 2014-09-16T04:00:00Z 30.000000 94.000000 79.000000 4.000000 0.800000 2.000000 1 2 1
2014-09-16T01:00:00Z 2014-09-16T03:00:00Z 27.000000 96.000000 75.000000 4.000000 0.600000 5.000000 1 1 1
2014-09-16T00:00:00Z 2014-09-16T02:00:00Z 30.000000 96.000000 66.000000 7.000000 0.600000 20.000000 1 1 1
2014-09-15T22:00:00Z 2014-09-16T00:00:00Z 20.000000 76.000000 54.000000 8.000000 0.500000 37.000000 1 1 1
2014-09-15T19:00:00Z 2014-09-15T21:00:00Z 17.000000 62.000000 32.000000 2.000000 0.400000 89.000000 1 1 1
2014-09-15T17:00:00Z 2014-09-15T19:00:00Z 9.000000 42.000000 22.000000 2.000000 0.300000 104.000000 1 1 1
2014-09-15T16:00:00Z 2014-09-15T18:00:00Z 6.000000 30.000000 19.000000 2.000000 0.300000 94.000000 1 1 1
2014-09-15T15:00:00Z 2014-09-15T17:00:00Z 4.000000 10.000000 14.000000 2.000000 0.200000 89.000000 1 1 1
2014-09-15T14:00:00Z 2014-09-15T16:00:00Z 3.000000 6.000000 12.000000 2.000000 0.200000 85.000000 1 1 1
2014-09-15T13:00:00Z 2014-09-15T15:00:00Z 3.000000 5.000000 13.000000 3.000000 0.200000 74.000000 1 1 1
2014-09-15T12:00:00Z 2014-09-15T14:00:00Z 3.000000 5.000000 17.000000 4.000000 0.300000 61.000000 1 1 1
2014-09-15T10:00:00Z 2014-09-15T12:00:00Z 6.000000 36.000000 36.000000 15.000000 0.500000 32.000000 1 1 1
2014-09-15T08:00:00Z 2014-09-15T10:00:00Z 12.000000 39.000000 49.000000 13.000000 0.700000 10.000000 1 1 1
2014-09-15T07:00:00Z 2014-09-15T09:00:00Z 9.000000 70.000000 51.000000 3.000000 0.500000 4.000000 1 1 1
2014-09-15T06:00:00Z 2014-09-15T08:00:00Z 7.000000 31.000000 50.000000 2.000000 0.400000 3.000000 1 1 1
2014-09-15T05:00:00Z 2014-09-15T07:00:00Z 12.000000 28.000000 49.000000 3.000000 0.400000 3.000000 1 1 1
2014-09-15T04:00:00Z 2014-09-15T06:00:00Z 20.000000 50.000000 52.000000 2.000000 0.400000 3.000000 1 1 1
2014-09-15T03:00:00Z 2014-09-15T05:00:00Z 32.000000 86.000000 59.000000 4.000000 0.600000 2.000000 1 1 1
2014-09-15T01:00:00Z 2014-09-15T03:00:00Z 46.000000 116.000000 63.000000 4.000000 1.000000 2.000000 2 1 1
2014-09-14T22:00:00Z 2014-09-15T00:00:00Z 37.000000 120.000000 77.000000 4.000000 0.900000 3.000000 2 2 1
2014-09-14T20:00:00Z 2014-09-14T22:00:00Z 24.000000 104.000000 77.000000 2.000000 0.700000 7.000000 1 2 1
2014-09-14T19:00:00Z 2014-09-14T21:00:00Z 9.000000 39.000000 55.000000 2.000000 0.500000 29.000000 1 1 1
2014-09-14T18:00:00Z 2014-09-14T20:00:00Z 5.000000 28.000000 40.000000 2.000000 0.400000 41.000000 1 1 1
2014-09-14T17:00:00Z 2014-09-14T19:00:00Z 5.000000 26.000000 25.000000 2.000000 0.300000 52.000000 1 1 1
2014-09-14T16:00:00Z 2014-09-14T18:00:00Z 5.000000 25.000000 33.000000 2.000000 0.400000 44.000000 1 1 1
2014-09-14T15:00:00Z 2014-09-14T17:00:00Z 4.000000 14.000000 28.000000 2.000000 0.300000 47.000000 1 1 1
2014-09-14T13:00:00Z 2014-09-14T15:00:00Z 7.000000 16.000000 28.000000 2.000000 0.400000 47.000000 1 1 1
2014-09-14T10:00:00Z 2014-09-14T12:00:00Z 41.000000 53.000000 49.000000 5.000000 0.600000 36.000000 2 1 1
2014-09-14T08:00:00Z 2014-09-14T10:00:00Z 91.000000 135.000000 77.000000 8.000000 0.900000 28.000000 3 2 1
2014-09-13T07:00:00Z 2014-09-13T09:00:00Z 70.000000 154.000000 82.000000 5.000000 1.500000 4.000000 2 2 1
2014-09-13T04:00:00Z 2014-09-13T06:00:00Z 56.000000 75.000000 81.000000 7.000000 0.800000 6.000000 2 2 1
2014-09-13T02:00:00Z 2014-09-13T04:00:00Z 79.000000 90.000000 81.000000 7.000000 1.100000 3.000000 3 2 1
2014-09-13T01:00:00Z 2014-09-13T03:00:00Z 61.000000 85.000000 75.000000 7.000000 1.000000 12.000000 2 2 1
2014-09-13T00:00:00Z 2014-09-13T02:00:00Z 69.000000 95.000000 70.000000 7.000000 1.000000 19.000000 2 3 1
2014-09-12T22:00:00Z 2014-09-13T00:00:00Z 57.000000 91.000000 64.000000 7.000000 0.900000 31.000000 2 2 1
2014-09-12T20:00:00Z 2014-09-12T22:00:00Z 59.000000 97.000000 83.000000 6.000000 0.900000 21.000000 2 2 1
2014-09-12T18:00:00Z 2014-09-12T20:00:00Z 49.000000 70.000000 57.000000 7.000000 0.800000 54.000000 2 2 1
2014-09-12T16:00:00Z 2014-09-12T18:00:00Z 51.000000 76.000000 60.000000 9.000000 0.800000 83.000000 2 2 1
2014-09-12T15:00:00Z 2014-09-12T17:00:00Z 39.000000 0.000000 44.000000 9.000000 0.700000 94.000000 2 2 1
2014-09-12T14:00:00Z 2014-09-12T16:00:00Z 51.000000 0.000000 54.000000 8.000000 0.900000 76.000000 2 2 1
2014-09-12T13:00:00Z 2014-09-12T15:00:00Z 75.000000 0.000000 76.000000 7.000000 1.100000 50.000000 2 2 1
2014-09-12T12:00:00Z 2014-09-12T14:00:00Z 68.000000 76.000000 74.000000 4.000000 1.100000 39.000000 2 2 1
2014-09-12T11:00:00Z 2014-09-12T13:00:00Z 62.000000 0.000000 62.000000 4.000000 1.000000 36.000000 2 2 1
2014-09-12T10:00:00Z 2014-09-12T12:00:00Z 59.000000 65.000000 68.000000 3.000000 1.000000 20.000000 2 2 1
2014-09-12T09:00:00Z 2014-09-12T11:00:00Z 66.000000 0.000000 66.000000 2.000000 1.000000 19.000000 2 2 1
2014-09-12T08:00:00Z 2014-09-12T10:00:00Z 61.000000 0.000000 48.000000 2.000000 0.900000 33.000000 2 2 1
2014-09-12T07:00:00Z 2014-09-12T09:00:00Z 56.000000 0.000000 40.000000 2.000000 0.800000 41.000000 2 2 1
2014-09-12T06:00:00Z 2014-09-12T08:00:00Z 68.000000 0.000000 34.000000 2.000000 0.800000 48.000000 2 2 1
2014-09-12T05:00:00Z 2014-09-12T07:00:00Z 69.000000 0.000000 36.000000 3.000000 0.800000 55.000000 2 2 1
2014-09-12T04:00:00Z 2014-09-12T06:00:00Z 86.000000 0.000000 35.000000 6.000000 0.900000 64.000000 3 2 1
2014-09-12T02:00:00Z 2014-09-12T04:00:00Z 131.000000 0.000000 42.000000 14.000000 1.700000 61.000000 4 3 1
2014-09-12T00:00:00Z 2014-09-12T02:00:00Z 114.000000 0.000000 45.000000 15.000000 1.700000 66.000000 3 4 1
2014-09-11T22:00:00Z 2014-09-12T00:00:00Z 104.000000 0.000000 46.000000 19.000000 1.700000 72.000000 3 3 1
2014-09-11T20:00:00Z 2014-09-11T22:00:00Z 130.000000 156.000000 74.000000 32.000000 1.900000 71.000000 4 3 1
2014-09-11T19:00:00Z 2014-09-11T21:00:00Z 125.000000 171.000000 71.000000 32.000000 1.900000 89.000000 4 4 1
2014-09-11T18:00:00Z 2014-09-11T20:00:00Z 117.000000 0.000000 67.000000 35.000000 2.300000 115.000000 4 4 1
2014-09-11T17:00:00Z 2014-09-11T19:00:00Z 108.000000 155.000000 59.000000 43.000000 2.400000 130.000000 3 4 1
2014-09-11T15:00:00Z 2014-09-11T17:00:00Z 98.000000 129.000000 58.000000 52.000000 2.400000 135.000000 3 3 1
2014-09-11T12:00:00Z 2014-09-11T14:00:00Z 114.000000 174.000000 84.000000 54.000000 2.800000 66.000000 3 3 1
2014-09-11T10:00:00Z 2014-09-11T12:00:00Z 108.000000 182.000000 83.000000 31.000000 2.000000 28.000000 3 3 1
2014-09-11T09:00:00Z 2014-09-11T11:00:00Z 100.000000 144.000000 85.000000 21.000000 1.600000 16.000000 3 3 1
2014-09-11T07:00:00Z 2014-09-11T09:00:00Z 84.000000 142.000000 82.000000 13.000000 1.200000 7.000000 3 3 1
2014-09-11T04:00:00Z 2014-09-11T06:00:00Z 70.000000 116.000000 95.000000 18.000000 1.100000 8.000000 2 3 1
2014-09-11T02:00:00Z 2014-09-11T04:00:00Z 63.000000 93.000000 49.000000 19.000000 1.600000 51.000000 2 2 1
2014-09-11T01:00:00Z 2014-09-11T03:00:00Z 65.000000 106.000000 75.000000 18.000000 1.600000 56.000000 2 2 1
2014-09-11T00:00:00Z 2014-09-11T02:00:00Z 62.000000 136.000000 101.000000 17.000000 1.400000 56.000000 2 2 1
2014-09-10T22:00:00Z 2014-09-11T00:00:00Z 64.000000 120.000000 100.000000 15.000000 1.200000 64.000000 2 2 1
2014-09-10T20:00:00Z 2014-09-10T22:00:00Z 69.000000 128.000000 56.000000 19.000000 1.100000 124.000000 2 2 1
2014-09-10T19:00:00Z 2014-09-10T21:00:00Z 54.000000 108.000000 47.000000 23.000000 0.900000 158.000000 2 2 1
2014-09-10T17:00:00Z 2014-09-10T19:00:00Z 36.000000 72.000000 24.000000 18.000000 1.000000 181.000000 2 2 1
2014-09-10T14:00:00Z 2014-09-10T16:00:00Z 40.000000 0.000000 21.000000 21.000000 0.900000 170.000000 2 1 1
2014-09-10T11:00:00Z 2014-09-10T13:00:00Z 117.000000 147.000000 76.000000 29.000000 1.900000 78.000000 4 2 1
2014-09-10T09:00:00Z 2014-09-10T11:00:00Z 102.000000 146.000000 92.000000 20.000000 2.000000 29.000000 3 4 1
2014-09-10T07:00:00Z 2014-09-10T09:00:00Z 87.000000 158.000000 99.000000 15.000000 2.000000 8.000000 3 3 1
2014-09-10T05:00:00Z 2014-09-10T07:00:00Z 58.000000 122.000000 67.000000 16.000000 1.200000 36.000000 2 3 1
2014-09-10T04:00:00Z 2014-09-10T06:00:00Z 65.000000 104.000000 56.000000 18.000000 1.100000 50.000000 2 2 1
2014-09-10T03:00:00Z 2014-09-10T05:00:00Z 56.000000 97.000000 50.000000 21.000000 1.100000 59.000000 2 2 1
2014-09-10T02:00:00Z 2014-09-10T04:00:00Z 54.000000 92.000000 48.000000 22.000000 1.200000 69.000000 2 2 1
2014-09-10T01:00:00Z 2014-09-10T03:00:00Z 48.000000 83.000000 44.000000 22.000000 1.200000 81.000000 2 2 1
2014-09-10T00:00:00Z 2014-09-10T02:00:00Z 49.000000 82.000000 46.000000 20.000000 1.100000 88.000000 2 2 1
2014-09-09T23:00:00Z 2014-09-10T01:00:00Z 66.000000 136.000000 83.000000 16.000000 1.200000 68.000000 2 2 1
2014-09-09T22:00:00Z 2014-09-10T00:00:00Z 63.000000 134.000000 98.000000 10.000000 1.200000 61.000000 2 2 1
2014-09-09T21:00:00Z 2014-09-09T23:00:00Z 65.000000 121.000000 58.000000 8.000000 1.100000 105.000000 2 2 1
2014-09-09T20:00:00Z 2014-09-09T22:00:00Z 50.000000 118.000000 47.000000 9.000000 0.900000 131.000000 2 2 1
2014-09-09T18:00:00Z 2014-09-09T20:00:00Z 41.000000 103.000000 26.000000 9.000000 0.700000 169.000000 2 2 1
2014-09-09T16:00:00Z 2014-09-09T18:00:00Z 16.000000 49.000000 22.000000 8.000000 0.400000 0.000000 1 2 1
2014-09-09T14:00:00Z 2014-09-09T16:00:00Z 47.000000 112.000000 43.000000 10.000000 0.700000 162.000000 2 1 1
2014-09-09T12:00:00Z 2014-09-09T14:00:00Z 27.000000 100.000000 58.000000 8.000000 0.700000 97.000000 1 2 1
2014-09-09T09:00:00Z 2014-09-09T11:00:00Z 9.000000 67.000000 44.000000 3.000000 0.500000 44.000000 1 1 1
2014-09-09T07:00:00Z 2014-09-09T09:00:00Z 12.000000 25.000000 54.000000 3.000000 0.500000 22.000000 1 1 1
2014-09-09T06:00:00Z 2014-09-09T08:00:00Z 19.000000 57.000000 65.000000 4.000000 0.500000 10.000000 1 1 1
2014-09-09T04:00:00Z 2014-09-09T06:00:00Z 30.000000 104.000000 83.000000 5.000000 0.600000 6.000000 1 1 1
2014-09-09T01:00:00Z 2014-09-09T03:00:00Z 27.000000 115.000000 78.000000 6.000000 0.700000 23.000000 1 1 1
2014-09-08T22:00:00Z 2014-09-09T00:00:00Z 13.000000 77.000000 49.000000 5.000000 0.600000 66.000000 1 1 1
2014-09-08T20:00:00Z 2014-09-08T22:00:00Z 6.000000 83.000000 33.000000 3.000000 0.500000 100.000000 1 1 1
2014-09-08T19:00:00Z 2014-09-08T21:00:00Z 3.000000 69.000000 31.000000 2.000000 0.400000 111.000000 1 1 1
2014-09-08T18:00:00Z 2014-09-08T20:00:00Z 3.000000 54.000000 28.000000 3.000000 0.400000 113.000000 1 1 1
2014-09-08T16:00:00Z 2014-09-08T18:00:00Z 3.000000 9.000000 12.000000 5.000000 0.300000 107.000000 1 1 1
2014-09-08T14:00:00Z 2014-09-08T16:00:00Z 3.000000 5.000000 10.000000 2.000000 0.300000 97.000000 1 1 1
2014-09-08T13:00:00Z 2014-09-08T15:00:00Z 3.000000 6.000000 9.000000 2.000000 0.300000 91.000000 1 1 1
2014-09-08T12:00:00Z 2014-09-08T14:00:00Z 3.000000 5.000000 10.000000 2.000000 0.300000 80.000000 1 1 1
2014-09-08T10:00:00Z 2014-09-08T12:00:00Z 3.000000 12.000000 18.000000 7.000000 0.300000 62.000000 1 1 1
2014-09-08T08:00:00Z 2014-09-08T10:00:00Z 3.000000 32.000000 35.000000 6.000000 0.400000 41.000000 1 1 1
2014-09-08T06:00:00Z 2014-09-08T08:00:00Z 3.000000 21.000000 33.000000 2.000000 0.300000 45.000000 1 1 1
2014-09-08T04:00:00Z 2014-09-08T06:00:00Z 3.000000 15.000000 23.000000 2.000000 0.200000 61.000000 1 1 1
2014-09-08T02:00:00Z 2014-09-08T04:00:00Z 3.000000 5.000000 19.000000 2.000000 0.200000 70.000000 1 1 1
2014-09-08T01:00:00Z 2014-09-08T03:00:00Z 6.000000 0.000000 16.000000 2.000000 0.400000 69.000000 1 1 1
2014-09-08T00:00:00Z 2014-09-08T02:00:00Z 126.000000 0.000000 55.000000 7.000000 1.300000 69.000000 4 1 1
2014-09-07T22:00:00Z 2014-09-08T00:00:00Z 162.000000 198.000000 48.000000 21.000000 1.800000 111.000000 5 4 1
2014-09-07T20:00:00Z 2014-09-07T22:00:00Z 135.000000 152.000000 28.000000 23.000000 1.500000 159.000000 4 5 1
2014-09-07T19:00:00Z 2014-09-07T21:00:00Z 129.000000 171.000000 25.000000 24.000000 1.500000 175.000000 4 4 1
2014-09-07T18:00:00Z 2014-09-07T20:00:00Z 120.000000 165.000000 23.000000 22.000000 1.400000 175.000000 4 4 1
2014-09-07T17:00:00Z 2014-09-07T19:00:00Z 115.000000 149.000000 19.000000 25.000000 1.300000 180.000000 3 4 1
2014-09-07T16:00:00Z 2014-09-07T18:00:00Z 100.000000 183.000000 16.000000 20.000000 1.100000 176.000000 3 4 1
2014-09-07T15:00:00Z 2014-09-07T17:00:00Z 88.000000 0.000000 12.000000 18.000000 1.000000 163.000000 3 3 1
2014-09-07T14:00:00Z 2014-09-07T16:00:00Z 106.000000 0.000000 15.000000 20.000000 1.100000 161.000000 3 3 1
2014-09-07T13:00:00Z 2014-09-07T15:00:00Z 159.000000 0.000000 35.000000 23.000000 1.300000 135.000000 5 3 1
2014-09-07T11:00:00Z 2014-09-07T13:00:00Z 215.000000 225.000000 87.000000 12.000000 1.700000 43.000000 5 5 1
2014-09-07T09:00:00Z 2014-09-07T11:00:00Z 195.000000 239.000000 77.000000 14.000000 1.500000 27.000000 5 5 1
2014-09-07T07:00:00Z 2014-09-07T09:00:00Z 176.000000 190.000000 58.000000 15.000000 1.300000 39.000000 5 5 1
2014-09-07T04:00:00Z 2014-09-07T06:00:00Z 161.000000 181.000000 49.000000 42.000000 1.000000 70.000000 5 5 1
2014-09-07T02:00:00Z 2014-09-07T04:00:00Z 157.000000 0.000000 62.000000 17.000000 1.200000 54.000000 5 5 1
2014-09-07T01:00:00Z 2014-09-07T03:00:00Z 164.000000 210.000000 76.000000 20.000000 1.300000 65.000000 5 4 1
2014-09-06T23:00:00Z 2014-09-07T01:00:00Z 139.000000 166.000000 48.000000 22.000000 1.200000 115.000000 4 5 1
2014-09-06T21:00:00Z 2014-09-06T23:00:00Z 147.000000 172.000000 53.000000 21.000000 1.300000 121.000000 4 4 1
2014-09-06T20:00:00Z 2014-09-06T22:00:00Z 128.000000 183.000000 38.000000 18.000000 1.200000 145.000000 4 5 1
2014-09-06T19:00:00Z 2014-09-06T21:00:00Z 116.000000 154.000000 36.000000 18.000000 1.100000 156.000000 4 4 1
2014-09-06T18:00:00Z 2014-09-06T20:00:00Z 99.000000 0.000000 25.000000 18.000000 1.000000 164.000000 3 4 1
2014-09-06T16:00:00Z 2014-09-06T18:00:00Z 130.000000 0.000000 24.000000 22.000000 1.400000 200.000000 4 3 1
2014-09-06T14:00:00Z 2014-09-06T16:00:00Z 167.000000 170.000000 37.000000 41.000000 2.300000 207.000000 5 4 1
2014-09-06T12:00:00Z 2014-09-06T14:00:00Z 173.000000 174.000000 45.000000 41.000000 2.800000 135.000000 5 5 1
2014-09-06T11:00:00Z 2014-09-06T13:00:00Z 169.000000 0.000000 46.000000 35.000000 2.600000 107.000000 5 5 1
2014-09-06T10:00:00Z 2014-09-06T12:00:00Z 159.000000 0.000000 46.000000 32.000000 2.200000 91.000000 5 5 1
2014-09-06T09:00:00Z 2014-09-06T11:00:00Z 139.000000 0.000000 45.000000 26.000000 1.900000 71.000000 4 5 1
2014-09-06T08:00:00Z 2014-09-06T10:00:00Z 134.000000 0.000000 57.000000 15.000000 1.700000 43.000000 4 5 1
2014-09-06T06:00:00Z 2014-09-06T08:00:00Z 142.000000 0.000000 75.000000 10.000000 1.500000 23.000000 4 4 1
2014-09-06T04:00:00Z 2014-09-06T06:00:00Z 152.000000 0.000000 35.000000 18.000000 1.600000 111.000000 5 4 1
2014-09-06T03:00:00Z 2014-09-06T05:00:00Z 152.000000 0.000000 33.000000 15.000000 1.800000 112.000000 5 5 1
2014-09-06T02:00:00Z 2014-09-06T04:00:00Z 145.000000 0.000000 32.000000 16.000000 1.800000 116.000000 4 5 1
2014-09-06T01:00:00Z 2014-09-06T03:00:00Z 144.000000 0.000000 34.000000 17.000000 1.600000 113.000000 4 5 1
2014-09-05T23:00:00Z 2014-09-06T01:00:00Z 151.000000 171.000000 43.000000 19.000000 1.400000 117.000000 5 4 1
2014-09-05T21:00:00Z 2014-09-05T23:00:00Z 150.000000 189.000000 40.000000 27.000000 1.400000 192.000000 4 5 1
2014-09-05T20:00:00Z 2014-09-05T22:00:00Z 136.000000 0.000000 39.000000 24.000000 1.300000 197.000000 4 5 1
2014-09-05T18:00:00Z 2014-09-05T20:00:00Z 68.000000 73.000000 25.000000 13.000000 1.000000 186.000000 2 4 1
2014-09-05T16:00:00Z 2014-09-05T18:00:00Z 66.000000 88.000000 20.000000 15.000000 0.900000 201.000000 2 2 1
2014-09-05T14:00:00Z 2014-09-05T16:00:00Z 119.000000 0.000000 35.000000 21.000000 1.200000 227.000000 4 2 1
2014-09-05T08:00:00Z 2014-09-05T10:00:00Z 79.000000 149.000000 85.000000 9.000000 1.200000 18.000000 3 3 1
2014-09-05T07:00:00Z 2014-09-05T09:00:00Z 74.000000 127.000000 91.000000 7.000000 1.200000 10.000000 2 3 1
2014-09-05T06:00:00Z 2014-09-05T08:00:00Z 73.000000 165.000000 102.000000 7.000000 1.200000 9.000000 2 3 1
2014-09-05T05:00:00Z 2014-09-05T07:00:00Z 84.000000 152.000000 107.000000 8.000000 1.300000 10.000000 3 2 1
2014-09-05T03:00:00Z 2014-09-05T05:00:00Z 73.000000 186.000000 100.000000 10.000000 1.000000 11.000000 2 3 1
2014-09-05T01:00:00Z 2014-09-05T03:00:00Z 68.000000 137.000000 72.000000 19.000000 1.100000 48.000000 2 2 1
2014-09-05T00:00:00Z 2014-09-05T02:00:00Z 65.000000 140.000000 59.000000 21.000000 1.100000 69.000000 2 2 1
2014-09-04T23:00:00Z 2014-09-05T01:00:00Z 54.000000 106.000000 50.000000 23.000000 1.000000 94.000000 2 2 1
2014-09-04T21:00:00Z 2014-09-04T23:00:00Z 52.000000 144.000000 52.000000 18.000000 0.900000 118.000000 2 2 1
2014-09-04T19:00:00Z 2014-09-04T21:00:00Z 34.000000 76.000000 36.000000 10.000000 0.800000 152.000000 1 2 1
2014-09-04T17:00:00Z 2014-09-04T19:00:00Z 22.000000 143.000000 27.000000 7.000000 0.600000 177.000000 1 1 1
2014-09-04T15:00:00Z 2014-09-04T17:00:00Z 13.000000 0.000000 24.000000 5.000000 0.500000 164.000000 1 1 1
2014-09-04T13:00:00Z 2014-09-04T15:00:00Z 45.000000 0.000000 93.000000 9.000000 1.000000 108.000000 2 1 1
2014-09-04T08:00:00Z 2014-09-04T10:00:00Z 71.000000 123.000000 97.000000 9.000000 1.500000 13.000000 2 2 1
2014-09-04T07:00:00Z 2014-09-04T09:00:00Z 69.000000 170.000000 82.000000 8.000000 1.700000 10.000000 2 2 1
2014-09-04T06:00:00Z 2014-09-04T08:00:00Z 54.000000 133.000000 88.000000 7.000000 1.500000 8.000000 2 2 1
2014-09-04T04:00:00Z 2014-09-04T06:00:00Z 56.000000 134.000000 78.000000 4.000000 1.900000 10.000000 2 2 1
2014-09-04T02:00:00Z 2014-09-04T04:00:00Z 32.000000 73.000000 89.000000 3.000000 0.900000 5.000000 1 2 1
2014-09-04T01:00:00Z 2014-09-04T03:00:00Z 27.000000 81.000000 80.000000 3.000000 0.800000 13.000000 1 1 1
2014-09-04T00:00:00Z 2014-09-04T02:00:00Z 18.000000 66.000000 72.000000 3.000000 0.700000 25.000000 1 1 1
2014-09-03T23:00:00Z 2014-09-04T01:00:00Z 15.000000 74.000000 61.000000 4.000000 0.700000 41.000000 1 1 1
2014-09-03T21:00:00Z 2014-09-03T23:00:00Z 15.000000 70.000000 45.000000 5.000000 0.600000 69.000000 1 1 1
2014-09-03T19:00:00Z 2014-09-03T21:00:00Z 9.000000 37.000000 30.000000 3.000000 0.500000 95.000000 1 1 1
2014-09-03T18:00:00Z 2014-09-03T20:00:00Z 8.000000 60.000000 25.000000 4.000000 0.400000 114.000000 1 1 1
2014-09-03T16:00:00Z 2014-09-03T18:00:00Z 11.000000 59.000000 26.000000 6.000000 0.400000 140.000000 1 1 1
2014-09-03T14:00:00Z 2014-09-03T16:00:00Z 14.000000 0.000000 26.000000 9.000000 0.400000 104.000000 1 1 1
2014-09-03T13:00:00Z 2014-09-03T15:00:00Z 8.000000 8.000000 32.000000 14.000000 0.500000 88.000000 1 1 1
2014-09-03T08:00:00Z 2014-09-03T10:00:00Z 3.000000 11.000000 40.000000 3.000000 0.700000 27.000000 1 1 1
2014-09-03T05:00:00Z 2014-09-03T07:00:00Z 3.000000 5.000000 38.000000 2.000000 0.600000 23.000000 1 1 1
2014-09-03T03:00:00Z 2014-09-03T05:00:00Z 6.000000 0.000000 61.000000 2.000000 0.700000 9.000000 1 1 1
2014-09-03T02:00:00Z 2014-09-03T04:00:00Z 12.000000 23.000000 65.000000 2.000000 1.000000 7.000000 1 1 1
2014-09-03T01:00:00Z 2014-09-03T03:00:00Z 5.000000 18.000000 52.000000 2.000000 0.800000 24.000000 1 1 1
2014-09-03T00:00:00Z 2014-09-03T02:00:00Z 3.000000 14.000000 45.000000 2.000000 0.800000 33.000000 1 1 1
2014-09-02T22:00:00Z 2014-09-03T00:00:00Z 3.000000 5.000000 36.000000 2.000000 0.700000 48.000000 1 1 1
2014-09-02T20:00:00Z 2014-09-02T22:00:00Z 9.000000 0.000000 50.000000 2.000000 0.900000 40.000000 1 1 1
2014-09-02T19:00:00Z 2014-09-02T21:00:00Z 3.000000 11.000000 36.000000 2.000000 0.800000 60.000000 1 1 1
2014-09-02T18:00:00Z 2014-09-02T20:00:00Z 5.000000 0.000000 38.000000 2.000000 1.000000 60.000000 1 1 1
2014-09-02T17:00:00Z 2014-09-02T19:00:00Z 14.000000 0.000000 44.000000 2.000000 1.300000 58.000000 1 1 1
2014-09-02T16:00:00Z 2014-09-02T18:00:00Z 16.000000 0.000000 43.000000 2.000000 1.100000 62.000000 1 1 1
2014-09-02T15:00:00Z 2014-09-02T17:00:00Z 15.000000 36.000000 37.000000 2.000000 1.100000 65.000000 1 1 1
2014-09-02T14:00:00Z 2014-09-02T16:00:00Z 19.000000 0.000000 27.000000 2.000000 1.000000 77.000000 1 1 1
2014-09-02T13:00:00Z 2014-09-02T15:00:00Z 28.000000 31.000000 46.000000 2.000000 1.200000 65.000000 1 1 1
2014-09-02T12:00:00Z 2014-09-02T14:00:00Z 31.000000 71.000000 57.000000 2.000000 1.300000 50.000000 1 1 1
2014-09-02T10:00:00Z 2014-09-02T12:00:00Z 19.000000 0.000000 51.000000 2.000000 1.200000 57.000000 1 1 1
2014-09-02T08:00:00Z 2014-09-02T10:00:00Z 14.000000 0.000000 40.000000 2.000000 1.100000 69.000000 1 1 1
2014-09-02T07:00:00Z 2014-09-02T09:00:00Z 17.000000 0.000000 32.000000 2.000000 1.000000 68.000000 1 1 1
2014-09-02T06:00:00Z 2014-09-02T08:00:00Z 18.000000 0.000000 23.000000 2.000000 0.900000 70.000000 1 1 1
2014-09-02T05:00:00Z 2014-09-02T07:00:00Z 20.000000 0.000000 18.000000 2.000000 1.000000 81.000000 1 1 1
2014-09-02T04:00:00Z 2014-09-02T06:00:00Z 39.000000 0.000000 23.000000 2.000000 1.000000 73.000000 2 1 1
2014-09-02T03:00:00Z 2014-09-02T05:00:00Z 55.000000 0.000000 30.000000 2.000000 1.100000 67.000000 2 1 1
2014-09-02T02:00:00Z 2014-09-02T04:00:00Z 49.000000 0.000000 32.000000 2.000000 1.100000 66.000000 2 2 1
2014-09-02T01:00:00Z 2014-09-02T03:00:00Z 42.000000 0.000000 34.000000 2.000000 1.000000 76.000000 2 2 1
2014-09-02T00:00:00Z 2014-09-02T02:00:00Z 24.000000 0.000000 26.000000 2.000000 1.000000 90.000000 1 2 1
2014-09-01T22:00:00Z 2014-09-02T00:00:00Z 30.000000 0.000000 28.000000 2.000000 1.100000 88.000000 1 1 1
2014-09-01T20:00:00Z 2014-09-01T22:00:00Z 153.000000 158.000000 113.000000 2.000000 2.300000 30.000000 5 1 1
2014-09-01T17:00:00Z 2014-09-01T19:00:00Z 103.000000 0.000000 29.000000 6.000000 1.200000 133.000000 3 4 1
2014-09-01T15:00:00Z 2014-09-01T17:00:00Z 131.000000 0.000000 44.000000 8.000000 1.800000 108.000000 4 3 1
2014-09-01T12:00:00Z 2014-09-01T14:00:00Z 154.000000 0.000000 59.000000 11.000000 2.300000 82.000000 5 5 1
2014-09-01T10:00:00Z 2014-09-01T12:00:00Z 132.000000 162.000000 78.000000 8.000000 2.600000 17.000000 4 5 1
2014-09-01T08:00:00Z 2014-09-01T10:00:00Z 112.000000 0.000000 71.000000 7.000000 2.400000 13.000000 3 4 1
2014-09-01T06:00:00Z 2014-09-01T08:00:00Z 104.000000 0.000000 66.000000 4.000000 2.100000 11.000000 3 3 1
2014-09-01T04:00:00Z 2014-09-01T06:00:00Z 100.000000 0.000000 49.000000 5.000000 1.300000 30.000000 3 3 1
2014-09-01T02:00:00Z 2014-09-01T04:00:00Z 97.000000 0.000000 59.000000 4.000000 1.600000 21.000000 3 3 1
2014-09-01T00:00:00Z 2014-09-01T02:00:00Z 0.000000 0.000000 0.000000 0.000000 0.000000 0.000000 1 3 1
2014-08-31T22:00:00Z 2014-09-01T00:00:00Z 104.000000 0.000000 69.000000 2.000000 1.500000 52.000000 3 1 1
2014-08-31T19:00:00Z 2014-08-31T21:00:00Z 78.000000 81.000000 32.000000 2.000000 1.100000 114.000000 3 3 1
2014-08-31T17:00:00Z 2014-08-31T19:00:00Z 82.000000 0.000000 25.000000 2.000000 1.100000 136.000000 3 3 1
2014-08-31T16:00:00Z 2014-08-31T18:00:00Z 96.000000 0.000000 24.000000 4.000000 1.200000 142.000000 3 3 1
2014-08-31T15:00:00Z 2014-08-31T17:00:00Z 84.000000 0.000000 26.000000 7.000000 1.300000 146.000000 3 3 1
2014-08-31T13:00:00Z 2014-08-31T15:00:00Z 72.000000 0.000000 21.000000 4.000000 1.200000 130.000000 2 3 1
2014-08-31T11:00:00Z 2014-08-31T13:00:00Z 93.000000 0.000000 36.000000 3.000000 1.200000 81.000000 3 2 1
2014-08-31T09:00:00Z 2014-08-31T11:00:00Z 75.000000 0.000000 47.000000 2.000000 1.200000 51.000000 2 3 1
2014-08-31T06:00:00Z 2014-08-31T08:00:00Z 66.000000 0.000000 21.000000 2.000000 1.000000 74.000000 2 3 1
2014-08-31T04:00:00Z 2014-08-31T06:00:00Z 79.000000 0.000000 26.000000 2.000000 1.000000 64.000000 3 2 1
2014-08-31T01:00:00Z 2014-08-31T03:00:00Z 100.000000 0.000000 36.000000 2.000000 1.300000 90.000000 3 3 1
2014-08-30T23:00:00Z 2014-08-31T01:00:00Z 116.000000 0.000000 25.000000 4.000000 1.200000 121.000000 4 3 1
2014-08-30T22:00:00Z 2014-08-31T00:00:00Z 143.000000 0.000000 60.000000 5.000000 1.500000 56.000000 4 3 1
2014-08-30T21:00:00Z 2014-08-30T23:00:00Z 151.000000 0.000000 76.000000 5.000000 1.700000 54.000000 5 4 1
2014-08-30T20:00:00Z 2014-08-30T22:00:00Z 152.000000 0.000000 79.000000 6.000000 1.800000 62.000000 5 4 1
2014-08-30T19:00:00Z 2014-08-30T21:00:00Z 157.000000 0.000000 76.000000 7.000000 2.200000 70.000000 5 5 1
2014-08-30T18:00:00Z 2014-08-30T20:00:00Z 167.000000 171.000000 66.000000 9.000000 2.700000 75.000000 5 5 1
2014-08-30T17:00:00Z 2014-08-30T19:00:00Z 158.000000 163.000000 58.000000 11.000000 2.500000 80.000000 5 5 1
2014-08-30T15:00:00Z 2014-08-30T17:00:00Z 174.000000 0.000000 72.000000 14.000000 2.400000 60.000000 5 5 1
2014-08-30T13:00:00Z 2014-08-30T15:00:00Z 206.000000 239.000000 62.000000 16.000000 2.800000 67.000000 5 5 1
2014-08-30T12:00:00Z 2014-08-30T14:00:00Z 185.000000 211.000000 62.000000 15.000000 2.300000 55.000000 5 5 1
2014-08-30T11:00:00Z 2014-08-30T13:00:00Z 164.000000 173.000000 58.000000 14.000000 1.900000 52.000000 5 5 1
2014-08-30T10:00:00Z 2014-08-30T12:00:00Z 153.000000 168.000000 64.000000 12.000000 1.700000 41.000000 5 5 1
2014-08-30T08:00:00Z 2014-08-30T10:00:00Z 150.000000 155.000000 70.000000 10.000000 1.900000 21.000000 4 5 1
2014-08-30T06:00:00Z 2014-08-30T08:00:00Z 159.000000 160.000000 79.000000 8.000000 1.800000 15.000000 5 4 1
2014-08-30T03:00:00Z 2014-08-30T05:00:00Z 128.000000 199.000000 108.000000 5.000000 1.000000 10.000000 4 5 1
2014-08-30T00:00:00Z 2014-08-30T02:00:00Z 0.000000 0.000000 71.000000 6.000000 1.300000 65.000000 1 4 1
2014-08-29T22:00:00Z 2014-08-30T00:00:00Z 125.000000 162.000000 80.000000 6.000000 1.400000 70.000000 4 1 1
2014-08-29T21:00:00Z 2014-08-29T23:00:00Z 101.000000 140.000000 57.000000 5.000000 1.200000 107.000000 3 4 1
2014-08-29T20:00:00Z 2014-08-29T22:00:00Z 106.000000 133.000000 48.000000 7.000000 1.200000 140.000000 3 4 1
2014-08-29T19:00:00Z 2014-08-29T21:00:00Z 93.000000 95.000000 39.000000 8.000000 1.100000 166.000000 3 3 1
2014-08-29T18:00:00Z 2014-08-29T20:00:00Z 89.000000 98.000000 40.000000 8.000000 1.100000 172.000000 3 3 1
2014-08-29T16:00:00Z 2014-08-29T18:00:00Z 84.000000 0.000000 34.000000 9.000000 1.000000 165.000000 3 3 1
2014-08-29T14:00:00Z 2014-08-29T16:00:00Z 82.000000 0.000000 41.000000 12.000000 1.100000 135.000000 3 3 1
2014-08-29T12:00:00Z 2014-08-29T14:00:00Z 65.000000 0.000000 35.000000 6.000000 1.000000 119.000000 2 3 1
2014-08-29T10:00:00Z 2014-08-29T12:00:00Z 65.000000 73.000000 44.000000 4.000000 1.000000 78.000000 2 2 1
2014-08-29T07:00:00Z 2014-08-29T09:00:00Z 89.000000 0.000000 42.000000 3.000000 1.100000 67.000000 3 2 1
2014-08-29T05:00:00Z 2014-08-29T07:00:00Z 72.000000 0.000000 24.000000 4.000000 0.900000 99.000000 2 3 1
2014-08-29T03:00:00Z 2014-08-29T05:00:00Z 76.000000 0.000000 25.000000 4.000000 1.100000 93.000000 3 2 1
2014-08-29T01:00:00Z 2014-08-29T03:00:00Z 77.000000 0.000000 31.000000 7.000000 1.000000 109.000000 3 3 1
2014-08-29T00:00:00Z 2014-08-29T02:00:00Z 65.000000 0.000000 40.000000 8.000000 1.200000 105.000000 2 2 1
2014-08-28T23:00:00Z 2014-08-29T01:00:00Z 73.000000 0.000000 43.000000 8.000000 1.400000 109.000000 2 3 1
2014-08-28T21:00:00Z 2014-08-28T23:00:00Z 0.000000 167.000000 92.000000 6.000000 1.700000 68.000000 1 2 1
2014-08-28T19:00:00Z 2014-08-28T21:00:00Z 98.000000 134.000000 69.000000 10.000000 1.300000 101.000000 3 1 1
2014-08-28T17:00:00Z 2014-08-28T19:00:00Z 88.000000 143.000000 43.000000 10.000000 1.000000 126.000000 3 3 1
2014-08-28T15:00:00Z 2014-08-28T17:00:00Z 71.000000 99.000000 23.000000 14.000000 0.800000 162.000000 2 3 1
2014-08-28T12:00:00Z 2014-08-28T14:00:00Z 70.000000 75.000000 45.000000 13.000000 0.900000 116.000000 2 2 1
2014-08-28T09:00:00Z 2014-08-28T11:00:00Z 55.000000 97.000000 46.000000 7.000000 0.800000 105.000000 2 2 1
2014-08-28T06:00:00Z 2014-08-28T08:00:00Z 71.000000 90.000000 45.000000 11.000000 0.800000 92.000000 2 2 1
2014-08-28T04:00:00Z 2014-08-28T06:00:00Z 116.000000 198.000000 123.000000 20.000000 1.000000 18.000000 4 2 1
2014-08-28T03:00:00Z 2014-08-28T05:00:00Z 121.000000 201.000000 90.000000 26.000000 0.900000 47.000000 4 3 1
2014-08-28T02:00:00Z 2014-08-28T04:00:00Z 113.000000 190.000000 80.000000 23.000000 1.200000 63.000000 3 4 1
2014-08-28T01:00:00Z 2014-08-28T03:00:00Z 103.000000 189.000000 97.000000 21.000000 1.300000 70.000000 3 4 1
2014-08-28T00:00:00Z 2014-08-28T02:00:00Z 99.000000 176.000000 100.000000 20.000000 1.200000 75.000000 3 3 1
2014-08-27T22:00:00Z 2014-08-28T00:00:00Z 89.000000 163.000000 72.000000 20.000000 1.100000 104.000000 3 3 1
2014-08-27T20:00:00Z 2014-08-27T22:00:00Z 79.000000 166.000000 38.000000 20.000000 0.800000 164.000000 3 3 1
2014-08-27T19:00:00Z 2014-08-27T21:00:00Z 73.000000 155.000000 30.000000 20.000000 0.700000 182.000000 2 3 1
2014-08-27T18:00:00Z 2014-08-27T20:00:00Z 69.000000 151.000000 21.000000 22.000000 0.600000 189.000000 2 3 1
