2014-09-27T00:00:00Z 2014-09-27T02:00:00Z 119.000000 0.000000 86.000000 5.000000 1.900000 4.000000 4 1 1
2014-09-26T13:00:00Z 2014-09-26T15:00:00Z 144.000000 0.000000 53.000000 36.000000 1.600000 65.000000 4 5 1
2014-09-25T22:00:00Z 2014-09-26T00:00:00Z 119.000000 0.000000 62.000000 6.000000 1.500000 55.000000 4 2 1
2014-09-25T20:00:00Z 2014-09-25T22:00:00Z 128.000000 130.000000 68.000000 4.000000 1.400000 56.000000 4 4 1
2014-09-25T19:00:00Z 2014-09-25T21:00:00Z 122.000000 126.000000 64.000000 3.000000 1.300000 60.000000 4 4 1
2014-09-25T18:00:00Z 2014-09-25T20:00:00Z 126.000000 126.000000 62.000000 4.000000 1.200000 60.000000 4 4 1
2014-09-25T17:00:00Z 2014-09-25T19:00:00Z 141.000000 0.000000 56.000000 5.000000 1.300000 67.000000 4 4 1
2014-09-25T16:00:00Z 2014-09-25T18:00:00Z 143.000000 0.000000 44.000000 5.000000 1.300000 77.000000 4 4 1
2014-09-25T12:00:00Z 2014-09-25T14:00:00Z 137.000000 156.000000 87.000000 3.000000 1.900000 10.000000 4 5 1
2014-09-25T10:00:00Z 2014-09-25T12:00:00Z 117.000000 134.000000 67.000000 3.000000 1.700000 16.000000 4 4 1
2014-09-22T18:00:00Z 2014-09-22T20:00:00Z 118.000000 144.000000 92.000000 23.000000 3.300000 12.000000 4 3 1
2014-09-22T16:00:00Z 2014-09-22T18:00:00Z 118.000000 144.000000 92.000000 23.000000 3.300000 12.000000 4 4 1
2014-09-22T14:00:00Z 2014-09-22T16:00:00Z 131.000000 177.000000 92.000000 24.000000 3.600000 14.000000 4 4 1
2014-09-22T13:00:00Z 2014-09-22T15:00:00Z 127.000000 172.000000 88.000000 24.000000 3.700000 17.000000 4 4 1
2014-09-22T12:00:00Z 2014-09-22T14:00:00Z 121.000000 158.000000 91.000000 24.000000 3.800000 12.000000 4 4 1
2014-09-21T04:00:00Z 2014-09-21T06:00:00Z 144.000000 0.000000 55.000000 19.000000 1.900000 27.000000 4 2 1
2014-09-20T18:00:00Z 2014-09-20T20:00:00Z 148.000000 186.000000 50.000000 13.000000 1.300000 189.000000 4 5 1
2014-09-20T14:00:00Z 2014-09-20T16:00:00Z 122.000000 0.000000 31.000000 11.000000 1.000000 169.000000 4 3 1
2014-09-20T11:00:00Z 2014-09-20T13:00:00Z 131.000000 0.000000 68.000000 8.000000 1.300000 75.000000 4 4 1
2014-09-20T09:00:00Z 2014-09-20T11:00:00Z 117.000000 0.000000 55.000000 6.000000 1.100000 50.000000 4 4 1
2014-09-20T06:00:00Z 2014-09-20T08:00:00Z 124.000000 0.000000 55.000000 4.000000 1.000000 21.000000 4 3 1
2014-09-20T04:00:00Z 2014-09-20T06:00:00Z 134.000000 0.000000 91.000000 5.000000 1.200000 8.000000 4 4 1
2014-09-20T03:00:00Z 2014-09-20T05:00:00Z 139.000000 0.000000 101.000000 5.000000 1.300000 7.000000 4 4 1
2014-09-20T02:00:00Z 2014-09-20T04:00:00Z 138.000000 0.000000 92.000000 5.000000 1.400000 14.000000 4 4 1
2014-09-20T01:00:00Z 2014-09-20T03:00:00Z 133.000000 0.000000 109.000000 4.000000 1.700000 12.000000 4 4 1
2014-09-20T00:00:00Z 2014-09-20T02:00:00Z 136.000000 144.000000 127.000000 4.000000 2.100000 4.000000 4 4 1
2014-09-19T22:00:00Z 2014-09-20T00:00:00Z 121.000000 142.000000 77.000000 10.000000 1.600000 63.000000 4 4 1
2014-09-19T12:00:00Z 2014-09-19T14:00:00Z 134.000000 144.000000 55.000000 22.000000 1.100000 88.000000 4 3 1
2014-09-19T10:00:00Z 2014-09-19T12:00:00Z 118.000000 229.000000 130.000000 9.000000 1.600000 11.000000 4 4 1
2014-09-12T02:00:00Z 2014-09-12T04:00:00Z 131.000000 0.000000 42.000000 14.000000 1.700000 61.000000 4 3 1
2014-09-11T20:00:00Z 2014-09-11T22:00:00Z 130.000000 156.000000 74.000000 32.000000 1.900000 71.000000 4 3 1
2014-09-11T19:00:00Z 2014-09-11T21:00:00Z 125.000000 171.000000 71.000000 32.000000 1.900000 89.000000 4 4 1
2014-09-11T18:00:00Z 2014-09-11T20:00:00Z 117.000000 0.000000 67.000000 35.000000 2.300000 115.000000 4 4 1
2014-09-10T11:00:00Z 2014-09-10T13:00:00Z 117.000000 147.000000 76.000000 29.000000 1.900000 78.000000 4 2 1
2014-09-08T00:00:00Z 2014-09-08T02:00:00Z 126.000000 0.000000 55.000000 7.000000 1.300000 69.000000 4 1 1
2014-09-07T20:00:00Z 2014-09-07T22:00:00Z 135.000000 152.000000 28.000000 23.000000 1.500000 159.000000 4 5 1
2014-09-07T19:00:00Z 2014-09-07T21:00:00Z 129.000000 171.000000 25.000000 24.000000 1.500000 175.000000 4 4 1
2014-09-07T18:00:00Z 2014-09-07T20:00:00Z 120.000000 165.000000 23.000000 22.000000 1.400000 175.000000 4 4 1
2014-09-06T23:00:00Z 2014-09-07T01:00:00Z 139.000000 166.000000 48.000000 22.000000 1.200000 115.000000 4 5 1
2014-09-06T21:00:00Z 2014-09-06T23:00:00Z 147.000000 172.000000 53.000000 21.000000 1.300000 121.000000 4 4 1
2014-09-06T20:00:00Z 2014-09-06T22:00:00Z 128.000000 183.000000 38.000000 18.000000 1.200000 145.000000 4 5 1
2014-09-06T19:00:00Z 2014-09-06T21:00:00Z 116.000000 154.000000 36.000000 18.000000 1.100000 156.000000 4 4 1
2014-09-06T16:00:00Z 2014-09-06T18:00:00Z 130.000000 0.000000 24.000000 22.000000 1.400000 200.000000 4 3 1
2014-09-06T09:00:00Z 2014-09-06T11:00:00Z 139.000000 0.000000 45.000000 26.000000 1.900000 71.000000 4 5 1
2014-09-06T08:00:00Z 2014-09-06T10:00:00Z 134.000000 0.000000 57.000000 15.000000 1.700000 43.000000 4 5 1
2014-09-06T06:00:00Z 2014-09-06T08:00:00Z 142.000000 0.000000 75.000000 10.000000 1.500000 23.000000 4 4 1
2014-09-06T02:00:00Z 2014-09-06T04:00:00Z 145.000000 0.000000 32.000000 16.000000 1.800000 116.000000 4 5 1
2014-09-06T01:00:00Z 2014-09-06T03:00:00Z 144.000000 0.000000 34.000000 17.000000 1.600000 113.000000 4 5 1
2014-09-05T21:00:00Z 2014-09-05T23:00:00Z 150.000000 189.000000 40.000000 27.000000 1.400000 192.000000 4 5 1
2014-09-05T20:00:00Z 2014-09-05T22:00:00Z 136.000000 0.000000 39.000000 24.000000 1.300000 197.000000 4 5 1
2014-09-05T14:00:00Z 2014-09-05T16:00:00Z 119.000000 0.000000 35.000000 21.000000 1.200000 227.000000 4 2 1
2014-09-01T15:00:00Z 2014-09-01T17:00:00Z 131.000000 0.000000 44.000000 8.000000 1.800000 108.000000 4 3 1
2014-09-01T10:00:00Z 2014-09-01T12:00:00Z 132.000000 162.000000 78.000000 8.000000 2.600000 17.000000 4 5 1
2014-08-30T23:00:00Z 2014-08-31T01:00:00Z 116.000000 0.000000 25.000000 4.000000 1.200000 121.000000 4 3 1
2014-08-30T22:00:00Z 2014-08-31T00:00:00Z 143.000000 0.000000 60.000000 5.000000 1.500000 56.000000 4 3 1
2014-08-30T08:00:00Z 2014-08-30T10:00:00Z 150.000000 155.000000 70.000000 10.000000 1.900000 21.000000 4 5 1
2014-08-30T03:00:00Z 2014-08-30T05:00:00Z 128.000000 199.000000 108.000000 5.000000 1.000000 10.000000 4 5 1
2014-08-29T22:00:00Z 2014-08-30T00:00:00Z 125.000000 162.000000 80.000000 6.000000 1.400000 70.000000 4 1 1
2014-08-28T04:00:00Z 2014-08-28T06:00:00Z 116.000000 198.000000 123.000000 20.000000 1.000000 18.000000 4 2 1
2014-08-28T03:00:00Z 2014-08-28T05:00:00Z 121.000000 201.000000 90.000000 26.000000 0.900000 47.000000 4 3 1
