2014-10-02T10:00:00Z 2014-10-02T12:00:00Z 80.000000 0.000000 64.000000 6.000000 1.000000 2.000000 3 2 0
2014-10-02T00:00:00Z 2014-10-02T02:00:00Z 81.000000 0.000000 58.000000 4.000000 0.800000 2.000000 3 2 0
2014-10-01T23:00:00Z 2014-10-02T01:00:00Z 89.000000 0.000000 61.000000 5.000000 0.900000 2.000000 3 2 0
2014-10-01T22:00:00Z 2014-10-02T00:00:00Z 91.000000 0.000000 63.000000 3.000000 1.000000 2.000000 3 3 0
2014-10-01T21:00:00Z 2014-10-01T23:00:00Z 90.000000 0.000000 65.000000 5.000000 1.000000 2.000000 3 3 0
2014-10-01T20:00:00Z 2014-10-01T22:00:00Z 93.000000 0.000000 66.000000 5.000000 1.000000 2.000000 3 3 0
2014-10-01T19:00:00Z 2014-10-01T21:00:00Z 92.000000 0.000000 66.000000 6.000000 1.000000 2.000000 3 3 0
2014-10-01T18:00:00Z 2014-10-01T20:00:00Z 89.000000 0.000000 65.000000 5.000000 1.000000 2.000000 3 3 0
2014-10-01T17:00:00Z 2014-10-01T19:00:00Z 84.000000 0.000000 62.000000 5.000000 1.000000 2.000000 3 3 0
2014-10-01T02:00:00Z 2014-10-01T04:00:00Z 77.000000 148.000000 78.000000 9.000000 0.700000 2.000000 3 2 0
2014-10-01T01:00:00Z 2014-10-01T03:00:00Z 79.000000 169.000000 72.000000 11.000000 0.900000 2.000000 3 2 0
2014-10-01T00:00:00Z 2014-10-01T02:00:00Z 80.000000 126.000000 57.000000 12.000000 0.800000 10.000000 3 3 0
2014-09-29T11:00:00Z 2014-09-29T13:00:00Z 84.000000 105.000000 47.000000 6.000000 0.900000 38.000000 3 1 1
2014-09-29T09:00:00Z 2014-09-29T11:00:00Z 97.000000 122.000000 54.000000 5.000000 1.400000 2.000000 3 3 1
2014-09-29T07:00:00Z 2014-09-29T09:00:00Z 94.000000 114.000000 62.000000 4.000000 1.300000 2.000000 3 3 1
2014-09-29T05:00:00Z 2014-09-29T07:00:00Z 108.000000 136.000000 84.000000 4.000000 1.200000 2.000000 3 3 1
2014-09-29T04:00:00Z 2014-09-29T06:00:00Z 106.000000 142.000000 89.000000 5.000000 1.400000 2.000000 3 3 1
2014-09-29T03:00:00Z 2014-09-29T05:00:00Z 101.000000 169.000000 98.000000 3.000000 1.500000 2.000000 3 3 1
2014-09-29T02:00:00Z 2014-09-29T04:00:00Z 97.000000 172.000000 105.000000 4.000000 1.400000 2.000000 3 3 1
2014-09-29T01:00:00Z 2014-09-29T03:00:00Z 80.000000 114.000000 96.000000 3.000000 1.000000 2.000000 3 3 1
2014-09-28T23:00:00Z 2014-09-29T01:00:00Z 77.000000 118.000000 104.000000 4.000000 1.000000 2.000000 3 3 1
2014-09-28T00:00:00Z 2014-09-28T02:00:00Z 76.000000 218.000000 136.000000 12.000000 1.300000 2.000000 3 2 1
2014-09-27T00:00:00Z 2014-09-27T02:00:00Z 110.000000 0.000000 87.000000 4.000000 1.500000 2.000000 3 1 1
2014-09-26T08:00:00Z 2014-09-26T10:00:00Z 115.000000 0.000000 80.000000 8.000000 1.500000 2.000000 3 4 1
2014-09-26T07:00:00Z 2014-09-26T09:00:00Z 101.000000 0.000000 74.000000 8.000000 1.300000 2.000000 3 4 1
2014-09-26T06:00:00Z 2014-09-26T08:00:00Z 104.000000 0.000000 56.000000 6.000000 1.100000 13.000000 3 3 1
2014-09-26T05:00:00Z 2014-09-26T07:00:00Z 105.000000 0.000000 46.000000 7.000000 1.000000 21.000000 3 3 1
2014-09-26T04:00:00Z 2014-09-26T06:00:00Z 95.000000 0.000000 41.000000 8.000000 0.800000 26.000000 3 3 1
2014-09-26T03:00:00Z 2014-09-26T05:00:00Z 82.000000 0.000000 36.000000 6.000000 0.800000 37.000000 3 3 1
2014-09-26T02:00:00Z 2014-09-26T04:00:00Z 76.000000 0.000000 45.000000 8.000000 0.800000 38.000000 3 3 1
2014-09-26T00:00:00Z 2014-09-26T02:00:00Z 79.000000 0.000000 67.000000 6.000000 0.800000 17.000000 3 3 1
2014-09-25T08:00:00Z 2014-09-25T10:00:00Z 88.000000 140.000000 68.000000 6.000000 1.600000 2.000000 3 4 1
2014-09-25T04:00:00Z 2014-09-25T06:00:00Z 79.000000 0.000000 62.000000 6.000000 1.100000 2.000000 3 2 1
2014-09-25T03:00:00Z 2014-09-25T05:00:00Z 87.000000 0.000000 69.000000 5.000000 1.200000 2.000000 3 2 1
2014-09-25T02:00:00Z 2014-09-25T04:00:00Z 101.000000 108.000000 75.000000 6.000000 1.600000 2.000000 3 3 1
2014-09-25T01:00:00Z 2014-09-25T03:00:00Z 106.000000 118.000000 78.000000 7.000000 1.700000 2.000000 3 3 1
2014-09-25T00:00:00Z 2014-09-25T02:00:00Z 109.000000 140.000000 86.000000 7.000000 1.800000 2.000000 3 3 1
2014-09-23T04:00:00Z 2014-09-23T06:00:00Z 84.000000 0.000000 62.000000 3.000000 1.600000 2.000000 3 2 1
2014-09-23T03:00:00Z 2014-09-23T05:00:00Z 84.000000 0.000000 62.000000 3.000000 1.600000 2.000000 3 2 1
2014-09-23T02:00:00Z 2014-09-23T04:00:00Z 84.000000 0.000000 62.000000 3.000000 1.600000 2.000000 3 3 1
2014-09-23T01:00:00Z 2014-09-23T03:00:00Z 94.000000 0.000000 66.000000 3.000000 2.000000 2.000000 3 3 1
2014-09-23T00:00:00Z 2014-09-23T02:00:00Z 90.000000 0.000000 70.000000 3.000000 2.000000 2.000000 3 3 1
2014-09-22T23:00:00Z 2014-09-23T01:00:00Z 91.000000 0.000000 74.000000 3.000000 2.100000 2.000000 3 3 1
2014-09-22T22:00:00Z 2014-09-23T00:00:00Z 97.000000 0.000000 77.000000 3.000000 2.100000 2.000000 3 3 1
2014-09-22T21:00:00Z 2014-09-22T23:00:00Z 95.000000 0.000000 80.000000 7.000000 2.200000 9.000000 3 3 1
2014-09-22T20:00:00Z 2014-09-22T22:00:00Z 95.000000 0.000000 80.000000 7.000000 2.200000 9.000000 3 3 1
2014-09-22T19:00:00Z 2014-09-22T21:00:00Z 95.000000 0.000000 80.000000 7.000000 2.200000 9.000000 3 3 1
2014-09-22T18:00:00Z 2014-09-22T20:00:00Z 112.000000 119.000000 89.000000 10.000000 2.800000 7.000000 3 3 1
2014-09-22T16:00:00Z 2014-09-22T18:00:00Z 112.000000 119.000000 89.000000 10.000000 2.800000 7.000000 3 3 1
2014-09-22T07:00:00Z 2014-09-22T09:00:00Z 87.000000 92.000000 62.000000 6.000000 2.400000 11.000000 3 3 1
2014-09-22T04:00:00Z 2014-09-22T06:00:00Z 78.000000 0.000000 54.000000 7.000000 0.600000 16.000000 3 2 1
2014-09-22T02:00:00Z 2014-09-22T04:00:00Z 81.000000 95.000000 80.000000 6.000000 0.900000 6.000000 3 3 1
2014-09-22T01:00:00Z 2014-09-22T03:00:00Z 84.000000 108.000000 102.000000 3.000000 0.800000 10.000000 3 2 1
2014-09-22T00:00:00Z 2014-09-22T02:00:00Z 84.000000 104.000000 104.000000 4.000000 0.800000 17.000000 3 3 1
2014-09-21T23:00:00Z 2014-09-22T01:00:00Z 83.000000 84.000000 81.000000 5.000000 0.700000 37.000000 3 3 1
2014-09-21T22:00:00Z 2014-09-22T00:00:00Z 84.000000 0.000000 62.000000 3.000000 0.700000 62.000000 3 3 1
2014-09-21T21:00:00Z 2014-09-21T23:00:00Z 96.000000 116.000000 71.000000 3.000000 0.900000 57.000000 3 3 1
2014-09-21T20:00:00Z 2014-09-21T22:00:00Z 92.000000 111.000000 63.000000 4.000000 1.000000 68.000000 3 3 1
2014-09-21T19:00:00Z 2014-09-21T21:00:00Z 98.000000 130.000000 57.000000 7.000000 1.500000 89.000000 3 3 1
2014-09-21T18:00:00Z 2014-09-21T20:00:00Z 112.000000 149.000000 58.000000 8.000000 1.600000 102.000000 3 3 1
2014-09-21T17:00:00Z 2014-09-21T19:00:00Z 108.000000 143.000000 47.000000 11.000000 1.300000 122.000000 3 3 1
2014-09-21T15:00:00Z 2014-09-21T17:00:00Z 101.000000 144.000000 46.000000 14.000000 1.300000 113.000000 3 3 1
2014-09-21T13:00:00Z 2014-09-21T15:00:00Z 82.000000 140.000000 56.000000 32.000000 1.700000 70.000000 3 3 1
2014-09-21T07:00:00Z 2014-09-21T09:00:00Z 77.000000 0.000000 57.000000 12.000000 2.100000 25.000000 3 2 1
2014-09-21T06:00:00Z 2014-09-21T08:00:00Z 100.000000 0.000000 57.000000 9.000000 2.300000 23.000000 3 2 1
2014-09-20T17:00:00Z 2014-09-20T19:00:00Z 90.000000 0.000000 46.000000 8.000000 0.700000 162.000000 3 5 1
2014-09-20T16:00:00Z 2014-09-20T18:00:00Z 100.000000 0.000000 42.000000 10.000000 0.700000 171.000000 3 4 1
2014-09-20T14:00:00Z 2014-09-20T16:00:00Z 113.000000 0.000000 30.000000 7.000000 0.700000 161.000000 3 3 1
2014-09-20T08:00:00Z 2014-09-20T10:00:00Z 112.000000 0.000000 87.000000 4.000000 0.800000 4.000000 3 4 1
2014-09-20T06:00:00Z 2014-09-20T08:00:00Z 106.000000 0.000000 42.000000 2.000000 0.700000 30.000000 3 3 1
2014-09-19T22:00:00Z 2014-09-20T00:00:00Z 101.000000 166.000000 119.000000 3.000000 1.400000 2.000000 3 4 1
2014-09-19T20:00:00Z 2014-09-19T22:00:00Z 78.000000 155.000000 66.000000 7.000000 0.900000 89.000000 3 3 1
2014-09-19T15:00:00Z 2014-09-19T17:00:00Z 95.000000 127.000000 38.000000 13.000000 0.600000 116.000000 3 2 1
2014-09-19T14:00:00Z 2014-09-19T16:00:00Z 85.000000 0.000000 31.000000 15.000000 0.500000 116.000000 3 2 1
2014-09-19T10:00:00Z 2014-09-19T12:00:00Z 107.000000 180.000000 125.000000 10.000000 1.000000 2.000000 3 5 1
2014-09-19T09:00:00Z 2014-09-19T11:00:00Z 96.000000 168.000000 111.000000 8.000000 1.100000 2.000000 3 4 1
2014-09-19T08:00:00Z 2014-09-19T10:00:00Z 90.000000 174.000000 103.000000 6.000000 0.900000 2.000000 3 3 1
2014-09-19T06:00:00Z 2014-09-19T08:00:00Z 86.000000 154.000000 111.000000 7.000000 0.900000 2.000000 3 3 1
2014-09-19T04:00:00Z 2014-09-19T06:00:00Z 101.000000 153.000000 88.000000 5.000000 0.600000 2.000000 3 3 1
2014-09-18T10:00:00Z 2014-09-18T12:00:00Z 97.000000 113.000000 0.000000 0.000000 0.000000 0.000000 3 2 1
2014-09-18T08:00:00Z 2014-09-18T10:00:00Z 94.000000 0.000000 0.000000 0.000000 0.000000 0.000000 3 3 1
2014-09-18T07:00:00Z 2014-09-18T09:00:00Z 99.000000 0.000000 0.000000 0.000000 0.000000 0.000000 3 3 1
2014-09-18T06:00:00Z 2014-09-18T08:00:00Z 101.000000 139.000000 0.000000 0.000000 0.000000 0.000000 3 3 1
2014-09-18T04:00:00Z 2014-09-18T06:00:00Z 94.000000 123.000000 0.000000 0.000000 0.000000 0.000000 3 3 1
2014-09-17T14:00:00Z 2014-09-17T16:00:00Z 98.000000 135.000000 77.000000 7.000000 0.000000 25.000000 3 2 1
2014-09-16T19:00:00Z 2014-09-16T21:00:00Z 90.000000 202.000000 147.000000 10.000000 0.900000 2.000000 3 2 1
2014-09-14T08:00:00Z 2014-09-14T10:00:00Z 83.000000 110.000000 77.000000 3.000000 0.500000 21.000000 3 1 1
2014-09-13T07:00:00Z 2014-09-13T09:00:00Z 86.000000 167.000000 84.000000 8.000000 1.100000 2.000000 3 3 1
2014-09-12T14:00:00Z 2014-09-12T16:00:00Z 77.000000 95.000000 83.000000 4.000000 0.800000 39.000000 3 2 1
2014-09-12T04:00:00Z 2014-09-12T06:00:00Z 111.000000 0.000000 66.000000 5.000000 0.800000 26.000000 3 2 1
2014-09-12T00:00:00Z 2014-09-12T02:00:00Z 115.000000 0.000000 58.000000 2.000000 1.300000 46.000000 3 4 1
2014-09-11T22:00:00Z 2014-09-12T00:00:00Z 98.000000 0.000000 44.000000 2.000000 1.200000 76.000000 3 3 1
2014-09-11T20:00:00Z 2014-09-11T22:00:00Z 108.000000 152.000000 69.000000 2.000000 1.800000 57.000000 3 3 1
2014-09-11T19:00:00Z 2014-09-11T21:00:00Z 102.000000 153.000000 85.000000 7.000000 1.500000 70.000000 3 3 1
2014-09-11T18:00:00Z 2014-09-11T20:00:00Z 89.000000 146.000000 86.000000 8.000000 2.000000 70.000000 3 3 1
2014-09-11T17:00:00Z 2014-09-11T19:00:00Z 78.000000 131.000000 65.000000 10.000000 1.800000 98.000000 3 3 1
2014-09-11T15:00:00Z 2014-09-11T17:00:00Z 91.000000 161.000000 60.000000 15.000000 1.900000 122.000000 3 3 1
2014-09-11T12:00:00Z 2014-09-11T14:00:00Z 106.000000 155.000000 90.000000 16.000000 1.800000 44.000000 3 3 1
2014-09-11T10:00:00Z 2014-09-11T12:00:00Z 95.000000 201.000000 93.000000 8.000000 1.400000 12.000000 3 3 1
2014-09-11T09:00:00Z 2014-09-11T11:00:00Z 92.000000 166.000000 93.000000 7.000000 1.300000 2.000000 3 3 1
2014-09-11T07:00:00Z 2014-09-11T09:00:00Z 94.000000 153.000000 96.000000 6.000000 0.900000 2.000000 3 3 1
2014-09-11T04:00:00Z 2014-09-11T06:00:00Z 86.000000 175.000000 118.000000 5.000000 1.400000 2.000000 3 3 1
2014-09-10T09:00:00Z 2014-09-10T11:00:00Z 114.000000 179.000000 99.000000 3.000000 1.400000 8.000000 3 4 1
2014-09-10T07:00:00Z 2014-09-10T09:00:00Z 100.000000 189.000000 110.000000 6.000000 1.500000 2.000000 3 3 1
2014-09-10T05:00:00Z 2014-09-10T07:00:00Z 86.000000 183.000000 119.000000 5.000000 1.300000 2.000000 3 3 1
2014-09-10T04:00:00Z 2014-09-10T06:00:00Z 76.000000 187.000000 91.000000 6.000000 0.900000 2.000000 3 3 1
2014-09-08T00:00:00Z 2014-09-08T02:00:00Z 99.000000 0.000000 41.000000 2.000000 0.700000 70.000000 3 1 1
2014-09-07T17:00:00Z 2014-09-07T19:00:00Z 112.000000 167.000000 36.000000 6.000000 1.000000 164.000000 3 4 1
2014-09-07T16:00:00Z 2014-09-07T18:00:00Z 98.000000 145.000000 31.000000 8.000000 0.900000 158.000000 3 4 1
2014-09-07T15:00:00Z 2014-09-07T17:00:00Z 102.000000 0.000000 30.000000 8.000000 0.800000 156.000000 3 3 1
2014-09-06T19:00:00Z 2014-09-06T21:00:00Z 113.000000 166.000000 39.000000 7.000000 0.700000 148.000000 3 4 1
2014-09-06T18:00:00Z 2014-09-06T20:00:00Z 106.000000 141.000000 35.000000 8.000000 0.700000 149.000000 3 4 1
2014-09-05T18:00:00Z 2014-09-05T20:00:00Z 76.000000 117.000000 38.000000 8.000000 0.600000 175.000000 3 4 0
2014-09-05T16:00:00Z 2014-09-05T18:00:00Z 77.000000 106.000000 2.000000 11.000000 0.700000 203.000000 3 3 0
2014-09-05T08:00:00Z 2014-09-05T10:00:00Z 87.000000 177.000000 90.000000 6.000000 1.200000 6.000000 3 3 0
2014-09-05T07:00:00Z 2014-09-05T09:00:00Z 77.000000 159.000000 92.000000 5.000000 1.000000 3.000000 3 3 0
2014-09-05T05:00:00Z 2014-09-05T07:00:00Z 80.000000 141.000000 115.000000 5.000000 1.600000 2.000000 3 3 0
2014-09-05T03:00:00Z 2014-09-05T05:00:00Z 80.000000 162.000000 127.000000 4.000000 0.900000 2.000000 3 3 0
2014-09-01T08:00:00Z 2014-09-01T10:00:00Z 100.000000 111.000000 76.000000 2.000000 2.100000 2.000000 3 4 0
2014-09-01T06:00:00Z 2014-09-01T08:00:00Z 99.000000 0.000000 71.000000 2.000000 1.600000 2.000000 3 3 0
2014-09-01T04:00:00Z 2014-09-01T06:00:00Z 78.000000 0.000000 51.000000 2.000000 1.000000 20.000000 3 3 0
2014-08-31T22:00:00Z 2014-09-01T00:00:00Z 79.000000 0.000000 61.000000 2.000000 1.300000 38.000000 3 1 1
2014-08-31T17:00:00Z 2014-08-31T19:00:00Z 88.000000 105.000000 34.000000 2.000000 0.800000 124.000000 3 2 1
2014-08-31T16:00:00Z 2014-08-31T18:00:00Z 94.000000 103.000000 30.000000 2.000000 0.900000 140.000000 3 3 1
2014-08-31T11:00:00Z 2014-08-31T13:00:00Z 90.000000 0.000000 46.000000 2.000000 1.100000 64.000000 3 2 1
2014-08-31T01:00:00Z 2014-08-31T03:00:00Z 92.000000 0.000000 45.000000 2.000000 0.900000 56.000000 3 2 1
2014-08-30T23:00:00Z 2014-08-31T01:00:00Z 107.000000 0.000000 34.000000 2.000000 0.800000 106.000000 3 3 1
2014-08-29T20:00:00Z 2014-08-29T22:00:00Z 99.000000 131.000000 70.000000 2.000000 0.800000 121.000000 3 4 1
2014-08-29T19:00:00Z 2014-08-29T21:00:00Z 91.000000 110.000000 52.000000 2.000000 0.800000 158.000000 3 4 1
2014-08-29T18:00:00Z 2014-08-29T20:00:00Z 85.000000 102.000000 46.000000 3.000000 0.700000 166.000000 3 3 1
2014-08-29T16:00:00Z 2014-08-29T18:00:00Z 86.000000 91.000000 44.000000 3.000000 1.000000 147.000000 3 3 1
2014-08-29T07:00:00Z 2014-08-29T09:00:00Z 87.000000 0.000000 42.000000 2.000000 0.800000 76.000000 3 2 1
2014-08-29T05:00:00Z 2014-08-29T07:00:00Z 80.000000 87.000000 40.000000 2.000000 0.900000 65.000000 3 3 1
2014-08-28T23:00:00Z 2014-08-29T01:00:00Z 78.000000 83.000000 49.000000 3.000000 1.400000 108.000000 3 2 1
2014-08-28T21:00:00Z 2014-08-28T23:00:00Z 106.000000 138.000000 105.000000 2.000000 1.300000 52.000000 3 3 1
2014-08-28T19:00:00Z 2014-08-28T21:00:00Z 94.000000 145.000000 87.000000 3.000000 0.900000 64.000000 3 3 1
2014-08-28T17:00:00Z 2014-08-28T19:00:00Z 81.000000 126.000000 0.000000 10.000000 0.700000 124.000000 3 3 1
2014-08-28T15:00:00Z 2014-08-28T17:00:00Z 79.000000 109.000000 22.000000 8.000000 0.300000 0.000000 3 3 1
2014-08-28T04:00:00Z 2014-08-28T06:00:00Z 105.000000 0.000000 129.000000 8.000000 1.300000 6.000000 3 2 1
2014-08-28T03:00:00Z 2014-08-28T05:00:00Z 114.000000 244.000000 112.000000 8.000000 0.800000 38.000000 3 3 1
2014-08-28T02:00:00Z 2014-08-28T04:00:00Z 114.000000 0.000000 125.000000 7.000000 0.800000 40.000000 3 3 1
2014-08-28T01:00:00Z 2014-08-28T03:00:00Z 113.000000 0.000000 147.000000 6.000000 1.000000 13.000000 3 3 1
2014-08-28T00:00:00Z 2014-08-28T02:00:00Z 105.000000 244.000000 128.000000 6.000000 1.000000 23.000000 3 3 1
2014-08-27T22:00:00Z 2014-08-28T00:00:00Z 87.000000 170.000000 87.000000 8.000000 0.700000 78.000000 3 3 1
2014-08-23T19:00:00Z 2014-08-23T21:00:00Z 113.000000 0.000000 44.000000 2.000000 0.800000 168.000000 3 5 1
2014-08-23T08:00:00Z 2014-08-23T10:00:00Z 111.000000 159.000000 92.000000 3.000000 0.900000 2.000000 3 4 1
2014-08-23T07:00:00Z 2014-08-23T09:00:00Z 104.000000 123.000000 98.000000 4.000000 0.800000 2.000000 3 4 1
2014-08-23T05:00:00Z 2014-08-23T07:00:00Z 96.000000 98.000000 107.000000 4.000000 0.900000 2.000000 3 3 1
2014-08-23T01:00:00Z 2014-08-23T03:00:00Z 104.000000 181.000000 137.000000 4.000000 1.200000 2.000000 3 4 1
2014-08-23T00:00:00Z 2014-08-23T02:00:00Z 109.000000 124.000000 125.000000 2.000000 1.400000 2.000000 3 4 1
2014-08-22T20:00:00Z 2014-08-22T22:00:00Z 115.000000 189.000000 140.000000 3.000000 1.100000 30.000000 3 4 1
2014-08-22T19:00:00Z 2014-08-22T21:00:00Z 109.000000 166.000000 124.000000 2.000000 1.000000 53.000000 3 4 1
2014-08-21T01:00:00Z 2014-08-21T03:00:00Z 110.000000 146.000000 65.000000 3.000000 0.800000 80.000000 3 4 1
2014-08-21T00:00:00Z 2014-08-21T02:00:00Z 109.000000 130.000000 58.000000 4.000000 0.800000 99.000000 3 4 1
2014-08-20T22:00:00Z 2014-08-21T00:00:00Z 94.000000 142.000000 62.000000 4.000000 0.700000 103.000000 3 3 1
2014-08-20T20:00:00Z 2014-08-20T22:00:00Z 99.000000 144.000000 49.000000 7.000000 0.900000 174.000000 3 3 1
2014-08-20T19:00:00Z 2014-08-20T21:00:00Z 102.000000 170.000000 45.000000 10.000000 1.100000 198.000000 3 3 1
2014-08-20T15:00:00Z 2014-08-20T17:00:00Z 101.000000 165.000000 26.000000 25.000000 1.100000 229.000000 3 4 1
2014-08-20T13:00:00Z 2014-08-20T15:00:00Z 85.000000 0.000000 26.000000 10.000000 0.700000 191.000000 3 3 1
2014-08-20T05:00:00Z 2014-08-20T07:00:00Z 108.000000 141.000000 45.000000 2.000000 0.700000 42.000000 3 4 1
2014-08-20T04:00:00Z 2014-08-20T06:00:00Z 103.000000 146.000000 43.000000 3.000000 0.700000 58.000000 3 3 1
2014-08-20T02:00:00Z 2014-08-20T04:00:00Z 88.000000 135.000000 42.000000 3.000000 0.600000 85.000000 3 3 1
2014-08-20T00:00:00Z 2014-08-20T02:00:00Z 86.000000 142.000000 42.000000 3.000000 0.700000 111.000000 3 3 1
2014-08-19T22:00:00Z 2014-08-20T00:00:00Z 89.000000 142.000000 44.000000 4.000000 0.800000 136.000000 3 3 1
2014-08-19T21:00:00Z 2014-08-19T23:00:00Z 86.000000 138.000000 46.000000 3.000000 0.700000 146.000000 3 3 1
2014-08-19T20:00:00Z 2014-08-19T22:00:00Z 86.000000 162.000000 42.000000 3.000000 0.700000 185.000000 3 3 1
2014-08-19T19:00:00Z 2014-08-19T21:00:00Z 77.000000 187.000000 40.000000 4.000000 0.600000 194.000000 3 3 1
2014-08-19T13:00:00Z 2014-08-19T15:00:00Z 93.000000 0.000000 40.000000 4.000000 0.800000 221.000000 3 2 1
2014-08-19T05:00:00Z 2014-08-19T07:00:00Z 111.000000 145.000000 69.000000 2.000000 0.800000 21.000000 3 4 1
2014-08-19T04:00:00Z 2014-08-19T06:00:00Z 91.000000 125.000000 46.000000 2.000000 0.700000 39.000000 3 4 1
2014-08-18T22:00:00Z 2014-08-19T00:00:00Z 79.000000 0.000000 46.000000 6.000000 0.900000 112.000000 3 2 1
2014-08-18T19:00:00Z 2014-08-18T21:00:00Z 77.000000 98.000000 43.000000 3.000000 0.600000 141.000000 3 3 1
2014-08-18T18:00:00Z 2014-08-18T20:00:00Z 84.000000 113.000000 38.000000 5.000000 0.600000 164.000000 3 2 1
2014-08-18T17:00:00Z 2014-08-18T19:00:00Z 83.000000 102.000000 39.000000 6.000000 0.700000 182.000000 3 3 1
2014-08-18T16:00:00Z 2014-08-18T18:00:00Z 90.000000 110.000000 34.000000 6.000000 0.800000 201.000000 3 3 1
2014-08-18T14:00:00Z 2014-08-18T16:00:00Z 76.000000 104.000000 37.000000 7.000000 0.800000 208.000000 3 3 1
2014-08-18T03:00:00Z 2014-08-18T05:00:00Z 77.000000 149.000000 89.000000 4.000000 0.800000 18.000000 3 1 1
2014-08-17T23:00:00Z 2014-08-18T01:00:00Z 80.000000 152.000000 60.000000 5.000000 1.000000 90.000000 3 1 1
2014-08-16T23:00:00Z 2014-08-17T01:00:00Z 105.000000 0.000000 88.000000 2.000000 1.100000 81.000000 3 5 1
2014-08-16T22:00:00Z 2014-08-17T00:00:00Z 96.000000 0.000000 61.000000 2.000000 0.900000 128.000000 3 4 1
2014-08-16T21:00:00Z 2014-08-16T23:00:00Z 85.000000 0.000000 58.000000 2.000000 0.900000 138.000000 3 3 1
2014-08-16T02:00:00Z 2014-08-16T04:00:00Z 81.000000 0.000000 142.000000 2.000000 0.800000 2.000000 3 2 1
2014-08-15T07:00:00Z 2014-08-15T09:00:00Z 84.000000 0.000000 91.000000 2.000000 0.600000 2.000000 3 4 1
2014-08-11T01:00:00Z 2014-08-11T03:00:00Z 76.000000 0.000000 75.000000 4.000000 0.600000 43.000000 3 2 1
2014-08-11T00:00:00Z 2014-08-11T02:00:00Z 79.000000 0.000000 94.000000 4.000000 0.800000 34.000000 3 2 1
2014-08-09T14:00:00Z 2014-08-09T16:00:00Z 76.000000 0.000000 22.000000 11.000000 0.800000 208.000000 3 2 1
2014-08-09T13:00:00Z 2014-08-09T15:00:00Z 83.000000 0.000000 26.000000 14.000000 0.900000 214.000000 3 2 1
2014-08-07T22:00:00Z 2014-08-08T00:00:00Z 78.000000 0.000000 66.000000 8.000000 1.300000 118.000000 3 2 1
2014-08-07T21:00:00Z 2014-08-07T23:00:00Z 98.000000 0.000000 53.000000 9.000000 1.700000 201.000000 3 2 1
2014-08-07T11:00:00Z 2014-08-07T13:00:00Z 77.000000 0.000000 49.000000 13.000000 1.400000 126.000000 3 2 1
2014-08-07T09:00:00Z 2014-08-07T11:00:00Z 76.000000 0.000000 81.000000 4.000000 0.800000 35.000000 3 3 1
2014-08-07T07:00:00Z 2014-08-07T09:00:00Z 82.000000 0.000000 93.000000 4.000000 0.900000 2.000000 3 3 1
2014-08-07T06:00:00Z 2014-08-07T08:00:00Z 106.000000 0.000000 86.000000 3.000000 1.000000 2.000000 3 2 1
2014-08-07T05:00:00Z 2014-08-07T07:00:00Z 88.000000 0.000000 76.000000 4.000000 0.900000 8.000000 3 3 1
2014-08-07T04:00:00Z 2014-08-07T06:00:00Z 96.000000 0.000000 68.000000 6.000000 0.800000 21.000000 3 3 1
2014-08-07T03:00:00Z 2014-08-07T05:00:00Z 112.000000 0.000000 80.000000 3.000000 0.900000 2.000000 3 3 1
2014-08-07T00:00:00Z 2014-08-07T02:00:00Z 83.000000 0.000000 110.000000 2.000000 1.200000 25.000000 3 4 1
2014-08-06T08:00:00Z 2014-08-06T10:00:00Z 78.000000 0.000000 73.000000 3.000000 0.500000 21.000000 3 1 1
2014-08-06T07:00:00Z 2014-08-06T09:00:00Z 78.000000 0.000000 95.000000 3.000000 0.700000 2.000000 3 2 1
2014-08-04T06:00:00Z 2014-08-04T08:00:00Z 109.000000 0.000000 73.000000 2.000000 0.700000 3.000000 3 2 0
2014-08-04T05:00:00Z 2014-08-04T07:00:00Z 104.000000 0.000000 81.000000 3.000000 0.900000 3.000000 3 2 0
2014-08-04T04:00:00Z 2014-08-04T06:00:00Z 97.000000 0.000000 80.000000 2.000000 0.900000 9.000000 3 3 0
2014-08-04T03:00:00Z 2014-08-04T05:00:00Z 94.000000 0.000000 81.000000 2.000000 0.900000 8.000000 3 3 0
2014-08-04T02:00:00Z 2014-08-04T04:00:00Z 90.000000 0.000000 107.000000 2.000000 0.800000 2.000000 3 3 0
2014-08-04T01:00:00Z 2014-08-04T03:00:00Z 79.000000 0.000000 101.000000 2.000000 0.900000 5.000000 3 3 0
2014-08-04T00:00:00Z 2014-08-04T02:00:00Z 81.000000 0.000000 66.000000 2.000000 0.800000 48.000000 3 3 0
2014-08-03T18:00:00Z 2014-08-03T20:00:00Z 79.000000 0.000000 42.000000 2.000000 0.600000 129.000000 3 2 0
2014-08-03T14:00:00Z 2014-08-03T16:00:00Z 98.000000 0.000000 26.000000 2.000000 0.700000 229.000000 3 4 0
2014-08-03T12:00:00Z 2014-08-03T14:00:00Z 106.000000 0.000000 27.000000 3.000000 0.700000 183.000000 3 3 0
2014-08-03T11:00:00Z 2014-08-03T13:00:00Z 101.000000 0.000000 34.000000 3.000000 0.700000 134.000000 3 3 0
2014-08-03T09:00:00Z 2014-08-03T11:00:00Z 108.000000 0.000000 37.000000 3.000000 0.700000 93.000000 3 3 0
2014-08-02T18:00:00Z 2014-08-02T20:00:00Z 110.000000 0.000000 38.000000 2.000000 0.600000 173.000000 3 4 0
2014-08-02T10:00:00Z 2014-08-02T12:00:00Z 107.000000 0.000000 61.000000 2.000000 0.800000 12.000000 3 4 0
2014-08-02T09:00:00Z 2014-08-02T11:00:00Z 91.000000 0.000000 60.000000 2.000000 0.800000 2.000000 3 4 0
2014-08-02T08:00:00Z 2014-08-02T10:00:00Z 76.000000 0.000000 54.000000 2.000000 0.700000 2.000000 3 3 0
2014-08-02T07:00:00Z 2014-08-02T09:00:00Z 78.000000 0.000000 55.000000 2.000000 0.600000 2.000000 3 3 0
2014-08-02T06:00:00Z 2014-08-02T08:00:00Z 87.000000 0.000000 61.000000 2.000000 0.800000 2.000000 3 3 0
2014-08-02T05:00:00Z 2014-08-02T07:00:00Z 95.000000 0.000000 72.000000 2.000000 0.900000 2.000000 3 3 0
2014-08-02T04:00:00Z 2014-08-02T06:00:00Z 100.000000 0.000000 82.000000 2.000000 0.900000 2.000000 3 3 0
2014-08-02T03:00:00Z 2014-08-02T05:00:00Z 112.000000 0.000000 70.000000 2.000000 0.800000 3.000000 3 3 0
2014-08-02T02:00:00Z 2014-08-02T04:00:00Z 114.000000 0.000000 72.000000 2.000000 0.800000 7.000000 3 3 0
2014-07-30T08:00:00Z 2014-07-30T10:00:00Z 114.000000 0.000000 31.000000 2.000000 1.000000 79.000000 3 4 1
2014-07-29T22:00:00Z 2014-07-30T00:00:00Z 96.000000 0.000000 26.000000 3.000000 0.500000 147.000000 3 2 1
2014-07-29T20:00:00Z 2014-07-29T22:00:00Z 100.000000 0.000000 30.000000 6.000000 0.500000 171.000000 3 3 1
2014-07-29T19:00:00Z 2014-07-29T21:00:00Z 99.000000 0.000000 33.000000 4.000000 0.500000 172.000000 3 3 1
2014-07-29T18:00:00Z 2014-07-29T20:00:00Z 103.000000 0.000000 27.000000 5.000000 0.600000 181.000000 3 3 1
2014-07-29T17:00:00Z 2014-07-29T19:00:00Z 112.000000 0.000000 25.000000 4.000000 0.600000 188.000000 3 3 1
2014-07-29T15:00:00Z 2014-07-29T17:00:00Z 81.000000 0.000000 17.000000 4.000000 0.400000 173.000000 3 3 1
2014-07-29T13:00:00Z 2014-07-29T15:00:00Z 109.000000 0.000000 15.000000 5.000000 0.500000 177.000000 3 3 1
2014-07-29T03:00:00Z 2014-07-29T05:00:00Z 114.000000 0.000000 39.000000 4.000000 0.500000 80.000000 3 4 1
2014-07-29T02:00:00Z 2014-07-29T04:00:00Z 105.000000 0.000000 42.000000 3.000000 0.500000 77.000000 3 4 1
2014-07-29T01:00:00Z 2014-07-29T03:00:00Z 100.000000 0.000000 28.000000 2.000000 0.500000 107.000000 3 3 1
2014-07-28T18:00:00Z 2014-07-28T20:00:00Z 99.000000 0.000000 26.000000 9.000000 0.600000 182.000000 3 1 1
2014-07-28T16:00:00Z 2014-07-28T18:00:00Z 80.000000 0.000000 23.000000 13.000000 0.500000 185.000000 3 3 1
2014-07-28T15:00:00Z 2014-07-28T17:00:00Z 76.000000 0.000000 19.000000 17.000000 0.600000 196.000000 3 3 1
2014-07-28T14:00:00Z 2014-07-28T16:00:00Z 109.000000 0.000000 22.000000 22.000000 0.800000 214.000000 3 3 1
2014-07-28T01:00:00Z 2014-07-28T03:00:00Z 110.000000 0.000000 41.000000 5.000000 0.700000 112.000000 3 4 1
2014-07-28T00:00:00Z 2014-07-28T02:00:00Z 106.000000 0.000000 33.000000 6.000000 0.600000 148.000000 3 4 1
2014-07-27T23:00:00Z 2014-07-28T01:00:00Z 102.000000 0.000000 33.000000 6.000000 0.700000 159.000000 3 3 1
2014-07-27T22:00:00Z 2014-07-28T00:00:00Z 97.000000 0.000000 31.000000 6.000000 0.600000 167.000000 3 3 1
2014-07-27T21:00:00Z 2014-07-27T23:00:00Z 104.000000 0.000000 27.000000 8.000000 0.700000 192.000000 3 3 1
2014-07-27T18:00:00Z 2014-07-27T20:00:00Z 111.000000 0.000000 32.000000 15.000000 0.700000 226.000000 3 4 1
2014-07-27T17:00:00Z 2014-07-27T19:00:00Z 106.000000 0.000000 29.000000 18.000000 0.900000 230.000000 3 4 1
2014-07-27T16:00:00Z 2014-07-27T18:00:00Z 102.000000 0.000000 26.000000 21.000000 0.800000 233.000000 3 3 1
2014-07-27T07:00:00Z 2014-07-27T09:00:00Z 114.000000 0.000000 64.000000 7.000000 0.700000 48.000000 3 4 1
2014-07-27T06:00:00Z 2014-07-27T08:00:00Z 113.000000 0.000000 49.000000 8.000000 0.600000 63.000000 3 4 1
2014-07-27T05:00:00Z 2014-07-27T07:00:00Z 108.000000 0.000000 42.000000 12.000000 0.600000 83.000000 3 3 1
2014-07-27T04:00:00Z 2014-07-27T06:00:00Z 100.000000 0.000000 42.000000 16.000000 0.600000 92.000000 3 3 1
2014-07-27T03:00:00Z 2014-07-27T05:00:00Z 94.000000 0.000000 45.000000 16.000000 0.500000 98.000000 3 3 1
2014-07-27T02:00:00Z 2014-07-27T04:00:00Z 85.000000 0.000000 48.000000 12.000000 0.500000 92.000000 3 3 1
2014-07-26T19:00:00Z 2014-07-26T21:00:00Z 79.000000 0.000000 34.000000 14.000000 0.800000 211.000000 3 2 1
2014-07-26T18:00:00Z 2014-07-26T20:00:00Z 93.000000 0.000000 36.000000 21.000000 1.000000 239.000000 3 2 1
2014-07-26T07:00:00Z 2014-07-26T09:00:00Z 114.000000 0.000000 90.000000 2.000000 1.200000 10.000000 3 4 1
2014-07-26T03:00:00Z 2014-07-26T05:00:00Z 114.000000 0.000000 32.000000 4.000000 1.000000 101.000000 3 4 1
2014-07-26T02:00:00Z 2014-07-26T04:00:00Z 102.000000 0.000000 36.000000 7.000000 1.100000 117.000000 3 4 1
2014-07-26T01:00:00Z 2014-07-26T03:00:00Z 94.000000 0.000000 56.000000 8.000000 1.100000 111.000000 3 3 1
2014-07-26T00:00:00Z 2014-07-26T02:00:00Z 84.000000 0.000000 64.000000 10.000000 1.100000 108.000000 3 3 1
2014-07-25T23:00:00Z 2014-07-26T01:00:00Z 76.000000 0.000000 48.000000 10.000000 1.100000 141.000000 3 3 1
2014-07-25T10:00:00Z 2014-07-25T12:00:00Z 82.000000 0.000000 38.000000 7.000000 1.000000 124.000000 3 2 1
2014-07-25T09:00:00Z 2014-07-25T11:00:00Z 95.000000 0.000000 47.000000 5.000000 1.200000 76.000000 3 2 1
2014-07-25T08:00:00Z 2014-07-25T10:00:00Z 100.000000 0.000000 57.000000 4.000000 1.400000 30.000000 3 3 1
2014-07-25T07:00:00Z 2014-07-25T09:00:00Z 93.000000 0.000000 68.000000 2.000000 1.500000 7.000000 3 3 1
2014-07-25T06:00:00Z 2014-07-25T08:00:00Z 95.000000 0.000000 81.000000 2.000000 1.300000 2.000000 3 3 1
2014-07-25T05:00:00Z 2014-07-25T07:00:00Z 102.000000 0.000000 90.000000 2.000000 1.500000 2.000000 3 3 1
2014-07-25T03:00:00Z 2014-07-25T05:00:00Z 110.000000 0.000000 109.000000 5.000000 2.100000 2.000000 3 3 1
2014-07-25T01:00:00Z 2014-07-25T03:00:00Z 101.000000 0.000000 84.000000 3.000000 1.800000 12.000000 3 3 1
2014-07-20T18:00:00Z 2014-07-20T20:00:00Z 79.000000 0.000000 20.000000 2.000000 0.600000 169.000000 3 2 1
2014-07-20T17:00:00Z 2014-07-20T19:00:00Z 77.000000 0.000000 24.000000 5.000000 0.600000 169.000000 3 2 1
2014-07-20T16:00:00Z 2014-07-20T18:00:00Z 98.000000 0.000000 21.000000 5.000000 0.800000 185.000000 3 3 1
2014-07-20T15:00:00Z 2014-07-20T17:00:00Z 105.000000 0.000000 21.000000 3.000000 0.900000 180.000000 3 3 1
2014-07-19T08:00:00Z 2014-07-19T10:00:00Z 79.000000 0.000000 66.000000 2.000000 0.500000 19.000000 3 2 1
2014-07-19T04:00:00Z 2014-07-19T06:00:00Z 76.000000 0.000000 63.000000 2.000000 0.400000 19.000000 3 2 1
2014-07-19T03:00:00Z 2014-07-19T05:00:00Z 79.000000 0.000000 61.000000 2.000000 0.400000 35.000000 3 2 1
2014-07-19T02:00:00Z 2014-07-19T04:00:00Z 84.000000 0.000000 91.000000 2.000000 0.500000 19.000000 3 3 1
2014-07-19T01:00:00Z 2014-07-19T03:00:00Z 86.000000 0.000000 69.000000 2.000000 0.600000 57.000000 3 3 1
2014-07-19T00:00:00Z 2014-07-19T02:00:00Z 88.000000 0.000000 84.000000 2.000000 0.600000 60.000000 3 3 1
2014-07-18T23:00:00Z 2014-07-19T01:00:00Z 90.000000 0.000000 74.000000 2.000000 0.600000 80.000000 3 3 1
2014-07-18T22:00:00Z 2014-07-19T00:00:00Z 87.000000 0.000000 54.000000 2.000000 0.600000 108.000000 3 3 1
2014-07-18T21:00:00Z 2014-07-18T23:00:00Z 94.000000 0.000000 44.000000 2.000000 0.600000 131.000000 3 3 1
2014-07-18T19:00:00Z 2014-07-18T21:00:00Z 114.000000 0.000000 40.000000 2.000000 0.800000 176.000000 3 3 1
2014-07-18T12:00:00Z 2014-07-18T14:00:00Z 96.000000 0.000000 53.000000 5.000000 2.100000 125.000000 3 5 1
2014-07-18T08:00:00Z 2014-07-18T10:00:00Z 112.000000 0.000000 53.000000 3.000000 1.300000 54.000000 3 1 1
2014-07-17T09:00:00Z 2014-07-17T11:00:00Z 114.000000 0.000000 68.000000 2.000000 1.600000 9.000000 3 4 1
2014-07-07T09:00:00Z 2014-07-07T11:00:00Z 101.000000 0.000000 66.000000 2.000000 0.800000 24.000000 3 4 1
2014-07-07T08:00:00Z 2014-07-07T10:00:00Z 88.000000 0.000000 59.000000 2.000000 0.700000 11.000000 3 3 1
2014-07-07T07:00:00Z 2014-07-07T09:00:00Z 84.000000 0.000000 47.000000 2.000000 0.500000 14.000000 3 3 1
2014-07-07T06:00:00Z 2014-07-07T08:00:00Z 88.000000 0.000000 44.000000 2.000000 0.600000 16.000000 3 3 1
2014-07-07T05:00:00Z 2014-07-07T07:00:00Z 103.000000 0.000000 51.000000 2.000000 0.600000 14.000000 3 3 1
2014-07-05T18:00:00Z 2014-07-05T20:00:00Z 80.000000 0.000000 32.000000 4.000000 0.500000 158.000000 3 1 0
2014-07-05T16:00:00Z 2014-07-05T18:00:00Z 76.000000 0.000000 22.000000 2.000000 0.500000 172.000000 3 3 0
2014-07-05T14:00:00Z 2014-07-05T16:00:00Z 89.000000 0.000000 25.000000 4.000000 0.600000 203.000000 3 3 0
2014-07-03T01:00:00Z 2014-07-03T03:00:00Z 112.000000 0.000000 55.000000 2.000000 0.800000 31.000000 3 5 0
2014-07-02T20:00:00Z 2014-07-02T22:00:00Z 100.000000 0.000000 59.000000 3.000000 0.900000 77.000000 3 1 0
2014-07-02T19:00:00Z 2014-07-02T21:00:00Z 89.000000 0.000000 55.000000 2.000000 0.900000 96.000000 3 4 0
2014-07-02T18:00:00Z 2014-07-02T20:00:00Z 84.000000 0.000000 55.000000 2.000000 0.900000 96.000000 3 3 0
2014-07-02T16:00:00Z 2014-07-02T18:00:00Z 78.000000 0.000000 51.000000 2.000000 1.000000 86.000000 3 3 0
2014-07-01T08:00:00Z 2014-07-01T10:00:00Z 114.000000 0.000000 111.000000 18.000000 1.500000 9.000000 3 4 0
2014-07-01T07:00:00Z 2014-07-01T09:00:00Z 96.000000 0.000000 70.000000 12.000000 0.800000 37.000000 3 4 0
2014-07-01T06:00:00Z 2014-07-01T08:00:00Z 89.000000 0.000000 51.000000 12.000000 0.700000 49.000000 3 3 0
2014-07-01T05:00:00Z 2014-07-01T07:00:00Z 77.000000 0.000000 55.000000 11.000000 0.600000 49.000000 3 3 0
2014-06-30T16:00:00Z 2014-06-30T18:00:00Z 83.000000 0.000000 33.000000 35.000000 1.000000 227.000000 3 2 1
2014-06-30T14:00:00Z 2014-06-30T16:00:00Z 114.000000 0.000000 52.000000 40.000000 1.400000 310.000000 3 3 1
2014-06-30T05:00:00Z 2014-06-30T07:00:00Z 100.000000 0.000000 128.000000 7.000000 1.500000 2.000000 3 1 1
2014-06-30T04:00:00Z 2014-06-30T06:00:00Z 89.000000 0.000000 138.000000 11.000000 1.300000 2.000000 3 3 1
2014-06-30T03:00:00Z 2014-06-30T05:00:00Z 94.000000 0.000000 87.000000 10.000000 0.800000 37.000000 3 3 1
2014-06-30T02:00:00Z 2014-06-30T04:00:00Z 80.000000 0.000000 78.000000 16.000000 0.900000 63.000000 3 3 1
2014-06-30T00:00:00Z 2014-06-30T02:00:00Z 83.000000 0.000000 99.000000 24.000000 1.500000 99.000000 3 3 1
2014-06-29T23:00:00Z 2014-06-30T01:00:00Z 81.000000 0.000000 74.000000 22.000000 1.300000 146.000000 3 2 1
2014-06-26T23:00:00Z 2014-06-27T01:00:00Z 89.000000 0.000000 107.000000 6.000000 1.600000 39.000000 3 2 1
2014-06-26T20:00:00Z 2014-06-26T22:00:00Z 91.000000 0.000000 67.000000 6.000000 0.700000 119.000000 3 1 1
2014-06-26T19:00:00Z 2014-06-26T21:00:00Z 93.000000 0.000000 70.000000 6.000000 0.800000 161.000000 3 2 1
2014-06-26T18:00:00Z 2014-06-26T20:00:00Z 106.000000 0.000000 39.000000 9.000000 0.700000 210.000000 3 3 1
2014-06-26T13:00:00Z 2014-06-26T15:00:00Z 82.000000 0.000000 25.000000 14.000000 0.700000 192.000000 3 2 1
2014-06-25T14:00:00Z 2014-06-25T16:00:00Z 106.000000 0.000000 30.000000 10.000000 0.700000 158.000000 3 4 1
2014-06-25T10:00:00Z 2014-06-25T12:00:00Z 111.000000 0.000000 89.000000 18.000000 1.300000 33.000000 3 1 1
2014-06-25T07:00:00Z 2014-06-25T09:00:00Z 93.000000 0.000000 83.000000 8.000000 1.100000 14.000000 3 3 1
2014-06-25T03:00:00Z 2014-06-25T05:00:00Z 78.000000 0.000000 53.000000 14.000000 1.300000 70.000000 3 2 1
2014-06-21T13:00:00Z 2014-06-21T15:00:00Z 87.000000 0.000000 35.000000 12.000000 1.300000 115.000000 3 2 1
2014-06-21T10:00:00Z 2014-06-21T12:00:00Z 90.000000 0.000000 48.000000 5.000000 1.100000 48.000000 3 3 1
2014-06-21T05:00:00Z 2014-06-21T07:00:00Z 80.000000 0.000000 74.000000 3.000000 0.600000 12.000000 3 3 1
2014-06-21T04:00:00Z 2014-06-21T06:00:00Z 76.000000 0.000000 51.000000 3.000000 0.600000 30.000000 3 2 1
2014-06-21T02:00:00Z 2014-06-21T04:00:00Z 78.000000 0.000000 40.000000 3.000000 0.600000 55.000000 3 3 1
2014-06-21T00:00:00Z 2014-06-21T02:00:00Z 83.000000 0.000000 36.000000 4.000000 0.700000 71.000000 3 3 1
2014-06-20T23:00:00Z 2014-06-21T01:00:00Z 97.000000 0.000000 59.000000 4.000000 1.100000 49.000000 3 2 1
2014-06-20T22:00:00Z 2014-06-21T00:00:00Z 98.000000 0.000000 50.000000 4.000000 1.400000 67.000000 3 3 1
2014-06-17T13:00:00Z 2014-06-17T15:00:00Z 84.000000 0.000000 63.000000 3.000000 0.900000 102.000000 3 4 1
2014-06-16T22:00:00Z 2014-06-17T00:00:00Z 114.000000 0.000000 55.000000 2.000000 0.900000 132.000000 3 5 1
2014-06-16T20:00:00Z 2014-06-16T22:00:00Z 113.000000 0.000000 36.000000 3.000000 0.800000 182.000000 3 3 1
2014-06-16T18:00:00Z 2014-06-16T20:00:00Z 113.000000 0.000000 36.000000 4.000000 0.700000 199.000000 3 3 1
2014-06-16T01:00:00Z 2014-06-16T03:00:00Z 109.000000 0.000000 55.000000 2.000000 0.900000 94.000000 3 1 1
2014-06-15T23:00:00Z 2014-06-16T01:00:00Z 103.000000 0.000000 58.000000 2.000000 1.000000 101.000000 3 3 1
2014-06-15T13:00:00Z 2014-06-15T15:00:00Z 106.000000 0.000000 40.000000 27.000000 1.000000 263.000000 3 4 1
2014-06-15T12:00:00Z 2014-06-15T14:00:00Z 104.000000 0.000000 57.000000 20.000000 1.000000 196.000000 3 3 1
2014-06-15T11:00:00Z 2014-06-15T13:00:00Z 113.000000 0.000000 58.000000 14.000000 1.200000 150.000000 3 3 1
2014-06-14T22:00:00Z 2014-06-15T00:00:00Z 83.000000 0.000000 83.000000 4.000000 0.900000 131.000000 3 4 1
2014-06-13T08:00:00Z 2014-06-13T10:00:00Z 112.000000 0.000000 93.000000 12.000000 1.400000 21.000000 3 2 1
2014-06-13T06:00:00Z 2014-06-13T08:00:00Z 114.000000 0.000000 100.000000 8.000000 1.200000 14.000000 3 3 1
2014-06-13T04:00:00Z 2014-06-13T06:00:00Z 114.000000 0.000000 70.000000 7.000000 1.200000 50.000000 3 3 1
2014-06-11T04:00:00Z 2014-06-11T06:00:00Z 109.000000 0.000000 58.000000 6.000000 1.400000 2.000000 3 2 1
2014-06-11T01:00:00Z 2014-06-11T03:00:00Z 92.000000 0.000000 64.000000 2.000000 1.000000 23.000000 3 1 1
2014-06-10T20:00:00Z 2014-06-10T22:00:00Z 95.000000 0.000000 67.000000 4.000000 1.500000 73.000000 3 3 1
2014-06-10T18:00:00Z 2014-06-10T20:00:00Z 76.000000 0.000000 72.000000 3.000000 1.200000 80.000000 3 3 1
2014-06-10T15:00:00Z 2014-06-10T17:00:00Z 90.000000 0.000000 44.000000 9.000000 1.300000 137.000000 3 2 1
2014-06-10T13:00:00Z 2014-06-10T15:00:00Z 113.000000 0.000000 69.000000 20.000000 1.400000 105.000000 3 3 1
2014-06-10T12:00:00Z 2014-06-10T14:00:00Z 106.000000 0.000000 80.000000 22.000000 1.500000 61.000000 3 3 1
2014-06-10T11:00:00Z 2014-06-10T13:00:00Z 104.000000 0.000000 79.000000 15.000000 1.600000 39.000000 3 3 1
2014-06-10T10:00:00Z 2014-06-10T12:00:00Z 92.000000 0.000000 59.000000 11.000000 1.200000 49.000000 3 3 1
2014-06-06T12:00:00Z 2014-06-06T14:00:00Z 98.000000 0.000000 60.000000 30.000000 2.000000 83.000000 3 1 1
2014-06-06T09:00:00Z 2014-06-06T11:00:00Z 104.000000 0.000000 65.000000 21.000000 2.300000 34.000000 3 4 1
2014-06-06T08:00:00Z 2014-06-06T10:00:00Z 94.000000 0.000000 61.000000 16.000000 1.700000 25.000000 3 4 1
2014-06-06T06:00:00Z 2014-06-06T08:00:00Z 85.000000 0.000000 46.000000 9.000000 0.800000 30.000000 3 3 1
2014-06-06T03:00:00Z 2014-06-06T05:00:00Z 108.000000 0.000000 112.000000 9.000000 0.900000 25.000000 3 3 1
2014-06-06T01:00:00Z 2014-06-06T03:00:00Z 84.000000 0.000000 80.000000 11.000000 0.700000 99.000000 3 3 1
2014-06-06T00:00:00Z 2014-06-06T02:00:00Z 88.000000 0.000000 76.000000 10.000000 0.700000 122.000000 3 3 1
2014-06-05T10:00:00Z 2014-06-05T12:00:00Z 89.000000 0.000000 59.000000 26.000000 0.900000 87.000000 3 2 0
2014-06-05T09:00:00Z 2014-06-05T11:00:00Z 98.000000 0.000000 88.000000 15.000000 1.200000 39.000000 3 2 0
2014-06-05T08:00:00Z 2014-06-05T10:00:00Z 104.000000 0.000000 103.000000 11.000000 1.200000 8.000000 3 3 0
2014-06-05T07:00:00Z 2014-06-05T09:00:00Z 94.000000 0.000000 95.000000 8.000000 1.100000 2.000000 3 3 0
2014-06-05T05:00:00Z 2014-06-05T07:00:00Z 89.000000 0.000000 0.000000 6.000000 0.700000 2.000000 3 3 0
2014-06-05T03:00:00Z 2014-06-05T05:00:00Z 97.000000 0.000000 95.000000 6.000000 0.600000 2.000000 3 3 0
2014-06-04T10:00:00Z 2014-06-04T12:00:00Z 84.000000 0.000000 85.000000 20.000000 1.000000 68.000000 3 2 0
2014-06-04T09:00:00Z 2014-06-04T11:00:00Z 96.000000 0.000000 100.000000 17.000000 1.100000 34.000000 3 2 0
2014-06-01T00:00:00Z 2014-06-01T02:00:00Z 76.000000 0.000000 18.000000 4.000000 0.500000 135.000000 3 2 0
2014-05-31T09:00:00Z 2014-05-31T11:00:00Z 104.000000 233.000000 103.000000 85.000000 2.800000 41.000000 3 4 1
2014-05-31T04:00:00Z 2014-05-31T06:00:00Z 84.000000 174.000000 79.000000 25.000000 1.900000 62.000000 3 3 1
2014-05-31T03:00:00Z 2014-05-31T05:00:00Z 81.000000 157.000000 70.000000 23.000000 1.400000 74.000000 3 3 1
2014-05-31T02:00:00Z 2014-05-31T04:00:00Z 79.000000 154.000000 72.000000 23.000000 1.000000 85.000000 3 3 1
2014-05-31T00:00:00Z 2014-05-31T02:00:00Z 78.000000 146.000000 45.000000 23.000000 0.800000 141.000000 3 3 1
2014-05-30T21:00:00Z 2014-05-30T23:00:00Z 98.000000 206.000000 60.000000 25.000000 1.000000 182.000000 3 3 1
2014-05-30T19:00:00Z 2014-05-30T21:00:00Z 107.000000 219.000000 50.000000 33.000000 0.900000 258.000000 3 3 1
2014-05-30T17:00:00Z 2014-05-30T19:00:00Z 111.000000 246.000000 44.000000 41.000000 1.100000 307.000000 3 3 1
2014-05-30T10:00:00Z 2014-05-30T12:00:00Z 85.000000 0.000000 83.000000 72.000000 2.400000 144.000000 3 4 1
2014-05-30T04:00:00Z 2014-05-30T06:00:00Z 99.000000 0.000000 114.000000 20.000000 1.100000 5.000000 3 2 1
2014-05-30T03:00:00Z 2014-05-30T05:00:00Z 106.000000 0.000000 65.000000 18.000000 1.400000 73.000000 3 2 1
2014-05-30T02:00:00Z 2014-05-30T04:00:00Z 80.000000 0.000000 108.000000 16.000000 0.900000 26.000000 3 3 1
2014-05-29T22:00:00Z 2014-05-30T00:00:00Z 78.000000 0.000000 182.000000 9.000000 1.100000 32.000000 3 2 1
2014-05-27T07:00:00Z 2014-05-27T09:00:00Z 115.000000 315.000000 59.000000 4.000000 0.300000 48.000000 3 4 1
2014-05-25T04:00:00Z 2014-05-25T06:00:00Z 113.000000 0.000000 27.000000 2.000000 0.800000 38.000000 3 4 1
2014-05-25T03:00:00Z 2014-05-25T05:00:00Z 102.000000 0.000000 42.000000 2.000000 1.200000 24.000000 3 4 1
2014-05-25T02:00:00Z 2014-05-25T04:00:00Z 102.000000 0.000000 55.000000 3.000000 1.300000 13.000000 3 3 1
2014-05-25T01:00:00Z 2014-05-25T03:00:00Z 98.000000 0.000000 48.000000 2.000000 1.100000 18.000000 3 3 1
2014-05-25T00:00:00Z 2014-05-25T02:00:00Z 100.000000 0.000000 39.000000 2.000000 0.700000 38.000000 3 3 1
2014-05-24T23:00:00Z 2014-05-25T01:00:00Z 94.000000 0.000000 40.000000 2.000000 0.700000 45.000000 3 3 1
2014-05-24T22:00:00Z 2014-05-25T00:00:00Z 86.000000 0.000000 50.000000 2.000000 0.800000 35.000000 3 3 1
2014-05-24T21:00:00Z 2014-05-24T23:00:00Z 80.000000 0.000000 57.000000 3.000000 0.800000 22.000000 3 3 1
2014-05-24T20:00:00Z 2014-05-24T22:00:00Z 82.000000 0.000000 49.000000 3.000000 0.900000 25.000000 3 3 1
2014-05-24T19:00:00Z 2014-05-24T21:00:00Z 90.000000 0.000000 48.000000 2.000000 0.900000 39.000000 3 3 1
2014-05-24T18:00:00Z 2014-05-24T20:00:00Z 96.000000 0.000000 45.000000 3.000000 0.900000 50.000000 3 3 1
2014-05-24T17:00:00Z 2014-05-24T19:00:00Z 87.000000 0.000000 48.000000 2.000000 0.900000 43.000000 3 3 1
2014-05-24T11:00:00Z 2014-05-24T13:00:00Z 82.000000 86.000000 44.000000 2.000000 0.800000 33.000000 3 1 1
2014-05-24T10:00:00Z 2014-05-24T12:00:00Z 85.000000 99.000000 48.000000 2.000000 0.900000 23.000000 3 1 1
2014-05-24T09:00:00Z 2014-05-24T11:00:00Z 91.000000 0.000000 48.000000 3.000000 0.800000 30.000000 3 3 1
2014-05-24T08:00:00Z 2014-05-24T10:00:00Z 78.000000 82.000000 53.000000 3.000000 0.700000 29.000000 3 3 1
2014-05-24T03:00:00Z 2014-05-24T05:00:00Z 105.000000 218.000000 47.000000 22.000000 1.100000 59.000000 3 2 1
2014-05-24T02:00:00Z 2014-05-24T04:00:00Z 105.000000 192.000000 64.000000 28.000000 1.300000 63.000000 3 1 1
2014-05-24T01:00:00Z 2014-05-24T03:00:00Z 108.000000 215.000000 87.000000 28.000000 1.100000 80.000000 3 3 1
2014-05-24T00:00:00Z 2014-05-24T02:00:00Z 105.000000 232.000000 92.000000 23.000000 1.200000 92.000000 3 3 1
2014-05-23T23:00:00Z 2014-05-24T01:00:00Z 94.000000 226.000000 120.000000 13.000000 1.000000 40.000000 3 3 1
2014-05-23T22:00:00Z 2014-05-24T00:00:00Z 86.000000 194.000000 107.000000 12.000000 0.900000 63.000000 3 3 1
2014-05-23T08:00:00Z 2014-05-23T10:00:00Z 114.000000 237.000000 88.000000 35.000000 0.900000 62.000000 3 4 1
2014-05-23T07:00:00Z 2014-05-23T09:00:00Z 115.000000 230.000000 74.000000 24.000000 0.900000 58.000000 3 4 1
2014-05-23T06:00:00Z 2014-05-23T08:00:00Z 113.000000 225.000000 71.000000 21.000000 0.800000 61.000000 3 3 1
2014-05-23T05:00:00Z 2014-05-23T07:00:00Z 97.000000 187.000000 70.000000 17.000000 0.800000 60.000000 3 3 1
2014-05-23T03:00:00Z 2014-05-23T05:00:00Z 88.000000 169.000000 67.000000 17.000000 0.600000 71.000000 3 3 1
2014-05-23T02:00:00Z 2014-05-23T04:00:00Z 82.000000 162.000000 52.000000 18.000000 0.600000 98.000000 3 1 1
2014-05-23T01:00:00Z 2014-05-23T03:00:00Z 76.000000 171.000000 40.000000 14.000000 0.500000 120.000000 3 3 1
2014-05-22T14:00:00Z 2014-05-22T16:00:00Z 83.000000 0.000000 25.000000 24.000000 0.600000 208.000000 3 2 1
2014-05-21T13:00:00Z 2014-05-21T15:00:00Z 106.000000 168.000000 64.000000 27.000000 1.300000 149.000000 3 4 1
2014-05-21T11:00:00Z 2014-05-21T13:00:00Z 101.000000 145.000000 57.000000 29.000000 1.100000 96.000000 3 3 1
2014-05-21T09:00:00Z 2014-05-21T11:00:00Z 89.000000 156.000000 58.000000 33.000000 1.100000 55.000000 3 3 1
2014-05-21T08:00:00Z 2014-05-21T10:00:00Z 85.000000 161.000000 75.000000 34.000000 1.300000 22.000000 3 3 1
2014-05-21T07:00:00Z 2014-05-21T09:00:00Z 82.000000 152.000000 71.000000 32.000000 1.300000 19.000000 3 3 1
2014-05-21T06:00:00Z 2014-05-21T08:00:00Z 78.000000 83.000000 59.000000 27.000000 1.200000 29.000000 3 3 1
2014-05-21T05:00:00Z 2014-05-21T07:00:00Z 86.000000 99.000000 0.000000 14.000000 1.000000 21.000000 3 3 1
2014-05-21T04:00:00Z 2014-05-21T06:00:00Z 84.000000 128.000000 34.000000 17.000000 0.800000 44.000000 3 3 1
2014-05-21T03:00:00Z 2014-05-21T05:00:00Z 85.000000 125.000000 40.000000 17.000000 0.800000 39.000000 3 3 1
2014-05-21T02:00:00Z 2014-05-21T04:00:00Z 88.000000 132.000000 46.000000 20.000000 1.000000 44.000000 3 3 1
2014-05-21T01:00:00Z 2014-05-21T03:00:00Z 95.000000 115.000000 60.000000 18.000000 0.900000 48.000000 3 3 1
2014-05-21T00:00:00Z 2014-05-21T02:00:00Z 114.000000 210.000000 73.000000 21.000000 1.500000 54.000000 3 3 1
2014-05-20T21:00:00Z 2014-05-20T23:00:00Z 79.000000 346.000000 66.000000 11.000000 1.300000 132.000000 3 4 1
2014-05-20T08:00:00Z 2014-05-20T10:00:00Z 80.000000 185.000000 34.000000 11.000000 0.600000 64.000000 3 2 1
2014-05-20T07:00:00Z 2014-05-20T09:00:00Z 102.000000 0.000000 39.000000 14.000000 0.900000 70.000000 3 2 1
2014-05-19T20:00:00Z 2014-05-19T22:00:00Z 100.000000 208.000000 57.000000 13.000000 0.700000 154.000000 3 4 1
2014-05-19T18:00:00Z 2014-05-19T20:00:00Z 102.000000 178.000000 45.000000 17.000000 0.600000 189.000000 3 3 1
2014-05-19T11:00:00Z 2014-05-19T13:00:00Z 111.000000 130.000000 54.000000 18.000000 0.900000 101.000000 3 5 1
2014-05-19T09:00:00Z 2014-05-19T11:00:00Z 78.000000 0.000000 54.000000 7.000000 0.600000 70.000000 3 3 1
2014-05-19T07:00:00Z 2014-05-19T09:00:00Z 77.000000 0.000000 50.000000 4.000000 0.600000 58.000000 3 3 1
2014-05-19T05:00:00Z 2014-05-19T07:00:00Z 79.000000 0.000000 48.000000 3.000000 0.600000 69.000000 3 3 1
2014-05-19T02:00:00Z 2014-05-19T04:00:00Z 79.000000 128.000000 32.000000 17.000000 0.500000 128.000000 3 2 1
2014-05-19T01:00:00Z 2014-05-19T03:00:00Z 100.000000 234.000000 50.000000 22.000000 0.700000 124.000000 3 2 1
2014-05-19T00:00:00Z 2014-05-19T02:00:00Z 108.000000 216.000000 81.000000 25.000000 0.700000 95.000000 3 3 1
2014-05-18T23:00:00Z 2014-05-19T01:00:00Z 110.000000 229.000000 62.000000 29.000000 0.700000 142.000000 3 3 1
2014-05-18T18:00:00Z 2014-05-18T20:00:00Z 114.000000 274.000000 33.000000 50.000000 0.900000 247.000000 3 5 1
2014-05-18T17:00:00Z 2014-05-18T19:00:00Z 94.000000 192.000000 36.000000 40.000000 0.700000 231.000000 3 4 1
2014-05-18T16:00:00Z 2014-05-18T18:00:00Z 84.000000 170.000000 34.000000 37.000000 0.500000 228.000000 3 3 1
2014-05-18T15:00:00Z 2014-05-18T17:00:00Z 88.000000 142.000000 33.000000 33.000000 0.600000 234.000000 3 3 1
2014-05-18T14:00:00Z 2014-05-18T16:00:00Z 112.000000 188.000000 65.000000 32.000000 0.800000 199.000000 3 3 1
2014-05-18T13:00:00Z 2014-05-18T15:00:00Z 104.000000 124.000000 70.000000 28.000000 0.900000 139.000000 3 3 1
2014-05-18T11:00:00Z 2014-05-18T13:00:00Z 84.000000 122.000000 61.000000 22.000000 0.800000 93.000000 3 3 1
2014-05-18T08:00:00Z 2014-05-18T10:00:00Z 78.000000 156.000000 88.000000 33.000000 0.900000 8.000000 3 3 1
2014-05-18T07:00:00Z 2014-05-18T09:00:00Z 79.000000 170.000000 90.000000 24.000000 0.900000 2.000000 3 2 1
2014-05-18T06:00:00Z 2014-05-18T08:00:00Z 95.000000 156.000000 93.000000 18.000000 1.000000 2.000000 3 3 1
2014-05-18T03:00:00Z 2014-05-18T05:00:00Z 101.000000 0.000000 83.000000 12.000000 0.800000 2.000000 3 1 1
2014-05-18T02:00:00Z 2014-05-18T04:00:00Z 90.000000 0.000000 67.000000 10.000000 0.500000 37.000000 3 1 1
2014-05-17T14:00:00Z 2014-05-17T16:00:00Z 88.000000 120.000000 28.000000 24.000000 0.600000 172.000000 3 2 1
2014-05-17T12:00:00Z 2014-05-17T14:00:00Z 81.000000 104.000000 65.000000 46.000000 1.100000 116.000000 3 3 1
2014-05-17T11:00:00Z 2014-05-17T13:00:00Z 98.000000 169.000000 104.000000 62.000000 1.600000 58.000000 3 2 1
2014-05-17T10:00:00Z 2014-05-17T12:00:00Z 101.000000 180.000000 117.000000 44.000000 1.400000 24.000000 3 3 1
2014-05-17T09:00:00Z 2014-05-17T11:00:00Z 80.000000 179.000000 112.000000 34.000000 1.100000 14.000000 3 3 1
2014-05-17T07:00:00Z 2014-05-17T09:00:00Z 94.000000 208.000000 112.000000 30.000000 1.000000 2.000000 3 3 1
2014-05-16T23:00:00Z 2014-05-17T01:00:00Z 99.000000 169.000000 59.000000 26.000000 1.300000 82.000000 3 2 1
2014-05-16T09:00:00Z 2014-05-16T11:00:00Z 77.000000 135.000000 56.000000 4.000000 0.400000 53.000000 3 1 1
2014-05-16T07:00:00Z 2014-05-16T09:00:00Z 102.000000 270.000000 97.000000 20.000000 0.700000 4.000000 3 3 1
2014-05-16T06:00:00Z 2014-05-16T08:00:00Z 106.000000 285.000000 107.000000 22.000000 0.900000 2.000000 3 3 1
2014-05-16T05:00:00Z 2014-05-16T07:00:00Z 94.000000 279.000000 111.000000 18.000000 0.900000 2.000000 3 3 1
2014-05-16T04:00:00Z 2014-05-16T06:00:00Z 88.000000 272.000000 114.000000 19.000000 0.900000 2.000000 3 3 1
2014-05-16T01:00:00Z 2014-05-16T03:00:00Z 78.000000 215.000000 107.000000 29.000000 0.900000 8.000000 3 5 1
2014-05-15T23:00:00Z 2014-05-16T01:00:00Z 112.000000 315.000000 118.000000 15.000000 1.100000 7.000000 3 3 1
2014-05-15T20:00:00Z 2014-05-15T22:00:00Z 87.000000 303.000000 75.000000 10.000000 0.600000 66.000000 3 3 1
2014-05-15T19:00:00Z 2014-05-15T21:00:00Z 95.000000 301.000000 53.000000 7.000000 0.400000 95.000000 3 4 1
2014-05-15T15:00:00Z 2014-05-15T17:00:00Z 105.000000 336.000000 40.000000 8.000000 0.300000 108.000000 3 4 1
2014-05-13T12:00:00Z 2014-05-13T14:00:00Z 95.000000 155.000000 107.000000 24.000000 1.100000 57.000000 3 2 1
2014-05-13T11:00:00Z 2014-05-13T13:00:00Z 102.000000 185.000000 121.000000 22.000000 1.200000 30.000000 3 1 1
2014-05-13T10:00:00Z 2014-05-13T12:00:00Z 89.000000 208.000000 98.000000 20.000000 0.900000 15.000000 3 3 1
2014-05-13T09:00:00Z 2014-05-13T11:00:00Z 81.000000 169.000000 88.000000 13.000000 0.900000 5.000000 3 3 1
2014-05-13T08:00:00Z 2014-05-13T10:00:00Z 81.000000 169.000000 88.000000 13.000000 0.900000 5.000000 3 3 1
2014-05-13T07:00:00Z 2014-05-13T09:00:00Z 85.000000 188.000000 94.000000 10.000000 0.900000 2.000000 3 3 1
2014-05-10T21:00:00Z 2014-05-10T23:00:00Z 76.000000 98.000000 93.000000 27.000000 1.400000 35.000000 3 2 1
2014-05-09T12:00:00Z 2014-05-09T14:00:00Z 77.000000 122.000000 59.000000 37.000000 1.500000 58.000000 3 2 1
2014-05-09T10:00:00Z 2014-05-09T12:00:00Z 81.000000 163.000000 73.000000 59.000000 2.200000 46.000000 3 3 1
2014-05-09T09:00:00Z 2014-05-09T11:00:00Z 78.000000 165.000000 84.000000 68.000000 2.400000 39.000000 3 3 1
2014-05-09T08:00:00Z 2014-05-09T10:00:00Z 77.000000 156.000000 91.000000 70.000000 2.300000 32.000000 3 3 1
2014-05-09T07:00:00Z 2014-05-09T09:00:00Z 84.000000 132.000000 85.000000 63.000000 2.000000 33.000000 3 3 1
2014-05-09T06:00:00Z 2014-05-09T08:00:00Z 79.000000 119.000000 72.000000 47.000000 1.500000 37.000000 3 3 1
2014-05-08T16:00:00Z 2014-05-08T18:00:00Z 78.000000 146.000000 30.000000 16.000000 0.700000 162.000000 3 2 1
2014-05-08T15:00:00Z 2014-05-08T17:00:00Z 100.000000 110.000000 27.000000 15.000000 0.700000 153.000000 3 2 1
2014-05-08T14:00:00Z 2014-05-08T16:00:00Z 87.000000 112.000000 30.000000 17.000000 0.700000 143.000000 3 3 1
2014-05-08T02:00:00Z 2014-05-08T04:00:00Z 108.000000 156.000000 73.000000 14.000000 0.900000 32.000000 3 4 1
2014-05-08T01:00:00Z 2014-05-08T03:00:00Z 88.000000 158.000000 88.000000 13.000000 1.000000 24.000000 3 4 1
2014-05-07T18:00:00Z 2014-05-07T20:00:00Z 99.000000 0.000000 17.000000 2.000000 0.300000 92.000000 3 2 1
2014-05-06T21:00:00Z 2014-05-06T23:00:00Z 113.000000 210.000000 82.000000 40.000000 1.300000 68.000000 3 4 1
2014-05-06T20:00:00Z 2014-05-06T22:00:00Z 108.000000 208.000000 69.000000 39.000000 1.300000 88.000000 3 4 1
2014-05-06T19:00:00Z 2014-05-06T21:00:00Z 96.000000 188.000000 61.000000 38.000000 1.100000 108.000000 3 3 1
2014-05-06T13:00:00Z 2014-05-06T15:00:00Z 107.000000 128.000000 53.000000 44.000000 0.800000 91.000000 3 1 1
2014-05-06T12:00:00Z 2014-05-06T14:00:00Z 84.000000 133.000000 58.000000 44.000000 0.800000 78.000000 3 1 1
2014-05-03T19:00:00Z 2014-05-03T21:00:00Z 79.000000 530.000000 10.000000 2.000000 0.300000 84.000000 3 2 0
2014-05-03T10:00:00Z 2014-05-03T12:00:00Z 91.000000 126.000000 79.000000 15.000000 0.700000 22.000000 3 3 0
2014-05-03T09:00:00Z 2014-05-03T11:00:00Z 77.000000 92.000000 78.000000 11.000000 0.600000 5.000000 3 1 0
2014-05-01T20:00:00Z 2014-05-01T22:00:00Z 96.000000 383.000000 17.000000 7.000000 0.400000 72.000000 3 2 0
2014-05-01T18:00:00Z 2014-05-01T20:00:00Z 115.000000 268.000000 31.000000 11.000000 0.500000 78.000000 3 3 0
2014-05-01T02:00:00Z 2014-05-01T04:00:00Z 114.000000 180.000000 85.000000 14.000000 0.700000 62.000000 3 4 0
2014-05-01T01:00:00Z 2014-05-01T03:00:00Z 105.000000 194.000000 84.000000 15.000000 0.600000 68.000000 3 4 0
2014-04-30T23:00:00Z 2014-05-01T01:00:00Z 88.000000 147.000000 75.000000 15.000000 0.600000 98.000000 3 3 1
2014-04-30T22:00:00Z 2014-05-01T00:00:00Z 86.000000 144.000000 66.000000 15.000000 0.600000 116.000000 3 1 1
2014-04-30T21:00:00Z 2014-04-30T23:00:00Z 90.000000 157.000000 66.000000 16.000000 0.600000 121.000000 3 3 1
2014-04-30T20:00:00Z 2014-04-30T22:00:00Z 92.000000 145.000000 71.000000 17.000000 0.600000 131.000000 3 3 1
2014-04-30T19:00:00Z 2014-04-30T21:00:00Z 114.000000 171.000000 56.000000 11.000000 0.600000 163.000000 3 3 1
2014-04-30T18:00:00Z 2014-04-30T20:00:00Z 106.000000 173.000000 47.000000 20.000000 0.600000 183.000000 3 3 1
2014-04-30T17:00:00Z 2014-04-30T19:00:00Z 110.000000 158.000000 42.000000 18.000000 0.600000 189.000000 3 3 1
2014-04-30T06:00:00Z 2014-04-30T08:00:00Z 114.000000 193.000000 109.000000 12.000000 0.900000 2.000000 3 4 1
2014-04-30T05:00:00Z 2014-04-30T07:00:00Z 110.000000 190.000000 0.000000 11.000000 0.800000 2.000000 3 4 1
2014-04-30T04:00:00Z 2014-04-30T06:00:00Z 112.000000 198.000000 71.000000 20.000000 0.700000 10.000000 3 3 1
2014-04-30T03:00:00Z 2014-04-30T05:00:00Z 99.000000 153.000000 81.000000 21.000000 0.700000 14.000000 3 3 1
2014-04-30T02:00:00Z 2014-04-30T04:00:00Z 98.000000 151.000000 73.000000 24.000000 0.800000 39.000000 3 3 1
2014-04-29T22:00:00Z 2014-04-30T00:00:00Z 105.000000 154.000000 75.000000 35.000000 1.100000 74.000000 3 1 1
2014-04-29T21:00:00Z 2014-04-29T23:00:00Z 108.000000 166.000000 53.000000 30.000000 1.000000 121.000000 3 1 1
2014-04-29T20:00:00Z 2014-04-29T22:00:00Z 98.000000 156.000000 42.000000 23.000000 0.800000 155.000000 3 3 1
2014-04-29T19:00:00Z 2014-04-29T21:00:00Z 110.000000 160.000000 38.000000 19.000000 0.700000 169.000000 3 3 1
2014-04-29T18:00:00Z 2014-04-29T20:00:00Z 80.000000 143.000000 39.000000 14.000000 0.600000 175.000000 3 3 1
2014-04-29T17:00:00Z 2014-04-29T19:00:00Z 96.000000 120.000000 40.000000 10.000000 0.500000 183.000000 3 3 1
2014-04-29T14:00:00Z 2014-04-29T16:00:00Z 110.000000 136.000000 66.000000 21.000000 0.900000 156.000000 3 4 1
2014-04-25T22:00:00Z 2014-04-26T00:00:00Z 110.000000 279.000000 20.000000 4.000000 0.200000 71.000000 3 1 1
2014-04-25T21:00:00Z 2014-04-25T23:00:00Z 113.000000 313.000000 22.000000 6.000000 0.300000 73.000000 3 2 1
2014-04-25T19:00:00Z 2014-04-25T21:00:00Z 115.000000 287.000000 38.000000 10.000000 0.400000 68.000000 3 3 1
2014-04-25T18:00:00Z 2014-04-25T20:00:00Z 99.000000 295.000000 34.000000 12.000000 0.500000 85.000000 3 4 1
2014-04-25T17:00:00Z 2014-04-25T19:00:00Z 112.000000 334.000000 34.000000 16.000000 0.500000 114.000000 3 3 1
2014-04-25T16:00:00Z 2014-04-25T18:00:00Z 80.000000 119.000000 31.000000 22.000000 0.600000 187.000000 3 3 1
2014-04-24T08:00:00Z 2014-04-24T10:00:00Z 114.000000 149.000000 61.000000 16.000000 0.700000 47.000000 3 3 1
2014-04-24T07:00:00Z 2014-04-24T09:00:00Z 114.000000 135.000000 50.000000 13.000000 0.600000 57.000000 3 4 1
2014-04-24T06:00:00Z 2014-04-24T08:00:00Z 100.000000 112.000000 51.000000 10.000000 0.600000 56.000000 3 3 1
2014-04-24T05:00:00Z 2014-04-24T07:00:00Z 95.000000 107.000000 0.000000 10.000000 0.500000 40.000000 3 3 1
2014-04-24T04:00:00Z 2014-04-24T06:00:00Z 89.000000 110.000000 27.000000 10.000000 0.500000 74.000000 3 3 1
2014-04-24T03:00:00Z 2014-04-24T05:00:00Z 89.000000 108.000000 29.000000 10.000000 0.400000 81.000000 3 3 1
2014-04-24T02:00:00Z 2014-04-24T04:00:00Z 87.000000 119.000000 49.000000 12.000000 0.600000 58.000000 3 3 1
2014-04-24T01:00:00Z 2014-04-24T03:00:00Z 85.000000 134.000000 50.000000 14.000000 0.500000 68.000000 3 3 1
2014-04-24T00:00:00Z 2014-04-24T02:00:00Z 85.000000 141.000000 55.000000 13.000000 0.600000 71.000000 3 3 1
2014-04-23T23:00:00Z 2014-04-24T01:00:00Z 77.000000 112.000000 40.000000 14.000000 0.500000 97.000000 3 3 1
2014-04-23T21:00:00Z 2014-04-23T23:00:00Z 89.000000 0.000000 62.000000 18.000000 0.600000 75.000000 3 3 1
2014-04-23T06:00:00Z 2014-04-23T08:00:00Z 106.000000 153.000000 40.000000 13.000000 0.700000 41.000000 3 4 1
2014-04-23T05:00:00Z 2014-04-23T07:00:00Z 105.000000 183.000000 47.000000 15.000000 0.700000 40.000000 3 4 1
2014-04-23T04:00:00Z 2014-04-23T06:00:00Z 113.000000 0.000000 53.000000 16.000000 0.700000 42.000000 3 3 1
2014-04-23T03:00:00Z 2014-04-23T05:00:00Z 94.000000 0.000000 58.000000 16.000000 0.700000 46.000000 3 3 1
2014-04-23T02:00:00Z 2014-04-23T04:00:00Z 86.000000 0.000000 63.000000 18.000000 0.700000 46.000000 3 3 1
2014-04-23T01:00:00Z 2014-04-23T03:00:00Z 83.000000 0.000000 65.000000 20.000000 0.700000 51.000000 3 3 1
2014-04-23T00:00:00Z 2014-04-23T02:00:00Z 76.000000 0.000000 66.000000 19.000000 0.700000 58.000000 3 3 1
2014-04-22T20:00:00Z 2014-04-22T22:00:00Z 86.000000 164.000000 43.000000 24.000000 0.500000 114.000000 3 2 1
2014-04-22T02:00:00Z 2014-04-22T04:00:00Z 82.000000 217.000000 124.000000 9.000000 0.700000 2.000000 3 2 1
2014-04-21T09:00:00Z 2014-04-21T11:00:00Z 89.000000 114.000000 86.000000 13.000000 0.800000 4.000000 3 2 1
2014-04-21T07:00:00Z 2014-04-21T09:00:00Z 76.000000 151.000000 96.000000 15.000000 0.900000 2.000000 3 3 1
2014-04-21T01:00:00Z 2014-04-21T03:00:00Z 90.000000 130.000000 118.000000 12.000000 0.700000 2.000000 3 2 1
2014-04-21T00:00:00Z 2014-04-21T02:00:00Z 84.000000 0.000000 128.000000 12.000000 0.800000 2.000000 3 2 1
2014-04-20T09:00:00Z 2014-04-20T11:00:00Z 84.000000 92.000000 65.000000 15.000000 0.700000 22.000000 3 1 1
2014-04-20T08:00:00Z 2014-04-20T10:00:00Z 96.000000 112.000000 71.000000 13.000000 0.800000 11.000000 3 2 1
2014-04-20T07:00:00Z 2014-04-20T09:00:00Z 95.000000 116.000000 75.000000 8.000000 0.800000 2.000000 3 3 1
2014-04-20T06:00:00Z 2014-04-20T08:00:00Z 80.000000 87.000000 85.000000 7.000000 0.800000 2.000000 3 3 1
2014-04-20T05:00:00Z 2014-04-20T07:00:00Z 101.000000 130.000000 104.000000 8.000000 1.000000 2.000000 3 3 1
2014-04-20T04:00:00Z 2014-04-20T06:00:00Z 102.000000 146.000000 107.000000 10.000000 1.100000 2.000000 3 3 1
2014-04-20T03:00:00Z 2014-04-20T05:00:00Z 107.000000 169.000000 113.000000 10.000000 1.100000 2.000000 3 3 1
2014-04-20T01:00:00Z 2014-04-20T03:00:00Z 87.000000 136.000000 107.000000 8.000000 0.900000 2.000000 3 3 1
2014-04-20T00:00:00Z 2014-04-20T02:00:00Z 85.000000 122.000000 105.000000 6.000000 0.800000 2.000000 3 4 1
2014-04-19T23:00:00Z 2014-04-20T01:00:00Z 76.000000 109.000000 89.000000 7.000000 0.700000 15.000000 3 3 1
2014-04-19T03:00:00Z 2014-04-19T05:00:00Z 76.000000 146.000000 124.000000 21.000000 1.000000 2.000000 3 2 1
2014-04-18T21:00:00Z 2014-04-18T23:00:00Z 77.000000 137.000000 69.000000 21.000000 1.000000 64.000000 3 2 1
2014-04-18T20:00:00Z 2014-04-18T22:00:00Z 95.000000 118.000000 88.000000 25.000000 1.200000 50.000000 3 2 1
2014-04-17T23:00:00Z 2014-04-18T01:00:00Z 114.000000 126.000000 60.000000 14.000000 1.100000 54.000000 3 4 1
2014-04-17T22:00:00Z 2014-04-18T00:00:00Z 109.000000 133.000000 71.000000 15.000000 1.200000 53.000000 3 4 1
2014-04-17T21:00:00Z 2014-04-17T23:00:00Z 108.000000 133.000000 58.000000 16.000000 1.100000 76.000000 3 3 1
2014-04-17T17:00:00Z 2014-04-17T19:00:00Z 83.000000 105.000000 50.000000 24.000000 1.100000 108.000000 3 4 1
2014-04-17T16:00:00Z 2014-04-17T18:00:00Z 102.000000 114.000000 43.000000 32.000000 1.100000 108.000000 3 4 1
2014-04-17T15:00:00Z 2014-04-17T17:00:00Z 83.000000 98.000000 43.000000 35.000000 1.200000 103.000000 3 3 1
2014-04-17T14:00:00Z 2014-04-17T16:00:00Z 78.000000 97.000000 45.000000 39.000000 1.300000 94.000000 3 3 1
2014-04-17T10:00:00Z 2014-04-17T12:00:00Z 104.000000 110.000000 78.000000 12.000000 1.500000 29.000000 3 2 1
2014-04-17T09:00:00Z 2014-04-17T11:00:00Z 107.000000 149.000000 95.000000 7.000000 1.500000 4.000000 3 2 1
2014-04-17T08:00:00Z 2014-04-17T10:00:00Z 96.000000 125.000000 101.000000 8.000000 1.300000 2.000000 3 3 1
2014-04-17T07:00:00Z 2014-04-17T09:00:00Z 90.000000 162.000000 95.000000 6.000000 1.200000 2.000000 3 3 1
2014-04-17T06:00:00Z 2014-04-17T08:00:00Z 99.000000 327.000000 101.000000 11.000000 1.200000 2.000000 3 3 1
2014-04-17T05:00:00Z 2014-04-17T07:00:00Z 108.000000 282.000000 121.000000 40.000000 1.300000 2.000000 3 3 1
2014-04-17T04:00:00Z 2014-04-17T06:00:00Z 96.000000 217.000000 128.000000 57.000000 1.100000 2.000000 3 3 1
2014-04-17T03:00:00Z 2014-04-17T05:00:00Z 89.000000 209.000000 122.000000 34.000000 1.400000 2.000000 3 3 1
2014-04-17T02:00:00Z 2014-04-17T04:00:00Z 101.000000 265.000000 123.000000 35.000000 1.400000 2.000000 3 3 1
2014-04-17T01:00:00Z 2014-04-17T03:00:00Z 108.000000 0.000000 118.000000 33.000000 1.400000 2.000000 3 3 1
2014-04-17T00:00:00Z 2014-04-17T02:00:00Z 92.000000 0.000000 122.000000 25.000000 1.300000 2.000000 3 3 1
2014-04-16T23:00:00Z 2014-04-17T01:00:00Z 81.000000 211.000000 124.000000 21.000000 1.200000 2.000000 3 3 1
2014-04-16T22:00:00Z 2014-04-17T00:00:00Z 77.000000 190.000000 119.000000 20.000000 1.100000 2.000000 3 3 1
2014-04-16T08:00:00Z 2014-04-16T10:00:00Z 93.000000 146.000000 84.000000 16.000000 0.900000 2.000000 3 4 1
2014-04-15T17:00:00Z 2014-04-15T19:00:00Z 103.000000 156.000000 46.000000 17.000000 0.700000 44.000000 3 2 1
2014-04-15T14:00:00Z 2014-04-15T16:00:00Z 100.000000 161.000000 60.000000 24.000000 0.700000 53.000000 3 2 1
2014-04-15T12:00:00Z 2014-04-15T14:00:00Z 109.000000 126.000000 43.000000 30.000000 0.900000 100.000000 3 3 1
2014-04-15T09:00:00Z 2014-04-15T11:00:00Z 105.000000 157.000000 80.000000 28.000000 0.900000 20.000000 3 4 1
2014-04-14T23:00:00Z 2014-04-15T01:00:00Z 104.000000 0.000000 50.000000 25.000000 0.800000 65.000000 3 2 1
2014-04-02T22:00:00Z 2014-04-03T00:00:00Z 77.000000 119.000000 60.000000 21.000000 0.800000 56.000000 3 2 0
2014-04-02T21:00:00Z 2014-04-02T23:00:00Z 101.000000 192.000000 64.000000 24.000000 0.900000 60.000000 3 2 0
2014-04-02T20:00:00Z 2014-04-02T22:00:00Z 102.000000 166.000000 57.000000 28.000000 0.900000 79.000000 3 3 0
2014-04-02T14:00:00Z 2014-04-02T16:00:00Z 78.000000 84.000000 28.000000 21.000000 0.600000 152.000000 3 1 0
2014-04-02T05:00:00Z 2014-04-02T07:00:00Z 115.000000 163.000000 124.000000 23.000000 1.000000 2.000000 3 4 0
2014-04-02T04:00:00Z 2014-04-02T06:00:00Z 111.000000 121.000000 117.000000 27.000000 0.800000 2.000000 3 4 0
2014-04-02T03:00:00Z 2014-04-02T05:00:00Z 109.000000 131.000000 73.000000 27.000000 0.800000 24.000000 3 3 0
2014-04-02T02:00:00Z 2014-04-02T04:00:00Z 108.000000 144.000000 69.000000 34.000000 0.700000 39.000000 3 3 0
2014-04-02T01:00:00Z 2014-04-02T03:00:00Z 102.000000 156.000000 70.000000 32.000000 0.700000 46.000000 3 3 0
2014-04-02T00:00:00Z 2014-04-02T02:00:00Z 98.000000 161.000000 72.000000 29.000000 0.600000 51.000000 3 3 0
2014-04-01T23:00:00Z 2014-04-02T01:00:00Z 87.000000 137.000000 89.000000 29.000000 0.700000 48.000000 3 3 0
2014-04-01T22:00:00Z 2014-04-02T00:00:00Z 97.000000 138.000000 104.000000 34.000000 0.700000 49.000000 3 3 0
2014-04-01T21:00:00Z 2014-04-01T23:00:00Z 93.000000 156.000000 110.000000 27.000000 0.700000 40.000000 3 3 0
2014-04-01T13:00:00Z 2014-04-01T15:00:00Z 114.000000 0.000000 54.000000 27.000000 0.800000 109.000000 3 2 0
2014-03-31T01:00:00Z 2014-03-31T03:00:00Z 91.000000 231.000000 98.000000 21.000000 0.800000 22.000000 3 4 1
2014-03-28T18:00:00Z 2014-03-28T20:00:00Z 106.000000 175.000000 64.000000 26.000000 1.200000 83.000000 3 4 1
2014-03-28T11:00:00Z 2014-03-28T13:00:00Z 113.000000 129.000000 45.000000 24.000000 1.200000 49.000000 3 3 1
2014-03-28T08:00:00Z 2014-03-28T10:00:00Z 111.000000 124.000000 70.000000 14.000000 1.500000 2.000000 3 5 1
2014-03-27T22:00:00Z 2014-03-28T00:00:00Z 110.000000 163.000000 86.000000 45.000000 1.900000 2.000000 3 4 1
2014-03-27T20:00:00Z 2014-03-27T22:00:00Z 113.000000 205.000000 90.000000 42.000000 2.000000 2.000000 3 3 1
2014-03-27T19:00:00Z 2014-03-27T21:00:00Z 92.000000 160.000000 87.000000 43.000000 1.800000 2.000000 3 4 1
2014-03-27T18:00:00Z 2014-03-27T20:00:00Z 85.000000 144.000000 84.000000 40.000000 1.600000 2.000000 3 3 1
2014-03-27T17:00:00Z 2014-03-27T19:00:00Z 86.000000 127.000000 74.000000 35.000000 1.400000 2.000000 3 3 1
2014-03-23T20:00:00Z 2014-03-23T22:00:00Z 111.000000 140.000000 61.000000 29.000000 0.800000 116.000000 3 5 1
2014-03-23T07:00:00Z 2014-03-23T09:00:00Z 111.000000 172.000000 110.000000 32.000000 1.700000 2.000000 3 4 1
2014-03-23T06:00:00Z 2014-03-23T08:00:00Z 107.000000 154.000000 105.000000 32.000000 1.600000 2.000000 3 4 1
2014-03-23T05:00:00Z 2014-03-23T07:00:00Z 105.000000 175.000000 106.000000 38.000000 1.600000 2.000000 3 3 1
2014-03-23T04:00:00Z 2014-03-23T06:00:00Z 103.000000 164.000000 101.000000 37.000000 1.500000 6.000000 3 3 1
2014-03-23T03:00:00Z 2014-03-23T05:00:00Z 92.000000 168.000000 96.000000 33.000000 1.500000 8.000000 3 3 1
2014-03-23T02:00:00Z 2014-03-23T04:00:00Z 88.000000 182.000000 102.000000 34.000000 1.200000 5.000000 3 3 1
2014-03-23T01:00:00Z 2014-03-23T03:00:00Z 83.000000 137.000000 75.000000 34.000000 1.000000 38.000000 3 3 1
2014-03-22T11:00:00Z 2014-03-22T13:00:00Z 84.000000 0.000000 87.000000 28.000000 1.100000 25.000000 3 1 1
2014-03-22T09:00:00Z 2014-03-22T11:00:00Z 76.000000 189.000000 93.000000 28.000000 1.200000 2.000000 3 3 1
2014-03-22T08:00:00Z 2014-03-22T10:00:00Z 80.000000 192.000000 94.000000 27.000000 1.400000 2.000000 3 2 1
2014-03-22T07:00:00Z 2014-03-22T09:00:00Z 76.000000 193.000000 90.000000 20.000000 1.300000 2.000000 3 3 1
2014-03-22T06:00:00Z 2014-03-22T08:00:00Z 85.000000 0.000000 94.000000 23.000000 1.400000 2.000000 3 3 1
2014-03-22T05:00:00Z 2014-03-22T07:00:00Z 81.000000 208.000000 0.000000 19.000000 1.200000 2.000000 3 3 1
2014-03-22T04:00:00Z 2014-03-22T06:00:00Z 76.000000 207.000000 94.000000 20.000000 1.000000 2.000000 3 3 1
2014-03-22T03:00:00Z 2014-03-22T05:00:00Z 80.000000 0.000000 93.000000 20.000000 0.900000 2.000000 3 3 1
2014-03-19T11:00:00Z 2014-03-19T13:00:00Z 76.000000 128.000000 89.000000 32.000000 1.300000 4.000000 3 2 1
2014-03-19T10:00:00Z 2014-03-19T12:00:00Z 87.000000 168.000000 91.000000 33.000000 1.600000 2.000000 3 2 1
2014-03-19T09:00:00Z 2014-03-19T11:00:00Z 83.000000 166.000000 90.000000 32.000000 1.600000 2.000000 3 3 1
2014-03-16T16:00:00Z 2014-03-16T18:00:00Z 110.000000 222.000000 49.000000 61.000000 1.300000 100.000000 3 4 1
2014-03-16T15:00:00Z 2014-03-16T17:00:00Z 96.000000 205.000000 53.000000 71.000000 1.500000 82.000000 3 4 1
2014-03-16T14:00:00Z 2014-03-16T16:00:00Z 80.000000 182.000000 49.000000 60.000000 1.400000 74.000000 3 3 1
2014-03-16T13:00:00Z 2014-03-16T15:00:00Z 78.000000 164.000000 46.000000 56.000000 1.500000 73.000000 3 3 1
2014-03-16T12:00:00Z 2014-03-16T14:00:00Z 79.000000 165.000000 57.000000 64.000000 1.800000 54.000000 3 3 1
2014-03-16T07:00:00Z 2014-03-16T09:00:00Z 88.000000 156.000000 98.000000 124.000000 3.300000 2.000000 3 2 1
2014-03-15T14:00:00Z 2014-03-15T16:00:00Z 109.000000 188.000000 102.000000 44.000000 1.400000 38.000000 3 4 1
2014-03-15T12:00:00Z 2014-03-15T14:00:00Z 93.000000 177.000000 80.000000 44.000000 1.500000 23.000000 3 3 1
2014-03-15T09:00:00Z 2014-03-15T11:00:00Z 86.000000 177.000000 72.000000 51.000000 1.500000 2.000000 3 3 1
2014-03-15T08:00:00Z 2014-03-15T10:00:00Z 79.000000 169.000000 74.000000 49.000000 1.600000 2.000000 3 2 1
2014-03-15T04:00:00Z 2014-03-15T06:00:00Z 82.000000 188.000000 88.000000 48.000000 1.800000 2.000000 3 2 1
2014-03-10T18:00:00Z 2014-03-10T20:00:00Z 105.000000 129.000000 86.000000 73.000000 1.700000 30.000000 3 4 1
2014-03-10T17:00:00Z 2014-03-10T19:00:00Z 109.000000 137.000000 83.000000 73.000000 1.600000 36.000000 3 4 1
2014-03-10T16:00:00Z 2014-03-10T18:00:00Z 110.000000 117.000000 77.000000 68.000000 1.500000 39.000000 3 3 1
2014-03-10T15:00:00Z 2014-03-10T17:00:00Z 102.000000 116.000000 73.000000 64.000000 1.500000 37.000000 3 3 1
2014-03-10T14:00:00Z 2014-03-10T16:00:00Z 96.000000 105.000000 68.000000 64.000000 1.500000 36.000000 3 3 1
2014-03-10T12:00:00Z 2014-03-10T14:00:00Z 86.000000 94.000000 57.000000 62.000000 1.500000 25.000000 3 3 1
2014-03-10T11:00:00Z 2014-03-10T13:00:00Z 78.000000 95.000000 61.000000 66.000000 1.700000 15.000000 3 2 1
2014-03-09T21:00:00Z 2014-03-09T23:00:00Z 77.000000 123.000000 71.000000 33.000000 1.100000 28.000000 3 2 1
2014-03-09T20:00:00Z 2014-03-09T22:00:00Z 103.000000 152.000000 97.000000 44.000000 1.300000 15.000000 3 2 1
2014-03-09T10:00:00Z 2014-03-09T12:00:00Z 99.000000 114.000000 66.000000 53.000000 1.600000 11.000000 3 4 1
2014-03-09T09:00:00Z 2014-03-09T11:00:00Z 88.000000 100.000000 62.000000 51.000000 1.300000 8.000000 3 4 1
2014-03-08T06:00:00Z 2014-03-08T08:00:00Z 113.000000 160.000000 85.000000 61.000000 2.300000 2.000000 3 4 1
2014-03-08T04:00:00Z 2014-03-08T06:00:00Z 103.000000 116.000000 94.000000 104.000000 2.100000 2.000000 3 3 1
2014-03-08T03:00:00Z 2014-03-08T05:00:00Z 104.000000 0.000000 94.000000 90.000000 1.600000 2.000000 3 4 1
2014-03-08T00:00:00Z 2014-03-08T02:00:00Z 83.000000 129.000000 90.000000 44.000000 1.400000 2.000000 3 4 1
2014-03-07T09:00:00Z 2014-03-07T11:00:00Z 78.000000 94.000000 59.000000 52.000000 1.600000 8.000000 3 2 1
2014-03-02T08:00:00Z 2014-03-02T10:00:00Z 107.000000 121.000000 80.000000 93.000000 3.300000 2.000000 3 4 0
2014-03-02T07:00:00Z 2014-03-02T09:00:00Z 112.000000 119.000000 79.000000 65.000000 3.000000 2.000000 3 4 0
2014-03-02T04:00:00Z 2014-03-02T06:00:00Z 114.000000 143.000000 81.000000 36.000000 2.600000 2.000000 3 4 0
2014-03-02T00:00:00Z 2014-03-02T02:00:00Z 110.000000 150.000000 87.000000 48.000000 1.300000 11.000000 3 4 0
2014-03-01T23:00:00Z 2014-03-02T01:00:00Z 101.000000 138.000000 82.000000 53.000000 1.100000 19.000000 3 4 0
2014-03-01T22:00:00Z 2014-03-02T00:00:00Z 85.000000 123.000000 78.000000 68.000000 1.100000 24.000000 3 3 0
2014-02-28T15:00:00Z 2014-02-28T17:00:00Z 107.000000 114.000000 69.000000 48.000000 1.600000 8.000000 3 2 1
2014-02-28T12:00:00Z 2014-02-28T14:00:00Z 87.000000 97.000000 67.000000 37.000000 1.700000 3.000000 3 1 1
2014-02-26T20:00:00Z 2014-02-26T22:00:00Z 84.000000 0.000000 60.000000 34.000000 1.200000 9.000000 3 1 1
2014-02-26T19:00:00Z 2014-02-26T21:00:00Z 107.000000 0.000000 50.000000 35.000000 1.300000 23.000000 3 2 1
2014-02-24T12:00:00Z 2014-02-24T14:00:00Z 98.000000 0.000000 114.000000 169.000000 4.500000 1.000000 3 5 1
2014-02-19T21:00:00Z 2014-02-19T23:00:00Z 102.000000 134.000000 72.000000 35.000000 1.400000 20.000000 3 4 1
2014-02-19T07:00:00Z 2014-02-19T09:00:00Z 96.000000 119.000000 69.000000 36.000000 1.800000 1.000000 3 2 1
2014-02-19T06:00:00Z 2014-02-19T08:00:00Z 86.000000 106.000000 71.000000 47.000000 2.100000 1.000000 3 2 1
2014-02-19T05:00:00Z 2014-02-19T07:00:00Z 85.000000 110.000000 74.000000 54.000000 1.900000 1.000000 3 3 1
2014-02-19T04:00:00Z 2014-02-19T06:00:00Z 91.000000 110.000000 80.000000 65.000000 1.800000 1.000000 3 3 1
2014-02-19T03:00:00Z 2014-02-19T05:00:00Z 99.000000 120.000000 81.000000 67.000000 1.700000 1.000000 3 3 1
2014-02-19T02:00:00Z 2014-02-19T04:00:00Z 100.000000 120.000000 80.000000 63.000000 1.700000 1.000000 3 3 1
2014-02-18T22:00:00Z 2014-02-19T00:00:00Z 99.000000 118.000000 70.000000 39.000000 1.500000 18.000000 3 4 1
2014-02-18T21:00:00Z 2014-02-18T23:00:00Z 85.000000 97.000000 59.000000 26.000000 1.000000 31.000000 3 4 1
2014-02-18T16:00:00Z 2014-02-18T18:00:00Z 77.000000 84.000000 42.000000 25.000000 0.900000 51.000000 3 2 1
2014-02-17T17:00:00Z 2014-02-17T19:00:00Z 77.000000 84.000000 54.000000 50.000000 1.700000 56.000000 3 2 1
2014-02-17T15:00:00Z 2014-02-17T17:00:00Z 80.000000 82.000000 57.000000 58.000000 1.700000 53.000000 3 3 1
2014-02-17T14:00:00Z 2014-02-17T16:00:00Z 77.000000 78.000000 48.000000 58.000000 1.700000 59.000000 3 2 1
2014-02-17T13:00:00Z 2014-02-17T15:00:00Z 77.000000 0.000000 58.000000 81.000000 2.100000 44.000000 3 3 1
2014-02-17T12:00:00Z 2014-02-17T14:00:00Z 93.000000 0.000000 68.000000 108.000000 2.700000 27.000000 3 3 1
2014-02-17T11:00:00Z 2014-02-17T13:00:00Z 82.000000 85.000000 69.000000 112.000000 2.900000 23.000000 3 3 1
2014-02-17T03:00:00Z 2014-02-17T05:00:00Z 81.000000 0.000000 32.000000 25.000000 0.000000 15.000000 3 2 1
2014-02-14T17:00:00Z 2014-02-14T19:00:00Z 114.000000 273.000000 119.000000 79.000000 2.800000 6.000000 3 6 1
2014-02-12T18:00:00Z 2014-02-12T20:00:00Z 113.000000 128.000000 83.000000 50.000000 1.700000 1.000000 3 5 1
2014-02-12T17:00:00Z 2014-02-12T19:00:00Z 94.000000 0.000000 67.000000 43.000000 1.400000 7.000000 3 5 1
2014-02-12T16:00:00Z 2014-02-12T18:00:00Z 97.000000 103.000000 64.000000 48.000000 1.500000 12.000000 3 3 1
2014-02-12T10:00:00Z 2014-02-12T12:00:00Z 78.000000 0.000000 50.000000 38.000000 1.500000 1.000000 3 1 1
2014-02-12T09:00:00Z 2014-02-12T11:00:00Z 77.000000 0.000000 55.000000 45.000000 1.500000 1.000000 3 2 1
2014-02-11T17:00:00Z 2014-02-11T19:00:00Z 110.000000 0.000000 64.000000 70.000000 1.700000 33.000000 3 5 1
2014-02-11T14:00:00Z 2014-02-11T16:00:00Z 87.000000 0.000000 69.000000 56.000000 1.600000 22.000000 3 4 1
2014-02-11T13:00:00Z 2014-02-11T15:00:00Z 83.000000 0.000000 57.000000 55.000000 1.600000 28.000000 3 4 1
2014-02-11T11:00:00Z 2014-02-11T13:00:00Z 76.000000 86.000000 55.000000 69.000000 1.800000 14.000000 3 3 1
2014-02-11T05:00:00Z 2014-02-11T07:00:00Z 100.000000 0.000000 0.000000 33.000000 2.500000 1.000000 3 2 1
2014-02-11T04:00:00Z 2014-02-11T06:00:00Z 100.000000 0.000000 61.000000 41.000000 2.100000 0.000000 3 2 1
2014-02-11T02:00:00Z 2014-02-11T04:00:00Z 86.000000 92.000000 76.000000 0.000000 2.900000 1.000000 3 3 1
2014-02-08T10:00:00Z 2014-02-08T12:00:00Z 97.000000 0.000000 47.000000 52.000000 1.500000 22.000000 3 1 1
2014-02-08T04:00:00Z 2014-02-08T06:00:00Z 112.000000 0.000000 0.000000 14.000000 1.800000 1.000000 3 4 1
2014-02-08T03:00:00Z 2014-02-08T05:00:00Z 92.000000 0.000000 44.000000 14.000000 1.700000 5.000000 3 4 1
2014-02-07T23:00:00Z 2014-02-08T01:00:00Z 78.000000 0.000000 61.000000 31.000000 1.400000 5.000000 3 2 1
2014-02-07T22:00:00Z 2014-02-08T00:00:00Z 81.000000 0.000000 64.000000 32.000000 1.300000 3.000000 3 2 1
2014-02-07T21:00:00Z 2014-02-07T23:00:00Z 92.000000 0.000000 68.000000 33.000000 1.400000 2.000000 3 3 1
2014-02-07T20:00:00Z 2014-02-07T22:00:00Z 91.000000 0.000000 70.000000 30.000000 1.300000 4.000000 3 3 1
2014-02-07T19:00:00Z 2014-02-07T21:00:00Z 89.000000 0.000000 67.000000 23.000000 1.300000 10.000000 3 3 1
2014-02-07T18:00:00Z 2014-02-07T20:00:00Z 84.000000 0.000000 59.000000 20.000000 1.200000 16.000000 3 3 1
2014-02-07T17:00:00Z 2014-02-07T19:00:00Z 83.000000 0.000000 53.000000 23.000000 1.100000 21.000000 3 3 1
2014-02-07T16:00:00Z 2014-02-07T18:00:00Z 78.000000 0.000000 47.000000 26.000000 1.000000 29.000000 3 3 1
2014-02-07T15:00:00Z 2014-02-07T17:00:00Z 76.000000 0.000000 41.000000 28.000000 1.000000 33.000000 3 3 1
2014-02-07T13:00:00Z 2014-02-07T15:00:00Z 81.000000 0.000000 43.000000 30.000000 1.000000 26.000000 3 3 1
2014-02-07T12:00:00Z 2014-02-07T14:00:00Z 96.000000 0.000000 46.000000 32.000000 1.400000 16.000000 3 2 1
2014-02-07T11:00:00Z 2014-02-07T13:00:00Z 92.000000 0.000000 51.000000 30.000000 1.500000 8.000000 3 3 1
2014-02-07T10:00:00Z 2014-02-07T12:00:00Z 89.000000 0.000000 52.000000 29.000000 1.500000 8.000000 3 3 1
2014-02-07T09:00:00Z 2014-02-07T11:00:00Z 88.000000 0.000000 55.000000 29.000000 1.500000 5.000000 3 3 1
2014-02-07T08:00:00Z 2014-02-07T10:00:00Z 85.000000 0.000000 57.000000 26.000000 1.600000 3.000000 3 3 1
2014-02-07T06:00:00Z 2014-02-07T08:00:00Z 96.000000 0.000000 57.000000 53.000000 1.400000 2.000000 3 3 1
2014-02-07T04:00:00Z 2014-02-07T06:00:00Z 82.000000 0.000000 52.000000 43.000000 1.400000 6.000000 3 3 1
2014-02-07T00:00:00Z 2014-02-07T02:00:00Z 77.000000 0.000000 48.000000 40.000000 1.300000 16.000000 3 2 1
2014-02-06T23:00:00Z 2014-02-07T01:00:00Z 84.000000 87.000000 58.000000 43.000000 1.500000 9.000000 3 2 1
2014-02-06T21:00:00Z 2014-02-06T23:00:00Z 112.000000 117.000000 61.000000 72.000000 2.000000 21.000000 3 3 1
2014-02-06T20:00:00Z 2014-02-06T22:00:00Z 99.000000 101.000000 60.000000 68.000000 1.600000 26.000000 3 4 1
2014-02-06T19:00:00Z 2014-02-06T21:00:00Z 91.000000 0.000000 59.000000 68.000000 1.400000 30.000000 3 3 1
2014-02-06T18:00:00Z 2014-02-06T20:00:00Z 87.000000 0.000000 59.000000 66.000000 1.300000 30.000000 3 3 1
2014-02-06T17:00:00Z 2014-02-06T19:00:00Z 89.000000 0.000000 55.000000 69.000000 1.400000 38.000000 3 3 1
2014-02-06T16:00:00Z 2014-02-06T18:00:00Z 99.000000 0.000000 68.000000 75.000000 1.500000 22.000000 3 3 1
2014-02-06T15:00:00Z 2014-02-06T17:00:00Z 113.000000 0.000000 68.000000 82.000000 1.600000 21.000000 3 3 1
2014-02-06T14:00:00Z 2014-02-06T16:00:00Z 110.000000 0.000000 67.000000 87.000000 1.700000 17.000000 3 3 1
2014-02-06T11:00:00Z 2014-02-06T13:00:00Z 111.000000 0.000000 58.000000 91.000000 1.800000 7.000000 3 4 1
2014-02-05T23:00:00Z 2014-02-06T01:00:00Z 108.000000 116.000000 62.000000 58.000000 1.200000 5.000000 3 5 0
2014-02-05T21:00:00Z 2014-02-05T23:00:00Z 78.000000 85.000000 48.000000 54.000000 1.000000 29.000000 3 3 0
2014-02-05T20:00:00Z 2014-02-05T22:00:00Z 79.000000 80.000000 46.000000 60.000000 1.000000 30.000000 3 4 0
2014-02-05T19:00:00Z 2014-02-05T21:00:00Z 86.000000 88.000000 46.000000 67.000000 0.900000 33.000000 3 3 0
2014-02-05T18:00:00Z 2014-02-05T20:00:00Z 83.000000 92.000000 40.000000 66.000000 0.900000 38.000000 3 3 0
2014-02-05T17:00:00Z 2014-02-05T19:00:00Z 86.000000 88.000000 33.000000 62.000000 0.900000 45.000000 3 3 0
2014-02-05T16:00:00Z 2014-02-05T18:00:00Z 93.000000 101.000000 32.000000 60.000000 1.000000 46.000000 3 3 0
2014-02-05T15:00:00Z 2014-02-05T17:00:00Z 93.000000 105.000000 29.000000 56.000000 1.100000 46.000000 3 3 0
2014-02-05T14:00:00Z 2014-02-05T16:00:00Z 83.000000 97.000000 30.000000 49.000000 1.100000 42.000000 3 3 0
2014-02-05T13:00:00Z 2014-02-05T15:00:00Z 76.000000 126.000000 42.000000 54.000000 1.300000 27.000000 3 3 0
2014-02-05T12:00:00Z 2014-02-05T14:00:00Z 86.000000 110.000000 53.000000 78.000000 1.900000 12.000000 3 3 0
2014-02-05T11:00:00Z 2014-02-05T13:00:00Z 76.000000 87.000000 46.000000 86.000000 1.800000 11.000000 3 3 0
2014-02-05T06:00:00Z 2014-02-05T08:00:00Z 113.000000 122.000000 58.000000 55.000000 2.600000 1.000000 3 2 0
2014-02-05T03:00:00Z 2014-02-05T05:00:00Z 84.000000 129.000000 49.000000 38.000000 1.800000 9.000000 3 4 0
2014-02-04T23:00:00Z 2014-02-05T01:00:00Z 97.000000 143.000000 48.000000 55.000000 1.100000 24.000000 3 2 0
2014-02-04T21:00:00Z 2014-02-04T23:00:00Z 86.000000 114.000000 42.000000 44.000000 1.000000 36.000000 3 3 0
2014-02-01T21:00:00Z 2014-02-01T23:00:00Z 112.000000 0.000000 57.000000 28.000000 1.900000 1.000000 3 4 0
2014-02-01T20:00:00Z 2014-02-01T22:00:00Z 113.000000 0.000000 56.000000 28.000000 1.900000 1.000000 3 4 0
2014-02-01T19:00:00Z 2014-02-01T21:00:00Z 107.000000 0.000000 57.000000 30.000000 1.900000 1.000000 3 3 0
2014-02-01T18:00:00Z 2014-02-01T20:00:00Z 100.000000 0.000000 59.000000 36.000000 1.800000 1.000000 3 3 0
2014-02-01T17:00:00Z 2014-02-01T19:00:00Z 97.000000 0.000000 58.000000 39.000000 1.700000 1.000000 3 3 0
2014-02-01T16:00:00Z 2014-02-01T18:00:00Z 102.000000 0.000000 56.000000 44.000000 1.700000 2.000000 3 3 0
2014-02-01T15:00:00Z 2014-02-01T17:00:00Z 102.000000 0.000000 57.000000 50.000000 1.700000 1.000000 3 3 0
2014-02-01T14:00:00Z 2014-02-01T16:00:00Z 99.000000 0.000000 53.000000 50.000000 1.600000 2.000000 3 3 0
2014-02-01T13:00:00Z 2014-02-01T15:00:00Z 101.000000 0.000000 50.000000 54.000000 1.600000 6.000000 3 3 0
2014-01-31T15:00:00Z 2014-01-31T17:00:00Z 95.000000 115.000000 36.000000 63.000000 1.100000 40.000000 3 4 1
2014-01-31T14:00:00Z 2014-01-31T16:00:00Z 83.000000 103.000000 29.000000 63.000000 1.000000 44.000000 3 4 1
2014-01-31T08:00:00Z 2014-01-31T10:00:00Z 101.000000 128.000000 53.000000 69.000000 1.300000 8.000000 3 2 1
2014-01-30T21:00:00Z 2014-01-30T23:00:00Z 111.000000 182.000000 50.000000 64.000000 1.700000 31.000000 3 5 1
2014-01-30T20:00:00Z 2014-01-30T22:00:00Z 101.000000 210.000000 56.000000 62.000000 1.600000 30.000000 3 4 1
2014-01-30T03:00:00Z 2014-01-30T05:00:00Z 89.000000 0.000000 36.000000 48.000000 1.000000 17.000000 3 1 1
2014-01-29T12:00:00Z 2014-01-29T14:00:00Z 109.000000 122.000000 62.000000 120.000000 1.900000 8.000000 3 4 1
2014-01-29T10:00:00Z 2014-01-29T12:00:00Z 100.000000 139.000000 72.000000 82.000000 2.400000 1.000000 3 3 1
2014-01-29T09:00:00Z 2014-01-29T11:00:00Z 83.000000 110.000000 67.000000 66.000000 2.200000 1.000000 3 3 1
2014-01-28T18:00:00Z 2014-01-28T20:00:00Z 80.000000 125.000000 45.000000 26.000000 1.000000 52.000000 3 2 1
2014-01-28T17:00:00Z 2014-01-28T19:00:00Z 78.000000 128.000000 34.000000 26.000000 1.000000 66.000000 3 2 1
2014-01-27T06:00:00Z 2014-01-27T08:00:00Z 108.000000 118.000000 77.000000 75.000000 1.900000 1.000000 3 4 1
2014-01-27T05:00:00Z 2014-01-27T07:00:00Z 97.000000 108.000000 76.000000 77.000000 2.100000 1.000000 3 4 1
2014-01-27T04:00:00Z 2014-01-27T06:00:00Z 96.000000 112.000000 0.000000 33.000000 1.600000 1.000000 3 3 1
2014-01-27T03:00:00Z 2014-01-27T05:00:00Z 96.000000 116.000000 50.000000 32.000000 1.800000 1.000000 3 3 1
2014-01-27T02:00:00Z 2014-01-27T04:00:00Z 104.000000 126.000000 59.000000 37.000000 2.400000 1.000000 3 3 1
2014-01-27T01:00:00Z 2014-01-27T03:00:00Z 106.000000 122.000000 75.000000 56.000000 2.600000 1.000000 3 3 1
2014-01-27T00:00:00Z 2014-01-27T02:00:00Z 101.000000 124.000000 84.000000 72.000000 2.700000 1.000000 3 3 1
2014-01-26T23:00:00Z 2014-01-27T01:00:00Z 107.000000 130.000000 83.000000 82.000000 2.200000 1.000000 3 3 1
2014-01-26T22:00:00Z 2014-01-27T00:00:00Z 98.000000 116.000000 80.000000 96.000000 1.300000 1.000000 3 3 1
2014-01-26T21:00:00Z 2014-01-26T23:00:00Z 94.000000 118.000000 76.000000 79.000000 1.300000 4.000000 3 3 1
2014-01-26T20:00:00Z 2014-01-26T22:00:00Z 85.000000 106.000000 66.000000 71.000000 1.100000 14.000000 3 3 1
2014-01-24T15:00:00Z 2014-01-24T17:00:00Z 76.000000 92.000000 61.000000 38.000000 1.500000 18.000000 3 2 1
2014-01-24T14:00:00Z 2014-01-24T16:00:00Z 91.000000 0.000000 71.000000 55.000000 1.500000 11.000000 3 2 1
2014-01-22T16:00:00Z 2014-01-22T18:00:00Z 114.000000 126.000000 118.000000 69.000000 2.300000 1.000000 3 4 1
2014-01-22T15:00:00Z 2014-01-22T17:00:00Z 112.000000 126.000000 106.000000 69.000000 2.100000 5.000000 3 4 1
2014-01-22T14:00:00Z 2014-01-22T16:00:00Z 98.000000 103.000000 80.000000 64.000000 1.700000 14.000000 3 3 1
2014-01-22T13:00:00Z 2014-01-22T15:00:00Z 96.000000 105.000000 70.000000 54.000000 1.600000 16.000000 3 3 1
2014-01-22T12:00:00Z 2014-01-22T14:00:00Z 85.000000 107.000000 60.000000 52.000000 1.600000 14.000000 3 3 1
2014-01-22T05:00:00Z 2014-01-22T07:00:00Z 114.000000 132.000000 80.000000 85.000000 2.900000 1.000000 3 2 1
2014-01-21T22:00:00Z 2014-01-22T00:00:00Z 107.000000 173.000000 96.000000 76.000000 1.900000 1.000000 3 4 1
2014-01-21T21:00:00Z 2014-01-21T23:00:00Z 97.000000 141.000000 94.000000 66.000000 1.600000 1.000000 3 4 1
2014-01-21T20:00:00Z 2014-01-21T22:00:00Z 79.000000 113.000000 88.000000 49.000000 1.400000 1.000000 3 3 1
2014-01-19T08:00:00Z 2014-01-19T10:00:00Z 115.000000 138.000000 79.000000 85.000000 3.400000 1.000000 3 4 1
2014-01-19T07:00:00Z 2014-01-19T09:00:00Z 105.000000 126.000000 78.000000 72.000000 3.200000 1.000000 3 4 1
2014-01-19T06:00:00Z 2014-01-19T08:00:00Z 87.000000 93.000000 73.000000 62.000000 2.800000 1.000000 3 3 1
2014-01-19T05:00:00Z 2014-01-19T07:00:00Z 99.000000 118.000000 79.000000 77.000000 2.800000 1.000000 3 3 1
2014-01-19T04:00:00Z 2014-01-19T06:00:00Z 104.000000 123.000000 87.000000 88.000000 2.900000 1.000000 3 3 1
2014-01-19T03:00:00Z 2014-01-19T05:00:00Z 112.000000 126.000000 86.000000 77.000000 2.800000 1.000000 3 3 1
2014-01-18T23:00:00Z 2014-01-19T01:00:00Z 114.000000 131.000000 97.000000 86.000000 2.800000 1.000000 3 4 1
2014-01-18T21:00:00Z 2014-01-18T23:00:00Z 102.000000 129.000000 103.000000 46.000000 2.200000 1.000000 3 3 1
2014-01-18T20:00:00Z 2014-01-18T22:00:00Z 101.000000 120.000000 103.000000 35.000000 1.900000 1.000000 3 4 1
2014-01-18T19:00:00Z 2014-01-18T21:00:00Z 96.000000 117.000000 96.000000 30.000000 1.700000 1.000000 3 3 1
2014-01-18T18:00:00Z 2014-01-18T20:00:00Z 96.000000 122.000000 86.000000 30.000000 1.600000 10.000000 3 3 1
2014-01-18T17:00:00Z 2014-01-18T19:00:00Z 85.000000 107.000000 71.000000 30.000000 1.400000 21.000000 3 3 1
2014-01-18T16:00:00Z 2014-01-18T18:00:00Z 87.000000 127.000000 59.000000 32.000000 1.400000 40.000000 3 3 1
2014-01-18T15:00:00Z 2014-01-18T17:00:00Z 104.000000 137.000000 88.000000 40.000000 1.800000 26.000000 3 3 1
2014-01-17T20:00:00Z 2014-01-17T22:00:00Z 101.000000 178.000000 88.000000 45.000000 2.000000 4.000000 3 6 1
2014-01-17T19:00:00Z 2014-01-17T21:00:00Z 82.000000 133.000000 90.000000 39.000000 1.800000 2.000000 3 5 1
2014-01-17T13:00:00Z 2014-01-17T15:00:00Z 85.000000 87.000000 54.000000 68.000000 1.400000 27.000000 3 1 1
2014-01-17T11:00:00Z 2014-01-17T13:00:00Z 86.000000 91.000000 65.000000 81.000000 1.800000 3.000000 3 3 1
2014-01-17T06:00:00Z 2014-01-17T08:00:00Z 89.000000 0.000000 58.000000 77.000000 1.600000 1.000000 3 2 1
2014-01-15T04:00:00Z 2014-01-15T06:00:00Z 78.000000 0.000000 0.000000 44.000000 1.600000 1.000000 3 2 1
2014-01-15T00:00:00Z 2014-01-15T02:00:00Z 102.000000 121.000000 94.000000 72.000000 2.200000 1.000000 3 1 1
2014-01-14T23:00:00Z 2014-01-15T01:00:00Z 106.000000 120.000000 96.000000 80.000000 2.200000 1.000000 3 4 1
2014-01-14T22:00:00Z 2014-01-15T00:00:00Z 95.000000 113.000000 93.000000 69.000000 2.100000 1.000000 3 3 1
2014-01-14T21:00:00Z 2014-01-14T23:00:00Z 81.000000 88.000000 89.000000 53.000000 1.800000 1.000000 3 3 1
2014-01-14T20:00:00Z 2014-01-14T22:00:00Z 86.000000 105.000000 93.000000 57.000000 1.900000 1.000000 3 3 1
2014-01-14T19:00:00Z 2014-01-14T21:00:00Z 104.000000 108.000000 95.000000 59.000000 2.000000 1.000000 3 3 1
2014-01-14T17:00:00Z 2014-01-14T19:00:00Z 105.000000 134.000000 100.000000 75.000000 2.500000 4.000000 3 3 1
2014-01-14T12:00:00Z 2014-01-14T14:00:00Z 93.000000 0.000000 64.000000 98.000000 2.300000 12.000000 3 2 1
2014-01-14T09:00:00Z 2014-01-14T11:00:00Z 93.000000 150.000000 75.000000 77.000000 3.300000 1.000000 3 4 1
2014-01-14T03:00:00Z 2014-01-14T05:00:00Z 85.000000 98.000000 78.000000 76.000000 2.200000 1.000000 3 1 1
2014-01-13T20:00:00Z 2014-01-13T22:00:00Z 107.000000 146.000000 105.000000 59.000000 2.300000 1.000000 3 5 1
2014-01-13T19:00:00Z 2014-01-13T21:00:00Z 98.000000 151.000000 103.000000 58.000000 1.900000 1.000000 3 4 1
2014-01-13T12:00:00Z 2014-01-13T14:00:00Z 87.000000 108.000000 73.000000 75.000000 1.900000 9.000000 3 2 1
2014-01-13T03:00:00Z 2014-01-13T05:00:00Z 80.000000 100.000000 77.000000 88.000000 2.500000 1.000000 3 2 1
2014-01-13T02:00:00Z 2014-01-13T04:00:00Z 99.000000 0.000000 85.000000 92.000000 3.000000 1.000000 3 2 1
2014-01-11T23:00:00Z 2014-01-12T01:00:00Z 103.000000 129.000000 91.000000 67.000000 2.200000 1.000000 3 1 1
2014-01-11T16:00:00Z 2014-01-11T18:00:00Z 96.000000 140.000000 124.000000 69.000000 2.700000 1.000000 3 5 1
2014-01-11T06:00:00Z 2014-01-11T08:00:00Z 93.000000 111.000000 76.000000 66.000000 2.400000 1.000000 3 2 1
2014-01-11T05:00:00Z 2014-01-11T07:00:00Z 113.000000 210.000000 81.000000 75.000000 2.800000 1.000000 3 2 1
2014-01-11T01:00:00Z 2014-01-11T03:00:00Z 104.000000 192.000000 109.000000 61.000000 2.900000 1.000000 3 1 1
2014-01-11T00:00:00Z 2014-01-11T02:00:00Z 98.000000 0.000000 111.000000 66.000000 2.500000 1.000000 3 4 1
2014-01-10T23:00:00Z 2014-01-11T01:00:00Z 90.000000 122.000000 102.000000 69.000000 2.300000 1.000000 3 3 1
2014-01-10T22:00:00Z 2014-01-11T00:00:00Z 102.000000 152.000000 102.000000 71.000000 2.500000 1.000000 3 3 1
2014-01-10T21:00:00Z 2014-01-10T23:00:00Z 102.000000 147.000000 102.000000 74.000000 2.200000 1.000000 3 3 1
2014-01-10T20:00:00Z 2014-01-10T22:00:00Z 112.000000 155.000000 106.000000 73.000000 2.200000 1.000000 3 3 1
2014-01-10T19:00:00Z 2014-01-10T21:00:00Z 103.000000 152.000000 109.000000 67.000000 2.100000 1.000000 3 3 1
2014-01-10T18:00:00Z 2014-01-10T20:00:00Z 76.000000 135.000000 104.000000 58.000000 2.100000 1.000000 3 3 1
2014-01-06T12:00:00Z 2014-01-06T14:00:00Z 104.000000 105.000000 50.000000 53.000000 1.400000 6.000000 3 4 1
2014-01-06T10:00:00Z 2014-01-06T12:00:00Z 110.000000 116.000000 55.000000 61.000000 1.500000 1.000000 3 3 1
2014-01-06T09:00:00Z 2014-01-06T11:00:00Z 97.000000 105.000000 53.000000 58.000000 1.400000 1.000000 3 3 1
2014-01-06T08:00:00Z 2014-01-06T10:00:00Z 83.000000 83.000000 46.000000 58.000000 1.200000 5.000000 3 3 1
2014-01-06T07:00:00Z 2014-01-06T09:00:00Z 88.000000 0.000000 53.000000 58.000000 1.400000 3.000000 3 3 1
2014-01-06T06:00:00Z 2014-01-06T08:00:00Z 99.000000 0.000000 57.000000 57.000000 1.800000 1.000000 3 3 1
2014-01-06T05:00:00Z 2014-01-06T07:00:00Z 112.000000 0.000000 67.000000 61.000000 2.200000 1.000000 3 3 1
2014-01-05T23:00:00Z 2014-01-06T01:00:00Z 109.000000 165.000000 79.000000 63.000000 2.200000 1.000000 3 4 0
2014-01-05T22:00:00Z 2014-01-06T00:00:00Z 90.000000 187.000000 86.000000 70.000000 2.200000 1.000000 3 4 0
2014-01-05T12:00:00Z 2014-01-05T14:00:00Z 81.000000 90.000000 58.000000 38.000000 1.400000 21.000000 3 1 0
2014-01-05T10:00:00Z 2014-01-05T12:00:00Z 79.000000 0.000000 62.000000 50.000000 1.600000 6.000000 3 3 0
2014-01-05T08:00:00Z 2014-01-05T10:00:00Z 112.000000 135.000000 75.000000 54.000000 2.200000 1.000000 3 3 0
2014-01-04T11:00:00Z 2014-01-04T13:00:00Z 106.000000 135.000000 67.000000 62.000000 2.200000 1.000000 3 4 0
2014-01-04T10:00:00Z 2014-01-04T12:00:00Z 92.000000 129.000000 69.000000 54.000000 2.500000 1.000000 3 4 0
2014-01-04T09:00:00Z 2014-01-04T11:00:00Z 84.000000 110.000000 64.000000 48.000000 2.100000 1.000000 3 3 0
2014-01-04T01:00:00Z 2014-01-04T03:00:00Z 80.000000 136.000000 69.000000 51.000000 1.700000 1.000000 3 2 0
2014-01-04T00:00:00Z 2014-01-04T02:00:00Z 78.000000 131.000000 74.000000 54.000000 1.600000 1.000000 3 2 0
2014-01-03T23:00:00Z 2014-01-04T01:00:00Z 89.000000 161.000000 83.000000 64.000000 2.000000 1.000000 3 3 0
2014-01-03T06:00:00Z 2014-01-03T08:00:00Z 77.000000 164.000000 17.000000 23.000000 0.500000 44.000000 3 1 0
2014-01-03T02:00:00Z 2014-01-03T04:00:00Z 87.000000 109.000000 74.000000 61.000000 2.100000 1.000000 3 1 0
2014-01-02T13:00:00Z 2014-01-02T15:00:00Z 110.000000 163.000000 84.000000 103.000000 3.200000 2.000000 3 1 0
2014-01-02T12:00:00Z 2014-01-02T14:00:00Z 100.000000 161.000000 80.000000 103.000000 3.500000 1.000000 3 4 0
2014-01-01T03:00:00Z 2014-01-01T05:00:00Z 82.000000 0.000000 101.000000 42.000000 2.100000 1.000000 3 1 0
2014-01-01T02:00:00Z 2014-01-01T04:00:00Z 79.000000 0.000000 0.000000 40.000000 1.800000 1.000000 3 1 0
2013-12-31T06:00:00Z 2013-12-31T08:00:00Z 111.000000 0.000000 113.000000 55.000000 2.500000 1.000000 3 2 1
2013-12-31T05:00:00Z 2013-12-31T07:00:00Z 99.000000 0.000000 103.000000 62.000000 3.100000 1.000000 3 2 1
2013-12-31T02:00:00Z 2013-12-31T04:00:00Z 110.000000 0.000000 86.000000 56.000000 2.300000 1.000000 3 5 1
2013-12-31T01:00:00Z 2013-12-31T03:00:00Z 100.000000 140.000000 99.000000 66.000000 2.200000 1.000000 3 4 1
2013-12-31T00:00:00Z 2013-12-31T02:00:00Z 86.000000 114.000000 93.000000 54.000000 1.900000 1.000000 3 3 1
2013-12-30T23:00:00Z 2013-12-31T01:00:00Z 86.000000 117.000000 92.000000 66.000000 1.800000 1.000000 3 3 1
2013-12-30T22:00:00Z 2013-12-31T00:00:00Z 84.000000 121.000000 96.000000 66.000000 1.700000 1.000000 3 3 1
2013-12-30T21:00:00Z 2013-12-30T23:00:00Z 84.000000 148.000000 101.000000 50.000000 1.900000 1.000000 3 3 1
2013-12-29T23:00:00Z 2013-12-30T01:00:00Z 94.000000 131.000000 112.000000 0.000000 2.700000 1.000000 3 1 1
2013-12-29T22:00:00Z 2013-12-30T00:00:00Z 97.000000 141.000000 113.000000 0.000000 2.900000 1.000000 3 2 1
2013-12-29T21:00:00Z 2013-12-29T23:00:00Z 103.000000 148.000000 118.000000 0.000000 2.800000 1.000000 3 3 1
2013-12-29T20:00:00Z 2013-12-29T22:00:00Z 95.000000 143.000000 124.000000 0.000000 2.300000 1.000000 3 3 1
2013-12-29T19:00:00Z 2013-12-29T21:00:00Z 82.000000 143.000000 118.000000 0.000000 1.900000 1.000000 3 3 1
2013-12-29T10:00:00Z 2013-12-29T12:00:00Z 80.000000 0.000000 101.000000 0.000000 2.700000 1.000000 3 1 1
