2013-06-11T23:00:00 156 0 0 0 0 0
2013-06-12T00:00:00 164 0 0 0 0 0
2013-06-12T01:00:00 171 0 0 0 0 0
2013-06-12T02:00:00 177 0 0 0 0 0
2013-06-12T03:00:00 183 0 0 0 0 0
2013-06-12T04:00:00 187 0 0 0 0 0
2013-06-12T05:00:00 191 0 0 0 0 0
2013-06-12T06:00:00 195 0 0 0 0 0
2013-11-07T08:00:00 209 0 0 0 0 0
2013-11-07T09:00:00 213 0 0 0 0 0
2013-11-07T10:00:00 217 0 0 0 0 0
2013-11-07T11:00:00 229 0 0 0 0 0
2013-11-07T12:00:00 227 0 0 0 0 0
2013-11-07T13:00:00 225 0 0 0 0 0
2013-11-07T14:00:00 225 0 0 0 0 0
2013-11-07T15:00:00 226 0 0 0 0 0
2013-11-07T16:00:00 226 0 0 0 0 0
2013-11-07T17:00:00 227 0 0 0 0 0
2013-11-07T18:00:00 228 0 0 0 0 0
2013-11-07T19:00:00 230 0 0 0 0 0
2013-11-07T20:00:00 233 0 0 0 0 0
2013-11-15T08:00:00 154 0.844025368984 0.155974631015 2 0 2
2013-11-15T09:00:00 163 0.874658183774 0.125341816226 4 0 4
2013-11-16T13:00:00 214 0.591009007651 0.408990992349 1 1 2
2013-11-16T14:00:00 211 0.591009007651 0.408990992349 1 1 2
2013-11-16T15:00:00 209 0.591009007651 0.408990992349 1 1 2
2013-11-16T16:00:00 206 0.64286262638 0.35713737362 2 1 3
2013-11-16T17:00:00 204 0.746569863838 0.253430136162 1 0 1
2013-12-08T18:00:00 150 0.850116694764 0.149883305236 5 0 5
2013-12-08T19:00:00 152 0.816990320623 0.183009679377 7 0 7
2013-12-08T20:00:00 151 0.810349951401 0.189650048599 8 0 8
2013-12-08T21:00:00 151 0.78151953058 0.218480469421 6 0 6
2013-12-08T22:00:00 151 0.793150215739 0.206849784261 7 0 7
2013-12-08T23:00:00 151 0.789389514118 0.210610485882 5 0 5
2013-12-09T00:00:00 152 0.773787616021 0.226212383979 4 0 4
2013-12-09T01:00:00 153 0.746139370039 0.253860629961 3 0 3
2013-12-09T02:00:00 153 0.737275371634 0.262724628367 2 0 2
2013-12-09T03:00:00 152 0.737275371634 0.262724628367 2 0 2
2013-12-09T04:00:00 152 0.611616416573 0.388383583427 1 0 1
2013-12-09T05:00:00 153 0.611616416573 0.388383583427 1 0 1
2013-12-09T06:00:00 156 0.611616416573 0.388383583427 1 0 1
2013-12-09T07:00:00 168 0 0 0 0 0
2013-12-09T08:00:00 181 0 0 0 0 0
2013-12-09T09:00:00 188 0.775315405869 0.224684594131 3 0 3
2013-12-09T10:00:00 194 0.742605196368 0.257394803631 4 0 4
2013-12-09T11:00:00 199 0.742605196368 0.257394803631 4 0 4
2013-12-09T12:00:00 204 0.742605196368 0.257394803631 4 0 4
2013-12-05T00:00:00 150 0.0 0.0 0 0 0
2013-12-05T01:00:00 153 0.0 0.0 0 0 0
2013-12-05T02:00:00 155 0.0 0.0 0 0 0
2013-12-05T03:00:00 158 0.736041004162 0.263958995838 1 0 1
2013-12-05T04:00:00 160 0.736041004162 0.263958995838 1 0 1
2013-12-05T05:00:00 162 0.736041004162 0.263958995838 1 0 1
2013-12-05T06:00:00 164 0.736041004162 0.263958995838 1 0 1
2013-12-05T07:00:00 165 0.692392355703 0.307607644297 2 0 2
2013-12-05T08:00:00 166 0.687644930161 0.312355069839 9 2 11
2013-12-05T09:00:00 167 0.696898602533 0.303101397467 16 3 19
2013-12-05T10:00:00 171 0.703455328726 0.296544671274 19 3 22
2013-12-05T11:00:00 177 0.72783388887 0.27216611113 23 3 26
2013-12-05T12:00:00 183 0.737126467464 0.262873532536 25 3 28
2013-12-05T13:00:00 188 0.753950926379 0.246049073621 26 3 29
2013-12-05T17:00:00 218 0.824896020052 0.175103979948 8 0 8
2013-12-05T18:00:00 226 0.792294657423 0.207705342577 12 0 12
2013-12-05T19:00:00 234 0.763375640583 0.236624359417 10 0 10
2013-12-05T20:00:00 242 0.762233987857 0.237766012143 9 0 9
2013-12-05T21:00:00 251 0.749941750168 0.250058249832 10 0 10
2013-12-05T22:00:00 260 0.751567305055 0.248432694945 11 0 11
2013-12-05T23:00:00 270 0.745484265147 0.254515734853 11 0 11
2013-12-06T00:00:00 281 0.733179031297 0.266820968703 6 0 6
2013-12-06T01:00:00 293 0.733179031297 0.266820968703 6 0 6
2013-12-06T02:00:00 305 0.724273886823 0.275726113177 5 0 5
2013-12-06T03:00:00 317 0.745514455789 0.254485544211 4 0 4
2013-12-06T04:00:00 326 0.766883146438 0.233116853561 2 0 2
2013-12-06T05:00:00 335 0.822974978207 0.177025021793 1 0 1
2013-12-06T06:00:00 344 0 0 0 0 0
2013-12-06T09:00:00 372 0.67760659854 0.32239340146 6 2 8
2013-12-06T10:00:00 380 0.623738897741 0.376261102259 6 3 9
2013-12-06T11:00:00 390 0.623738897741 0.376261102259 6 3 9
2013-12-06T12:00:00 399 0.637236360252 0.362763639748 8 3 11
2013-12-06T13:00:00 409 0.637236360252 0.362763639748 8 3 11
2013-12-06T14:00:00 417 0.596780645705 0.403219354295 6 2 8
2013-12-06T15:00:00 425 0.649714812609 0.350285187391 4 1 5
2013-12-06T16:00:00 431 0.763944192924 0.236055807076 4 0 4
2013-12-06T17:00:00 436 0.763944192924 0.236055807076 4 0 4
2013-12-06T18:00:00 439 0.861597090837 0.138402909163 8 0 8
2013-12-06T19:00:00 441 0.789654461674 0.210345538326 12 1 13
2013-12-06T20:00:00 442 0.795214237899 0.204785762101 11 1 12
2013-12-06T21:00:00 440 0.782334646651 0.217665353349 10 1 11
2013-12-06T22:00:00 437 0.782334646651 0.217665353349 10 1 11
2013-12-06T23:00:00 432 0.780157300957 0.219842699043 11 1 12
2013-12-07T00:00:00 427 0.688156295565 0.311843704435 5 1 6
2013-12-07T01:00:00 421 0.756206498327 0.243793501673 1 0 1
2013-12-07T02:00:00 415 0.756206498327 0.243793501673 1 0 1
2013-12-07T03:00:00 409 0.756206498327 0.243793501673 1 0 1
2013-12-07T04:00:00 405 0.756206498327 0.243793501673 1 0 1
2013-12-07T05:00:00 401 0 0 0 0 0
2013-12-07T06:00:00 396 0.83478544355 0.16521455645 1 0 1
2013-12-07T07:00:00 395 0.733544353205 0.266455646795 2 0 2
2013-12-07T08:00:00 399 0.733544353205 0.266455646795 2 0 2
2013-12-07T09:00:00 376 0.845478672146 0.154521327854 8 0 8
2013-12-07T10:00:00 361 0.837866446786 0.162133553214 9 0 9
2013-12-07T11:00:00 348 0.809311056101 0.190688943899 15 0 15
2013-12-07T12:00:00 333 0.809622461926 0.190377538074 20 0 20
2013-12-07T13:00:00 315 0.826188893259 0.173811106741 21 0 21
2013-12-07T14:00:00 300 0.83081894018 0.16918105982 22 0 22
2013-12-07T15:00:00 284 0.817618897927 0.182381102073 18 0 18
2013-12-07T16:00:00 268 0.82001008934 0.17998991066 17 0 17
2013-12-07T17:00:00 255 0.849209427122 0.150790572878 11 0 11
2013-12-07T18:00:00 240 0.890746971558 0.109253028442 5 0 5
2013-12-01T06:00:00 152 0 0 0 0 0
2013-12-01T07:00:00 155 0 0 0 0 0
2013-12-01T08:00:00 158 0 0 0 0 0
2013-12-01T09:00:00 161 0 0 0 0 0
2013-12-01T10:00:00 167 0 0 0 0 0
2013-12-01T11:00:00 174 0 0 0 0 0
2013-12-01T12:00:00 183 0 0 0 0 0
2013-12-01T13:00:00 190 0 0 0 0 0
2013-12-01T14:00:00 196 0.651657504505 0.348342495495 3 0 3
2013-12-01T15:00:00 201 0.651657504505 0.348342495495 3 0 3
2013-12-01T16:00:00 206 0.689420197824 0.310579802176 4 0 4
2013-12-01T17:00:00 212 0.689420197824 0.310579802176 4 0 4
2013-12-01T18:00:00 218 0.743431285937 0.256568714063 6 0 6
2013-12-01T19:00:00 225 0.743431285937 0.256568714063 6 0 6
2013-12-01T20:00:00 231 0.83520506737 0.16479493263 3 0 3
2013-12-01T21:00:00 237 0.83520506737 0.16479493263 3 0 3
2013-12-01T22:00:00 243 0.825317511121 0.174682488879 3 0 3
2013-12-01T23:00:00 248 0.825317511121 0.174682488879 3 0 3
2013-12-02T00:00:00 253 0.773045609034 0.226954390966 1 0 1
2013-12-02T01:00:00 258 0.773045609034 0.226954390966 1 0 1
2013-12-02T02:00:00 262 0.773045609034 0.226954390966 1 0 1
2013-12-02T03:00:00 266 0.773045609034 0.226954390966 1 0 1
2013-12-02T04:00:00 269 0 0 0 0 0
2013-12-02T05:00:00 273 0 0 0 0 0
2013-12-02T06:00:00 277 0 0 0 0 0
2013-12-02T07:00:00 282 0 0 0 0 0
2013-12-02T08:00:00 286 0.657671658053 0.342328341947 3 1 4
2013-12-02T09:00:00 290 0.732901119091 0.267098880909 8 1 9
2013-12-02T10:00:00 293 0.738233119123 0.261766880877 9 1 10
2013-12-02T11:00:00 293 0.738233119123 0.261766880877 9 1 10
2013-12-02T12:00:00 294 0.738233119123 0.261766880877 9 1 10
2013-12-02T13:00:00 294 0.738233119123 0.261766880877 9 1 10
2013-12-02T14:00:00 293 0.791940759836 0.208059240164 6 0 6
2013-12-02T15:00:00 292 0.786221119409 0.213778880591 1 0 1
2013-12-02T16:00:00 290 0 0 0 0 0
2013-12-02T17:00:00 288 0 0 0 0 0
2013-12-02T18:00:00 286 0.610295432255 0.389704567745 1 0 1
2013-12-02T19:00:00 285 0.610295432255 0.389704567745 1 0 1
2013-12-02T20:00:00 284 0.753411128196 0.246588871805 2 0 2
2013-12-02T21:00:00 283 0.753411128196 0.246588871805 2 0 2
2013-12-02T22:00:00 282 0.753411128196 0.246588871805 2 0 2
2013-12-02T23:00:00 279 0.753411128196 0.246588871805 2 0 2
2013-12-03T00:00:00 275 0.896526824136 0.103473175864 1 0 1
2013-12-03T01:00:00 271 0.896526824136 0.103473175864 1 0 1
2013-12-03T02:00:00 267 0.0 0.0 0 0 0
2013-12-03T03:00:00 261 0.0 0.0 0 0 0
2013-12-03T04:00:00 256 0 0 0 0 0
2013-12-03T05:00:00 251 0 0 0 0 0
2013-12-03T06:00:00 246 0 0 0 0 0
2013-12-03T07:00:00 241 0.0 0.0 0 0 0
2013-12-03T08:00:00 236 0.326656578915 0.673343421085 0 1 1
2013-12-03T09:00:00 231 0.326656578915 0.673343421085 0 1 1
2013-12-03T10:00:00 227 0.326656578915 0.673343421085 0 1 1
2013-12-03T11:00:00 223 0.599690271016 0.400309728984 1 1 2
2013-12-03T12:00:00 220 0.637757378665 0.362242621335 2 1 3
2013-12-03T13:00:00 217 0.637757378665 0.362242621335 2 1 3
2013-12-03T14:00:00 214 0.793307778539 0.206692221461 2 0 2
2013-12-03T15:00:00 210 0.793307778539 0.206692221461 2 0 2
2013-12-03T16:00:00 208 0.8411684329 0.1588315671 3 0 3
2013-12-03T17:00:00 205 0.825390667791 0.174609332209 2 0 2
2013-12-03T18:00:00 202 0.878953662392 0.121046337608 3 0 3
2013-12-03T19:00:00 198 0.793483652909 0.206516347091 5 0 5
2013-12-03T20:00:00 194 0.793483652909 0.206516347091 5 0 5
2013-12-03T21:00:00 189 0.793483652909 0.206516347091 5 0 5
2013-12-03T22:00:00 185 0.75763213073 0.242367869269 4 0 4
2013-12-03T23:00:00 181 0.75763213073 0.242367869269 4 0 4
2013-12-04T00:00:00 178 0.665278638684 0.334721361316 2 0 2
2013-12-29T08:00:00 151 0 0 0 0 0
2013-12-29T09:00:00 154 0 0 0 0 0
2013-12-29T10:00:00 158 0 0 0 0 0
2013-12-29T11:00:00 161 0.0 0.0 0 0 0
2013-12-29T12:00:00 166 0.661154676962 0.338845323038 1 0 1
2013-12-29T13:00:00 170 0.661154676962 0.338845323038 1 0 1
2013-12-29T14:00:00 172 0.778840750549 0.221159249451 2 0 2
2013-12-29T15:00:00 173 0.778840750549 0.221159249451 2 0 2
2013-12-29T16:00:00 174 0.778840750549 0.221159249451 2 0 2
2013-12-29T17:00:00 175 0.779720254409 0.220279745591 3 0 3
2013-12-29T18:00:00 175 0.839003043132 0.160996956867 2 0 2
2013-12-29T19:00:00 176 0.871631942629 0.128368057371 3 0 3
2013-12-29T20:00:00 177 0.859184501875 0.140815498125 2 0 2
2013-12-29T21:00:00 179 0.859184501875 0.140815498125 2 0 2
2013-12-29T22:00:00 180 0.827106781291 0.172893218709 3 0 3
2013-12-29T23:00:00 182 0.849920540873 0.150079459128 2 0 2
2013-12-30T00:00:00 183 0.849920540873 0.150079459128 2 0 2
2013-12-30T01:00:00 184 0.762951340123 0.237048659877 1 0 1
2013-12-30T02:00:00 185 0.762951340123 0.237048659877 1 0 1
2013-12-30T03:00:00 186 0.762951340123 0.237048659877 1 0 1
2013-12-30T04:00:00 187 0 0 0 0 0
2013-12-30T05:00:00 188 0 0 0 0 0
2013-12-30T06:00:00 188 0 0 0 0 0
2013-12-30T07:00:00 188 0 0 0 0 0
2013-12-30T08:00:00 188 0 0 0 0 0
2013-12-30T09:00:00 188 0.856792686109 0.143207313891 1 0 1
2013-12-30T10:00:00 186 0.856792686109 0.143207313891 1 0 1
2013-12-30T11:00:00 186 0.856792686109 0.143207313891 1 0 1
2013-12-30T12:00:00 184 0.792646898685 0.207353101314 2 0 2
2013-12-30T13:00:00 183 0.792646898685 0.207353101314 2 0 2
2013-12-30T14:00:00 182 0.792646898685 0.207353101314 2 0 2
2014-01-19T19:00:00 179 0.832077932039 0.167922067961 4 0 4
2014-01-19T20:00:00 187 0.829301997996 0.170698002004 5 0 5
2014-01-19T21:00:00 173 0.854384572111 0.145615427889 4 0 4
2014-01-18T07:00:00 158 0 0 0 0 0
2014-01-18T08:00:00 200 0 0 0 0 0
2014-01-18T09:00:00 217 0 0 0 0 0
2014-01-18T10:00:00 220 0 0 0 0 0
2014-01-18T11:00:00 224 0.792015656441 0.207984343559 2 0 2
2014-01-18T12:00:00 233 0.840307018168 0.159692981832 3 0 3
2014-01-18T13:00:00 243 0.830271194397 0.169728805603 4 0 4
2014-01-18T14:00:00 250 0.830271194397 0.169728805603 4 0 4
2014-01-18T15:00:00 250 0.786764811764 0.213235188236 5 0 5
2014-01-18T16:00:00 243 0.798908117329 0.201091882671 6 0 6
2014-01-18T17:00:00 215 0.802354347773 0.197645652228 4 0 4
2014-01-18T18:00:00 188 0.779823166847 0.220176833153 4 0 4
2014-01-18T19:00:00 192 0.773042981435 0.226957018565 3 0 3
2014-01-18T20:00:00 197 0.773042981435 0.226957018565 3 0 3
2014-01-18T21:00:00 203 0.853194831537 0.146805168463 2 0 2
2014-01-18T22:00:00 204 0.84676501792 0.15323498208 1 0 1
2014-01-18T23:00:00 197 0.84676501792 0.15323498208 1 0 1
2014-01-19T00:00:00 185 0.0 0.0 0 0 0
2014-01-19T01:00:00 172 0.0 0.0 0 0 0
2014-01-30T00:00:00 152 0.173401157446 0.826598842554 0 1 1
2014-01-30T01:00:00 163 0.173401157446 0.826598842554 0 1 1
2014-01-30T02:00:00 171 0.173401157446 0.826598842554 0 1 1
2014-01-30T03:00:00 180 0.173401157446 0.826598842554 0 1 1
2014-01-30T04:00:00 180 0 0 0 0 0
2014-01-30T05:00:00 180 0 0 0 0 0
2014-01-30T06:00:00 198 0 0 0 0 0
2014-01-30T07:00:00 203 0.776175356459 0.223824643541 1 0 1
2014-01-30T08:00:00 207 0.815430785897 0.184569214103 4 0 4
2014-01-30T09:00:00 211 0.798660177919 0.201339822081 11 0 11
2014-01-30T10:00:00 223 0.770219455038 0.229780544962 15 1 16
2014-01-30T11:00:00 234 0.774172478296 0.225827521704 20 1 21
2014-01-30T12:00:00 243 0.755302357477 0.244697642523 20 2 22
2014-01-30T13:00:00 220 0.754308405145 0.245691594855 19 2 21
2014-01-30T14:00:00 216 0.75121280907 0.24878719093 17 2 19
2014-05-26T06:00:00 168 0 0 0 0 0
2014-05-26T07:00:00 185 0 0 0 0 0
2014-05-26T08:00:00 209 0 0 0 0 0
2014-05-26T09:00:00 223 0.853570057377 0.146429942623 1 0 1
2014-05-26T10:00:00 223 0.853570057377 0.146429942623 1 0 1
2014-05-26T11:00:00 199 0.853570057377 0.146429942623 1 0 1
2014-05-26T12:00:00 167 0.853570057377 0.146429942623 1 0 1
2014-05-26T13:00:00 135 0.853570057377 0.146429942623 1 0 1
2014-05-26T14:00:00 133 0.853570057377 0.146429942623 1 0 1
2014-05-26T15:00:00 143 0 0 0 0 0
2014-05-26T16:00:00 153 0 0 0 0 0
2014-05-26T17:00:00 161 0 0 0 0 0
2014-05-26T18:00:00 192 0 0 0 0 0
2014-05-26T19:00:00 200 0 0 0 0 0
2014-05-26T20:00:00 223 0.0 0.0 0 0 0
2014-05-26T21:00:00 192 0.0 0.0 0 0 0
2014-05-26T22:00:00 181 0.0 0.0 0 0 0
2014-07-10T18:00:00 156 0.890479354011 0.109520645989 2 0 2
2014-07-10T19:00:00 178 0.890479354011 0.109520645989 2 0 2
2014-07-10T20:00:00 227 0.890479354011 0.109520645989 2 0 2
2014-07-10T21:00:00 243 0.936889741622 0.0631102583782 1 0 1
2013-12-01T06:00:00 152 0 0 0 0 0
2013-12-01T07:00:00 155 0 0 0 0 0
2013-12-01T08:00:00 158 0 0 0 0 0
2013-12-01T09:00:00 161 0 0 0 0 0
2013-12-01T10:00:00 167 0 0 0 0 0
2013-12-01T11:00:00 174 0 0 0 0 0
2013-12-01T12:00:00 183 0 0 0 0 0
2013-12-01T13:00:00 190 0 0 0 0 0
2013-12-01T14:00:00 196 0.651657504505 0.348342495495 3 0 3
2013-12-01T15:00:00 201 0.651657504505 0.348342495495 3 0 3
2013-12-01T16:00:00 206 0.689420197824 0.310579802176 4 0 4
2013-12-01T17:00:00 212 0.689420197824 0.310579802176 4 0 4
2013-12-01T18:00:00 218 0.743431285937 0.256568714063 6 0 6
2013-12-01T19:00:00 225 0.743431285937 0.256568714063 6 0 6
2013-12-01T20:00:00 231 0.83520506737 0.16479493263 3 0 3
2013-12-01T21:00:00 237 0.83520506737 0.16479493263 3 0 3
2013-12-01T22:00:00 243 0.825317511121 0.174682488879 3 0 3
2013-12-01T23:00:00 248 0.825317511121 0.174682488879 3 0 3
2013-12-02T00:00:00 253 0.773045609034 0.226954390966 1 0 1
2013-12-02T01:00:00 258 0.773045609034 0.226954390966 1 0 1
2013-12-02T02:00:00 262 0.773045609034 0.226954390966 1 0 1
2013-12-02T03:00:00 266 0.773045609034 0.226954390966 1 0 1
2013-12-02T04:00:00 269 0 0 0 0 0
2013-12-02T05:00:00 273 0 0 0 0 0
2013-12-02T06:00:00 277 0 0 0 0 0
2013-12-02T07:00:00 282 0 0 0 0 0
2013-12-02T08:00:00 286 0.657671658053 0.342328341947 3 1 4
2013-12-02T09:00:00 290 0.732901119091 0.267098880909 8 1 9
2013-12-02T10:00:00 293 0.738233119123 0.261766880877 9 1 10
2013-12-02T11:00:00 293 0.738233119123 0.261766880877 9 1 10
2013-12-02T12:00:00 294 0.738233119123 0.261766880877 9 1 10
2013-12-02T13:00:00 294 0.738233119123 0.261766880877 9 1 10
2013-12-02T14:00:00 293 0.791940759836 0.208059240164 6 0 6
2013-12-02T15:00:00 292 0.786221119409 0.213778880591 1 0 1
2013-12-02T16:00:00 290 0 0 0 0 0
2013-12-02T17:00:00 288 0 0 0 0 0
2013-12-02T18:00:00 286 0.610295432255 0.389704567745 1 0 1
2013-12-02T19:00:00 285 0.610295432255 0.389704567745 1 0 1
2013-12-02T20:00:00 284 0.753411128196 0.246588871805 2 0 2
2013-12-02T21:00:00 283 0.753411128196 0.246588871805 2 0 2
2013-12-02T22:00:00 282 0.753411128196 0.246588871805 2 0 2
2013-12-02T23:00:00 279 0.753411128196 0.246588871805 2 0 2
2013-12-03T00:00:00 275 0.896526824136 0.103473175864 1 0 1
2013-12-03T01:00:00 271 0.896526824136 0.103473175864 1 0 1
2013-12-03T02:00:00 267 0.0 0.0 0 0 0
2013-12-03T03:00:00 261 0.0 0.0 0 0 0
2013-12-03T04:00:00 256 0 0 0 0 0
2013-12-03T05:00:00 251 0 0 0 0 0
2013-12-03T06:00:00 246 0 0 0 0 0
2013-12-03T07:00:00 241 0.0 0.0 0 0 0
2013-12-03T08:00:00 236 0.326656578915 0.673343421085 0 1 1
2013-12-03T09:00:00 231 0.326656578915 0.673343421085 0 1 1
2013-12-03T10:00:00 227 0.326656578915 0.673343421085 0 1 1
2013-12-03T11:00:00 223 0.599690271016 0.400309728984 1 1 2
2013-12-03T12:00:00 220 0.637757378665 0.362242621335 2 1 3
2013-12-05T02:00:00 155 0.0 0.0 0 0 0
2013-12-05T03:00:00 158 0.736041004162 0.263958995838 1 0 1
2013-12-05T04:00:00 160 0.736041004162 0.263958995838 1 0 1
2013-12-05T05:00:00 162 0.736041004162 0.263958995838 1 0 1
2013-12-05T06:00:00 164 0.736041004162 0.263958995838 1 0 1
2013-12-05T07:00:00 165 0.692392355703 0.307607644297 2 0 2
2013-12-05T08:00:00 166 0.687644930161 0.312355069839 9 2 11
2013-12-05T09:00:00 167 0.696898602533 0.303101397467 16 3 19
2013-12-05T10:00:00 171 0.703455328726 0.296544671274 19 3 22
2013-12-05T11:00:00 177 0.72783388887 0.27216611113 23 3 26
2013-12-05T12:00:00 183 0.737126467464 0.262873532536 25 3 28
2013-12-05T13:00:00 188 0.753950926379 0.246049073621 26 3 29
2013-12-05T17:00:00 218 0.824896020052 0.175103979948 8 0 8
2013-12-05T18:00:00 226 0.792294657423 0.207705342577 12 0 12
2013-12-05T19:00:00 234 0.763375640583 0.236624359417 10 0 10
2013-12-05T20:00:00 242 0.762233987857 0.237766012143 9 0 9
2013-12-05T21:00:00 251 0.749941750168 0.250058249832 10 0 10
2013-12-05T22:00:00 260 0.751567305055 0.248432694945 11 0 11
2013-12-05T23:00:00 270 0.745484265147 0.254515734853 11 0 11
2013-12-06T00:00:00 281 0.733179031297 0.266820968703 6 0 6
2013-12-06T01:00:00 293 0.733179031297 0.266820968703 6 0 6
2013-12-06T02:00:00 305 0.724273886823 0.275726113177 5 0 5
2013-12-06T03:00:00 317 0.745514455789 0.254485544211 4 0 4
2013-12-06T04:00:00 326 0.766883146438 0.233116853561 2 0 2
2013-12-06T05:00:00 335 0.822974978207 0.177025021793 1 0 1
2013-12-06T06:00:00 344 0 0 0 0 0
2013-12-06T09:00:00 372 0.67760659854 0.32239340146 6 2 8
2013-12-06T10:00:00 380 0.623738897741 0.376261102259 6 3 9
2013-12-06T11:00:00 390 0.623738897741 0.376261102259 6 3 9
2013-12-06T12:00:00 399 0.637236360252 0.362763639748 8 3 11
2013-12-06T13:00:00 409 0.637236360252 0.362763639748 8 3 11
2013-12-06T14:00:00 417 0.596780645705 0.403219354295 6 2 8
2013-12-06T15:00:00 425 0.649714812609 0.350285187391 4 1 5
2013-12-06T16:00:00 431 0.763944192924 0.236055807076 4 0 4
2013-12-06T17:00:00 436 0.763944192924 0.236055807076 4 0 4
2013-12-06T18:00:00 439 0.861597090837 0.138402909163 8 0 8
2013-12-06T19:00:00 441 0.789654461674 0.210345538326 12 1 13
2013-12-06T20:00:00 442 0.795214237899 0.204785762101 11 1 12
2013-12-06T21:00:00 440 0.782334646651 0.217665353349 10 1 11
2013-12-06T22:00:00 437 0.782334646651 0.217665353349 10 1 11
2013-12-06T23:00:00 432 0.780157300957 0.219842699043 11 1 12
2013-12-07T00:00:00 427 0.688156295565 0.311843704435 5 1 6
2013-12-07T01:00:00 421 0.756206498327 0.243793501673 1 0 1
2013-12-07T02:00:00 415 0.756206498327 0.243793501673 1 0 1
2013-12-07T03:00:00 409 0.756206498327 0.243793501673 1 0 1
2013-12-07T04:00:00 405 0.756206498327 0.243793501673 1 0 1
2013-12-07T05:00:00 401 0 0 0 0 0
2013-12-07T06:00:00 396 0.83478544355 0.16521455645 1 0 1
2013-12-07T07:00:00 395 0.733544353205 0.266455646795 2 0 2
2013-12-07T08:00:00 399 0.733544353205 0.266455646795 2 0 2
2013-12-07T09:00:00 376 0.845478672146 0.154521327854 8 0 8
2013-12-07T10:00:00 361 0.837866446786 0.162133553214 9 0 9
2013-12-07T11:00:00 348 0.809311056101 0.190688943899 15 0 15
