2013-06-12T07:00:00 197 0 0 0 0 0
2013-06-12T08:00:00 199 0 0 0 0 0
2013-06-12T09:00:00 201 0 0 0 0 0
2013-06-12T10:00:00 202 0 0 0 0 0
2013-06-12T11:00:00 203 0 0 0 0 0
2013-06-12T12:00:00 203 0 0 0 0 0
2013-06-12T13:00:00 203 0 0 0 0 0
2013-06-12T14:00:00 203 0 0 0 0 0
2013-06-12T15:00:00 203 0 0 0 0 0
2013-06-12T16:00:00 202 0 0 0 0 0
2013-06-12T17:00:00 201 0 0 0 0 0
2013-06-12T18:00:00 198 0 0 0 0 0
2013-06-12T19:00:00 192 0 0 0 0 0
2013-06-12T20:00:00 187 0 0 0 0 0
2013-06-12T21:00:00 181 0 0 0 0 0
2013-06-12T22:00:00 173 0 0 0 0 0
2013-06-12T23:00:00 165 0 0 0 0 0
2013-06-13T00:00:00 157 0 0 0 0 0
2013-06-13T01:00:00 152 0 0 0 0 0
2013-06-13T02:00:00 146 0 0 0 0 0
2013-06-13T03:00:00 141 0 0 0 0 0
2013-11-07T21:00:00 233 0 0 0 0 0
2013-11-07T22:00:00 234 0 0 0 0 0
2013-11-07T23:00:00 236 0 0 0 0 0
2013-11-08T00:00:00 238 0 0 0 0 0
2013-11-08T03:00:00 236 0 0 0 0 0
2013-11-08T04:00:00 233 0 0 0 0 0
2013-11-08T05:00:00 231 0 0 0 0 0
2013-11-08T06:00:00 230 0 0 0 0 0
2013-11-08T07:00:00 229 0 0 0 0 0
2013-11-08T08:00:00 228 0 0 0 0 0
2013-11-08T09:00:00 226 0.842895870374 0.157104129626 2 0 2
2013-11-08T10:00:00 224 0.801890836459 0.198109163541 3 0 3
2013-11-08T11:00:00 215 0.801890836459 0.198109163541 3 0 3
2013-11-08T12:00:00 206 0.801890836459 0.198109163541 3 0 3
2013-11-08T13:00:00 198 0.801890836459 0.198109163541 3 0 3
2013-11-08T14:00:00 192 0.801890836459 0.198109163541 3 0 3
2013-11-08T15:00:00 188 0.719880768628 0.280119231372 1 0 1
2013-11-08T16:00:00 183 0 0 0 0 0
2013-11-08T17:00:00 178 0 0 0 0 0
2013-11-08T18:00:00 173 0 0 0 0 0
2013-11-08T19:00:00 165 0 0 0 0 0
2013-11-08T20:00:00 156 0.621979360968 0.378020639032 1 0 1
2013-11-08T21:00:00 150 0.63497089213 0.36502910787 2 0 2
2013-11-08T22:00:00 143 0.63497089213 0.36502910787 2 0 2
2013-11-16T18:00:00 201 0.746569863838 0.253430136162 1 0 1
2013-11-16T19:00:00 197 0.746569863838 0.253430136162 1 0 1
2013-11-16T20:00:00 194 0.746569863838 0.253430136162 1 0 1
2013-11-16T21:00:00 189 0.746569863838 0.253430136162 1 0 1
2013-11-16T22:00:00 184 0 0 0 0 0
2013-11-16T23:00:00 180 0 0 0 0 0
2013-11-17T00:00:00 174 0 0 0 0 0
2013-11-17T01:00:00 169 0 0 0 0 0
2013-11-17T02:00:00 165 0 0 0 0 0
2013-11-17T03:00:00 162 0 0 0 0 0
2013-11-17T04:00:00 160 0 0 0 0 0
2013-11-17T05:00:00 159 0 0 0 0 0
2013-11-17T06:00:00 157 0 0 0 0 0
2013-11-17T07:00:00 157 0 0 0 0 0
2013-11-17T08:00:00 156 0 0 0 0 0
2013-11-17T09:00:00 155 0 0 0 0 0
2013-11-17T10:00:00 154 0 0 0 0 0
2013-11-17T11:00:00 151 0.769206265469 0.230793734531 1 0 1
2013-11-17T12:00:00 148 0.689669558223 0.310330441777 2 0 2
2013-11-17T13:00:00 145 0.689669558223 0.310330441777 2 0 2
2013-11-17T14:00:00 142 0.689669558223 0.310330441777 2 0 2
2013-11-20T22:00:00 152 0.533725781094 0.466274218906 1 1 2
2013-11-20T23:00:00 156 0.710858537568 0.289141462432 1 0 1
2013-11-21T00:00:00 159 0.710858537568 0.289141462432 1 0 1
2013-11-21T01:00:00 162 0.710858537568 0.289141462432 1 0 1
2013-11-21T02:00:00 166 0.710858537568 0.289141462432 1 0 1
2013-11-21T03:00:00 168 0.710858537568 0.289141462432 1 0 1
2013-11-21T04:00:00 170 0.710858537568 0.289141462432 1 0 1
2013-11-21T05:00:00 172 0 0 0 0 0
2013-11-21T06:00:00 175 0 0 0 0 0
2013-11-21T07:00:00 175 0 0 0 0 0
2013-11-21T08:00:00 175 0 0 0 0 0
2013-11-21T09:00:00 174 0 0 0 0 0
2013-11-21T10:00:00 172 0.828116507899 0.171883492101 1 0 1
2013-11-21T11:00:00 167 0.828116507899 0.171883492101 1 0 1
2013-11-21T12:00:00 164 0.828116507899 0.171883492101 1 0 1
2013-11-21T13:00:00 156 0.828116507899 0.171883492101 1 0 1
2013-11-21T14:00:00 148 0.828116507899 0.171883492101 1 0 1
2013-11-21T15:00:00 145 0.85145497751 0.14854502249 2 0 2
2013-11-21T16:00:00 143 0.874793447121 0.125206552879 1 0 1
2013-11-21T17:00:00 141 0.874793447121 0.125206552879 1 0 1
2013-11-21T18:00:00 139 0.742014668991 0.257985331009 3 0 3
2013-11-26T12:00:00 168 0.616283156374 0.383716843626 2 1 3
2013-11-26T13:00:00 167 0.616283156374 0.383716843626 2 1 3
2013-11-26T14:00:00 166 0.681466067065 0.318533932935 3 1 4
2013-11-26T15:00:00 163 0.890232408957 0.109767591043 3 0 3
2013-11-26T16:00:00 160 0.890232408957 0.109767591043 3 0 3
2013-11-26T17:00:00 159 0.901896742123 0.0981032578771 4 0 4
2013-11-26T18:00:00 158 0.841236609012 0.158763390988 6 0 6
2013-11-26T19:00:00 158 0.817553699273 0.182446300727 7 0 7
2013-11-26T20:00:00 156 0.807643515961 0.192356484039 6 0 6
2013-11-26T21:00:00 156 0.781794270829 0.218205729171 5 0 5
2013-11-26T22:00:00 154 0.781794270829 0.218205729171 5 0 5
2013-11-26T23:00:00 153 0.743020403131 0.256979596869 4 0 4
2013-11-27T00:00:00 148 0.675456240836 0.324543759164 1 0 1
2013-11-27T01:00:00 152 0.0 0.0 0 0 0
2013-11-27T02:00:00 148 0.0 0.0 0 0 0
2013-11-27T03:00:00 146 0.0 0.0 0 0 0
2013-11-27T04:00:00 143 0.724530612059 0.275469387941 1 0 1
2013-11-27T05:00:00 140 0.724530612059 0.275469387941 1 0 1
2013-11-27T06:00:00 138 0.386063831352 0.613936168648 1 1 2
2013-11-27T07:00:00 136 0.386063831352 0.613936168648 1 1 2
2013-11-27T08:00:00 134 0.586070449981 0.413929550019 3 1 4
2013-11-27T09:00:00 132 0.656107109029 0.343892890971 5 1 6
2013-11-27T10:00:00 129 0.642422408423 0.357577591577 4 1 5
2013-12-09T13:00:00 210 0.742605196368 0.257394803631 4 0 4
2013-12-09T14:00:00 216 0.742605196368 0.257394803631 4 0 4
2013-12-09T15:00:00 221 0.644474567866 0.355525432134 1 0 1
2013-12-09T16:00:00 222 0.0 0.0 0 0 0
2013-12-09T17:00:00 222 0.0 0.0 0 0 0
2013-12-09T18:00:00 222 0.805064123727 0.194935876274 2 0 2
2013-12-09T19:00:00 221 0.772527218314 0.227472781686 4 1 5
2013-12-09T20:00:00 222 0.772527218314 0.227472781686 4 1 5
2013-12-09T21:00:00 222 0.772527218314 0.227472781686 4 1 5
2013-12-09T22:00:00 222 0.772527218314 0.227472781686 4 1 5
2013-12-09T23:00:00 222 0.772527218314 0.227472781686 4 1 5
2013-12-10T00:00:00 222 0.797349396435 0.202650603565 3 1 4
2013-12-10T01:00:00 222 0.936889741622 0.0631102583782 1 0 1
2013-12-10T02:00:00 220 0.936889741622 0.0631102583782 1 0 1
2013-12-10T03:00:00 218 0.936889741622 0.0631102583782 1 0 1
2013-12-10T04:00:00 216 0.936889741622 0.0631102583782 1 0 1
2013-12-10T05:00:00 214 0.936889741622 0.0631102583782 1 0 1
2013-12-10T06:00:00 209 0 0 0 0 0
2013-12-10T07:00:00 198 0 0 0 0 0
2013-12-10T08:00:00 188 0.793324267309 0.206675732691 1 0 1
2013-12-10T09:00:00 180 0.712089451983 0.287910548017 4 0 4
2013-12-10T10:00:00 171 0.784503024827 0.215496975173 7 0 7
2013-12-10T11:00:00 159 0.758116461953 0.241883538047 10 0 10
2013-12-10T12:00:00 146 0.758116461953 0.241883538047 10 0 10
2013-12-26T09:00:00 177 0.607366235007 0.392633764993 3 1 4
2013-12-26T10:00:00 190 0.607366235007 0.392633764993 3 1 4
2013-12-26T11:00:00 202 0.677642392057 0.322357607943 5 1 6
2013-12-26T12:00:00 213 0.699388717388 0.300611282612 6 1 7
2013-12-26T13:00:00 223 0.693928182197 0.306071817804 7 1 8
2013-12-26T14:00:00 235 0.744991240286 0.255008759714 6 0 6
2013-12-26T15:00:00 247 0.780490129386 0.219509870614 4 0 4
2013-12-26T16:00:00 259 0.815149965712 0.184850034288 5 0 5
2013-12-26T17:00:00 265 0.81312013875 0.18687986125 3 0 3
2013-12-26T18:00:00 267 0.824085550037 0.175914449963 3 0 3
2013-12-26T19:00:00 267 0.908276107127 0.0917238928731 2 0 2
2013-12-26T20:00:00 264 0.908276107127 0.0917238928731 2 0 2
2013-12-26T21:00:00 263 0.908276107127 0.0917238928731 2 0 2
2013-12-26T22:00:00 260 0.862762903235 0.137237096765 1 0 1
2013-12-26T23:00:00 257 0.862762903235 0.137237096765 1 0 1
2013-12-27T00:00:00 256 0.0 0.0 0 0 0
2013-12-27T01:00:00 254 0.0 0.0 0 0 0
2013-12-27T02:00:00 252 0.0 0.0 0 0 0
2013-12-27T03:00:00 249 0 0 0 0 0
2013-12-27T04:00:00 243 0 0 0 0 0
2013-12-27T05:00:00 238 0 0 0 0 0
2013-12-27T06:00:00 229 0 0 0 0 0
2013-12-27T11:00:00 154 0.835287106901 0.1647128931 4 0 4
2013-12-27T12:00:00 140 0.835287106901 0.1647128931 4 0 4
2013-12-30T15:00:00 182 0.728501111262 0.271498888738 1 0 1
2013-12-30T16:00:00 181 0.728501111262 0.271498888738 1 0 1
2013-12-30T17:00:00 179 0.728501111262 0.271498888738 1 0 1
2013-12-30T18:00:00 177 0 0 0 0 0
2013-12-30T19:00:00 176 0 0 0 0 0
2013-12-30T20:00:00 174 0 0 0 0 0
2013-12-30T21:00:00 172 0 0 0 0 0
2013-12-30T22:00:00 170 0 0 0 0 0
2013-12-30T23:00:00 167 0.671898789709 0.328101210291 1 0 1
2013-12-31T00:00:00 165 0.671898789709 0.328101210291 1 0 1
2013-12-31T01:00:00 162 0.671898789709 0.328101210291 1 0 1
2013-12-31T02:00:00 160 0.671898789709 0.328101210291 1 0 1
2013-12-31T03:00:00 159 0.671898789709 0.328101210291 1 0 1
2013-12-31T04:00:00 158 0.671898789709 0.328101210291 1 0 1
2013-12-31T05:00:00 157 0 0 0 0 0
2013-12-31T06:00:00 156 0 0 0 0 0
2013-12-31T07:00:00 155 0 0 0 0 0
2013-12-31T08:00:00 154 0.781256802687 0.218743197313 1 0 1
2013-12-31T09:00:00 154 0.699491442645 0.300508557355 2 0 2
2013-12-31T10:00:00 153 0.707636365888 0.292363634112 3 0 3
2013-12-31T11:00:00 151 0.707636365888 0.292363634112 3 0 3
2013-12-31T12:00:00 149 0.741761182855 0.258238817145 4 0 4
2013-12-31T13:00:00 147 0.741761182855 0.258238817145 4 0 4
2013-12-31T14:00:00 144 0.735864118987 0.264135881013 4 0 4
2014-01-03T08:00:00 153 0 0 0 0 0
2014-01-03T09:00:00 180 0 0 0 0 0
2014-01-03T10:00:00 210 0 0 0 0 0
2014-01-03T11:00:00 227 0 0 0 0 0
2014-01-03T12:00:00 225 0 0 0 0 0
2014-01-03T13:00:00 231 0.17900352032 0.82099647968 0 1 1
2014-01-03T14:00:00 209 0.17900352032 0.82099647968 0 1 1
2014-01-03T15:00:00 163 0.17900352032 0.82099647968 0 1 1
2014-01-03T16:00:00 129 0.17900352032 0.82099647968 0 1 1
2014-01-03T17:00:00 139 0.557946630971 0.442053369029 1 1 2
2014-01-03T18:00:00 155 0.608992232263 0.391007767737 2 1 3
2014-01-03T19:00:00 191 0.638564197081 0.361435802919 3 1 4
2014-01-03T20:00:00 227 0.654100949099 0.345899050901 4 1 5
2014-01-03T21:00:00 251 0.654100949099 0.345899050901 4 1 5
2014-01-03T22:00:00 282 0.654100949099 0.345899050901 4 1 5
2014-01-03T23:00:00 244 0.583403750968 0.416596249032 3 1 4
2014-01-04T00:00:00 220 0.540843856342 0.459156143658 2 1 3
2014-01-04T01:00:00 211 0.71624795717 0.28375204283 1 0 1
2014-01-04T02:00:00 229 0 0 0 0 0
2014-01-04T03:00:00 296 0.0 0.0 0 0 0
2014-01-04T04:00:00 288 0.0 0.0 0 0 0
2014-01-04T05:00:00 217 0.0 0.0 0 0 0
2014-01-04T06:00:00 222 0.0 0.0 0 0 0
2014-01-04T07:00:00 175 0.0 0.0 0 0 0
2014-01-19T22:00:00 161 0.82688284894 0.17311715106 3 0 3
2014-01-19T23:00:00 162 0.822535097018 0.177464902982 2 0 2
2014-01-20T00:00:00 153 0.818198261826 0.181801738174 1 0 1
2014-01-20T01:00:00 154 0.818198261826 0.181801738174 1 0 1
2014-01-20T02:00:00 172 0 0 0 0 0
2014-01-20T03:00:00 202 0 0 0 0 0
2014-01-20T04:00:00 232 0 0 0 0 0
2014-01-20T05:00:00 249 0 0 0 0 0
2014-01-20T06:00:00 257 0 0 0 0 0
2014-01-20T07:00:00 256 0 0 0 0 0
2014-01-20T08:00:00 267 0.0 0.0 0 0 0
2014-01-20T09:00:00 253 0.712948096068 0.287051903932 1 0 1
2014-01-20T10:00:00 295 0.712948096068 0.287051903932 1 0 1
2014-01-20T11:00:00 301 0.712948096068 0.287051903932 1 0 1
2014-01-20T12:00:00 308 0.712948096068 0.287051903932 1 0 1
2014-01-20T13:00:00 293 0.712948096068 0.287051903932 1 0 1
2014-01-20T14:00:00 290 0.712948096068 0.287051903932 1 0 1
2014-01-20T15:00:00 275 0.789914678924 0.210085321076 1 0 1
2014-01-20T16:00:00 191 0.789914678924 0.210085321076 1 0 1
2014-01-20T17:00:00 170 0.789914678924 0.210085321076 1 0 1
2014-01-20T18:00:00 238 0.789914678924 0.210085321076 1 0 1
2014-01-20T19:00:00 239 0.789914678924 0.210085321076 1 0 1
2014-01-20T20:00:00 180 0.75363010025 0.24636989975 2 0 2
2014-01-20T21:00:00 143 0.717345521576 0.282654478424 1 0 1
2014-01-30T15:00:00 214 0.738945941916 0.261054058084 11 2 13
2014-01-30T16:00:00 199 0.758505990176 0.241494009824 7 1 8
2014-01-30T17:00:00 207 0.711312385937 0.288687614063 2 1 3
2014-01-30T18:00:00 250 0.879670465283 0.120329534717 3 0 3
2014-01-30T19:00:00 260 0.879670465283 0.120329534717 3 0 3
2014-01-30T20:00:00 274 0.860448372219 0.139551627781 2 0 2
2014-01-30T21:00:00 287 0.864104058329 0.135895941671 1 0 1
2014-01-30T22:00:00 275 0.864104058329 0.135895941671 1 0 1
2014-01-30T23:00:00 263 0.864104058329 0.135895941671 1 0 1
2014-01-31T00:00:00 270 0.695319578289 0.304680421711 1 0 1
2014-01-31T01:00:00 323 0.695319578289 0.304680421711 1 0 1
2014-01-31T02:00:00 287 0.695319578289 0.304680421711 1 0 1
2014-01-31T03:00:00 250 0.695319578289 0.304680421711 1 0 1
2014-01-31T04:00:00 238 0.695319578289 0.304680421711 1 0 1
2014-01-31T05:00:00 218 0.695319578289 0.304680421711 1 0 1
2014-01-31T06:00:00 196 0 0 0 0 0
2014-01-31T07:00:00 186 0 0 0 0 0
2014-01-31T08:00:00 192 0 0 0 0 0
2014-01-31T09:00:00 186 0 0 0 0 0
2014-01-31T10:00:00 181 0.755724877571 0.244275122429 1 0 1
2014-01-31T11:00:00 161 0.80747856945 0.19252143055 2 0 2
2014-02-02T13:00:00 262 0.806297588837 0.193702411163 12 1 13
2014-02-02T14:00:00 237 0.805905880859 0.194094119141 12 1 13
2014-02-02T15:00:00 202 0.780554308957 0.219445691043 10 1 11
2014-02-02T16:00:00 180 0.825845213632 0.174154786368 7 0 7
2014-02-02T17:00:00 163 0.814598741553 0.185401258447 10 0 10
2014-02-02T18:00:00 147 0.821025704615 0.178974295385 5 0 5
2014-02-20T12:00:00 203 0.746421342675 0.253578657325 3 1 4
2014-02-20T13:00:00 195 0.784515022464 0.215484977536 4 1 5
2014-02-20T14:00:00 172 0.833086664055 0.166913335945 2 0 2
2014-02-20T15:00:00 160 0.877298109117 0.122701890883 3 0 3
2014-02-20T16:00:00 163 0.821509595224 0.178490404776 4 0 4
2014-02-21T09:00:00 110 0.686576355901 0.313423644099 2 1 3
2014-02-21T13:00:00 133 0.713275374406 0.286724625594 2 1 3
2014-02-21T14:00:00 130 0.936889741622 0.0631102583782 1 0 1
2014-02-21T15:00:00 128 0.936889741622 0.0631102583782 1 0 1
2014-03-10T01:00:00 173 0.777233372521 0.222766627479 1 0 1
2014-03-10T02:00:00 184 0.777233372521 0.222766627479 1 0 1
2014-03-10T03:00:00 189 0 0 0 0 0
2014-03-10T04:00:00 197 0 0 0 0 0
2014-03-10T05:00:00 195 0 0 0 0 0
2014-03-10T06:00:00 191 0 0 0 0 0
2014-03-10T07:00:00 186 0 0 0 0 0
2014-03-10T08:00:00 187 0 0 0 0 0
2014-03-10T09:00:00 189 0.883021552524 0.116978447476 1 0 1
2014-03-10T10:00:00 193 0.883021552524 0.116978447476 1 0 1
2014-03-10T11:00:00 195 0.883021552524 0.116978447476 1 0 1
2014-03-10T12:00:00 202 0.883021552524 0.116978447476 1 0 1
2014-03-10T13:00:00 206 0.883021552524 0.116978447476 1 0 1
2014-03-10T14:00:00 196 0.883021552524 0.116978447476 1 0 1
2014-03-10T15:00:00 193 0 0 0 0 0
2014-03-10T16:00:00 200 0 0 0 0 0
2014-03-10T17:00:00 199 0 0 0 0 0
2014-03-10T18:00:00 196 0.861070702372 0.138929297628 1 0 1
2014-03-10T19:00:00 191 0.624382993331 0.375617006669 1 1 2
2014-03-10T20:00:00 199 0.624382993331 0.375617006669 1 1 2
2014-03-10T21:00:00 195 0.760454908734 0.239545091266 3 1 4
2014-03-10T22:00:00 183 0.760454908734 0.239545091266 3 1 4
2014-03-10T23:00:00 164 0.760454908734 0.239545091266 3 1 4
2014-03-18T09:00:00 183 0.871497984543 0.128502015457 11 0 11
2014-03-18T10:00:00 186 0.852524081381 0.147475918619 12 0 12
2014-03-18T11:00:00 195 0.853746910468 0.146253089532 14 0 14
2014-03-18T12:00:00 226 0.841586076464 0.158413923536 15 0 15
2014-03-18T13:00:00 215 0.841586076464 0.158413923536 15 0 15
2014-03-18T14:00:00 200 0.760925081783 0.239074918217 5 0 5
2014-03-18T15:00:00 214 0.759328329244 0.240671670756 4 0 4
2014-03-18T16:00:00 211 0.797834056793 0.202165943207 3 0 3
2014-03-18T17:00:00 206 0.671334400406 0.328665599594 1 0 1
2014-03-18T18:00:00 199 0.0 0.0 0 0 0
2014-03-18T19:00:00 193 0 0 0 0 0
2014-03-18T20:00:00 190 0.703299421424 0.296700578576 1 0 1
2014-03-18T21:00:00 180 0.703299421424 0.296700578576 1 0 1
2014-03-18T22:00:00 179 0.703299421424 0.296700578576 1 0 1
2014-03-18T23:00:00 185 0.703299421424 0.296700578576 1 0 1
2014-03-19T00:00:00 192 0.703299421424 0.296700578576 1 0 1
2014-03-19T01:00:00 183 0.703299421424 0.296700578576 1 0 1
2014-03-19T02:00:00 174 0.0 0.0 0 0 0
2014-03-19T03:00:00 163 0 0 0 0 0
2014-03-19T04:00:00 153 0 0 0 0 0
2014-03-19T05:00:00 153 0 0 0 0 0
2014-03-19T06:00:00 155 0 0 0 0 0
2014-03-19T07:00:00 146 0 0 0 0 0
2014-04-17T09:00:00 150 0.570153205234 0.429846794766 2 1 3
2014-04-17T10:00:00 165 0.65886809795 0.34113190205 3 1 4
2014-04-17T11:00:00 190 0.633491885191 0.366508114809 2 1 3
2014-04-17T12:00:00 205 0.66028638602 0.33971361398 2 1 3
2014-04-17T13:00:00 209 0.66028638602 0.33971361398 2 1 3
2014-04-17T14:00:00 219 0.874436365798 0.125563634202 2 0 2
2014-04-17T15:00:00 227 0.895254157739 0.104745842261 3 0 3
2014-04-17T16:00:00 243 0.828216617673 0.171783382327 3 0 3
2014-04-17T17:00:00 252 0.851434862876 0.148565137124 5 0 5
2014-04-17T18:00:00 259 0.867755699525 0.132244300475 5 0 5
2014-04-17T19:00:00 249 0.867755699525 0.132244300475 5 0 5
2014-04-17T20:00:00 230 0.867755699525 0.132244300475 5 0 5
2014-04-17T21:00:00 220 0.850472189001 0.149527810999 4 0 4
2014-04-17T22:00:00 213 0.886125067279 0.113874932722 4 0 4
2014-04-17T23:00:00 208 0.799556148949 0.200443851051 3 0 3
2014-04-18T00:00:00 207 0.512672548598 0.487327451402 2 2 4
2014-04-18T01:00:00 208 0.512672548598 0.487327451402 2 2 4
2014-04-18T02:00:00 208 0.512672548598 0.487327451402 2 2 4
2014-04-18T03:00:00 187 0.512672548598 0.487327451402 2 2 4
2014-04-18T04:00:00 154 0.394726175128 0.605273824872 1 2 3
2014-05-21T11:00:00 151 0.697685132293 0.302314867707 2 1 3
2014-05-21T12:00:00 155 0.697685132293 0.302314867707 2 1 3
2014-05-21T13:00:00 160 0.697685132293 0.302314867707 2 1 3
2014-05-21T14:00:00 178 0.697685132293 0.302314867707 2 1 3
2014-05-21T15:00:00 190 0.854036646703 0.145963353298 2 0 2
2014-05-21T16:00:00 188 0.0 0.0 0 0 0
2014-05-21T17:00:00 187 0.700127142748 0.299872857252 1 0 1
2014-05-21T18:00:00 187 0.700127142748 0.299872857252 1 0 1
2014-05-21T19:00:00 188 0.737530740372 0.262469259628 2 0 2
2014-05-21T20:00:00 183 0.737530740372 0.262469259628 2 0 2
2014-05-21T21:00:00 163 0.737530740372 0.262469259628 2 0 2
2014-05-21T22:00:00 165 0.730879133963 0.269120866037 3 0 3
2014-05-21T23:00:00 171 0.746255129571 0.253744870429 2 0 2
2014-05-22T00:00:00 182 0.746255129571 0.253744870429 2 0 2
2014-05-22T01:00:00 177 0.717575921146 0.282424078854 1 0 1
2014-05-22T02:00:00 171 0.717575921146 0.282424078854 1 0 1
2014-05-22T03:00:00 156 0.717575921146 0.282424078854 1 0 1
2014-05-22T04:00:00 153 0 0 0 0 0
2014-05-22T05:00:00 147 0 0 0 0 0
2014-05-22T06:00:00 146 0 0 0 0 0
2014-05-22T07:00:00 140 0 0 0 0 0
2014-05-22T08:00:00 140 0.806757882819 0.193242117181 1 0 1
2014-05-27T23:00:00 252 0.0 0.0 0 0 0
2014-05-28T00:00:00 248 0.779111597137 0.220888402863 1 0 1
2014-05-28T01:00:00 245 0.779111597137 0.220888402863 1 0 1
2014-05-28T02:00:00 258 0.779111597137 0.220888402863 1 0 1
2014-05-28T03:00:00 247 0.779111597137 0.220888402863 1 0 1
2014-05-28T04:00:00 237 0.779111597137 0.220888402863 1 0 1
2014-05-28T05:00:00 211 0.779111597137 0.220888402863 1 0 1
2014-05-28T06:00:00 196 0 0 0 0 0
2014-05-28T07:00:00 171 0 0 0 0 0
2014-05-28T08:00:00 168 0 0 0 0 0
2014-05-28T09:00:00 166 0.655716612293 0.344283387707 1 0 1
2014-05-28T10:00:00 171 0.655716612293 0.344283387707 1 0 1
2014-05-29T13:00:00 151 0.0 0.0 0 0 0
2014-05-29T14:00:00 155 0.0 0.0 0 0 0
2014-05-29T17:00:00 170 0.936889741622 0.0631102583782 1 0 1
2014-05-29T18:00:00 181 0.795358977013 0.204641022988 2 0 2
2014-05-29T19:00:00 194 0.795358977013 0.204641022988 2 0 2
2014-05-29T20:00:00 204 0.795358977013 0.204641022988 2 0 2
2014-05-29T21:00:00 221 0.653828212403 0.346171787597 1 0 1
2014-05-29T22:00:00 230 0.653828212403 0.346171787597 1 0 1
2014-05-29T23:00:00 228 0.653828212403 0.346171787597 1 0 1
2014-05-30T00:00:00 174 0 0 0 0 0
2014-05-30T01:00:00 207 0 0 0 0 0
2014-05-30T02:00:00 192 0 0 0 0 0
2014-05-30T03:00:00 181 0 0 0 0 0
2014-05-30T04:00:00 181 0 0 0 0 0
2014-05-30T05:00:00 178 0 0 0 0 0
2014-05-30T06:00:00 177 0 0 0 0 0
2014-05-30T07:00:00 168 0 0 0 0 0
2014-05-30T08:00:00 159 0.770102896126 0.229897103874 3 0 3
2014-05-30T09:00:00 147 0.756067159152 0.243932840848 5 0 5
2014-11-06T15:00:00 187 0.615635391129 0.384364608871 2 1 3
2014-11-06T16:00:00 185 0.615635391129 0.384364608871 2 1 3
2014-11-06T17:00:00 185 0.615635391129 0.384364608871 2 1 3
2014-11-06T18:00:00 189 0.615635391129 0.384364608871 2 1 3
2014-11-06T19:00:00 196 0.535427957168 0.464572042832 1 1 2
2014-11-06T20:00:00 200 0.257234340159 0.742765659841 0 1 1
2014-11-06T21:00:00 188 0 0 0 0 0
2014-11-06T22:00:00 177 0 0 0 0 0
2014-11-06T23:00:00 184 0 0 0 0 0
2014-11-07T00:00:00 182 0 0 0 0 0
2014-11-07T01:00:00 169 0 0 0 0 0
2014-11-07T02:00:00 148 0 0 0 0 0
2014-11-11T23:00:00 154 0.880374848561 0.11962515144 2 0 2
2014-11-12T00:00:00 180 0.880374848561 0.11962515144 2 0 2
2014-11-12T01:00:00 205 0.738527110321 0.261472889679 1 0 1
2014-11-12T02:00:00 227 0.738527110321 0.261472889679 1 0 1
2014-11-12T03:00:00 234 0.738527110321 0.261472889679 1 0 1
2014-11-12T04:00:00 236 0.738527110321 0.261472889679 1 0 1
2014-11-12T05:00:00 238 0.738527110321 0.261472889679 1 0 1
2014-11-12T06:00:00 240 0.738527110321 0.261472889679 1 0 1
2014-11-12T07:00:00 242 0 0 0 0 0
2014-11-12T08:00:00 248 0 0 0 0 0
2014-11-12T09:00:00 256 0 0 0 0 0
2014-11-12T10:00:00 264 0 0 0 0 0
2014-11-12T11:00:00 274 0 0 0 0 0
2014-11-12T12:00:00 252 0 0 0 0 0
2014-11-12T13:00:00 225 0 0 0 0 0
2014-11-12T14:00:00 198 0 0 0 0 0
2014-11-12T15:00:00 153 0 0 0 0 0
2014-12-28T21:00:00 151 0 0 0 0 0
2014-12-28T22:00:00 163 0 0 0 0 0
2014-12-28T23:00:00 180 0 0 0 0 0
2014-12-29T00:00:00 196 0 0 0 0 0
2014-12-29T01:00:00 208 0 0 0 0 0
2014-12-29T02:00:00 214 0 0 0 0 0
