2013-05-28T00:00:00 49 0 0 0 0 0
2013-05-28T01:00:00 52 0 0 0 0 0
2013-05-28T02:00:00 52 0 0 0 0 0
2013-05-28T03:00:00 54 0 0 0 0 0
2013-05-28T04:00:00 55 0 0 0 0 0
2013-05-28T05:00:00 56 0 0 0 0 0
2013-05-28T06:00:00 57 0 0 0 0 0
2013-05-28T07:00:00 58 0 0 0 0 0
2013-05-28T08:00:00 60 0 0 0 0 0
2013-05-28T09:00:00 60 0 0 0 0 0
2013-05-28T10:00:00 61 0 0 0 0 0
2013-05-28T11:00:00 61 0 0 0 0 0
2013-05-28T12:00:00 62 0 0 0 0 0
2013-05-28T13:00:00 62 0 0 0 0 0
2013-05-28T14:00:00 64 0 0 0 0 0
2013-05-28T15:00:00 66 0 0 0 0 0
2013-05-28T16:00:00 68 0 0 0 0 0
2013-05-28T17:00:00 71 0 0 0 0 0
2013-05-28T18:00:00 76 0 0 0 0 0
2013-05-28T19:00:00 81 0 0 0 0 0
2013-05-28T20:00:00 81 0 0 0 0 0
2013-05-28T21:00:00 81 0 0 0 0 0
2013-05-28T22:00:00 80 0 0 0 0 0
2013-05-28T23:00:00 83 0 0 0 0 0
2013-05-30T10:00:00 115 0 0 0 0 0
2013-05-30T11:00:00 110 0 0 0 0 0
2013-05-30T12:00:00 105 0 0 0 0 0
2013-05-30T13:00:00 100 0 0 0 0 0
2013-05-30T14:00:00 95 0 0 0 0 0
2013-05-30T15:00:00 90 0 0 0 0 0
2013-05-30T16:00:00 86 0 0 0 0 0
2013-05-30T17:00:00 81 0 0 0 0 0
2013-05-30T18:00:00 77 0 0 0 0 0
2013-05-30T19:00:00 73 0 0 0 0 0
2013-05-30T20:00:00 69 0 0 0 0 0
2013-05-30T21:00:00 66 0 0 0 0 0
2013-05-30T22:00:00 63 0 0 0 0 0
2013-05-30T23:00:00 60 0 0 0 0 0
2013-05-31T00:00:00 58 0 0 0 0 0
2013-05-31T01:00:00 56 0 0 0 0 0
2013-05-31T02:00:00 54 0 0 0 0 0
2013-05-31T03:00:00 51 0 0 0 0 0
2013-05-31T04:00:00 49 0 0 0 0 0
2013-05-31T05:00:00 47 0 0 0 0 0
2013-05-31T06:00:00 47 0 0 0 0 0
2013-05-31T07:00:00 47 0 0 0 0 0
2013-05-31T08:00:00 47 0 0 0 0 0
2013-05-31T09:00:00 46 0 0 0 0 0
2013-05-31T10:00:00 45 0 0 0 0 0
2013-05-31T11:00:00 44 0 0 0 0 0
2013-05-31T12:00:00 42 0 0 0 0 0
2013-05-31T13:00:00 42 0 0 0 0 0
2013-05-31T14:00:00 43 0 0 0 0 0
2013-05-31T15:00:00 43 0 0 0 0 0
2013-05-31T16:00:00 43 0 0 0 0 0
2013-05-31T17:00:00 44 0 0 0 0 0
2013-05-31T18:00:00 45 0 0 0 0 0
2013-05-31T19:00:00 46 0 0 0 0 0
2013-05-31T20:00:00 48 0 0 0 0 0
2013-05-31T21:00:00 52 0 0 0 0 0
2013-05-31T22:00:00 57 0 0 0 0 0
2013-05-31T23:00:00 60 0 0 0 0 0
2013-06-01T00:00:00 63 0 0 0 0 0
2013-06-01T01:00:00 65 0 0 0 0 0
2013-06-01T02:00:00 67 0 0 0 0 0
2013-06-01T03:00:00 69 0 0 0 0 0
2013-06-01T04:00:00 72 0 0 0 0 0
2013-06-01T05:00:00 75 0 0 0 0 0
2013-06-01T06:00:00 78 0 0 0 0 0
2013-06-01T07:00:00 82 0 0 0 0 0
2013-06-01T08:00:00 85 0 0 0 0 0
2013-06-01T09:00:00 89 0 0 0 0 0
2013-06-01T10:00:00 92 0 0 0 0 0
2013-06-01T11:00:00 94 0 0 0 0 0
2013-06-01T12:00:00 96 0 0 0 0 0
2013-06-01T13:00:00 98 0 0 0 0 0
2013-06-01T14:00:00 101 0 0 0 0 0
2013-06-01T15:00:00 105 0 0 0 0 0
2013-06-01T16:00:00 109 0 0 0 0 0
2013-06-01T17:00:00 114 0 0 0 0 0
2013-06-01T18:00:00 119 0 0 0 0 0
2013-06-01T19:00:00 122 0 0 0 0 0
2013-06-01T20:00:00 124 0 0 0 0 0
2013-06-05T09:00:00 51 0 0 0 0 0
2013-06-05T10:00:00 52 0 0 0 0 0
2013-06-05T11:00:00 51 0 0 0 0 0
2013-06-05T12:00:00 52 0 0 0 0 0
2013-06-05T13:00:00 52 0 0 0 0 0
2013-06-05T14:00:00 52 0 0 0 0 0
2013-06-05T15:00:00 51 0 0 0 0 0
2013-06-05T16:00:00 50 0 0 0 0 0
2013-06-05T17:00:00 49 0 0 0 0 0
2013-06-05T18:00:00 48 0 0 0 0 0
2013-06-05T19:00:00 48 0 0 0 0 0
2013-06-05T20:00:00 47 0 0 0 0 0
2013-06-05T21:00:00 45 0 0 0 0 0
2013-06-05T22:00:00 44 0 0 0 0 0
2013-06-05T23:00:00 43 0 0 0 0 0
2013-06-06T00:00:00 42 0 0 0 0 0
2013-06-06T01:00:00 44 0 0 0 0 0
2013-06-06T02:00:00 41 0 0 0 0 0
2013-06-06T03:00:00 40 0 0 0 0 0
2013-06-06T04:00:00 40 0 0 0 0 0
2013-06-06T05:00:00 40 0 0 0 0 0
2013-06-06T06:00:00 40 0 0 0 0 0
2013-06-06T07:00:00 40 0 0 0 0 0
2013-06-06T08:00:00 39 0 0 0 0 0
2013-06-06T09:00:00 38 0 0 0 0 0
2013-06-06T10:00:00 38 0 0 0 0 0
2013-06-06T11:00:00 39 0 0 0 0 0
2013-06-06T12:00:00 39 0 0 0 0 0
2013-06-06T13:00:00 39 0 0 0 0 0
2013-06-06T14:00:00 40 0 0 0 0 0
2013-06-06T15:00:00 42 0 0 0 0 0
2013-06-06T16:00:00 43 0 0 0 0 0
2013-06-06T17:00:00 44 0 0 0 0 0
2013-06-06T18:00:00 44 0 0 0 0 0
2013-06-06T19:00:00 44 0 0 0 0 0
2013-06-06T20:00:00 43 0 0 0 0 0
2013-06-06T21:00:00 41 0 0 0 0 0
2013-06-06T22:00:00 40 0 0 0 0 0
2013-06-06T23:00:00 39 0 0 0 0 0
2013-06-07T00:00:00 38 0 0 0 0 0
2013-06-07T01:00:00 39 0 0 0 0 0
2013-06-07T02:00:00 36 0 0 0 0 0
2013-06-07T03:00:00 37 0 0 0 0 0
2013-06-07T04:00:00 37 0 0 0 0 0
2013-06-07T05:00:00 37 0 0 0 0 0
2013-06-07T06:00:00 36 0 0 0 0 0
2013-06-07T07:00:00 36 0 0 0 0 0
2013-06-07T08:00:00 36 0 0 0 0 0
2013-06-07T09:00:00 36 0 0 0 0 0
2013-06-07T10:00:00 36 0 0 0 0 0
2013-06-07T11:00:00 35 0 0 0 0 0
2013-06-07T12:00:00 35 0 0 0 0 0
2013-06-07T13:00:00 35 0 0 0 0 0
2013-06-07T14:00:00 35 0 0 0 0 0
2013-06-07T15:00:00 36 0 0 0 0 0
2013-06-07T16:00:00 36 0 0 0 0 0
2013-06-07T17:00:00 37 0 0 0 0 0
2013-06-07T18:00:00 38 0 0 0 0 0
2013-06-07T19:00:00 40 0 0 0 0 0
2013-06-08T03:00:00 38 0 0 0 0 0
2013-06-08T04:00:00 36 0 0 0 0 0
2013-06-08T05:00:00 33 0 0 0 0 0
2013-06-08T06:00:00 31 0 0 0 0 0
2013-06-08T07:00:00 30 0 0 0 0 0
2013-06-08T08:00:00 29 0 0 0 0 0
2013-06-08T09:00:00 28 0 0 0 0 0
2013-06-08T10:00:00 29 0 0 0 0 0
2013-06-08T11:00:00 30 0 0 0 0 0
2013-06-08T12:00:00 31 0 0 0 0 0
2013-06-08T13:00:00 34 0 0 0 0 0
2013-06-08T14:00:00 36 0 0 0 0 0
2013-06-08T15:00:00 39 0 0 0 0 0
2013-06-08T16:00:00 41 0 0 0 0 0
2013-06-08T17:00:00 43 0 0 0 0 0
2013-06-08T18:00:00 43 0 0 0 0 0
2013-06-08T19:00:00 43 0 0 0 0 0
2013-06-08T20:00:00 43 0 0 0 0 0
2013-06-08T21:00:00 45 0 0 0 0 0
2013-06-08T22:00:00 46 0 0 0 0 0
2013-06-08T23:00:00 46 0 0 0 0 0
2013-06-09T00:00:00 47 0 0 0 0 0
2013-06-09T01:00:00 49 0 0 0 0 0
2013-06-09T02:00:00 50 0 0 0 0 0
2013-06-09T03:00:00 51 0 0 0 0 0
2013-06-09T04:00:00 52 0 0 0 0 0
2013-06-09T05:00:00 54 0 0 0 0 0
2013-06-09T06:00:00 55 0 0 0 0 0
2013-06-09T07:00:00 56 0 0 0 0 0
2013-06-09T08:00:00 57 0 0 0 0 0
2013-06-09T09:00:00 58 0 0 0 0 0
2013-06-09T10:00:00 59 0 0 0 0 0
2013-06-09T11:00:00 60 0 0 0 0 0
2013-06-15T17:00:00 44 0 0 0 0 0
2013-06-15T18:00:00 44 0 0 0 0 0
2013-06-15T19:00:00 45 0 0 0 0 0
2013-06-15T20:00:00 45 0 0 0 0 0
2013-06-15T21:00:00 45 0 0 0 0 0
2013-06-15T22:00:00 45 0 0 0 0 0
2013-06-15T23:00:00 44 0 0 0 0 0
2013-06-16T00:00:00 43 0 0 0 0 0
2013-06-16T01:00:00 45 0 0 0 0 0
2013-06-16T02:00:00 42 0 0 0 0 0
2013-06-16T03:00:00 42 0 0 0 0 0
2013-06-16T04:00:00 42 0 0 0 0 0
2013-06-16T05:00:00 42 0 0 0 0 0
2013-06-16T06:00:00 42 0 0 0 0 0
2013-06-16T07:00:00 42 0 0 0 0 0
2013-06-16T08:00:00 42 0 0 0 0 0
2013-06-16T09:00:00 43 0 0 0 0 0
2013-06-16T10:00:00 43 0 0 0 0 0
2013-06-16T11:00:00 45 0 0 0 0 0
2013-06-16T12:00:00 47 0 0 0 0 0
2013-06-16T13:00:00 49 0 0 0 0 0
2013-06-16T14:00:00 50 0 0 0 0 0
2013-06-16T15:00:00 71 0 0 0 0 0
2013-06-16T16:00:00 69 0 0 0 0 0
2013-06-16T17:00:00 61 0 0 0 0 0
2013-06-16T18:00:00 65 0 0 0 0 0
2013-06-22T21:00:00 87 0 0 0 0 0
2013-06-22T22:00:00 87 0 0 0 0 0
2013-06-22T23:00:00 87 0 0 0 0 0
2013-06-23T00:00:00 86 0 0 0 0 0
2013-06-23T01:00:00 86 0 0 0 0 0
2013-06-23T02:00:00 86 0 0 0 0 0
2013-06-23T03:00:00 86 0 0 0 0 0
2013-06-23T04:00:00 85 0 0 0 0 0
2013-06-23T05:00:00 85 0 0 0 0 0
2013-06-23T06:00:00 85 0 0 0 0 0
2013-06-23T07:00:00 86 0 0 0 0 0
2013-06-23T08:00:00 88 0 0 0 0 0
2013-06-23T09:00:00 89 0 0 0 0 0
2013-06-23T10:00:00 90 0 0 0 0 0
2013-06-23T11:00:00 92 0 0 0 0 0
2013-06-23T12:00:00 94 0 0 0 0 0
2013-06-23T13:00:00 96 0 0 0 0 0
2013-06-23T14:00:00 97 0 0 0 0 0
2013-06-23T15:00:00 99 0 0 0 0 0
2013-06-23T16:00:00 101 0 0 0 0 0
2013-06-23T17:00:00 106 0 0 0 0 0
2013-07-18T02:00:00 47 0 0 0 0 0
2013-07-18T03:00:00 47 0 0 0 0 0
2013-07-18T04:00:00 46 0 0 0 0 0
2013-07-18T05:00:00 46 0 0 0 0 0
2013-07-18T06:00:00 46 0 0 0 0 0
2013-07-18T07:00:00 45 0 0 0 0 0
2013-07-18T08:00:00 44 0 0 0 0 0
2013-07-18T09:00:00 44 0 0 0 0 0
2013-07-18T10:00:00 43 0 0 0 0 0
2013-07-18T11:00:00 42 0 0 0 0 0
2013-07-18T12:00:00 41 0 0 0 0 0
2013-07-18T13:00:00 41 0 0 0 0 0
2013-07-18T14:00:00 40 0 0 0 0 0
2013-07-18T15:00:00 41 0 0 0 0 0
2013-07-18T16:00:00 43 0 0 0 0 0
2013-07-18T17:00:00 44 0 0 0 0 0
2013-07-18T18:00:00 46 0 0 0 0 0
2013-07-18T19:00:00 46 0 0 0 0 0
2013-07-18T20:00:00 44 0 0 0 0 0
2013-07-18T21:00:00 43 0 0 0 0 0
2013-07-18T22:00:00 42 0 0 0 0 0
2013-07-18T23:00:00 41 0 0 0 0 0
2013-07-19T00:00:00 40 0 0 0 0 0
2013-07-19T01:00:00 40 0 0 0 0 0
2013-07-21T02:00:00 60 0 0 0 0 0
2013-07-21T03:00:00 61 0 0 0 0 0
2013-07-21T04:00:00 62 0 0 0 0 0
2013-07-21T05:00:00 63 0 0 0 0 0
2013-07-21T06:00:00 65 0 0 0 0 0
2013-07-21T07:00:00 66 0 0 0 0 0
2013-07-21T08:00:00 67 0 0 0 0 0
2013-07-21T09:00:00 67 0 0 0 0 0
2013-07-21T10:00:00 68 0 0 0 0 0
2013-07-21T11:00:00 68 0 0 0 0 0
2013-07-21T12:00:00 69 0 0 0 0 0
2013-07-21T13:00:00 78 0 0 0 0 0
2013-07-21T14:00:00 84 0 0 0 0 0
2013-07-21T15:00:00 79 0 0 0 0 0
2013-07-21T16:00:00 81 0 0 0 0 0
2013-07-21T17:00:00 86 0 0 0 0 0
2013-07-21T18:00:00 87 0 0 0 0 0
2013-07-21T19:00:00 85 0 0 0 0 0
2013-07-21T20:00:00 78 0 0 0 0 0
2013-07-21T21:00:00 73 0 0 0 0 0
2013-07-21T22:00:00 68 0 0 0 0 0
2013-07-21T23:00:00 64 0 0 0 0 0
2013-07-22T00:00:00 60 0 0 0 0 0
2013-07-22T01:00:00 58 0 0 0 0 0
2013-08-20T11:00:00 28 0 0 0 0 0
2013-08-20T12:00:00 25 0 0 0 0 0
2013-08-20T13:00:00 25 0 0 0 0 0
2013-08-20T14:00:00 25 0 0 0 0 0
2013-08-20T15:00:00 25 0 0 0 0 0
2013-08-20T16:00:00 25 0 0 0 0 0
2013-08-20T17:00:00 26 0 0 0 0 0
2013-08-20T18:00:00 25 0 0 0 0 0
2013-08-20T19:00:00 26 0 0 0 0 0
2013-08-20T20:00:00 27 0 0 0 0 0
2013-08-20T21:00:00 29 0 0 0 0 0
2013-08-20T22:00:00 29 0 0 0 0 0
2013-08-20T23:00:00 29 0 0 0 0 0
2013-08-21T00:00:00 30 0 0 0 0 0
2013-08-21T01:00:00 31 0 0 0 0 0
2013-08-21T02:00:00 32 0 0 0 0 0
2013-08-21T03:00:00 32 0 0 0 0 0
2013-08-21T04:00:00 33 0 0 0 0 0
2013-08-21T05:00:00 33 0 0 0 0 0
2013-08-21T06:00:00 34 0 0 0 0 0
2013-08-21T07:00:00 34 0 0 0 0 0
2013-08-21T10:00:00 35 0 0 0 0 0
2013-08-21T11:00:00 36 0 0 0 0 0
2013-08-21T12:00:00 37 0 0 0 0 0
2013-08-21T13:00:00 37 0 0 0 0 0
2013-08-21T14:00:00 38 0 0 0 0 0
2013-08-21T15:00:00 38 0 0 0 0 0
2013-08-21T16:00:00 39 0 0 0 0 0
2013-09-04T12:00:00 47 0 0 0 0 0
2013-09-04T13:00:00 46 0 0 0 0 0
2013-09-04T14:00:00 48 0 0 0 0 0
2013-09-04T15:00:00 47 0 0 0 0 0
2013-09-04T16:00:00 49 0 0 0 0 0
2013-09-04T17:00:00 50 0 0 0 0 0
2013-09-04T18:00:00 51 0 0 0 0 0
2013-09-04T19:00:00 50 0 0 0 0 0
2013-09-04T20:00:00 49 0 0 0 0 0
2013-09-04T21:00:00 47 0 0 0 0 0
2013-09-04T22:00:00 46 0 0 0 0 0
2013-09-04T23:00:00 44 0 0 0 0 0
2013-09-05T00:00:00 43 0 0 0 0 0
2013-09-05T01:00:00 43 0 0 0 0 0
2013-09-05T02:00:00 42 0 0 0 0 0
2013-09-05T03:00:00 42 0 0 0 0 0
2013-09-05T04:00:00 42 0 0 0 0 0
2013-09-05T05:00:00 42 0 0 0 0 0
2013-09-05T06:00:00 42 0 0 0 0 0
2013-09-05T07:00:00 41 0 0 0 0 0
2013-09-13T07:00:00 40 0 0 0 0 0
2013-09-13T08:00:00 42 0 0 0 0 0
2013-09-13T09:00:00 43 0 0 0 0 0
2013-09-13T10:00:00 43 0 0 0 0 0
2013-09-13T11:00:00 44 0 0 0 0 0
2013-09-13T12:00:00 48 0 0 0 0 0
2013-09-13T13:00:00 71 0 0 0 0 0
2013-09-13T14:00:00 68 0 0 0 0 0
2013-09-13T15:00:00 59 0 0 0 0 0
2013-09-13T16:00:00 64 0 0 0 0 0
2013-09-13T17:00:00 70 0 0 0 0 0
2013-09-13T18:00:00 69 0 0 0 0 0
2013-09-13T19:00:00 64 0 0 0 0 0
2013-09-13T20:00:00 56 0 0 0 0 0
2013-09-13T21:00:00 54 0 0 0 0 0
2013-09-13T22:00:00 53 0.0 0.0 0 0 0
2013-09-13T23:00:00 55 0.0 0.0 0 0 0
2013-09-14T00:00:00 55 0.0 0.0 0 0 0
2013-09-14T01:00:00 56 0.0 0.0 0 0 0
2013-09-14T02:00:00 56 0.0 0.0 0 0 0
2013-09-14T03:00:00 56 0.0 0.0 0 0 0
2013-09-14T04:00:00 56 0 0 0 0 0
2013-09-14T05:00:00 57 0 0 0 0 0
2013-09-14T06:00:00 57 0 0 0 0 0
2013-10-08T03:00:00 27 0 0 0 0 0
2013-10-08T04:00:00 28 0 0 0 0 0
2013-10-08T05:00:00 28 0 0 0 0 0
2013-10-08T06:00:00 28 0 0 0 0 0
2013-10-08T07:00:00 27 0 0 0 0 0
2013-10-08T08:00:00 25 0.692857057278 0.307142942722 1 0 1
2013-10-08T09:00:00 24 0.545995613492 0.454004386507 1 1 2
2013-10-08T10:00:00 23 0.545995613492 0.454004386507 1 1 2
2013-10-08T11:00:00 22 0.567698168844 0.432301831156 2 1 3
2013-10-08T12:00:00 22 0.599126887787 0.400873112213 3 1 4
2013-10-08T13:00:00 21 0.599126887787 0.400873112213 3 1 4
2013-10-08T14:00:00 21 0.567883497956 0.432116502044 2 1 3
2013-10-08T15:00:00 28 0.652258162081 0.347741837919 2 0 2
2013-10-08T16:00:00 22 0.652258162081 0.347741837919 2 0 2
2013-10-08T17:00:00 21 0.666554959403 0.333445040597 2 0 2
2013-10-08T18:00:00 22 0.639696874191 0.360303125809 1 0 1
2013-10-08T19:00:00 9 0.639696874191 0.360303125809 1 0 1
2013-10-08T20:00:00 9 0.639696874191 0.360303125809 1 0 1
2013-10-08T21:00:00 9 0.639696874191 0.360303125809 1 0 1
2013-10-08T22:00:00 9 0.639696874191 0.360303125809 1 0 1
2013-10-08T23:00:00 10 0 0 0 0 0
2013-10-17T01:00:00 47 0 0 0 0 0
2013-10-17T02:00:00 41 0 0 0 0 0
2013-10-17T03:00:00 43 0 0 0 0 0
2013-10-17T04:00:00 41 0 0 0 0 0
2013-10-17T05:00:00 45 0 0 0 0 0
2013-10-17T06:00:00 41 0.936422291653 0.0635777083473 1 0 1
2013-10-17T07:00:00 42 0.936422291653 0.0635777083473 1 0 1
2013-10-17T08:00:00 40 0.936422291653 0.0635777083473 1 0 1
2013-10-17T09:00:00 39 0.936422291653 0.0635777083473 1 0 1
2013-10-17T10:00:00 40 0.936422291653 0.0635777083473 1 0 1
2013-10-17T11:00:00 41 0.936422291653 0.0635777083473 1 0 1
2013-10-17T12:00:00 47 0 0 0 0 0
2013-10-17T13:00:00 47 0 0 0 0 0
2013-10-17T14:00:00 47 0 0 0 0 0
2013-10-17T15:00:00 47 0 0 0 0 0
2013-10-17T16:00:00 46 0 0 0 0 0
2013-10-17T17:00:00 46 0 0 0 0 0
2013-10-17T18:00:00 45 0.0 0.0 0 0 0
2014-02-11T08:00:00 53 0.298025980318 0.701974019682 0 1 1
2014-02-11T09:00:00 62 0.298025980318 0.701974019682 0 1 1
2014-02-11T10:00:00 58 0.298025980318 0.701974019682 0 1 1
2014-02-11T11:00:00 62 0.298025980318 0.701974019682 0 1 1
2014-02-11T12:00:00 55 0.298025980318 0.701974019682 0 1 1
2014-02-11T13:00:00 55 0.597276402227 0.402723597773 1 1 2
2014-02-11T14:00:00 56 0.896526824136 0.103473175864 1 0 1
2014-02-11T15:00:00 59 0.896526824136 0.103473175864 1 0 1
2014-02-11T16:00:00 62 0.896526824136 0.103473175864 1 0 1
2014-02-11T17:00:00 63 0.896526824136 0.103473175864 1 0 1
2014-02-11T18:00:00 58 0.763848472225 0.236151527775 3 0 3
2014-02-11T19:00:00 52 0.697509296269 0.302490703731 2 0 2
2014-02-11T20:00:00 47 0.697509296269 0.302490703731 2 0 2
2014-02-11T21:00:00 39 0.697509296269 0.302490703731 2 0 2
2014-02-11T22:00:00 37 0.763848472225 0.236151527775 3 0 3
2014-02-11T23:00:00 34 0.763848472225 0.236151527775 3 0 3
2014-02-12T00:00:00 34 0.896526824136 0.103473175864 1 0 1
2014-02-12T01:00:00 39 0.896526824136 0.103473175864 1 0 1
2014-02-12T02:00:00 31 0.896526824136 0.103473175864 1 0 1
2014-02-12T03:00:00 29 0.896526824136 0.103473175864 1 0 1
2014-02-12T04:00:00 28 0 0 0 0 0
2014-02-12T05:00:00 31 0 0 0 0 0
2014-02-12T06:00:00 33 0 0 0 0 0
2014-02-12T07:00:00 34 0 0 0 0 0
2014-02-12T08:00:00 39 0.846324649085 0.153675350915 2 0 2
2014-02-12T09:00:00 45 0.81124106673 0.18875893327 3 0 3
2014-02-12T10:00:00 48 0.883060651914 0.116939348086 19 0 19
2014-02-12T11:00:00 56 0.883060651914 0.116939348086 19 0 19
2014-02-13T02:00:00 26 0.856792686109 0.143207313891 3 0 3
2014-02-13T03:00:00 27 0 0 0 0 0
2014-02-13T04:00:00 26 0 0 0 0 0
2014-02-13T05:00:00 36 0 0 0 0 0
2014-02-13T06:00:00 50 0 0 0 0 0
2014-02-13T07:00:00 59 0.0 0.0 0 0 0
2014-02-13T08:00:00 62 0.840692911433 0.159307088567 5 0 5
2014-02-13T09:00:00 58 0.813375384379 0.186624615621 7 0 7
2014-02-13T10:00:00 48 0.813375384379 0.186624615621 7 0 7
2014-02-13T11:00:00 39 0.813375384379 0.186624615621 7 0 7
2014-02-13T12:00:00 32 0.819875346815 0.180124653185 8 0 8
2014-02-13T13:00:00 32 0.805366410395 0.194633589605 9 0 9
2014-02-13T14:00:00 29 0.761208284097 0.238791715902 4 0 4
2014-02-13T15:00:00 28 0.777335001449 0.222664998551 2 0 2
2014-02-13T16:00:00 32 0.777335001449 0.222664998551 2 0 2
2014-02-13T17:00:00 35 0.777335001449 0.222664998551 2 0 2
2014-02-13T18:00:00 38 0.762848005317 0.237151994683 3 0 3
2014-02-13T19:00:00 36 0.799624548458 0.200375451542 2 0 2
2014-02-13T20:00:00 36 0.799624548458 0.200375451542 2 0 2
2014-02-13T21:00:00 37 0.799624548458 0.200375451542 2 0 2
2014-02-13T22:00:00 40 0.799624548458 0.200375451542 2 0 2
2014-02-13T23:00:00 40 0.799624548458 0.200375451542 2 0 2
2014-02-15T09:00:00 39 0 0 0 0 0
2014-02-15T10:00:00 34 0 0 0 0 0
2014-02-15T11:00:00 31 0.543944779455 0.456055220545 1 1 2
2014-02-15T12:00:00 32 0.543944779455 0.456055220545 1 1 2
2014-02-15T13:00:00 34 0.543944779455 0.456055220545 1 1 2
2014-02-15T14:00:00 36 0.543944779455 0.456055220545 1 1 2
2014-02-15T15:00:00 37 0.543944779455 0.456055220545 1 1 2
2014-02-15T16:00:00 38 0.725504618446 0.274495381554 5 1 6
2014-02-15T17:00:00 38 0.816284537942 0.183715462059 4 0 4
2014-02-15T18:00:00 35 0.816284537942 0.183715462059 4 0 4
2014-02-15T19:00:00 39 0.816284537942 0.183715462059 4 0 4
2014-02-15T20:00:00 45 0.816284537942 0.183715462059 4 0 4
2014-02-15T21:00:00 42 0.816284537942 0.183715462059 4 0 4
2014-02-15T22:00:00 40 0 0 0 0 0
2014-02-15T23:00:00 40 0 0 0 0 0
2014-02-16T00:00:00 34 0 0 0 0 0
2014-02-16T01:00:00 41 0 0 0 0 0
2014-02-16T02:00:00 30 0 0 0 0 0
2014-02-16T03:00:00 28 0 0 0 0 0
2014-02-16T04:00:00 24 0 0 0 0 0
2014-02-16T05:00:00 24 0 0 0 0 0
2014-06-07T16:00:00 99 0.724431014224 0.275568985776 2 0 2
2014-06-07T17:00:00 91 0.748263090449 0.251736909551 1 0 1
2014-06-07T18:00:00 86 0.748263090449 0.251736909551 1 0 1
2014-06-07T19:00:00 80 0.519189230098 0.480810769901 1 1 2
2014-06-07T20:00:00 75 0.519189230098 0.480810769901 1 1 2
2014-06-07T21:00:00 71 0.290115369748 0.709884630252 0 1 1
2014-06-07T22:00:00 68 0.290115369748 0.709884630252 0 1 1
2014-06-07T23:00:00 65 0.290115369748 0.709884630252 0 1 1
2014-06-08T00:00:00 59 0.290115369748 0.709884630252 0 1 1
2014-06-08T01:00:00 59 0 0 0 0 0
2014-06-08T02:00:00 56 0 0 0 0 0
2014-06-08T03:00:00 57 0 0 0 0 0
2014-06-08T04:00:00 59 0 0 0 0 0
2014-06-08T05:00:00 58 0 0 0 0 0
2014-06-08T06:00:00 62 0 0 0 0 0
2014-06-08T07:00:00 67 0 0 0 0 0
2014-06-08T08:00:00 69 0.757574992943 0.242425007057 1 0 1
2014-06-08T09:00:00 69 0.757574992943 0.242425007057 1 0 1
2014-06-08T10:00:00 70 0.757574992943 0.242425007057 1 0 1
2014-06-08T11:00:00 70 0.757574992943 0.242425007057 1 0 1
2014-06-08T12:00:00 64 0.757574992943 0.242425007057 1 0 1
2014-06-08T13:00:00 67 0.757574992943 0.242425007057 1 0 1
2014-06-08T14:00:00 66 0 0 0 0 0
2014-06-09T23:00:00 40 0 0 0 0 0
2014-06-10T00:00:00 36 0 0 0 0 0
2014-06-10T01:00:00 33 0 0 0 0 0
2014-06-10T02:00:00 30 0 0 0 0 0
2014-06-10T03:00:00 31 0 0 0 0 0
2014-06-10T04:00:00 34 0 0 0 0 0
2014-06-10T05:00:00 37 0 0 0 0 0
2014-06-10T06:00:00 45 0 0 0 0 0
2014-06-10T07:00:00 47 0 0 0 0 0
2014-06-10T08:00:00 49 0 0 0 0 0
2014-06-10T09:00:00 48 0.0 0.0 0 0 0
2014-06-10T10:00:00 46 0.742815408962 0.257184591038 1 0 1
2014-06-10T11:00:00 45 0.742815408962 0.257184591038 1 0 1
2014-06-10T12:00:00 47 0.742815408962 0.257184591038 1 0 1
2014-06-10T13:00:00 46 0.742815408962 0.257184591038 1 0 1
2014-06-10T14:00:00 44 0.742815408962 0.257184591038 1 0 1
2014-06-10T15:00:00 43 0.742815408962 0.257184591038 1 0 1
2014-06-10T16:00:00 41 0 0 0 0 0
2014-06-10T17:00:00 39 0 0 0 0 0
2014-06-10T18:00:00 42 0.605751091003 0.394248908997 1 0 1
2014-06-10T19:00:00 41 0.605751091003 0.394248908997 1 0 1
2014-06-10T20:00:00 48 0.605751091003 0.394248908997 1 0 1
2014-06-10T21:00:00 51 0.605751091003 0.394248908997 1 0 1
2014-06-10T22:00:00 55 0.605751091003 0.394248908997 1 0 1
2014-06-11T01:00:00 49 0.0 0.0 0 0 0
2014-06-11T02:00:00 47 0.0 0.0 0 0 0
2014-06-11T03:00:00 45 0.0 0.0 0 0 0
2014-06-11T04:00:00 43 0.0 0.0 0 0 0
2014-06-11T05:00:00 43 0.0 0.0 0 0 0
2014-06-11T06:00:00 41 0.0 0.0 0 0 0
2014-06-18T17:00:00 47 0.874100363225 0.125899636775 1 0 1
2014-06-18T18:00:00 43 0.874100363225 0.125899636775 1 0 1
2014-06-18T19:00:00 40 0.798573369007 0.201426630993 2 0 2
2014-06-20T11:00:00 27 0.823014657619 0.176985342381 4 0 4
2014-06-20T12:00:00 35 0.823014657619 0.176985342381 4 0 4
2014-06-20T13:00:00 43 0.823014657619 0.176985342381 4 0 4
2014-06-20T14:00:00 47 0.818943248173 0.181056751828 3 0 3
2014-06-20T15:00:00 45 0 0 0 0 0
2014-06-20T16:00:00 45 0 0 0 0 0
2014-06-20T17:00:00 56 0 0 0 0 0
2014-06-20T18:00:00 67 0.834936782661 0.165063217339 3 0 3
2014-06-20T19:00:00 72 0.822402846 0.177597154 4 0 4
2014-06-20T20:00:00 73 0.832460065647 0.167539934353 5 0 5
2014-06-20T21:00:00 74 0.82418959158 0.17581040842 8 0 8
2014-06-20T22:00:00 75 0.82418959158 0.17581040842 8 0 8
2014-06-20T23:00:00 78 0.82418959158 0.17581040842 8 0 8
2014-06-21T00:00:00 78 0.817741276932 0.182258723068 5 0 5
2014-06-21T01:00:00 76 0.825976337161 0.174023662839 4 0 4
2014-06-21T02:00:00 71 0.810405468136 0.189594531864 3 0 3
2014-06-21T03:00:00 72 0 0 0 0 0
2014-06-21T04:00:00 74 0 0 0 0 0
2014-06-21T05:00:00 74 0 0 0 0 0
2014-06-21T06:00:00 65 0 0 0 0 0
2014-06-21T07:00:00 46 0 0 0 0 0
2014-06-21T10:00:00 25 0.823859955499 0.176140044501 2 0 2
2014-06-21T11:00:00 25 0.795303597244 0.204696402756 3 0 3
2014-06-21T12:00:00 25 0.795303597244 0.204696402756 3 0 3
2014-06-21T13:00:00 26 0.767787259594 0.232212740406 4 0 4
2014-06-21T14:00:00 29 0.767787259594 0.232212740406 4 0 4
2014-06-25T18:00:00 25 0.743126020645 0.256873979355 4 0 4
2014-06-26T08:00:00 24 0.709963399648 0.290036600352 2 0 2
2014-06-26T09:00:00 27 0.805285267363 0.194714732637 5 0 5
2014-06-26T10:00:00 26 0.811432607685 0.188567392315 7 0 7
2014-06-26T13:00:00 29 0.827114749427 0.172885250573 8 0 8
2014-06-26T14:00:00 30 0.79539138118 0.204608618821 6 1 7
2014-06-26T15:00:00 28 0.779625974472 0.220374025528 4 1 5
2014-06-26T16:00:00 29 0.817073485595 0.182926514405 7 1 8
2014-06-26T17:00:00 31 0.799956877592 0.200043122409 6 1 7
2014-06-26T18:00:00 39 0.7962893037 0.2037106963 7 1 8
2014-06-26T19:00:00 45 0.81191157458 0.18808842542 8 1 9
2014-06-26T20:00:00 47 0.867056962386 0.132943037614 8 0 8
2014-06-26T21:00:00 49 0.857080851067 0.142919148934 7 0 7
2014-06-26T22:00:00 50 0.853753014041 0.146246985959 2 0 2
2014-06-26T23:00:00 44 0.853753014041 0.146246985959 2 0 2
2014-06-27T00:00:00 32 0.936889741622 0.0631102583782 1 0 1
2014-06-27T01:00:00 29 0.0 0.0 0 0 0
2014-06-27T02:00:00 25 0.0 0.0 0 0 0
2014-06-27T03:00:00 27 0.0 0.0 0 0 0
2014-06-27T04:00:00 27 0.0 0.0 0 0 0
2014-06-27T05:00:00 29 0.0 0.0 0 0 0
2014-06-27T06:00:00 29 0.0 0.0 0 0 0
2014-06-27T07:00:00 28 0 0 0 0 0
2014-06-27T08:00:00 29 0.799310236199 0.200689763801 1 0 1
2014-08-23T05:00:00 68 0 0 0 0 0
2014-08-23T06:00:00 67 0 0 0 0 0
2014-08-23T07:00:00 67 0 0 0 0 0
2014-08-23T08:00:00 68 0 0 0 0 0
2014-08-23T09:00:00 67 0 0 0 0 0
2014-08-23T10:00:00 72 0.0 0.0 0 0 0
2014-08-23T11:00:00 73 0.0 0.0 0 0 0
2014-08-23T12:00:00 70 0.0 0.0 0 0 0
2014-08-23T13:00:00 73 0.0 0.0 0 0 0
2014-08-23T14:00:00 76 0.0 0.0 0 0 0
2014-08-23T17:00:00 73 0 0 0 0 0
2014-08-23T18:00:00 74 0.0 0.0 0 0 0
2014-08-23T19:00:00 83 0.0 0.0 0 0 0
2014-08-23T20:00:00 88 0.0 0.0 0 0 0
2014-08-23T21:00:00 89 0.0 0.0 0 0 0
2014-08-23T22:00:00 86 0.0 0.0 0 0 0
2014-08-23T23:00:00 86 0.0 0.0 0 0 0
2014-08-24T00:00:00 86 0 0 0 0 0
2014-08-24T01:00:00 87 0 0 0 0 0
2014-08-24T02:00:00 80 0 0 0 0 0
2014-08-24T03:00:00 74 0 0 0 0 0
2014-08-24T04:00:00 71 0 0 0 0 0
2014-08-24T05:00:00 69 0 0 0 0 0
2014-08-24T06:00:00 71 0 0 0 0 0
2014-08-24T07:00:00 75 0 0 0 0 0
2014-08-24T08:00:00 88 0 0 0 0 0
2014-08-24T09:00:00 101 0 0 0 0 0
2014-08-24T10:00:00 113 0 0 0 0 0
2014-08-24T11:00:00 118 0 0 0 0 0
2014-08-24T12:00:00 106 0 0 0 0 0
2014-08-24T13:00:00 102 0 0 0 0 0
2014-08-24T14:00:00 103 0 0 0 0 0
2014-08-24T15:00:00 93 0 0 0 0 0
2014-09-09T20:00:00 51 0.644549603061 0.355450396939 2 0 2
2014-09-09T21:00:00 50 0.681587301247 0.318412698753 1 0 1
2014-09-09T22:00:00 47 0.681587301247 0.318412698753 1 0 1
2014-09-09T23:00:00 45 0 0 0 0 0
2014-09-10T00:00:00 46 0 0 0 0 0
2014-09-10T01:00:00 47 0 0 0 0 0
2014-09-10T02:00:00 51 0 0 0 0 0
2014-09-10T03:00:00 49 0 0 0 0 0
2014-09-10T04:00:00 50 0 0 0 0 0
2014-09-10T05:00:00 49 0 0 0 0 0
2014-09-10T06:00:00 49 0 0 0 0 0
2014-09-10T07:00:00 46 0 0 0 0 0
2014-09-10T08:00:00 47 0.0 0.0 0 0 0
2014-09-10T09:00:00 49 0.936889741622 0.0631102583782 1 0 1
2014-09-10T10:00:00 69 0.898746035156 0.101253964844 3 0 3
2014-09-10T11:00:00 96 0.880024515242 0.119975484758 4 0 4
2014-09-10T12:00:00 101 0.880024515242 0.119975484758 4 0 4
2014-09-10T13:00:00 107 0.880024515242 0.119975484758 4 0 4
2014-09-10T14:00:00 113 0.873372615778 0.126627384222 5 0 5
2014-09-10T15:00:00 114 0.857493334316 0.142506665684 4 0 4
2014-09-10T16:00:00 115 0.83531248671 0.16468751329 2 0 2
2014-09-10T17:00:00 89 0.84676501792 0.15323498208 1 0 1
2014-09-10T18:00:00 76 0.84676501792 0.15323498208 1 0 1
2014-09-10T19:00:00 64 0.84676501792 0.15323498208 1 0 1
2014-10-08T01:00:00 53 0.71870713081 0.28129286919 3 0 3
2014-10-08T02:00:00 47 0.731919181792 0.268080818208 2 0 2
2014-10-08T03:00:00 45 0.731919181792 0.268080818208 2 0 2
2014-10-08T04:00:00 44 0.731919181792 0.268080818208 2 0 2
2014-10-08T05:00:00 44 0.731919181792 0.268080818208 2 0 2
2014-10-08T06:00:00 45 0.84676501792 0.15323498208 1 0 1
2014-10-08T07:00:00 52 0 0 0 0 0
2014-10-08T08:00:00 56 0.654194454869 0.345805545131 2 1 3
2014-10-08T09:00:00 52 0.672511560345 0.327488439655 4 1 5
2014-10-08T10:00:00 48 0.672511560345 0.327488439655 4 1 5
2014-10-08T11:00:00 44 0.672511560345 0.327488439655 4 1 5
2014-10-08T12:00:00 40 0.672511560345 0.327488439655 4 1 5
2014-10-08T13:00:00 42 0.672511560345 0.327488439655 4 1 5
2014-10-08T14:00:00 44 0.699987218558 0.300012781442 2 0 2
2014-10-08T15:00:00 42 0 0 0 0 0
2014-10-08T16:00:00 45 0 0 0 0 0
2014-10-08T17:00:00 45 0 0 0 0 0
2014-10-08T18:00:00 45 0.626189889368 0.373810110632 1 0 1
2014-10-08T19:00:00 45 0.694156935521 0.305843064479 3 0 3
2014-10-08T20:00:00 46 0.711806756792 0.288193243208 4 0 4
2014-10-08T21:00:00 43 0.711806756792 0.288193243208 4 0 4
2014-10-08T22:00:00 41 0.711806756792 0.288193243208 4 0 4
2014-10-08T23:00:00 43 0.711806756792 0.288193243208 4 0 4
2014-10-09T00:00:00 41 0.7403457126 0.2596542874 3 0 3
2014-10-09T01:00:00 41 0.764756220604 0.235243779396 1 0 1
