2013-06-10T23:00:00 54 0 0 0 0 0
2013-06-11T00:00:00 54 0 0 0 0 0
2013-06-11T01:00:00 54 0 0 0 0 0
2013-06-11T02:00:00 54 0 0 0 0 0
2013-06-11T03:00:00 55 0 0 0 0 0
2013-06-11T04:00:00 57 0 0 0 0 0
2013-06-11T05:00:00 60 0 0 0 0 0
2013-06-11T06:00:00 63 0 0 0 0 0
2013-06-11T07:00:00 67 0 0 0 0 0
2013-06-11T08:00:00 71 0 0 0 0 0
2013-06-11T09:00:00 76 0 0 0 0 0
2013-06-11T10:00:00 81 0 0 0 0 0
2013-06-11T11:00:00 85 0 0 0 0 0
2013-06-11T12:00:00 88 0 0 0 0 0
2013-06-11T13:00:00 93 0 0 0 0 0
2013-06-11T14:00:00 96 0 0 0 0 0
2013-06-11T15:00:00 101 0 0 0 0 0
2013-06-11T16:00:00 105 0 0 0 0 0
2013-06-11T17:00:00 110 0 0 0 0 0
2013-06-11T18:00:00 116 0 0 0 0 0
2013-06-11T19:00:00 123 0 0 0 0 0
2013-06-11T20:00:00 132 0 0 0 0 0
2013-06-11T21:00:00 139 0 0 0 0 0
2013-06-11T22:00:00 148 0 0 0 0 0
2013-11-14T09:00:00 45 0.862357244145 0.137642755855 1 0 1
2013-11-14T10:00:00 46 0.862357244145 0.137642755855 1 0 1
2013-11-14T11:00:00 47 0.843108599822 0.156891400178 2 0 2
2013-11-14T12:00:00 49 0.843108599822 0.156891400178 2 0 2
2013-11-14T13:00:00 49 0.843108599822 0.156891400178 2 0 2
2013-11-14T14:00:00 50 0.775480729902 0.224519270098 3 0 3
2013-11-14T15:00:00 51 0.732042472781 0.267957527219 2 0 2
2013-11-14T16:00:00 53 0.800324895728 0.199675104272 3 0 3
2013-11-14T17:00:00 56 0.788557365843 0.211442634158 2 0 2
2013-11-14T18:00:00 62 0.781719805816 0.218280194184 3 0 3
2013-11-14T19:00:00 70 0.781719805816 0.218280194184 3 0 3
2013-11-14T20:00:00 76 0.852467213693 0.147532786307 2 0 2
2013-11-14T21:00:00 82 0.778210696172 0.221789303828 3 0 3
2013-11-14T22:00:00 88 0.698871173447 0.301128826553 2 0 2
2013-11-14T23:00:00 94 0.698871173447 0.301128826553 2 0 2
2013-11-15T00:00:00 100 0.629697661131 0.370302338869 1 0 1
2013-11-15T01:00:00 106 0.629697661131 0.370302338869 1 0 1
2013-11-15T02:00:00 112 0.629697661131 0.370302338869 1 0 1
2013-11-15T03:00:00 118 0 0 0 0 0
2013-11-15T04:00:00 125 0 0 0 0 0
2013-11-15T05:00:00 132 0 0 0 0 0
2013-11-15T06:00:00 139 0 0 0 0 0
2013-11-15T07:00:00 146 0 0 0 0 0
2013-11-18T20:00:00 74 0.784763548105 0.215236451895 5 0 5
2013-11-18T21:00:00 74 0.784763548105 0.215236451895 5 0 5
2013-11-18T22:00:00 75 0.784763548105 0.215236451895 5 0 5
2013-11-18T23:00:00 75 0.784763548105 0.215236451895 5 0 5
2013-11-19T00:00:00 77 0.764278050291 0.235721949708 2 0 2
2013-11-19T01:00:00 78 0.669323839254 0.330676160746 1 0 1
2013-11-19T02:00:00 79 0 0 0 0 0
2013-11-19T03:00:00 81 0 0 0 0 0
2013-11-19T04:00:00 82 0 0 0 0 0
2013-11-19T05:00:00 84 0 0 0 0 0
2013-11-19T06:00:00 86 0 0 0 0 0
2013-11-19T07:00:00 88 0 0 0 0 0
2013-11-20T09:00:00 119 0 0 0 0 0
2013-11-20T10:00:00 119 0.0 0.0 0 0 0
2013-11-20T11:00:00 121 0.0 0.0 0 0 0
2013-11-20T12:00:00 124 0.0 0.0 0 0 0
2013-11-20T13:00:00 127 0.0 0.0 0 0 0
2013-11-20T14:00:00 129 0.0 0.0 0 0 0
2013-11-20T15:00:00 132 0.0 0.0 0 0 0
2013-11-20T16:00:00 134 0 0 0 0 0
2013-11-20T17:00:00 136 0.533725781094 0.466274218906 1 1 2
2013-11-20T18:00:00 139 0.533725781094 0.466274218906 1 1 2
2013-11-20T19:00:00 141 0.533725781094 0.466274218906 1 1 2
2013-11-20T20:00:00 144 0.533725781094 0.466274218906 1 1 2
2013-11-20T21:00:00 147 0.533725781094 0.466274218906 1 1 2
2013-11-25T07:00:00 70 0 0 0 0 0
2013-11-25T08:00:00 71 0.711841539168 0.288158460832 1 0 1
2013-11-25T09:00:00 73 0.695644582795 0.304355417205 2 0 2
2013-11-25T10:00:00 76 0.695644582795 0.304355417205 2 0 2
2013-11-25T11:00:00 80 0.695644582795 0.304355417205 2 0 2
2013-11-25T12:00:00 84 0.695644582795 0.304355417205 2 0 2
2013-11-25T13:00:00 88 0.695644582795 0.304355417205 2 0 2
2013-11-25T14:00:00 92 0.679447626422 0.320552373578 1 0 1
2013-11-25T15:00:00 96 0 0 0 0 0
2013-11-25T16:00:00 99 0.936889741622 0.0631102583782 1 0 1
2013-11-25T17:00:00 103 0.936889741622 0.0631102583782 1 0 1
2013-11-25T18:00:00 106 0.771518287328 0.228481712672 3 0 3
2013-11-25T19:00:00 110 0.741489635174 0.258510364826 4 0 4
2013-11-25T20:00:00 115 0.741489635174 0.258510364826 4 0 4
2013-11-25T21:00:00 118 0.741489635174 0.258510364826 4 0 4
2013-11-25T22:00:00 123 0.676356266358 0.323643733642 3 0 3
2013-11-25T23:00:00 129 0.676356266358 0.323643733642 3 0 3
2013-11-26T00:00:00 135 0.651403678713 0.348596321287 1 0 1
2013-11-26T01:00:00 130 0.0 0.0 0 0 0
2013-11-26T02:00:00 134 0.0 0.0 0 0 0
2013-11-26T03:00:00 138 0.0 0.0 0 0 0
2013-11-26T04:00:00 142 0.0 0.0 0 0 0
2013-11-26T05:00:00 146 0.0 0.0 0 0 0
2013-11-30T05:00:00 95 0 0 0 0 0
2013-11-30T06:00:00 96 0 0 0 0 0
2013-11-30T07:00:00 98 0 0 0 0 0
2013-11-30T08:00:00 100 0 0 0 0 0
2013-11-30T09:00:00 96 0.395468018143 0.604531981857 0 1 1
2013-11-30T10:00:00 101 0.395468018143 0.604531981857 0 1 1
2013-11-30T11:00:00 102 0.395468018143 0.604531981857 0 1 1
2013-11-30T12:00:00 103 0.666178879883 0.333821120118 1 1 2
2013-11-30T13:00:00 104 0.666178879883 0.333821120118 1 1 2
2013-11-30T14:00:00 106 0.726374259228 0.273625740772 2 1 3
2013-11-30T15:00:00 107 0.83334508609 0.16665491391 3 0 3
2013-11-30T18:00:00 110 0.802384353226 0.197615646774 7 0 7
2013-11-30T19:00:00 113 0.802384353226 0.197615646774 7 0 7
2013-11-30T20:00:00 116 0.794987575777 0.205012424223 6 0 6
2013-11-30T21:00:00 118 0.763239607488 0.236760392512 8 0 8
2013-11-30T22:00:00 121 0.760490514273 0.239509485727 7 0 7
2013-11-30T23:00:00 124 0.755307217929 0.244692782071 5 0 5
2013-12-01T00:00:00 128 0.68412396799 0.31587603201 3 0 3
2013-12-01T01:00:00 131 0.68412396799 0.31587603201 3 0 3
2013-12-01T02:00:00 135 0.68412396799 0.31587603201 3 0 3
2013-12-01T03:00:00 140 0 0 0 0 0
2013-12-01T04:00:00 144 0 0 0 0 0
2013-12-01T05:00:00 148 0 0 0 0 0
2013-12-08T08:00:00 149 0.710190547667 0.289809452333 1 0 1
2013-12-08T09:00:00 144 0.784853426803 0.215146573197 2 0 2
2013-12-08T10:00:00 141 0.78047149491 0.21952850509 4 0 4
2013-12-08T11:00:00 140 0.787247227293 0.212752772707 6 0 6
2013-12-08T12:00:00 143 0.787247227293 0.212752772707 6 0 6
2013-12-08T13:00:00 146 0.787247227293 0.212752772707 6 0 6
2013-12-08T14:00:00 147 0.802658563218 0.197341436782 5 0 5
2013-12-08T15:00:00 147 0.824576489647 0.175423510353 6 0 6
2013-12-08T16:00:00 148 0.848819952962 0.151180047038 4 0 4
2013-12-08T17:00:00 148 0.849696591828 0.150303408173 4 0 4
2013-12-04T14:00:00 149 0.827650435296 0.172349564704 7 0 7
2013-12-04T15:00:00 148 0.829009181311 0.170990818689 4 0 4
2013-12-04T16:00:00 148 0.850585293373 0.149414706627 5 0 5
2013-12-04T17:00:00 148 0.910190723118 0.0898092768825 3 0 3
2013-12-04T18:00:00 148 0.813466106427 0.186533893573 7 0 7
2013-12-04T19:00:00 146 0.792895500561 0.207104499439 6 0 6
2013-12-04T20:00:00 145 0.780116063451 0.219883936549 5 0 5
2013-12-04T21:00:00 146 0.780116063451 0.219883936549 5 0 5
2013-12-04T22:00:00 146 0.740922643909 0.259077356091 4 0 4
2013-12-04T23:00:00 148 0.740922643909 0.259077356091 4 0 4
2013-12-23T21:00:00 69 0.0 0.0 0 0 0
2013-12-23T22:00:00 71 0.0 0.0 0 0 0
2013-12-23T23:00:00 74 0.0 0.0 0 0 0
2013-12-24T00:00:00 77 0.0 0.0 0 0 0
2013-12-24T01:00:00 80 0.0 0.0 0 0 0
2013-12-24T02:00:00 83 0.0 0.0 0 0 0
2013-12-24T03:00:00 86 0 0 0 0 0
2013-12-24T04:00:00 90 0 0 0 0 0
2013-12-24T05:00:00 92 0 0 0 0 0
2013-12-24T06:00:00 95 0 0 0 0 0
2013-12-24T07:00:00 99 0.856584681168 0.143415318832 1 0 1
2013-12-24T08:00:00 102 0.856584681168 0.143415318832 1 0 1
2013-12-24T09:00:00 107 0.607640840205 0.392359159796 1 1 2
2013-12-24T10:00:00 111 0.607640840205 0.392359159796 1 1 2
2013-12-24T11:00:00 116 0.607640840205 0.392359159796 1 1 2
2013-12-24T12:00:00 120 0.607640840205 0.392359159796 1 1 2
2013-12-24T13:00:00 148 0.358696999241 0.641303000759 0 1 1
2013-12-24T14:00:00 125 0.358696999241 0.641303000759 0 1 1
2013-12-24T17:00:00 135 0.706080623379 0.293919376621 6 1 7
2013-12-24T18:00:00 140 0.761924801162 0.238075198838 11 1 12
2013-12-24T19:00:00 146 0.766495946722 0.233504053278 13 1 14
2013-12-25T18:00:00 149 0.635134158952 0.364865841048 2 1 3
2013-12-25T19:00:00 146 0.635134158952 0.364865841048 2 1 3
2013-12-25T20:00:00 143 0.62696965986 0.37303034014 3 1 4
2013-12-25T21:00:00 140 0.62696965986 0.37303034014 3 1 4
2013-12-25T22:00:00 137 0.591357185958 0.408642814042 2 1 3
2013-12-25T23:00:00 134 0.591357185958 0.408642814042 2 1 3
2013-12-26T00:00:00 131 0.602476162584 0.397523837416 1 0 1
2013-12-26T01:00:00 128 0.602476162584 0.397523837416 1 0 1
2013-12-26T02:00:00 126 0.0 0.0 0 0 0
2013-12-26T03:00:00 125 0 0 0 0 0
2013-12-26T04:00:00 126 0 0 0 0 0
2013-12-26T05:00:00 131 0 0 0 0 0
2013-12-26T06:00:00 140 0 0 0 0 0
2013-12-28T09:00:00 95 0 0 0 0 0
2013-12-28T10:00:00 98 0.936422291653 0.0635777083473 1 0 1
2013-12-28T11:00:00 101 0.936422291653 0.0635777083473 1 0 1
2013-12-28T12:00:00 103 0.665498418783 0.334501581217 1 1 2
2013-12-28T13:00:00 104 0.665498418783 0.334501581217 1 1 2
2013-12-28T14:00:00 106 0.665498418783 0.334501581217 1 1 2
2013-12-28T15:00:00 107 0.665498418783 0.334501581217 1 1 2
2013-12-28T16:00:00 109 0.394574545913 0.605425454087 0 1 1
2013-12-28T17:00:00 112 0.394574545913 0.605425454087 0 1 1
2013-12-28T18:00:00 114 0 0 0 0 0
2013-12-28T19:00:00 117 0 0 0 0 0
2013-12-28T20:00:00 119 0 0 0 0 0
2013-12-28T21:00:00 123 0 0 0 0 0
2013-12-28T22:00:00 125 0.756902105848 0.243097894152 1 0 1
2013-12-28T23:00:00 128 0.756902105848 0.243097894152 1 0 1
2013-12-29T00:00:00 131 0.553837514696 0.446162485304 1 1 2
2013-12-29T01:00:00 134 0.553837514696 0.446162485304 1 1 2
2013-12-29T02:00:00 137 0.553837514696 0.446162485304 1 1 2
2013-12-29T03:00:00 139 0.553837514696 0.446162485304 1 1 2
2013-12-29T04:00:00 141 0.350772923543 0.649227076457 0 1 1
2013-12-29T05:00:00 143 0.350772923543 0.649227076457 0 1 1
2013-12-29T06:00:00 145 0 0 0 0 0
2013-12-29T07:00:00 147 0 0 0 0 0
2013-12-31T12:00:00 149 0.741761182855 0.258238817145 4 0 4
2013-12-31T13:00:00 147 0.741761182855 0.258238817145 4 0 4
2013-12-31T14:00:00 144 0.735864118987 0.264135881013 4 0 4
2013-12-31T15:00:00 93 0.829285846592 0.170714153408 6 0 6
2013-12-31T16:00:00 89 0.850357773436 0.149642226564 5 0 5
2013-12-31T17:00:00 86 0.864914385289 0.135085614711 8 0 8
2013-12-31T18:00:00 93 0.781299362762 0.218700637238 10 1 11
2013-12-31T19:00:00 112 0.776055483908 0.223944516092 11 1 12
2013-12-31T20:00:00 124 0.777727023607 0.222272976393 10 1 11
2013-12-31T21:00:00 147 0.738126571684 0.261873428316 7 1 8
2014-01-02T12:00:00 130 0.717287005457 0.282712994543 3 0 3
2014-01-02T13:00:00 112 0.717287005457 0.282712994543 3 0 3
2014-01-02T14:00:00 81 0.747117892028 0.252882107972 1 0 1
2014-01-02T15:00:00 78 0 0 0 0 0
2014-01-02T16:00:00 80 0 0 0 0 0
2014-01-02T17:00:00 92 0 0 0 0 0
2014-01-02T18:00:00 99 0 0 0 0 0
2014-01-02T19:00:00 105 0 0 0 0 0
2014-01-02T20:00:00 109 0 0 0 0 0
2014-01-02T21:00:00 110 0 0 0 0 0
2014-01-02T22:00:00 108 0 0 0 0 0
2014-01-02T23:00:00 109 0 0 0 0 0
2014-01-03T00:00:00 109 0 0 0 0 0
2014-01-03T01:00:00 103 0 0 0 0 0
2014-01-03T02:00:00 98 0 0 0 0 0
2014-01-03T03:00:00 99 0 0 0 0 0
2014-01-03T04:00:00 103 0 0 0 0 0
2014-01-03T05:00:00 107 0 0 0 0 0
2014-01-03T06:00:00 119 0 0 0 0 0
2014-01-03T07:00:00 134 0 0 0 0 0
2014-01-12T02:00:00 54 0 0 0 0 0
2014-01-12T03:00:00 52 0 0 0 0 0
2014-01-12T04:00:00 51 0 0 0 0 0
2014-01-12T05:00:00 50 0 0 0 0 0
2014-01-12T06:00:00 57 0 0 0 0 0
2014-01-12T07:00:00 63 0 0 0 0 0
2014-01-12T08:00:00 55 0 0 0 0 0
2014-01-12T09:00:00 48 0 0 0 0 0
2014-01-12T10:00:00 62 0.603434504278 0.396565495722 1 0 1
2014-01-12T11:00:00 79 0.603434504278 0.396565495722 1 0 1
2014-01-12T12:00:00 79 0.603434504278 0.396565495722 1 0 1
2014-01-12T13:00:00 85 0.603434504278 0.396565495722 1 0 1
2014-01-12T14:00:00 92 0.603434504278 0.396565495722 1 0 1
2014-01-12T15:00:00 104 0.603434504278 0.396565495722 1 0 1
2014-01-12T16:00:00 113 0 0 0 0 0
2014-01-12T17:00:00 133 0 0 0 0 0
2014-01-12T18:00:00 141 0.76930641649 0.23069358351 1 0 1
2014-01-16T19:00:00 87 0.828007147754 0.171992852246 12 0 12
2014-01-16T20:00:00 93 0.828007147754 0.171992852246 12 0 12
2014-01-16T21:00:00 93 0.809890926992 0.190109073008 14 0 14
2014-01-16T22:00:00 89 0.776500305961 0.223499694039 8 0 8
2014-01-16T23:00:00 85 0.765320629737 0.234679370263 7 0 7
2014-01-17T00:00:00 90 0.666154824654 0.333845175346 4 0 4
2014-01-17T01:00:00 87 0.70119360242 0.29880639758 2 0 2
2014-01-17T02:00:00 86 0.70119360242 0.29880639758 2 0 2
2014-01-17T03:00:00 88 0.0 0.0 0 0 0
2014-01-17T04:00:00 90 0.0 0.0 0 0 0
2014-01-17T05:00:00 92 0 0 0 0 0
2014-01-17T06:00:00 86 0 0 0 0 0
2014-01-17T07:00:00 97 0 0 0 0 0
2014-01-17T08:00:00 102 0 0 0 0 0
2014-01-17T09:00:00 110 0 0 0 0 0
2014-01-17T10:00:00 109 0 0 0 0 0
2014-01-17T11:00:00 96 0 0 0 0 0
2014-01-17T12:00:00 94 0 0 0 0 0
2014-01-17T13:00:00 101 0 0 0 0 0
2014-01-17T14:00:00 103 0 0 0 0 0
2014-01-17T15:00:00 106 0 0 0 0 0
2014-01-17T16:00:00 114 0 0 0 0 0
2014-01-17T17:00:00 122 0 0 0 0 0
2014-01-17T18:00:00 123 0.936889741622 0.0631102583782 1 0 1
2014-01-19T10:00:00 146 0.628754163571 0.371245836429 2 0 2
2014-01-19T11:00:00 128 0.628754163571 0.371245836429 2 0 2
2014-01-19T12:00:00 120 0.628754163571 0.371245836429 2 0 2
2014-01-19T13:00:00 119 0.628754163571 0.371245836429 2 0 2
2014-01-19T14:00:00 127 0.628754163571 0.371245836429 2 0 2
2014-01-19T15:00:00 114 0.66216000956 0.33783999044 3 0 3
2014-01-19T16:00:00 101 0.83293072158 0.16706927842 2 0 2
2014-01-19T17:00:00 112 0.833813265315 0.166186734685 3 0 3
2014-01-19T18:00:00 147 0.832077932039 0.167922067961 4 0 4
2014-01-29T01:00:00 71 0.936889741622 0.0631102583782 1 0 1
2014-01-29T02:00:00 68 0.936889741622 0.0631102583782 1 0 1
2014-01-29T03:00:00 65 0 0 0 0 0
2014-01-29T04:00:00 62 0 0 0 0 0
2014-01-29T05:00:00 62 0 0 0 0 0
2014-01-29T06:00:00 61 0 0 0 0 0
2014-01-29T07:00:00 62 0.618834433252 0.381165566748 1 0 1
2014-01-29T08:00:00 65 0.479561434908 0.520438565092 1 1 2
2014-01-29T09:00:00 68 0.632004203813 0.367995796187 2 1 3
2014-01-29T10:00:00 67 0.632004203813 0.367995796187 2 1 3
2014-01-29T11:00:00 66 0.632004203813 0.367995796187 2 1 3
2014-01-29T12:00:00 63 0.632004203813 0.367995796187 2 1 3
2014-01-29T13:00:00 59 0.522969263194 0.477030736806 1 2 3
2014-01-29T14:00:00 55 0.592273305158 0.407726694842 4 2 6
2014-01-29T15:00:00 54 0.586813656191 0.413186343809 5 2 7
2014-01-29T16:00:00 60 0.616836899089 0.383163100911 7 2 9
2014-01-29T17:00:00 67 0.629876457842 0.370123542158 8 2 10
2014-01-29T18:00:00 75 0.636473102067 0.363526897933 10 3 13
2014-01-29T19:00:00 88 0.66520172629 0.33479827371 10 2 12
2014-01-29T20:00:00 108 0.707175029694 0.292824970306 7 1 8
2014-01-29T21:00:00 121 0.694409122256 0.305590877744 5 1 6
2014-01-29T22:00:00 134 0.579203878504 0.420796121496 3 2 5
2014-01-29T23:00:00 144 0.537196726476 0.462803273523 2 2 4
2014-01-31T19:00:00 109 0 0 0 0 0
2014-01-31T20:00:00 112 0 0 0 0 0
2014-01-31T21:00:00 111 0 0 0 0 0
2014-01-31T22:00:00 97 0 0 0 0 0
2014-01-31T23:00:00 89 0 0 0 0 0
2014-02-01T04:00:00 64 0 0 0 0 0
2014-02-01T05:00:00 59 0 0 0 0 0
2014-02-01T06:00:00 57 0 0 0 0 0
2014-02-01T07:00:00 52 0 0 0 0 0
2014-02-01T08:00:00 47 0 0 0 0 0
2014-02-01T09:00:00 45 0 0 0 0 0
2014-02-01T10:00:00 48 0.702116264721 0.297883735279 3 1 4
2014-02-01T11:00:00 49 0.784491911229 0.215508088771 10 1 11
2014-02-01T12:00:00 51 0.778648806699 0.221351193301 12 1 13
2014-02-01T13:00:00 60 0.781385417458 0.218614582542 13 1 14
2014-02-01T14:00:00 75 0.777852431347 0.222147568653 15 1 16
2014-02-01T15:00:00 83 0.750416758488 0.249583241512 15 2 17
2014-02-01T16:00:00 85 0.765278448878 0.234721551122 12 1 13
2014-02-01T17:00:00 88 0.68257114808 0.31742885192 6 1 7
2014-02-01T18:00:00 96 0.656994914599 0.343005085401 4 1 5
2014-02-01T19:00:00 105 0.617003303915 0.382996696085 3 1 4
2014-02-01T20:00:00 121 0.607380939515 0.392619060485 2 1 3
2014-02-01T21:00:00 141 0.655245507441 0.344754492559 2 0 2
2014-02-19T05:00:00 34 0 0 0 0 0
2014-02-19T06:00:00 38 0 0 0 0 0
2014-02-19T07:00:00 40 0 0 0 0 0
2014-02-19T08:00:00 40 0.875791278764 0.124208721236 4 0 4
2014-02-19T09:00:00 51 0.847288307276 0.152711692724 6 0 6
2014-02-19T10:00:00 58 0.847288307276 0.152711692724 6 0 6
2014-02-19T11:00:00 57 0.847288307276 0.152711692724 6 0 6
2014-02-19T12:00:00 68 0.847288307276 0.152711692724 6 0 6
2014-02-19T13:00:00 80 0.859597936491 0.140402063509 8 0 8
2014-02-19T14:00:00 92 0.843404594218 0.156595405782 4 0 4
2014-02-19T15:00:00 89 0.896526824136 0.103473175864 2 0 2
2014-02-19T16:00:00 84 0.896526824136 0.103473175864 2 0 2
2014-02-19T17:00:00 95 0.896526824136 0.103473175864 2 0 2
2014-02-19T18:00:00 113 0.906365098623 0.0936349013771 4 0 4
2014-02-19T19:00:00 125 0.91620337311 0.0837966268901 2 0 2
2014-02-19T20:00:00 136 0.91620337311 0.0837966268901 2 0 2
2014-02-19T21:00:00 147 0.906365098623 0.093634901377 4 0 4
2014-03-08T01:00:00 111 0 0 0 0 0
2014-03-08T02:00:00 97 0 0 0 0 0
2014-03-08T03:00:00 103 0 0 0 0 0
2014-03-08T04:00:00 108 0 0 0 0 0
2014-03-08T05:00:00 105 0 0 0 0 0
2014-03-08T06:00:00 93 0 0 0 0 0
2014-03-08T07:00:00 79 0 0 0 0 0
2014-03-08T08:00:00 71 0 0 0 0 0
2014-03-08T09:00:00 49 0 0 0 0 0
2014-03-08T13:00:00 45 0 0 0 0 0
2014-03-08T14:00:00 39 0 0 0 0 0
2014-03-08T17:00:00 42 0 0 0 0 0
2014-03-08T18:00:00 45 0 0 0 0 0
2014-03-08T19:00:00 50 0 0 0 0 0
2014-03-08T20:00:00 50 0 0 0 0 0
2014-03-08T21:00:00 49 0 0 0 0 0
2014-03-09T09:00:00 110 0 0 0 0 0
2014-03-09T10:00:00 105 0 0 0 0 0
2014-03-09T11:00:00 85 0 0 0 0 0
2014-03-09T12:00:00 86 0 0 0 0 0
2014-03-09T13:00:00 89 0 0 0 0 0
2014-03-09T14:00:00 96 0 0 0 0 0
2014-03-09T15:00:00 95 0 0 0 0 0
2014-03-09T16:00:00 92 0.0 0.0 0 0 0
2014-03-16T21:00:00 70 0.896526824136 0.103473175864 6 0 6
2014-03-16T22:00:00 66 0.887205594976 0.112794405024 7 0 7
2014-03-16T23:00:00 62 0.887205594976 0.112794405024 7 0 7
2014-03-17T00:00:00 63 0.831278220017 0.168721779983 1 0 1
2014-03-17T01:00:00 66 0.831278220017 0.168721779983 1 0 1
2014-03-17T02:00:00 69 0.774055752276 0.225944247724 2 0 2
2014-03-17T03:00:00 71 0.774055752276 0.225944247724 2 0 2
2014-03-17T04:00:00 73 0.716833284535 0.283166715465 1 0 1
2014-03-17T05:00:00 73 0.716833284535 0.283166715465 1 0 1
2014-03-17T06:00:00 78 0.716833284535 0.283166715465 1 0 1
2014-03-17T07:00:00 83 0.716833284535 0.283166715465 1 0 1
2014-03-17T08:00:00 90 0.834001686186 0.165998313814 6 0 6
2014-03-17T09:00:00 102 0.825518140826 0.174481859174 7 0 7
2014-03-17T10:00:00 111 0.767715445895 0.232284554105 8 1 9
2014-03-17T11:00:00 118 0.767715445895 0.232284554105 8 1 9
2014-03-17T12:00:00 117 0.767715445895 0.232284554105 8 1 9
2014-03-17T13:00:00 106 0.767715445895 0.232284554105 8 1 9
2014-03-17T14:00:00 95 0.635142965314 0.364857034686 2 1 3
2014-03-17T15:00:00 87 0.684828153806 0.315171846194 4 1 5
2014-03-17T16:00:00 91 0.764442913917 0.235557086083 3 0 3
2014-03-17T17:00:00 90 0.76771046362 0.232289536381 4 0 4
2014-03-17T18:00:00 100 0.806499704153 0.193500295847 7 0 7
2014-03-17T19:00:00 110 0.82705093034 0.17294906966 9 0 9
2014-03-17T20:00:00 145 0.82705093034 0.17294906966 9 0 9
2014-04-16T11:00:00 45 0.81230886238 0.18769113762 2 0 2
2014-04-16T12:00:00 46 0.761303124192 0.238696875808 3 0 3
2014-04-16T13:00:00 49 0.761303124192 0.238696875808 3 0 3
2014-04-16T14:00:00 54 0.69369127422 0.306308725779 2 0 2
2014-04-16T15:00:00 56 0.659291647818 0.340708352182 1 0 1
2014-04-16T16:00:00 62 0.659291647818 0.340708352182 1 0 1
2014-04-16T17:00:00 63 0.659291647818 0.340708352182 1 0 1
2014-04-16T18:00:00 73 0 0 0 0 0
2014-04-16T19:00:00 78 0 0 0 0 0
2014-04-16T20:00:00 88 0 0 0 0 0
2014-04-16T21:00:00 96 0 0 0 0 0
2014-04-16T22:00:00 111 0 0 0 0 0
2014-04-16T23:00:00 122 0 0 0 0 0
2014-04-17T00:00:00 130 0 0 0 0 0
2014-04-17T01:00:00 128 0 0 0 0 0
2014-04-17T02:00:00 129 0 0 0 0 0
2014-04-17T03:00:00 128 0 0 0 0 0
2014-04-17T04:00:00 119 0 0 0 0 0
2014-04-17T05:00:00 120 0.734996736227 0.265003263773 1 0 1
2014-04-17T06:00:00 125 0.739236594619 0.260763405381 2 0 2
2014-04-17T07:00:00 131 0.739236594619 0.260763405381 2 0 2
2014-04-17T08:00:00 139 0.570153205234 0.429846794766 2 1 3
2014-05-20T16:00:00 99 0.55865646744 0.44134353256 1 1 2
2014-05-20T17:00:00 94 0.55865646744 0.44134353256 1 1 2
2014-05-20T18:00:00 93 0.701245061602 0.298754938399 3 1 4
2014-05-20T19:00:00 86 0.712188406574 0.287811593426 4 1 5
2014-05-20T20:00:00 67 0.749638629082 0.250361370918 5 1 6
2014-05-20T21:00:00 47 0.838155911991 0.161844088009 5 0 5
2014-05-20T22:00:00 42 0.845129709903 0.154870290097 4 0 4
2014-05-20T23:00:00 49 0.845129709903 0.154870290097 4 0 4
2014-05-21T00:00:00 48 0.846425764044 0.153574235957 2 0 2
2014-05-21T01:00:00 53 0.936889741622 0.0631102583782 1 0 1
2014-05-21T02:00:00 57 0 0 0 0 0
2014-05-21T03:00:00 62 0 0 0 0 0
2014-05-21T04:00:00 67 0 0 0 0 0
2014-05-21T05:00:00 68 0 0 0 0 0
2014-05-21T06:00:00 79 0 0 0 0 0
2014-05-21T07:00:00 92 0 0 0 0 0
2014-05-21T08:00:00 95 0.0 0.0 0 0 0
2014-05-21T09:00:00 104 0.384982103474 0.615017896526 0 1 1
2014-05-21T10:00:00 131 0.697685132293 0.302314867707 2 1 3
2014-05-25T20:00:00 149 0.69225047412 0.30774952588 2 0 2
2014-05-25T21:00:00 133 0.773796896621 0.226203103379 3 0 3
2014-05-25T22:00:00 123 0.794102876518 0.205897123482 3 0 3
2014-05-25T23:00:00 117 0.750929878872 0.249070121128 4 0 4
2014-05-26T00:00:00 115 0.771457055009 0.228542944991 3 0 3
2014-05-26T01:00:00 117 0.771457055009 0.228542944991 3 0 3
2014-05-26T02:00:00 110 0.771457055009 0.228542944991 3 0 3
2014-05-26T03:00:00 117 0.688740711702 0.311259288298 2 0 2
2014-05-26T04:00:00 130 0.621410885933 0.378589114067 1 0 1
2014-05-26T05:00:00 149 0 0 0 0 0
2014-05-25T01:00:00 27 0.0 0.0 0 0 0
2014-05-25T02:00:00 27 0.0 0.0 0 0 0
2014-05-25T03:00:00 27 0.0 0.0 0 0 0
2014-05-25T04:00:00 25 0 0 0 0 0
2014-05-25T05:00:00 30 0 0 0 0 0
2014-05-25T06:00:00 31 0 0 0 0 0
2014-05-25T07:00:00 40 0 0 0 0 0
2014-05-25T08:00:00 47 0 0 0 0 0
2014-05-25T09:00:00 59 0 0 0 0 0
2014-05-25T10:00:00 75 0 0 0 0 0
2014-05-25T11:00:00 105 0.64203450979 0.35796549021 1 0 1
2014-05-25T12:00:00 146 0.764011930354 0.235988069647 2 0 2
2014-05-27T12:00:00 138 0 0 0 0 0
2014-05-27T13:00:00 119 0 0 0 0 0
2014-05-27T14:00:00 112 0 0 0 0 0
2014-05-27T15:00:00 112 0 0 0 0 0
2014-05-27T16:00:00 110 0 0 0 0 0
2014-05-27T17:00:00 108 0 0 0 0 0
2014-05-27T18:00:00 114 0 0 0 0 0
2014-05-27T19:00:00 132 0 0 0 0 0
2014-05-28T15:00:00 124 0.936889741622 0.0631102583782 1 0 1
2014-05-28T16:00:00 120 0.936889741622 0.0631102583782 1 0 1
2014-05-28T17:00:00 113 0.887227051556 0.112772948445 2 0 2
2014-05-28T18:00:00 94 0.887227051556 0.112772948445 2 0 2
2014-05-28T19:00:00 79 0.837564361489 0.162435638511 1 0 1
2014-05-28T20:00:00 75 0.837564361489 0.162435638511 1 0 1
2014-05-28T21:00:00 84 0.837564361489 0.162435638511 1 0 1
2014-05-28T22:00:00 94 0.837564361489 0.162435638511 1 0 1
2014-05-28T23:00:00 79 0.0 0.0 0 0 0
2014-05-29T00:00:00 70 0.818740764838 0.181259235162 2 0 2
2014-05-29T01:00:00 76 0.818740764838 0.181259235162 2 0 2
2014-05-29T02:00:00 67 0.818740764838 0.181259235162 2 0 2
2014-05-29T03:00:00 59 0.818740764838 0.181259235162 2 0 2
2014-05-29T04:00:00 59 0.818740764838 0.181259235162 2 0 2
2014-05-29T05:00:00 59 0.818740764838 0.181259235162 2 0 2
2014-05-29T06:00:00 64 0 0 0 0 0
2014-05-29T07:00:00 73 0 0 0 0 0
2014-05-29T08:00:00 83 0 0 0 0 0
2014-05-29T11:00:00 128 0 0 0 0 0
2014-05-29T12:00:00 147 0.0 0.0 0 0 0
2014-07-09T22:00:00 49 0.627848731767 0.372151268233 1 0 1
2014-07-09T23:00:00 47 0.627848731767 0.372151268233 1 0 1
2014-07-10T00:00:00 50 0.627848731767 0.372151268233 1 0 1
2014-07-10T01:00:00 54 0.627848731767 0.372151268233 1 0 1
2014-07-10T02:00:00 54 0.0 0.0 0 0 0
2014-07-10T03:00:00 60 0.0 0.0 0 0 0
2014-07-10T04:00:00 62 0.0 0.0 0 0 0
2014-07-10T05:00:00 74 0.186001489619 0.813998510381 0 1 1
2014-07-10T06:00:00 93 0.186001489619 0.813998510381 0 1 1
2014-07-10T07:00:00 105 0.186001489619 0.813998510381 0 1 1
2014-07-10T08:00:00 104 0.473576476999 0.526423523001 1 2 3
2014-07-10T09:00:00 104 0.548711143976 0.451288856024 2 2 4
2014-07-10T10:00:00 99 0.560848886759 0.439151113241 3 2 5
2014-07-10T11:00:00 112 0.719833342108 0.280166657892 5 1 6
2014-07-10T12:00:00 113 0.719833342108 0.280166657892 5 1 6
2014-07-10T13:00:00 117 0.719833342108 0.280166657892 5 1 6
2014-07-10T14:00:00 123 0.771068027818 0.228931972182 4 0 4
2014-07-10T15:00:00 132 0.788556483191 0.211443516809 4 0 4
2014-07-10T16:00:00 138 0.870428954123 0.129571045877 4 0 4
2014-07-10T17:00:00 148 0.890479354011 0.109520645989 2 0 2
2014-11-05T13:00:00 54 0.785194902886 0.214805097114 1 0 1
2014-11-05T14:00:00 53 0.785194902886 0.214805097114 1 0 1
2014-11-05T15:00:00 56 0 0 0 0 0
2014-11-05T16:00:00 55 0 0 0 0 0
2014-11-05T17:00:00 57 0 0 0 0 0
2014-11-05T18:00:00 58 0 0 0 0 0
2014-11-05T19:00:00 61 0 0 0 0 0
2014-11-05T20:00:00 54 0 0 0 0 0
2014-11-05T21:00:00 54 0 0 0 0 0
2014-11-05T22:00:00 59 0 0 0 0 0
2014-11-05T23:00:00 57 0 0 0 0 0
2014-11-06T00:00:00 54 0 0 0 0 0
2014-11-06T01:00:00 57 0 0 0 0 0
2014-11-06T02:00:00 65 0 0 0 0 0
2014-11-06T03:00:00 68 0 0 0 0 0
2014-11-06T04:00:00 115 0 0 0 0 0
2014-11-11T11:00:00 71 0.936889741622 0.0631102583782 1 0 1
2014-11-11T12:00:00 68 0.936889741622 0.0631102583782 1 0 1
2014-11-11T13:00:00 73 0.936889741622 0.0631102583782 1 0 1
2014-11-11T14:00:00 75 0 0 0 0 0
2014-11-11T15:00:00 74 0 0 0 0 0
2014-11-11T16:00:00 72 0 0 0 0 0
2014-11-11T17:00:00 74 0.786268291954 0.213731708046 1 0 1
2014-11-11T18:00:00 82 0.786268291954 0.213731708046 1 0 1
2014-11-11T19:00:00 92 0.849005996358 0.150994003642 3 0 3
2014-11-11T20:00:00 95 0.849005996358 0.150994003642 3 0 3
2014-11-11T21:00:00 109 0.849005996358 0.150994003642 3 0 3
2014-11-11T22:00:00 125 0.849005996358 0.150994003642 3 0 3
2014-12-14T21:00:00 106 0 0 0 0 0
2014-12-14T22:00:00 105 0 0 0 0 0
2014-12-14T23:00:00 103 0 0 0 0 0
2014-12-15T00:00:00 88 0 0 0 0 0
2014-12-15T01:00:00 81 0 0 0 0 0
2014-12-15T02:00:00 77 0 0 0 0 0
2014-12-15T03:00:00 72 0 0 0 0 0
2014-12-15T04:00:00 68 0 0 0 0 0
2014-12-15T05:00:00 61 0 0 0 0 0
2014-12-15T06:00:00 55 0 0 0 0 0
2014-12-15T07:00:00 58 0 0 0 0 0
2014-12-15T08:00:00 65 0 0 0 0 0
2014-12-15T09:00:00 81 0 0 0 0 0
2014-12-15T10:00:00 92 0 0 0 0 0
2014-12-15T11:00:00 103 0 0 0 0 0
2014-12-15T12:00:00 108 0 0 0 0 0
2014-12-15T13:00:00 107 0 0 0 0 0
2014-12-15T14:00:00 102 0 0 0 0 0
2014-12-15T15:00:00 112 0 0 0 0 0
2014-12-15T16:00:00 127 0 0 0 0 0
2014-12-15T18:00:00 144 0 0 0 0 0
2014-12-15T19:00:00 134 0 0 0 0 0
2014-12-15T20:00:00 145 0 0 0 0 0
2014-12-30T12:00:00 141 0 0 0 0 0
2014-12-30T13:00:00 130 0 0 0 0 0
2014-12-30T14:00:00 112 0 0 0 0 0
2014-12-30T15:00:00 113 0 0 0 0 0
2014-12-30T16:00:00 119 0 0 0 0 0
2014-12-30T17:00:00 121 0 0 0 0 0
2014-12-30T18:00:00 137 0 0 0 0 0
