2013-12-26T10:00:00Z 14 32 22 2 19
2013-12-26T09:00:00Z 15 48 27 2 23
2013-12-26T08:00:00Z 19 44 26 3 23
2013-12-26T07:00:00Z 11 41 29 4 22
2013-12-26T06:00:00Z 12 8 27 4 23
2013-12-26T05:00:00Z 15 -1 25 3 15
2013-12-26T09:00:00Z 15 48 27 2 23
2013-12-26T08:00:00Z 19 44 26 3 23
2013-12-26T07:00:00Z 11 41 29 4 22
2013-12-26T06:00:00Z 12 8 27 4 23
2013-12-26T05:00:00Z 15 -1 25 3 15
2013-12-26T04:00:00Z 14 12 25 1 16
2013-12-26T08:00:00Z 19 44 26 3 23
2013-12-26T07:00:00Z 11 41 29 4 22
2013-12-26T06:00:00Z 12 8 27 4 23
2013-12-26T05:00:00Z 15 -1 25 3 15
2013-12-26T04:00:00Z 14 12 25 1 16
2013-12-26T03:00:00Z 14 33 27 2 23
2013-12-26T07:00:00Z 11 41 29 4 22
2013-12-26T06:00:00Z 12 8 27 4 23
2013-12-26T05:00:00Z 15 -1 25 3 15
2013-12-26T04:00:00Z 14 12 25 1 16
2013-12-26T03:00:00Z 14 33 27 2 23
2013-12-26T02:00:00Z 12 13 23 3 25
2013-12-26T06:00:00Z 12 8 27 4 23
2013-12-26T05:00:00Z 15 -1 25 3 15
2013-12-26T04:00:00Z 14 12 25 1 16
2013-12-26T03:00:00Z 14 33 27 2 23
2013-12-26T02:00:00Z 12 13 23 3 25
2013-12-26T01:00:00Z 14 -1 34 4 25
2013-12-26T05:00:00Z 15 -1 25 3 15
2013-12-26T04:00:00Z 14 12 25 1 16
2013-12-26T03:00:00Z 14 33 27 2 23
2013-12-26T02:00:00Z 12 13 23 3 25
2013-12-26T01:00:00Z 14 -1 34 4 25
2013-12-26T00:00:00Z 25 26 45 5 34
2014-01-03T01:00:00Z 253 282 283 118 142
2014-01-03T00:00:00Z 296 337 293 119 132
2014-01-02T23:00:00Z 256 305 270 119 143
2014-01-02T22:00:00Z 283 244 276 106 117
2014-01-02T21:00:00Z 321 237 265 100 110
2014-01-02T20:00:00Z 255 222 254 97 95
2014-01-03T00:00:00Z 296 337 293 119 132
2014-01-02T23:00:00Z 256 305 270 119 143
2014-01-02T22:00:00Z 283 244 276 106 117
2014-01-02T21:00:00Z 321 237 265 100 110
2014-01-02T20:00:00Z 255 222 254 97 95
2014-01-02T19:00:00Z 171 217 243 94 58
2014-01-02T23:00:00Z 256 305 270 119 143
2014-01-02T22:00:00Z 283 244 276 106 117
2014-01-02T21:00:00Z 321 237 265 100 110
2014-01-02T20:00:00Z 255 222 254 97 95
2014-01-02T19:00:00Z 171 217 243 94 58
2014-01-02T18:00:00Z 159 233 206 77 47
2014-01-02T22:00:00Z 283 244 276 106 117
2014-01-02T21:00:00Z 321 237 265 100 110
2014-01-02T20:00:00Z 255 222 254 97 95
2014-01-02T19:00:00Z 171 217 243 94 58
2014-01-02T18:00:00Z 159 233 206 77 47
2014-01-02T17:00:00Z 138 237 184 68 49
2014-01-02T21:00:00Z 321 237 265 100 110
2014-01-02T20:00:00Z 255 222 254 97 95
2014-01-02T19:00:00Z 171 217 243 94 58
2014-01-02T18:00:00Z 159 233 206 77 47
2014-01-02T17:00:00Z 138 237 184 68 49
2014-01-02T16:00:00Z 147 213 151 68 40
2014-01-02T20:00:00Z 255 222 254 97 95
2014-01-02T19:00:00Z 171 217 243 94 58
2014-01-02T18:00:00Z 159 233 206 77 47
2014-01-02T17:00:00Z 138 237 184 68 49
2014-01-02T16:00:00Z 147 213 151 68 40
2014-01-02T15:00:00Z 135 128 128 70 41
2014-01-06T03:00:00Z 157 112 329 67 130
2014-01-06T02:00:00Z 136 118 264 67 106
2014-01-06T01:00:00Z 144 128 215 67 111
2014-01-06T00:00:00Z 131 152 190 61 130
2014-01-05T23:00:00Z 124 185 210 66 131
2014-01-05T22:00:00Z 130 194 224 62 137
2014-01-06T02:00:00Z 136 118 264 67 106
2014-01-06T01:00:00Z 144 128 215 67 111
2014-01-06T00:00:00Z 131 152 190 61 130
2014-01-05T23:00:00Z 124 185 210 66 131
2014-01-05T22:00:00Z 130 194 224 62 137
2014-01-05T21:00:00Z 121 190 159 62 133
2014-01-06T01:00:00Z 144 128 215 67 111
2014-01-06T00:00:00Z 131 152 190 61 130
2014-01-05T23:00:00Z 124 185 210 66 131
2014-01-05T22:00:00Z 130 194 224 62 137
2014-01-05T21:00:00Z 121 190 159 62 133
2014-01-05T20:00:00Z 44 166 164 58 140
2014-01-06T00:00:00Z 131 152 190 61 130
2014-01-05T23:00:00Z 124 185 210 66 131
2014-01-05T22:00:00Z 130 194 224 62 137
2014-01-05T21:00:00Z 121 190 159 62 133
2014-01-05T20:00:00Z 44 166 164 58 140
2014-01-05T19:00:00Z 33 129 183 44 133
2014-01-05T23:00:00Z 124 185 210 66 131
2014-01-05T22:00:00Z 130 194 224 62 137
2014-01-05T21:00:00Z 121 190 159 62 133
2014-01-05T20:00:00Z 44 166 164 58 140
2014-01-05T19:00:00Z 33 129 183 44 133
2014-01-05T18:00:00Z 25 102 186 26 107
2014-01-11T05:00:00Z 263 292 245 65 71
2014-01-11T04:00:00Z 276 295 245 64 91
2014-01-11T03:00:00Z 246 299 294 65 107
2014-01-11T02:00:00Z 246 305 304 70 134
2014-01-11T01:00:00Z 233 326 301 71 144
2014-01-11T00:00:00Z 244 331 278 70 131
2014-01-11T04:00:00Z 276 295 245 64 91
2014-01-11T03:00:00Z 246 299 294 65 107
2014-01-11T02:00:00Z 246 305 304 70 134
2014-01-11T01:00:00Z 233 326 301 71 144
2014-01-11T00:00:00Z 244 331 278 70 131
2014-01-10T23:00:00Z 258 292 258 78 121
2014-01-11T03:00:00Z 246 299 294 65 107
2014-01-11T02:00:00Z 246 305 304 70 134
2014-01-11T01:00:00Z 233 326 301 71 144
2014-01-11T00:00:00Z 244 331 278 70 131
2014-01-10T23:00:00Z 258 292 258 78 121
2014-01-10T22:00:00Z 264 280 231 76 126
2014-01-11T02:00:00Z 246 305 304 70 134
2014-01-11T01:00:00Z 233 326 301 71 144
2014-01-11T00:00:00Z 244 331 278 70 131
2014-01-10T23:00:00Z 258 292 258 78 121
2014-01-10T22:00:00Z 264 280 231 76 126
2014-01-10T21:00:00Z 251 257 246 65 128
2014-01-11T01:00:00Z 233 326 301 71 144
2014-01-11T00:00:00Z 244 331 278 70 131
2014-01-10T23:00:00Z 258 292 258 78 121
2014-01-10T22:00:00Z 264 280 231 76 126
2014-01-10T21:00:00Z 251 257 246 65 128
2014-01-10T20:00:00Z 257 260 233 64 125
2014-01-11T00:00:00Z 244 331 278 70 131
2014-01-10T23:00:00Z 258 292 258 78 121
2014-01-10T22:00:00Z 264 280 231 76 126
2014-01-10T21:00:00Z 251 257 246 65 128
2014-01-10T20:00:00Z 257 260 233 64 125
2014-01-10T19:00:00Z 215 232 171 44 125
2014-01-11T23:00:00Z 486 506 516 79 320
2014-01-11T22:00:00Z 482 513 516 83 320
2014-01-11T21:00:00Z 490 465 497 71 325
2014-01-11T20:00:00Z 447 403 541 60 305
2014-01-11T19:00:00Z 371 364 498 62 297
2014-01-11T18:00:00Z 296 311 340 56 247
2014-01-11T22:00:00Z 482 513 516 83 320
2014-01-11T21:00:00Z 490 465 497 71 325
2014-01-11T20:00:00Z 447 403 541 60 305
2014-01-11T19:00:00Z 371 364 498 62 297
2014-01-11T18:00:00Z 296 311 340 56 247
2014-01-11T17:00:00Z 308 258 316 59 268
2014-01-11T21:00:00Z 490 465 497 71 325
2014-01-11T20:00:00Z 447 403 541 60 305
2014-01-11T19:00:00Z 371 364 498 62 297
2014-01-11T18:00:00Z 296 311 340 56 247
2014-01-11T17:00:00Z 308 258 316 59 268
2014-01-11T16:00:00Z 289 233 413 61 202
2014-01-11T20:00:00Z 447 403 541 60 305
2014-01-11T19:00:00Z 371 364 498 62 297
2014-01-11T18:00:00Z 296 311 340 56 247
2014-01-11T17:00:00Z 308 258 316 59 268
2014-01-11T16:00:00Z 289 233 413 61 202
2014-01-11T15:00:00Z 281 240 408 49 170
2014-01-11T19:00:00Z 371 364 498 62 297
2014-01-11T18:00:00Z 296 311 340 56 247
2014-01-11T17:00:00Z 308 258 316 59 268
2014-01-11T16:00:00Z 289 233 413 61 202
2014-01-11T15:00:00Z 281 240 408 49 170
2014-01-11T14:00:00Z 373 301 369 41 140
2014-01-11T18:00:00Z 296 311 340 56 247
2014-01-11T17:00:00Z 308 258 316 59 268
2014-01-11T16:00:00Z 289 233 413 61 202
2014-01-11T15:00:00Z 281 240 408 49 170
2014-01-11T14:00:00Z 373 301 369 41 140
2014-01-11T13:00:00Z 397 409 324 36 148
2014-01-15T07:00:00Z 209 264 268 49 129
2014-01-15T06:00:00Z 212 276 309 50 122
2014-01-15T05:00:00Z 222 282 283 52 123
2014-01-15T04:00:00Z 211 250 264 52 139
2014-01-15T03:00:00Z 188 274 301 51 129
2014-01-15T02:00:00Z 160 312 305 55 132
2014-01-15T06:00:00Z 212 276 309 50 122
2014-01-15T05:00:00Z 222 282 283 52 123
2014-01-15T04:00:00Z 211 250 264 52 139
2014-01-15T03:00:00Z 188 274 301 51 129
2014-01-15T02:00:00Z 160 312 305 55 132
2014-01-15T01:00:00Z 136 317 382 48 139
2014-01-15T05:00:00Z 222 282 283 52 123
2014-01-15T04:00:00Z 211 250 264 52 139
2014-01-15T03:00:00Z 188 274 301 51 129
2014-01-15T02:00:00Z 160 312 305 55 132
2014-01-15T01:00:00Z 136 317 382 48 139
2014-01-15T00:00:00Z 130 334 402 42 126
2014-01-15T04:00:00Z 211 250 264 52 139
2014-01-15T03:00:00Z 188 274 301 51 129
2014-01-15T02:00:00Z 160 312 305 55 132
2014-01-15T01:00:00Z 136 317 382 48 139
2014-01-15T00:00:00Z 130 334 402 42 126
2014-01-14T23:00:00Z 144 338 341 45 146
2014-01-15T03:00:00Z 188 274 301 51 129
2014-01-15T02:00:00Z 160 312 305 55 132
2014-01-15T01:00:00Z 136 317 382 48 139
2014-01-15T00:00:00Z 130 334 402 42 126
2014-01-14T23:00:00Z 144 338 341 45 146
2014-01-14T22:00:00Z 124 296 279 48 156
2014-01-15T02:00:00Z 160 312 305 55 132
2014-01-15T01:00:00Z 136 317 382 48 139
2014-01-15T00:00:00Z 130 334 402 42 126
2014-01-14T23:00:00Z 144 338 341 45 146
2014-01-14T22:00:00Z 124 296 279 48 156
2014-01-14T21:00:00Z 142 249 257 44 141
2014-01-24T15:00:00Z 145 178 310 202 201
2014-01-24T14:00:00Z 225 175 270 198 189
2014-01-24T13:00:00Z 251 184 256 195 197
2014-01-24T12:00:00Z 240 182 286 183 201
2014-01-24T11:00:00Z 276 201 314 181 228
2014-01-24T10:00:00Z 337 221 303 173 192
2014-01-24T14:00:00Z 225 175 270 198 189
2014-01-24T13:00:00Z 251 184 256 195 197
2014-01-24T12:00:00Z 240 182 286 183 201
2014-01-24T11:00:00Z 276 201 314 181 228
2014-01-24T10:00:00Z 337 221 303 173 192
2014-01-24T09:00:00Z 277 208 292 167 180
2014-01-24T13:00:00Z 251 184 256 195 197
2014-01-24T12:00:00Z 240 182 286 183 201
2014-01-24T11:00:00Z 276 201 314 181 228
2014-01-24T10:00:00Z 337 221 303 173 192
2014-01-24T09:00:00Z 277 208 292 167 180
2014-01-24T08:00:00Z 306 220 271 166 170
2014-01-24T12:00:00Z 240 182 286 183 201
2014-01-24T11:00:00Z 276 201 314 181 228
2014-01-24T10:00:00Z 337 221 303 173 192
2014-01-24T09:00:00Z 277 208 292 167 180
2014-01-24T08:00:00Z 306 220 271 166 170
2014-01-24T07:00:00Z 336 233 303 166 160
2014-01-24T11:00:00Z 276 201 314 181 228
2014-01-24T10:00:00Z 337 221 303 173 192
2014-01-24T09:00:00Z 277 208 292 167 180
2014-01-24T08:00:00Z 306 220 271 166 170
2014-01-24T07:00:00Z 336 233 303 166 160
2014-01-24T06:00:00Z 339 239 298 168 155
2014-01-24T10:00:00Z 337 221 303 173 192
2014-01-24T09:00:00Z 277 208 292 167 180
2014-01-24T08:00:00Z 306 220 271 166 170
2014-01-24T07:00:00Z 336 233 303 166 160
2014-01-24T06:00:00Z 339 239 298 168 155
2014-01-24T05:00:00Z 346 260 319 168 148
2014-01-30T03:00:00Z 261 162 167 131 195
2014-01-30T02:00:00Z 279 185 166 152 187
2014-01-30T01:00:00Z 306 190 174 155 204
2014-01-30T00:00:00Z 280 166 182 143 201
2014-01-29T23:00:00Z 320 169 195 141 212
2014-01-29T22:00:00Z 342 170 231 136 202
2014-01-30T02:00:00Z 279 185 166 152 187
2014-01-30T01:00:00Z 306 190 174 155 204
2014-01-30T00:00:00Z 280 166 182 143 201
2014-01-29T23:00:00Z 320 169 195 141 212
2014-01-29T22:00:00Z 342 170 231 136 202
2014-01-29T21:00:00Z 320 168 280 140 176
2014-01-30T01:00:00Z 306 190 174 155 204
2014-01-30T00:00:00Z 280 166 182 143 201
2014-01-29T23:00:00Z 320 169 195 141 212
2014-01-29T22:00:00Z 342 170 231 136 202
2014-01-29T21:00:00Z 320 168 280 140 176
2014-01-29T20:00:00Z 257 144 248 118 171
2014-01-30T00:00:00Z 280 166 182 143 201
2014-01-29T23:00:00Z 320 169 195 141 212
2014-01-29T22:00:00Z 342 170 231 136 202
2014-01-29T21:00:00Z 320 168 280 140 176
2014-01-29T20:00:00Z 257 144 248 118 171
2014-01-29T19:00:00Z 262 161 269 112 156
2014-01-29T23:00:00Z 320 169 195 141 212
2014-01-29T22:00:00Z 342 170 231 136 202
2014-01-29T21:00:00Z 320 168 280 140 176
2014-01-29T20:00:00Z 257 144 248 118 171
2014-01-29T19:00:00Z 262 161 269 112 156
2014-01-29T18:00:00Z 233 173 254 112 162
2014-01-29T22:00:00Z 342 170 231 136 202
2014-01-29T21:00:00Z 320 168 280 140 176
2014-01-29T20:00:00Z 257 144 248 118 171
2014-01-29T19:00:00Z 262 161 269 112 156
2014-01-29T18:00:00Z 233 173 254 112 162
2014-01-29T17:00:00Z 241 182 269 105 130
2014-01-31T07:00:00Z 131 197 234 221 47
2014-01-31T06:00:00Z 212 130 238 281 56
2014-01-31T05:00:00Z 299 161 219 345 61
2014-01-31T04:00:00Z 221 231 204 429 64
2014-01-31T03:00:00Z 169 290 216 834 88
2014-01-31T02:00:00Z 388 262 293 721 314
2014-01-31T06:00:00Z 212 130 238 281 56
2014-01-31T05:00:00Z 299 161 219 345 61
2014-01-31T04:00:00Z 221 231 204 429 64
2014-01-31T03:00:00Z 169 290 216 834 88
2014-01-31T02:00:00Z 388 262 293 721 314
2014-01-31T01:00:00Z 136 245 232 333 170
2014-01-31T05:00:00Z 299 161 219 345 61
2014-01-31T04:00:00Z 221 231 204 429 64
2014-01-31T03:00:00Z 169 290 216 834 88
2014-01-31T02:00:00Z 388 262 293 721 314
2014-01-31T01:00:00Z 136 245 232 333 170
2014-01-31T00:00:00Z 183 192 338 161 255
2014-01-31T04:00:00Z 221 231 204 429 64
2014-01-31T03:00:00Z 169 290 216 834 88
2014-01-31T02:00:00Z 388 262 293 721 314
2014-01-31T01:00:00Z 136 245 232 333 170
2014-01-31T00:00:00Z 183 192 338 161 255
2014-01-30T23:00:00Z 148 213 247 109 304
2014-01-31T03:00:00Z 169 290 216 834 88
2014-01-31T02:00:00Z 388 262 293 721 314
2014-01-31T01:00:00Z 136 245 232 333 170
2014-01-31T00:00:00Z 183 192 338 161 255
2014-01-30T23:00:00Z 148 213 247 109 304
2014-01-30T22:00:00Z 129 267 210 65 119
2014-01-31T02:00:00Z 388 262 293 721 314
2014-01-31T01:00:00Z 136 245 232 333 170
2014-01-31T00:00:00Z 183 192 338 161 255
2014-01-30T23:00:00Z 148 213 247 109 304
2014-01-30T22:00:00Z 129 267 210 65 119
2014-01-30T21:00:00Z 160 346 191 88 119
2014-02-02T09:00:00Z 180 217 233 110 118
2014-02-02T08:00:00Z 180 193 230 103 128
2014-02-02T07:00:00Z -1 -1 -1 -1 -1
2014-02-02T06:00:00Z 148 197 189 128 115
2014-02-02T05:00:00Z 101 182 178 144 121
2014-02-02T04:00:00Z 90 156 178 154 126
2014-02-02T08:00:00Z 180 193 230 103 128
2014-02-02T07:00:00Z -1 -1 -1 -1 -1
2014-02-02T06:00:00Z 148 197 189 128 115
2014-02-02T05:00:00Z 101 182 178 144 121
2014-02-02T04:00:00Z 90 156 178 154 126
2014-02-02T03:00:00Z 73 149 209 158 161
2014-02-02T07:00:00Z -1 -1 -1 -1 -1
2014-02-02T06:00:00Z 148 197 189 128 115
2014-02-02T05:00:00Z 101 182 178 144 121
2014-02-02T04:00:00Z 90 156 178 154 126
2014-02-02T03:00:00Z 73 149 209 158 161
2014-02-02T02:00:00Z 74 132 196 170 146
2014-02-02T06:00:00Z 148 197 189 128 115
2014-02-02T05:00:00Z 101 182 178 144 121
2014-02-02T04:00:00Z 90 156 178 154 126
2014-02-02T03:00:00Z 73 149 209 158 161
2014-02-02T02:00:00Z 74 132 196 170 146
2014-02-02T01:00:00Z 83 133 184 186 128
2014-02-02T05:00:00Z 101 182 178 144 121
2014-02-02T04:00:00Z 90 156 178 154 126
2014-02-02T03:00:00Z 73 149 209 158 161
2014-02-02T02:00:00Z 74 132 196 170 146
2014-02-02T01:00:00Z 83 133 184 186 128
2014-02-02T00:00:00Z 101 116 206 185 92
2014-02-02T04:00:00Z 90 156 178 154 126
2014-02-02T03:00:00Z 73 149 209 158 161
2014-02-02T02:00:00Z 74 132 196 170 146
2014-02-02T01:00:00Z 83 133 184 186 128
2014-02-02T00:00:00Z 101 116 206 185 92
2014-02-01T23:00:00Z 105 110 181 187 84
2014-02-12T09:00:00Z 234 221 293 64 142
2014-02-12T08:00:00Z 252 240 270 57 148
2014-02-12T07:00:00Z 195 243 283 61 141
2014-02-12T06:00:00Z 227 246 285 69 159
2014-02-12T05:00:00Z 251 223 305 70 167
2014-02-12T04:00:00Z 246 207 360 72 158
2014-02-12T08:00:00Z 252 240 270 57 148
2014-02-12T07:00:00Z 195 243 283 61 141
2014-02-12T06:00:00Z 227 246 285 69 159
2014-02-12T05:00:00Z 251 223 305 70 167
2014-02-12T04:00:00Z 246 207 360 72 158
2014-02-12T03:00:00Z 203 209 289 85 148
2014-02-12T07:00:00Z 195 243 283 61 141
2014-02-12T06:00:00Z 227 246 285 69 159
2014-02-12T05:00:00Z 251 223 305 70 167
2014-02-12T04:00:00Z 246 207 360 72 158
2014-02-12T03:00:00Z 203 209 289 85 148
2014-02-12T02:00:00Z 221 224 240 89 143
2014-02-12T06:00:00Z 227 246 285 69 159
2014-02-12T05:00:00Z 251 223 305 70 167
2014-02-12T04:00:00Z 246 207 360 72 158
2014-02-12T03:00:00Z 203 209 289 85 148
2014-02-12T02:00:00Z 221 224 240 89 143
2014-02-12T01:00:00Z 152 232 266 79 141
2014-02-12T05:00:00Z 251 223 305 70 167
2014-02-12T04:00:00Z 246 207 360 72 158
2014-02-12T03:00:00Z 203 209 289 85 148
2014-02-12T02:00:00Z 221 224 240 89 143
2014-02-12T01:00:00Z 152 232 266 79 141
2014-02-12T00:00:00Z 148 216 270 79 129
2014-02-12T04:00:00Z 246 207 360 72 158
2014-02-12T03:00:00Z 203 209 289 85 148
2014-02-12T02:00:00Z 221 224 240 89 143
2014-02-12T01:00:00Z 152 232 266 79 141
2014-02-12T00:00:00Z 148 216 270 79 129
2014-02-11T23:00:00Z 126 224 282 78 137
2014-02-17T02:00:00Z 135 194 275 64 56
2014-02-17T01:00:00Z 127 200 292 68 55
2014-02-17T00:00:00Z 125 209 288 70 57
2014-02-16T23:00:00Z 110 208 300 70 57
2014-02-16T22:00:00Z 159 231 305 56 57
2014-02-16T21:00:00Z 179 235 277 46 52
2014-02-17T01:00:00Z 127 200 292 68 55
2014-02-17T00:00:00Z 125 209 288 70 57
2014-02-16T23:00:00Z 110 208 300 70 57
2014-02-16T22:00:00Z 159 231 305 56 57
2014-02-16T21:00:00Z 179 235 277 46 52
2014-02-16T20:00:00Z 173 189 328 36 55
2014-02-17T00:00:00Z 125 209 288 70 57
2014-02-16T23:00:00Z 110 208 300 70 57
2014-02-16T22:00:00Z 159 231 305 56 57
2014-02-16T21:00:00Z 179 235 277 46 52
2014-02-16T20:00:00Z 173 189 328 36 55
2014-02-16T19:00:00Z 174 156 352 32 44
2014-02-16T23:00:00Z 110 208 300 70 57
2014-02-16T22:00:00Z 159 231 305 56 57
2014-02-16T21:00:00Z 179 235 277 46 52
2014-02-16T20:00:00Z 173 189 328 36 55
2014-02-16T19:00:00Z 174 156 352 32 44
2014-02-16T18:00:00Z 169 140 353 34 37
2014-02-16T22:00:00Z 159 231 305 56 57
2014-02-16T21:00:00Z 179 235 277 46 52
2014-02-16T20:00:00Z 173 189 328 36 55
2014-02-16T19:00:00Z 174 156 352 32 44
2014-02-16T18:00:00Z 169 140 353 34 37
2014-02-16T17:00:00Z 201 152 325 33 33
2014-02-16T21:00:00Z 179 235 277 46 52
2014-02-16T20:00:00Z 173 189 328 36 55
2014-02-16T19:00:00Z 174 156 352 32 44
2014-02-16T18:00:00Z 169 140 353 34 37
2014-02-16T17:00:00Z 201 152 325 33 33
2014-02-16T16:00:00Z 266 191 330 48 41
2014-03-04T05:00:00Z 179 189 280 126 148
2014-03-04T04:00:00Z 203 195 252 162 154
2014-03-04T03:00:00Z 214 217 282 181 139
2014-03-04T02:00:00Z 222 224 331 182 149
2014-03-04T01:00:00Z 209 215 332 174 153
2014-03-04T00:00:00Z 234 229 349 181 162
2014-03-04T04:00:00Z 203 195 252 162 154
2014-03-04T03:00:00Z 214 217 282 181 139
2014-03-04T02:00:00Z 222 224 331 182 149
2014-03-04T01:00:00Z 209 215 332 174 153
2014-03-04T00:00:00Z 234 229 349 181 162
2014-03-03T23:00:00Z 238 253 347 185 137
2014-03-04T03:00:00Z 214 217 282 181 139
2014-03-04T02:00:00Z 222 224 331 182 149
2014-03-04T01:00:00Z 209 215 332 174 153
2014-03-04T00:00:00Z 234 229 349 181 162
2014-03-03T23:00:00Z 238 253 347 185 137
2014-03-03T22:00:00Z 206 252 397 181 -1
2014-03-04T02:00:00Z 222 224 331 182 149
2014-03-04T01:00:00Z 209 215 332 174 153
2014-03-04T00:00:00Z 234 229 349 181 162
2014-03-03T23:00:00Z 238 253 347 185 137
2014-03-03T22:00:00Z 206 252 397 181 -1
2014-03-03T21:00:00Z 201 275 398 178 126
2014-03-04T01:00:00Z 209 215 332 174 153
2014-03-04T00:00:00Z 234 229 349 181 162
2014-03-03T23:00:00Z 238 253 347 185 137
2014-03-03T22:00:00Z 206 252 397 181 -1
2014-03-03T21:00:00Z 201 275 398 178 126
2014-03-03T20:00:00Z -1 -1 -1 -1 -1
2014-03-04T00:00:00Z 234 229 349 181 162
2014-03-03T23:00:00Z 238 253 347 185 137
2014-03-03T22:00:00Z 206 252 397 181 -1
2014-03-03T21:00:00Z 201 275 398 178 126
2014-03-03T20:00:00Z -1 -1 -1 -1 -1
2014-03-03T19:00:00Z 188 256 402 170 109
2014-03-14T00:00:00Z 43 51 92 28 46
2014-03-13T23:00:00Z 50 76 99 26 46
2014-03-13T22:00:00Z 44 81 57 19 40
2014-03-13T21:00:00Z 46 67 49 19 36
2014-03-13T20:00:00Z 30 41 48 14 35
2014-03-13T19:00:00Z 24 43 30 9 27
2014-03-13T23:00:00Z 50 76 99 26 46
2014-03-13T22:00:00Z 44 81 57 19 40
2014-03-13T21:00:00Z 46 67 49 19 36
2014-03-13T20:00:00Z 30 41 48 14 35
2014-03-13T19:00:00Z 24 43 30 9 27
2014-03-13T18:00:00Z 24 37 19 7 23
2014-03-13T22:00:00Z 44 81 57 19 40
2014-03-13T21:00:00Z 46 67 49 19 36
2014-03-13T20:00:00Z 30 41 48 14 35
2014-03-13T19:00:00Z 24 43 30 9 27
2014-03-13T18:00:00Z 24 37 19 7 23
2014-03-13T17:00:00Z -1 -1 -1 -1 -1
2014-03-13T21:00:00Z 46 67 49 19 36
2014-03-13T20:00:00Z 30 41 48 14 35
2014-03-13T19:00:00Z 24 43 30 9 27
2014-03-13T18:00:00Z 24 37 19 7 23
2014-03-13T17:00:00Z -1 -1 -1 -1 -1
2014-03-13T16:00:00Z 14 59 17 2 21
2014-03-16T06:00:00Z 129 147 169 42 39
2014-03-16T05:00:00Z 119 201 177 46 39
2014-03-16T04:00:00Z 141 211 151 46 42
2014-03-16T03:00:00Z 149 185 157 45 48
2014-03-16T02:00:00Z 159 179 132 62 37
2014-03-16T01:00:00Z 177 196 109 71 44
2014-03-16T05:00:00Z 119 201 177 46 39
2014-03-16T04:00:00Z 141 211 151 46 42
2014-03-16T03:00:00Z 149 185 157 45 48
2014-03-16T02:00:00Z 159 179 132 62 37
2014-03-16T01:00:00Z 177 196 109 71 44
2014-03-16T00:00:00Z 173 180 85 66 59
2014-03-16T04:00:00Z 141 211 151 46 42
2014-03-16T03:00:00Z 149 185 157 45 48
2014-03-16T02:00:00Z 159 179 132 62 37
2014-03-16T01:00:00Z 177 196 109 71 44
2014-03-16T00:00:00Z 173 180 85 66 59
2014-03-15T23:00:00Z 187 163 72 59 89
2014-03-16T03:00:00Z 149 185 157 45 48
2014-03-16T02:00:00Z 159 179 132 62 37
2014-03-16T01:00:00Z 177 196 109 71 44
2014-03-16T00:00:00Z 173 180 85 66 59
2014-03-15T23:00:00Z 187 163 72 59 89
2014-03-15T22:00:00Z 224 163 91 51 123
2014-03-16T02:00:00Z 159 179 132 62 37
2014-03-16T01:00:00Z 177 196 109 71 44
2014-03-16T00:00:00Z 173 180 85 66 59
2014-03-15T23:00:00Z 187 163 72 59 89
2014-03-15T22:00:00Z 224 163 91 51 123
2014-03-15T21:00:00Z 196 166 66 47 119
2014-03-16T01:00:00Z 177 196 109 71 44
2014-03-16T00:00:00Z 173 180 85 66 59
2014-03-15T23:00:00Z 187 163 72 59 89
2014-03-15T22:00:00Z 224 163 91 51 123
2014-03-15T21:00:00Z 196 166 66 47 119
2014-03-15T20:00:00Z 165 174 63 35 93
2014-03-17T17:00:00Z 29 217 73 21 183
2014-03-17T16:00:00Z 50 217 87 31 180
2014-03-17T15:00:00Z 49 191 107 54 186
2014-03-17T14:00:00Z 56 210 152 62 187
2014-03-17T13:00:00Z -1 -1 -1 -1 -1
2014-03-17T12:00:00Z 165 170 243 133 152
2014-03-17T16:00:00Z 50 217 87 31 180
2014-03-17T15:00:00Z 49 191 107 54 186
2014-03-17T14:00:00Z 56 210 152 62 187
2014-03-17T13:00:00Z -1 -1 -1 -1 -1
2014-03-17T12:00:00Z 165 170 243 133 152
2014-03-17T11:00:00Z 170 155 222 117 149
2014-03-17T15:00:00Z 49 191 107 54 186
2014-03-17T14:00:00Z 56 210 152 62 187
2014-03-17T13:00:00Z -1 -1 -1 -1 -1
2014-03-17T12:00:00Z 165 170 243 133 152
2014-03-17T11:00:00Z 170 155 222 117 149
2014-03-17T10:00:00Z 178 173 233 113 162
2014-03-17T14:00:00Z 56 210 152 62 187
2014-03-17T13:00:00Z -1 -1 -1 -1 -1
2014-03-17T12:00:00Z 165 170 243 133 152
2014-03-17T11:00:00Z 170 155 222 117 149
2014-03-17T10:00:00Z 178 173 233 113 162
2014-03-17T09:00:00Z 148 182 201 116 140
2014-03-17T13:00:00Z -1 -1 -1 -1 -1
2014-03-17T12:00:00Z 165 170 243 133 152
2014-03-17T11:00:00Z 170 155 222 117 149
2014-03-17T10:00:00Z 178 173 233 113 162
2014-03-17T09:00:00Z 148 182 201 116 140
2014-03-17T08:00:00Z 147 164 239 111 127
2014-03-17T12:00:00Z 165 170 243 133 152
2014-03-17T11:00:00Z 170 155 222 117 149
2014-03-17T10:00:00Z 178 173 233 113 162
2014-03-17T09:00:00Z 148 182 201 116 140
2014-03-17T08:00:00Z 147 164 239 111 127
2014-03-17T07:00:00Z 143 177 217 97 149
2014-03-28T12:00:00Z 149 202 111 59 60
2014-03-28T11:00:00Z 193 190 136 95 72
2014-03-28T10:00:00Z 204 166 214 146 70
2014-03-28T09:00:00Z 210 145 233 160 199
2014-03-28T08:00:00Z 216 161 228 156 167
2014-03-28T07:00:00Z 217 152 229 151 161
2014-03-28T11:00:00Z 193 190 136 95 72
2014-03-28T10:00:00Z 204 166 214 146 70
2014-03-28T09:00:00Z 210 145 233 160 199
2014-03-28T08:00:00Z 216 161 228 156 167
2014-03-28T07:00:00Z 217 152 229 151 161
2014-03-28T06:00:00Z 228 168 235 153 152
2014-03-28T10:00:00Z 204 166 214 146 70
2014-03-28T09:00:00Z 210 145 233 160 199
2014-03-28T08:00:00Z 216 161 228 156 167
2014-03-28T07:00:00Z 217 152 229 151 161
2014-03-28T06:00:00Z 228 168 235 153 152
2014-03-28T05:00:00Z 208 159 237 143 166
2014-03-28T09:00:00Z 210 145 233 160 199
2014-03-28T08:00:00Z 216 161 228 156 167
2014-03-28T07:00:00Z 217 152 229 151 161
2014-03-28T06:00:00Z 228 168 235 153 152
2014-03-28T05:00:00Z 208 159 237 143 166
2014-03-28T04:00:00Z 220 153 210 128 188
2014-03-28T08:00:00Z 216 161 228 156 167
2014-03-28T07:00:00Z 217 152 229 151 161
2014-03-28T06:00:00Z 228 168 235 153 152
2014-03-28T05:00:00Z 208 159 237 143 166
2014-03-28T04:00:00Z 220 153 210 128 188
2014-03-28T03:00:00Z 206 162 244 119 206
2014-03-28T07:00:00Z 217 152 229 151 161
2014-03-28T06:00:00Z 228 168 235 153 152
2014-03-28T05:00:00Z 208 159 237 143 166
2014-03-28T04:00:00Z 220 153 210 128 188
2014-03-28T03:00:00Z 206 162 244 119 206
2014-03-28T02:00:00Z 205 137 242 118 215
2014-03-29T01:00:00Z 221 131 206 -1 109
2014-03-29T00:00:00Z 225 143 176 -1 100
2014-03-28T23:00:00Z 197 124 163 -1 107
2014-03-28T22:00:00Z 209 107 144 42 84
2014-03-28T21:00:00Z 224 84 133 53 80
2014-03-28T20:00:00Z 185 53 131 50 104
2014-03-29T00:00:00Z 225 143 176 -1 100
2014-03-28T23:00:00Z 197 124 163 -1 107
2014-03-28T22:00:00Z 209 107 144 42 84
2014-03-28T21:00:00Z 224 84 133 53 80
2014-03-28T20:00:00Z 185 53 131 50 104
2014-03-28T19:00:00Z 155 75 159 48 125
2014-03-28T23:00:00Z 197 124 163 -1 107
2014-03-28T22:00:00Z 209 107 144 42 84
2014-03-28T21:00:00Z 224 84 133 53 80
2014-03-28T20:00:00Z 185 53 131 50 104
2014-03-28T19:00:00Z 155 75 159 48 125
2014-03-28T18:00:00Z 167 95 126 45 128
2014-03-28T22:00:00Z 209 107 144 42 84
2014-03-28T21:00:00Z 224 84 133 53 80
2014-03-28T20:00:00Z 185 53 131 50 104
2014-03-28T19:00:00Z 155 75 159 48 125
2014-03-28T18:00:00Z 167 95 126 45 128
2014-03-28T17:00:00Z 157 98 115 50 99
2014-03-28T21:00:00Z 224 84 133 53 80
2014-03-28T20:00:00Z 185 53 131 50 104
2014-03-28T19:00:00Z 155 75 159 48 125
2014-03-28T18:00:00Z 167 95 126 45 128
2014-03-28T17:00:00Z 157 98 115 50 99
2014-03-28T16:00:00Z 121 107 162 49 78
2014-03-28T20:00:00Z 185 53 131 50 104
2014-03-28T19:00:00Z 155 75 159 48 125
2014-03-28T18:00:00Z 167 95 126 45 128
2014-03-28T17:00:00Z 157 98 115 50 99
2014-03-28T16:00:00Z 121 107 162 49 78
2014-03-28T15:00:00Z -1 -1 -1 -1 -1
2014-04-01T14:00:00Z 101 70 82 60 149
2014-04-01T13:00:00Z 145 121 79 79 184
2014-04-01T12:00:00Z 239 125 84 102 182
2014-04-01T11:00:00Z 229 144 89 98 201
2014-04-01T10:00:00Z 195 148 106 97 168
2014-04-01T09:00:00Z 191 121 107 112 133
2014-04-01T13:00:00Z 145 121 79 79 184
2014-04-01T12:00:00Z 239 125 84 102 182
2014-04-01T11:00:00Z 229 144 89 98 201
2014-04-01T10:00:00Z 195 148 106 97 168
2014-04-01T09:00:00Z 191 121 107 112 133
2014-04-01T08:00:00Z 185 102 124 99 148
2014-04-01T12:00:00Z 239 125 84 102 182
2014-04-01T11:00:00Z 229 144 89 98 201
2014-04-01T10:00:00Z 195 148 106 97 168
2014-04-01T09:00:00Z 191 121 107 112 133
2014-04-01T08:00:00Z 185 102 124 99 148
2014-04-01T07:00:00Z 169 128 135 97 126
2014-04-01T11:00:00Z 229 144 89 98 201
2014-04-01T10:00:00Z 195 148 106 97 168
2014-04-01T09:00:00Z 191 121 107 112 133
2014-04-01T08:00:00Z 185 102 124 99 148
2014-04-01T07:00:00Z 169 128 135 97 126
2014-04-01T06:00:00Z 158 121 109 89 124
2014-04-01T10:00:00Z 195 148 106 97 168
2014-04-01T09:00:00Z 191 121 107 112 133
2014-04-01T08:00:00Z 185 102 124 99 148
2014-04-01T07:00:00Z 169 128 135 97 126
2014-04-01T06:00:00Z 158 121 109 89 124
2014-04-01T05:00:00Z 182 113 114 91 138
2014-04-01T09:00:00Z 191 121 107 112 133
2014-04-01T08:00:00Z 185 102 124 99 148
2014-04-01T07:00:00Z 169 128 135 97 126
2014-04-01T06:00:00Z 158 121 109 89 124
2014-04-01T05:00:00Z 182 113 114 91 138
2014-04-01T04:00:00Z -1 -1 -1 -1 -1
2014-04-02T10:00:00Z 115 183 196 102 208
2014-04-02T09:00:00Z 133 153 203 99 232
2014-04-02T08:00:00Z 124 141 195 93 197
2014-04-02T07:00:00Z 108 131 183 77 206
2014-04-02T06:00:00Z 127 142 178 80 174
2014-04-02T05:00:00Z 127 140 203 84 167
2014-04-02T09:00:00Z 133 153 203 99 232
2014-04-02T08:00:00Z 124 141 195 93 197
2014-04-02T07:00:00Z 108 131 183 77 206
2014-04-02T06:00:00Z 127 142 178 80 174
2014-04-02T05:00:00Z 127 140 203 84 167
2014-04-02T04:00:00Z 128 134 175 84 168
2014-04-02T08:00:00Z 124 141 195 93 197
2014-04-02T07:00:00Z 108 131 183 77 206
2014-04-02T06:00:00Z 127 142 178 80 174
2014-04-02T05:00:00Z 127 140 203 84 167
2014-04-02T04:00:00Z 128 134 175 84 168
2014-04-02T03:00:00Z 103 111 163 80 166
2014-04-02T07:00:00Z 108 131 183 77 206
2014-04-02T06:00:00Z 127 142 178 80 174
2014-04-02T05:00:00Z 127 140 203 84 167
2014-04-02T04:00:00Z 128 134 175 84 168
2014-04-02T03:00:00Z 103 111 163 80 166
2014-04-02T02:00:00Z 124 103 185 82 215
2014-04-02T20:00:00Z 53 117 157 19 44
2014-04-02T19:00:00Z 76 146 188 20 46
2014-04-02T18:00:00Z 112 151 192 22 47
2014-04-02T17:00:00Z 107 150 159 19 42
2014-04-02T16:00:00Z 108 156 204 22 39
2014-04-02T15:00:00Z 215 134 180 20 43
2014-04-02T19:00:00Z 76 146 188 20 46
2014-04-02T18:00:00Z 112 151 192 22 47
2014-04-02T17:00:00Z 107 150 159 19 42
2014-04-02T16:00:00Z 108 156 204 22 39
2014-04-02T15:00:00Z 215 134 180 20 43
2014-04-02T14:00:00Z 177 108 177 16 46
2014-04-02T18:00:00Z 112 151 192 22 47
2014-04-02T17:00:00Z 107 150 159 19 42
2014-04-02T16:00:00Z 108 156 204 22 39
2014-04-02T15:00:00Z 215 134 180 20 43
2014-04-02T14:00:00Z 177 108 177 16 46
2014-04-02T13:00:00Z 186 138 217 24 80
2014-04-02T17:00:00Z 107 150 159 19 42
2014-04-02T16:00:00Z 108 156 204 22 39
2014-04-02T15:00:00Z 215 134 180 20 43
2014-04-02T14:00:00Z 177 108 177 16 46
2014-04-02T13:00:00Z 186 138 217 24 80
2014-04-02T12:00:00Z 180 208 215 31 150
2014-04-15T08:00:00Z 131 131 128 3 15
2014-04-15T07:00:00Z 103 89 127 3 20
2014-04-15T06:00:00Z 91 99 117 1 82
2014-04-15T05:00:00Z 66 86 85 1 146
2014-04-15T04:00:00Z 59 82 115 41 150
2014-04-15T03:00:00Z 57 64 104 140 148
2014-04-15T07:00:00Z 103 89 127 3 20
2014-04-15T06:00:00Z 91 99 117 1 82
2014-04-15T05:00:00Z 66 86 85 1 146
2014-04-15T04:00:00Z 59 82 115 41 150
2014-04-15T03:00:00Z 57 64 104 140 148
2014-04-15T02:00:00Z 60 69 112 137 131
2014-04-15T06:00:00Z 91 99 117 1 82
2014-04-15T05:00:00Z 66 86 85 1 146
2014-04-15T04:00:00Z 59 82 115 41 150
2014-04-15T03:00:00Z 57 64 104 140 148
2014-04-15T02:00:00Z 60 69 112 137 131
2014-04-15T01:00:00Z 52 48 101 142 129
2014-04-15T05:00:00Z 66 86 85 1 146
2014-04-15T04:00:00Z 59 82 115 41 150
2014-04-15T03:00:00Z 57 64 104 140 148
2014-04-15T02:00:00Z 60 69 112 137 131
2014-04-15T01:00:00Z 52 48 101 142 129
2014-04-15T00:00:00Z 46 37 59 139 108
2014-04-15T04:00:00Z 59 82 115 41 150
2014-04-15T03:00:00Z 57 64 104 140 148
2014-04-15T02:00:00Z 60 69 112 137 131
2014-04-15T01:00:00Z 52 48 101 142 129
2014-04-15T00:00:00Z 46 37 59 139 108
2014-04-14T23:00:00Z 41 46 94 144 127
2014-04-15T03:00:00Z 57 64 104 140 148
2014-04-15T02:00:00Z 60 69 112 137 131
2014-04-15T01:00:00Z 52 48 101 142 129
2014-04-15T00:00:00Z 46 37 59 139 108
2014-04-14T23:00:00Z 41 46 94 144 127
2014-04-14T22:00:00Z 34 58 62 135 121
2014-04-23T19:00:00Z 68 71 -1 100 123
2014-04-23T18:00:00Z 78 68 4 91 151
2014-04-23T17:00:00Z 98 70 60 72 180
2014-04-23T16:00:00Z 109 92 64 35 183
2014-04-23T15:00:00Z 121 117 107 37 158
2014-04-23T14:00:00Z 135 157 156 53 118
2014-04-23T18:00:00Z 78 68 4 91 151
2014-04-23T17:00:00Z 98 70 60 72 180
2014-04-23T16:00:00Z 109 92 64 35 183
2014-04-23T15:00:00Z 121 117 107 37 158
2014-04-23T14:00:00Z 135 157 156 53 118
2014-04-23T13:00:00Z 146 144 186 45 99
2014-04-23T17:00:00Z 98 70 60 72 180
2014-04-23T16:00:00Z 109 92 64 35 183
2014-04-23T15:00:00Z 121 117 107 37 158
2014-04-23T14:00:00Z 135 157 156 53 118
2014-04-23T13:00:00Z 146 144 186 45 99
2014-04-23T12:00:00Z -1 -1 -1 -1 -1
2014-04-23T16:00:00Z 109 92 64 35 183
2014-04-23T15:00:00Z 121 117 107 37 158
2014-04-23T14:00:00Z 135 157 156 53 118
2014-04-23T13:00:00Z 146 144 186 45 99
2014-04-23T12:00:00Z -1 -1 -1 -1 -1
2014-04-23T11:00:00Z 120 158 174 59 134
2014-04-23T15:00:00Z 121 117 107 37 158
2014-04-23T14:00:00Z 135 157 156 53 118
2014-04-23T13:00:00Z 146 144 186 45 99
2014-04-23T12:00:00Z -1 -1 -1 -1 -1
2014-04-23T11:00:00Z 120 158 174 59 134
2014-04-23T10:00:00Z 162 155 210 56 175
2014-04-23T14:00:00Z 135 157 156 53 118
2014-04-23T13:00:00Z 146 144 186 45 99
2014-04-23T12:00:00Z -1 -1 -1 -1 -1
2014-04-23T11:00:00Z 120 158 174 59 134
2014-04-23T10:00:00Z 162 155 210 56 175
2014-04-23T09:00:00Z 162 152 165 56 166
2014-04-25T21:00:00Z 105 78 41 107 67
2014-04-25T20:00:00Z 102 64 72 85 64
2014-04-25T19:00:00Z 121 53 87 81 56
2014-04-25T18:00:00Z 118 56 57 76 59
2014-04-25T17:00:00Z 97 72 59 62 64
2014-04-25T16:00:00Z 113 108 62 56 65
2014-04-25T20:00:00Z 102 64 72 85 64
2014-04-25T19:00:00Z 121 53 87 81 56
2014-04-25T18:00:00Z 118 56 57 76 59
2014-04-25T17:00:00Z 97 72 59 62 64
2014-04-25T16:00:00Z 113 108 62 56 65
2014-04-25T15:00:00Z -1 -1 -1 -1 -1
2014-04-25T19:00:00Z 121 53 87 81 56
2014-04-25T18:00:00Z 118 56 57 76 59
2014-04-25T17:00:00Z 97 72 59 62 64
2014-04-25T16:00:00Z 113 108 62 56 65
2014-04-25T15:00:00Z -1 -1 -1 -1 -1
2014-04-25T14:00:00Z 111 99 99 73 59
2014-04-25T18:00:00Z 118 56 57 76 59
2014-04-25T17:00:00Z 97 72 59 62 64
2014-04-25T16:00:00Z 113 108 62 56 65
2014-04-25T15:00:00Z -1 -1 -1 -1 -1
2014-04-25T14:00:00Z 111 99 99 73 59
2014-04-25T13:00:00Z 124 104 149 73 60
2014-04-25T17:00:00Z 97 72 59 62 64
2014-04-25T16:00:00Z 113 108 62 56 65
2014-04-25T15:00:00Z -1 -1 -1 -1 -1
2014-04-25T14:00:00Z 111 99 99 73 59
2014-04-25T13:00:00Z 124 104 149 73 60
2014-04-25T12:00:00Z 103 95 186 86 57
2014-05-01T17:00:00Z 102 97 177 64 103
2014-05-01T16:00:00Z 111 104 226 61 88
2014-05-01T15:00:00Z 108 126 208 69 88
2014-05-01T14:00:00Z 117 151 199 86 90
2014-05-01T13:00:00Z 117 178 215 97 100
2014-05-01T12:00:00Z 131 167 224 96 109
2014-05-01T16:00:00Z 111 104 226 61 88
2014-05-01T15:00:00Z 108 126 208 69 88
2014-05-01T14:00:00Z 117 151 199 86 90
2014-05-01T13:00:00Z 117 178 215 97 100
2014-05-01T12:00:00Z 131 167 224 96 109
2014-05-01T11:00:00Z 114 162 211 97 161
2014-05-01T15:00:00Z 108 126 208 69 88
2014-05-01T14:00:00Z 117 151 199 86 90
2014-05-01T13:00:00Z 117 178 215 97 100
2014-05-01T12:00:00Z 131 167 224 96 109
2014-05-01T11:00:00Z 114 162 211 97 161
2014-05-01T10:00:00Z 112 153 198 103 135
2014-05-01T14:00:00Z 117 151 199 86 90
2014-05-01T13:00:00Z 117 178 215 97 100
2014-05-01T12:00:00Z 131 167 224 96 109
2014-05-01T11:00:00Z 114 162 211 97 161
2014-05-01T10:00:00Z 112 153 198 103 135
2014-05-01T09:00:00Z 147 149 204 103 133
2014-05-01T13:00:00Z 117 178 215 97 100
2014-05-01T12:00:00Z 131 167 224 96 109
2014-05-01T11:00:00Z 114 162 211 97 161
2014-05-01T10:00:00Z 112 153 198 103 135
2014-05-01T09:00:00Z 147 149 204 103 133
2014-05-01T08:00:00Z 155 167 168 90 139
2014-05-01T12:00:00Z 131 167 224 96 109
2014-05-01T11:00:00Z 114 162 211 97 161
2014-05-01T10:00:00Z 112 153 198 103 135
2014-05-01T09:00:00Z 147 149 204 103 133
2014-05-01T08:00:00Z 155 167 168 90 139
2014-05-01T07:00:00Z 137 166 168 84 131
2014-05-07T08:00:00Z 155 125 124 84 46
2014-05-07T07:00:00Z 156 115 112 81 46
2014-05-07T06:00:00Z 139 106 100 78 40
2014-05-07T05:00:00Z 156 102 112 70 39
2014-05-07T04:00:00Z 137 93 83 75 39
2014-05-07T03:00:00Z 140 91 96 75 36
2014-05-07T07:00:00Z 156 115 112 81 46
2014-05-07T06:00:00Z 139 106 100 78 40
2014-05-07T05:00:00Z 156 102 112 70 39
2014-05-07T04:00:00Z 137 93 83 75 39
2014-05-07T03:00:00Z 140 91 96 75 36
2014-05-07T02:00:00Z 137 87 103 76 28
2014-05-07T06:00:00Z 139 106 100 78 40
2014-05-07T05:00:00Z 156 102 112 70 39
2014-05-07T04:00:00Z 137 93 83 75 39
2014-05-07T03:00:00Z 140 91 96 75 36
2014-05-07T02:00:00Z 137 87 103 76 28
2014-05-07T01:00:00Z 148 84 123 86 30
2014-05-07T05:00:00Z 156 102 112 70 39
2014-05-07T04:00:00Z 137 93 83 75 39
2014-05-07T03:00:00Z 140 91 96 75 36
2014-05-07T02:00:00Z 137 87 103 76 28
2014-05-07T01:00:00Z 148 84 123 86 30
2014-05-07T00:00:00Z 122 88 99 79 28
2014-05-07T04:00:00Z 137 93 83 75 39
2014-05-07T03:00:00Z 140 91 96 75 36
2014-05-07T02:00:00Z 137 87 103 76 28
2014-05-07T01:00:00Z 148 84 123 86 30
2014-05-07T00:00:00Z 122 88 99 79 28
2014-05-06T23:00:00Z 102 84 63 70 30
2014-05-07T03:00:00Z 140 91 96 75 36
2014-05-07T02:00:00Z 137 87 103 76 28
2014-05-07T01:00:00Z 148 84 123 86 30
2014-05-07T00:00:00Z 122 88 99 79 28
2014-05-06T23:00:00Z 102 84 63 70 30
2014-05-06T22:00:00Z 128 86 52 71 33
2014-05-16T07:00:00Z 86 83 50 25 76
2014-05-16T06:00:00Z 86 92 49 20 80
2014-05-16T05:00:00Z 60 93 47 17 70
2014-05-16T04:00:00Z 93 82 56 18 66
2014-05-16T03:00:00Z 85 69 57 29 60
2014-05-16T02:00:00Z 96 79 67 32 212
2014-05-16T06:00:00Z 86 92 49 20 80
2014-05-16T05:00:00Z 60 93 47 17 70
2014-05-16T04:00:00Z 93 82 56 18 66
2014-05-16T03:00:00Z 85 69 57 29 60
2014-05-16T02:00:00Z 96 79 67 32 212
2014-05-16T01:00:00Z 91 80 84 33 129
2014-05-16T05:00:00Z 60 93 47 17 70
2014-05-16T04:00:00Z 93 82 56 18 66
2014-05-16T03:00:00Z 85 69 57 29 60
2014-05-16T02:00:00Z 96 79 67 32 212
2014-05-16T01:00:00Z 91 80 84 33 129
2014-05-16T00:00:00Z 93 50 -1 32 -1
2014-05-16T04:00:00Z 93 82 56 18 66
2014-05-16T03:00:00Z 85 69 57 29 60
2014-05-16T02:00:00Z 96 79 67 32 212
2014-05-16T01:00:00Z 91 80 84 33 129
2014-05-16T00:00:00Z 93 50 -1 32 -1
2014-05-15T23:00:00Z 108 60 -1 30 -1
2014-05-16T03:00:00Z 85 69 57 29 60
2014-05-16T02:00:00Z 96 79 67 32 212
2014-05-16T01:00:00Z 91 80 84 33 129
2014-05-16T00:00:00Z 93 50 -1 32 -1
2014-05-15T23:00:00Z 108 60 -1 30 -1
2014-05-15T22:00:00Z 68 61 -1 31 115
2014-05-18T23:00:00Z 88 110 95 29 50
2014-05-18T22:00:00Z 89 109 112 52 62
2014-05-18T21:00:00Z 104 98 99 65 66
2014-05-18T20:00:00Z 134 85 122 64 65
2014-05-18T19:00:00Z 141 87 85 55 65
2014-05-18T18:00:00Z 131 124 89 44 68
2014-05-18T22:00:00Z 89 109 112 52 62
2014-05-18T21:00:00Z 104 98 99 65 66
2014-05-18T20:00:00Z 134 85 122 64 65
2014-05-18T19:00:00Z 141 87 85 55 65
2014-05-18T18:00:00Z 131 124 89 44 68
2014-05-18T17:00:00Z 110 151 157 35 65
2014-05-18T21:00:00Z 104 98 99 65 66
2014-05-18T20:00:00Z 134 85 122 64 65
2014-05-18T19:00:00Z 141 87 85 55 65
2014-05-18T18:00:00Z 131 124 89 44 68
2014-05-18T17:00:00Z 110 151 157 35 65
2014-05-18T16:00:00Z 100 150 166 29 60
2014-05-18T20:00:00Z 134 85 122 64 65
2014-05-18T19:00:00Z 141 87 85 55 65
2014-05-18T18:00:00Z 131 124 89 44 68
2014-05-18T17:00:00Z 110 151 157 35 65
2014-05-18T16:00:00Z 100 150 166 29 60
2014-05-18T15:00:00Z 67 116 172 34 51
2014-05-18T19:00:00Z 141 87 85 55 65
2014-05-18T18:00:00Z 131 124 89 44 68
2014-05-18T17:00:00Z 110 151 157 35 65
2014-05-18T16:00:00Z 100 150 166 29 60
2014-05-18T15:00:00Z 67 116 172 34 51
2014-05-18T14:00:00Z 69 106 126 30 42
2014-05-18T18:00:00Z 131 124 89 44 68
2014-05-18T17:00:00Z 110 151 157 35 65
2014-05-18T16:00:00Z 100 150 166 29 60
2014-05-18T15:00:00Z 67 116 172 34 51
2014-05-18T14:00:00Z 69 106 126 30 42
2014-05-18T13:00:00Z 86 96 97 29 41
2014-05-20T07:00:00Z 311 123 104 65 53
2014-05-20T06:00:00Z 268 103 90 72 46
2014-05-20T05:00:00Z 226 98 113 80 40
2014-05-20T04:00:00Z 266 114 104 102 43
2014-05-20T03:00:00Z 255 107 72 111 37
2014-05-20T02:00:00Z 230 104 81 110 42
2014-05-20T06:00:00Z 268 103 90 72 46
2014-05-20T05:00:00Z 226 98 113 80 40
2014-05-20T04:00:00Z 266 114 104 102 43
2014-05-20T03:00:00Z 255 107 72 111 37
2014-05-20T02:00:00Z 230 104 81 110 42
2014-05-20T01:00:00Z 215 113 87 113 43
2014-05-20T05:00:00Z 226 98 113 80 40
2014-05-20T04:00:00Z 266 114 104 102 43
2014-05-20T03:00:00Z 255 107 72 111 37
2014-05-20T02:00:00Z 230 104 81 110 42
2014-05-20T01:00:00Z 215 113 87 113 43
2014-05-20T00:00:00Z 193 121 111 112 45
2014-05-20T04:00:00Z 266 114 104 102 43
2014-05-20T03:00:00Z 255 107 72 111 37
2014-05-20T02:00:00Z 230 104 81 110 42
2014-05-20T01:00:00Z 215 113 87 113 43
2014-05-20T00:00:00Z 193 121 111 112 45
2014-05-19T23:00:00Z 235 109 81 117 48
2014-05-20T03:00:00Z 255 107 72 111 37
2014-05-20T02:00:00Z 230 104 81 110 42
2014-05-20T01:00:00Z 215 113 87 113 43
2014-05-20T00:00:00Z 193 121 111 112 45
2014-05-19T23:00:00Z 235 109 81 117 48
2014-05-19T22:00:00Z 208 114 111 106 50
2014-05-20T02:00:00Z 230 104 81 110 42
2014-05-20T01:00:00Z 215 113 87 113 43
2014-05-20T00:00:00Z 193 121 111 112 45
2014-05-19T23:00:00Z 235 109 81 117 48
2014-05-19T22:00:00Z 208 114 111 106 50
2014-05-19T21:00:00Z -1 -1 -1 -1 -1
2014-05-21T01:00:00Z 144 94 184 37 102
2014-05-21T00:00:00Z 119 89 199 31 107
2014-05-20T23:00:00Z 112 88 162 25 97
2014-05-20T22:00:00Z 110 91 132 22 84
2014-05-20T21:00:00Z 131 94 121 25 93
2014-05-20T20:00:00Z 125 83 139 13 76
2014-05-21T00:00:00Z 119 89 199 31 107
2014-05-20T23:00:00Z 112 88 162 25 97
2014-05-20T22:00:00Z 110 91 132 22 84
2014-05-20T21:00:00Z 131 94 121 25 93
2014-05-20T20:00:00Z 125 83 139 13 76
2014-05-20T19:00:00Z 43 73 117 5 78
2014-05-20T23:00:00Z 112 88 162 25 97
2014-05-20T22:00:00Z 110 91 132 22 84
2014-05-20T21:00:00Z 131 94 121 25 93
2014-05-20T20:00:00Z 125 83 139 13 76
2014-05-20T19:00:00Z 43 73 117 5 78
2014-05-20T18:00:00Z 25 73 104 7 72
2014-05-20T22:00:00Z 110 91 132 22 84
2014-05-20T21:00:00Z 131 94 121 25 93
2014-05-20T20:00:00Z 125 83 139 13 76
2014-05-20T19:00:00Z 43 73 117 5 78
2014-05-20T18:00:00Z 25 73 104 7 72
2014-05-20T17:00:00Z 13 87 109 8 70
2014-05-22T13:00:00Z 55 86 77 119 49
2014-05-22T12:00:00Z -1 -1 -1 -1 -1
2014-05-22T11:00:00Z 159 144 136 108 60
2014-05-22T10:00:00Z 218 153 129 90 61
2014-05-22T09:00:00Z 222 140 133 91 -1
2014-05-22T08:00:00Z 208 132 109 99 62
2014-05-22T12:00:00Z -1 -1 -1 -1 -1
2014-05-22T11:00:00Z 159 144 136 108 60
2014-05-22T10:00:00Z 218 153 129 90 61
2014-05-22T09:00:00Z 222 140 133 91 -1
2014-05-22T08:00:00Z 208 132 109 99 62
2014-05-22T07:00:00Z 189 142 160 99 80
2014-05-22T11:00:00Z 159 144 136 108 60
2014-05-22T10:00:00Z 218 153 129 90 61
2014-05-22T09:00:00Z 222 140 133 91 -1
2014-05-22T08:00:00Z 208 132 109 99 62
2014-05-22T07:00:00Z 189 142 160 99 80
2014-05-22T06:00:00Z 184 149 156 94 111
2014-05-22T10:00:00Z 218 153 129 90 61
2014-05-22T09:00:00Z 222 140 133 91 -1
2014-05-22T08:00:00Z 208 132 109 99 62
2014-05-22T07:00:00Z 189 142 160 99 80
2014-05-22T06:00:00Z 184 149 156 94 111
2014-05-22T05:00:00Z 195 114 114 96 103
2014-05-22T09:00:00Z 222 140 133 91 -1
2014-05-22T08:00:00Z 208 132 109 99 62
2014-05-22T07:00:00Z 189 142 160 99 80
2014-05-22T06:00:00Z 184 149 156 94 111
2014-05-22T05:00:00Z 195 114 114 96 103
2014-05-22T04:00:00Z 175 95 89 98 105
2014-05-22T08:00:00Z 208 132 109 99 62
2014-05-22T07:00:00Z 189 142 160 99 80
2014-05-22T06:00:00Z 184 149 156 94 111
2014-05-22T05:00:00Z 195 114 114 96 103
2014-05-22T04:00:00Z 175 95 89 98 105
2014-05-22T03:00:00Z 178 107 74 99 102
2014-05-25T11:00:00Z 155 40 43 122 45
2014-05-25T10:00:00Z 172 14 36 50 37
2014-05-25T09:00:00Z 149 76 74 42 33
2014-05-25T08:00:00Z 134 -1 86 32 28
2014-05-25T07:00:00Z 134 -1 60 31 19
2014-05-25T06:00:00Z 117 -1 61 32 20
2014-05-25T10:00:00Z 172 14 36 50 37
2014-05-25T09:00:00Z 149 76 74 42 33
2014-05-25T08:00:00Z 134 -1 86 32 28
2014-05-25T07:00:00Z 134 -1 60 31 19
2014-05-25T06:00:00Z 117 -1 61 32 20
2014-05-25T05:00:00Z 105 -1 50 31 15
2014-05-25T09:00:00Z 149 76 74 42 33
2014-05-25T08:00:00Z 134 -1 86 32 28
2014-05-25T07:00:00Z 134 -1 60 31 19
2014-05-25T06:00:00Z 117 -1 61 32 20
2014-05-25T05:00:00Z 105 -1 50 31 15
2014-05-25T04:00:00Z 110 -1 117 30 19
2014-05-25T08:00:00Z 134 -1 86 32 28
2014-05-25T07:00:00Z 134 -1 60 31 19
2014-05-25T06:00:00Z 117 -1 61 32 20
2014-05-25T05:00:00Z 105 -1 50 31 15
2014-05-25T04:00:00Z 110 -1 117 30 19
2014-05-25T03:00:00Z 110 -1 118 27 18
2014-05-25T07:00:00Z 134 -1 60 31 19
2014-05-25T06:00:00Z 117 -1 61 32 20
2014-05-25T05:00:00Z 105 -1 50 31 15
2014-05-25T04:00:00Z 110 -1 117 30 19
2014-05-25T03:00:00Z 110 -1 118 27 18
2014-05-25T02:00:00Z 106 -1 149 26 18
2014-05-25T06:00:00Z 117 -1 61 32 20
2014-05-25T05:00:00Z 105 -1 50 31 15
2014-05-25T04:00:00Z 110 -1 117 30 19
2014-05-25T03:00:00Z 110 -1 118 27 18
2014-05-25T02:00:00Z 106 -1 149 26 18
2014-05-25T01:00:00Z 96 -1 166 25 19
2014-06-17T04:00:00Z -1 -1 -1 -1 -1
2014-06-17T03:00:00Z 97 108 144 151 122
2014-06-17T02:00:00Z 104 103 156 151 129
2014-06-17T01:00:00Z 112 133 162 123 119
2014-06-17T00:00:00Z 165 127 148 104 127
2014-06-16T23:00:00Z 165 124 187 129 142
2014-06-17T03:00:00Z 97 108 144 151 122
2014-06-17T02:00:00Z 104 103 156 151 129
2014-06-17T01:00:00Z 112 133 162 123 119
2014-06-17T00:00:00Z 165 127 148 104 127
2014-06-16T23:00:00Z 165 124 187 129 142
2014-06-16T22:00:00Z 88 103 161 154 148
2014-06-17T02:00:00Z 104 103 156 151 129
2014-06-17T01:00:00Z 112 133 162 123 119
2014-06-17T00:00:00Z 165 127 148 104 127
2014-06-16T23:00:00Z 165 124 187 129 142
2014-06-16T22:00:00Z 88 103 161 154 148
2014-06-16T21:00:00Z 86 89 122 145 151
2014-06-17T01:00:00Z 112 133 162 123 119
2014-06-17T00:00:00Z 165 127 148 104 127
2014-06-16T23:00:00Z 165 124 187 129 142
2014-06-16T22:00:00Z 88 103 161 154 148
2014-06-16T21:00:00Z 86 89 122 145 151
2014-06-16T20:00:00Z 87 67 108 172 146
2014-06-17T00:00:00Z 165 127 148 104 127
2014-06-16T23:00:00Z 165 124 187 129 142
2014-06-16T22:00:00Z 88 103 161 154 148
2014-06-16T21:00:00Z 86 89 122 145 151
2014-06-16T20:00:00Z 87 67 108 172 146
2014-06-16T19:00:00Z 72 72 99 172 121
2014-06-16T23:00:00Z 165 124 187 129 142
2014-06-16T22:00:00Z 88 103 161 154 148
2014-06-16T21:00:00Z 86 89 122 145 151
2014-06-16T20:00:00Z 87 67 108 172 146
2014-06-16T19:00:00Z 72 72 99 172 121
2014-06-16T18:00:00Z 81 48 -1 148 144
2014-06-17T16:00:00Z 132 68 178 28 70
2014-06-17T15:00:00Z 126 93 201 26 85
2014-06-17T14:00:00Z 113 113 202 41 101
2014-06-17T13:00:00Z 114 96 209 42 122
2014-06-17T12:00:00Z 90 110 194 48 129
2014-06-17T11:00:00Z 90 95 161 52 148
2014-06-17T15:00:00Z 126 93 201 26 85
2014-06-17T14:00:00Z 113 113 202 41 101
2014-06-17T13:00:00Z 114 96 209 42 122
2014-06-17T12:00:00Z 90 110 194 48 129
2014-06-17T11:00:00Z 90 95 161 52 148
2014-06-17T10:00:00Z 90 95 171 64 146
2014-06-17T14:00:00Z 113 113 202 41 101
2014-06-17T13:00:00Z 114 96 209 42 122
2014-06-17T12:00:00Z 90 110 194 48 129
2014-06-17T11:00:00Z 90 95 161 52 148
2014-06-17T10:00:00Z 90 95 171 64 146
2014-06-17T09:00:00Z 85 81 166 79 147
2014-06-17T13:00:00Z 114 96 209 42 122
2014-06-17T12:00:00Z 90 110 194 48 129
2014-06-17T11:00:00Z 90 95 161 52 148
2014-06-17T10:00:00Z 90 95 171 64 146
2014-06-17T09:00:00Z 85 81 166 79 147
2014-06-17T08:00:00Z 64 76 147 92 145
2014-07-05T11:00:00Z 72 67 78 -1 34
2014-07-05T10:00:00Z 73 69 68 -1 38
2014-07-05T09:00:00Z 85 95 112 -1 47
2014-07-05T08:00:00Z 82 111 118 -1 53
2014-07-05T07:00:00Z 72 160 118 -1 55
2014-07-05T06:00:00Z 68 128 123 -1 58
2014-07-05T10:00:00Z 73 69 68 -1 38
2014-07-05T09:00:00Z 85 95 112 -1 47
2014-07-05T08:00:00Z 82 111 118 -1 53
2014-07-05T07:00:00Z 72 160 118 -1 55
2014-07-05T06:00:00Z 68 128 123 -1 58
2014-07-05T05:00:00Z 69 81 128 -1 58
2014-07-05T09:00:00Z 85 95 112 -1 47
2014-07-05T08:00:00Z 82 111 118 -1 53
2014-07-05T07:00:00Z 72 160 118 -1 55
2014-07-05T06:00:00Z 68 128 123 -1 58
2014-07-05T05:00:00Z 69 81 128 -1 58
2014-07-05T04:00:00Z 66 60 97 -1 59
2014-07-05T08:00:00Z 82 111 118 -1 53
2014-07-05T07:00:00Z 72 160 118 -1 55
2014-07-05T06:00:00Z 68 128 123 -1 58
2014-07-05T05:00:00Z 69 81 128 -1 58
2014-07-05T04:00:00Z 66 60 97 -1 59
2014-07-05T03:00:00Z 68 73 81 -1 53
2014-07-05T07:00:00Z 72 160 118 -1 55
2014-07-05T06:00:00Z 68 128 123 -1 58
2014-07-05T05:00:00Z 69 81 128 -1 58
2014-07-05T04:00:00Z 66 60 97 -1 59
2014-07-05T03:00:00Z 68 73 81 -1 53
2014-07-05T02:00:00Z 68 69 62 -1 55
2014-07-18T19:00:00Z 55 83 57 94 28
2014-07-18T18:00:00Z 50 65 51 109 94
2014-07-18T17:00:00Z -1 -1 -1 -1 -1
2014-07-18T16:00:00Z 83 100 77 133 99
2014-07-18T15:00:00Z 78 107 102 122 66
2014-07-18T14:00:00Z 88 120 158 131 62
2014-07-18T18:00:00Z 50 65 51 109 94
2014-07-18T17:00:00Z -1 -1 -1 -1 -1
2014-07-18T16:00:00Z 83 100 77 133 99
2014-07-18T15:00:00Z 78 107 102 122 66
2014-07-18T14:00:00Z 88 120 158 131 62
2014-07-18T13:00:00Z 108 124 195 131 69
2014-07-18T17:00:00Z -1 -1 -1 -1 -1
2014-07-18T16:00:00Z 83 100 77 133 99
2014-07-18T15:00:00Z 78 107 102 122 66
2014-07-18T14:00:00Z 88 120 158 131 62
2014-07-18T13:00:00Z 108 124 195 131 69
2014-07-18T12:00:00Z 112 117 221 126 75
2014-07-18T16:00:00Z 83 100 77 133 99
2014-07-18T15:00:00Z 78 107 102 122 66
2014-07-18T14:00:00Z 88 120 158 131 62
2014-07-18T13:00:00Z 108 124 195 131 69
2014-07-18T12:00:00Z 112 117 221 126 75
2014-07-18T11:00:00Z 106 124 208 130 82
2014-07-18T15:00:00Z 78 107 102 122 66
2014-07-18T14:00:00Z 88 120 158 131 62
2014-07-18T13:00:00Z 108 124 195 131 69
2014-07-18T12:00:00Z 112 117 221 126 75
2014-07-18T11:00:00Z 106 124 208 130 82
2014-07-18T10:00:00Z 80 153 251 154 75
2014-07-18T14:00:00Z 88 120 158 131 62
2014-07-18T13:00:00Z 108 124 195 131 69
2014-07-18T12:00:00Z 112 117 221 126 75
2014-07-18T11:00:00Z 106 124 208 130 82
2014-07-18T10:00:00Z 80 153 251 154 75
2014-07-18T09:00:00Z 74 164 251 149 117
2014-07-29T12:00:00Z 96 112 195 104 22
2014-07-29T11:00:00Z 100 140 150 136 -1
2014-07-29T10:00:00Z -1 -1 -1 -1 -1
2014-07-29T09:00:00Z 158 160 114 106 -1
2014-07-29T08:00:00Z 166 175 113 116 50
2014-07-29T07:00:00Z 163 149 121 116 47
2014-07-29T11:00:00Z 100 140 150 136 -1
2014-07-29T10:00:00Z -1 -1 -1 -1 -1
2014-07-29T09:00:00Z 158 160 114 106 -1
2014-07-29T08:00:00Z 166 175 113 116 50
2014-07-29T07:00:00Z 163 149 121 116 47
2014-07-29T06:00:00Z 167 137 114 104 48
2014-07-29T10:00:00Z -1 -1 -1 -1 -1
2014-07-29T09:00:00Z 158 160 114 106 -1
2014-07-29T08:00:00Z 166 175 113 116 50
2014-07-29T07:00:00Z 163 149 121 116 47
2014-07-29T06:00:00Z 167 137 114 104 48
2014-07-29T05:00:00Z 180 141 108 108 47
2014-07-29T09:00:00Z 158 160 114 106 -1
2014-07-29T08:00:00Z 166 175 113 116 50
2014-07-29T07:00:00Z 163 149 121 116 47
2014-07-29T06:00:00Z 167 137 114 104 48
2014-07-29T05:00:00Z 180 141 108 108 47
2014-07-29T04:00:00Z 171 126 97 102 47
2014-07-29T08:00:00Z 166 175 113 116 50
2014-07-29T07:00:00Z 163 149 121 116 47
2014-07-29T06:00:00Z 167 137 114 104 48
2014-07-29T05:00:00Z 180 141 108 108 47
2014-07-29T04:00:00Z 171 126 97 102 47
2014-07-29T03:00:00Z 161 137 96 103 47
2014-07-29T07:00:00Z 163 149 121 116 47
2014-07-29T06:00:00Z 167 137 114 104 48
2014-07-29T05:00:00Z 180 141 108 108 47
2014-07-29T04:00:00Z 171 126 97 102 47
2014-07-29T03:00:00Z 161 137 96 103 47
2014-07-29T02:00:00Z 161 125 88 105 51
2014-08-03T15:00:00Z 126 135 170 60 -1
2014-08-03T14:00:00Z 121 113 180 63 -1
2014-08-03T13:00:00Z 124 131 175 63 -1
2014-08-03T12:00:00Z -1 -1 -1 -1 -1
2014-08-03T11:00:00Z 127 160 170 80 39
2014-08-03T10:00:00Z 131 184 175 67 43
2014-08-03T14:00:00Z 121 113 180 63 -1
2014-08-03T13:00:00Z 124 131 175 63 -1
2014-08-03T12:00:00Z -1 -1 -1 -1 -1
2014-08-03T11:00:00Z 127 160 170 80 39
2014-08-03T10:00:00Z 131 184 175 67 43
2014-08-03T09:00:00Z 123 163 162 81 53
2014-08-03T13:00:00Z 124 131 175 63 -1
2014-08-03T12:00:00Z -1 -1 -1 -1 -1
2014-08-03T11:00:00Z 127 160 170 80 39
2014-08-03T10:00:00Z 131 184 175 67 43
2014-08-03T09:00:00Z 123 163 162 81 53
2014-08-03T08:00:00Z 89 171 151 99 63
2014-08-03T12:00:00Z -1 -1 -1 -1 -1
2014-08-03T11:00:00Z 127 160 170 80 39
2014-08-03T10:00:00Z 131 184 175 67 43
2014-08-03T09:00:00Z 123 163 162 81 53
2014-08-03T08:00:00Z 89 171 151 99 63
2014-08-03T07:00:00Z 67 160 155 107 67
2014-08-03T11:00:00Z 127 160 170 80 39
2014-08-03T10:00:00Z 131 184 175 67 43
2014-08-03T09:00:00Z 123 163 162 81 53
2014-08-03T08:00:00Z 89 171 151 99 63
2014-08-03T07:00:00Z 67 160 155 107 67
2014-08-03T06:00:00Z 81 167 157 101 60
2014-08-03T10:00:00Z 131 184 175 67 43
2014-08-03T09:00:00Z 123 163 162 81 53
2014-08-03T08:00:00Z 89 171 151 99 63
2014-08-03T07:00:00Z 67 160 155 107 67
2014-08-03T06:00:00Z 81 167 157 101 60
2014-08-03T05:00:00Z 97 147 180 102 53
2014-08-09T12:00:00Z -1 -1 -1 -1 -1
2014-08-09T11:00:00Z 64 111 84 91 -1
2014-08-09T10:00:00Z 84 133 83 84 38
2014-08-09T09:00:00Z 111 164 92 67 37
2014-08-09T08:00:00Z -1 -1 -1 -1 -1
2014-08-09T07:00:00Z -1 -1 -1 -1 -1
2014-08-09T11:00:00Z 64 111 84 91 -1
2014-08-09T10:00:00Z 84 133 83 84 38
2014-08-09T09:00:00Z 111 164 92 67 37
2014-08-09T08:00:00Z -1 -1 -1 -1 -1
2014-08-09T07:00:00Z -1 -1 -1 -1 -1
2014-08-09T06:00:00Z -1 -1 -1 -1 -1
2014-08-09T10:00:00Z 84 133 83 84 38
2014-08-09T09:00:00Z 111 164 92 67 37
2014-08-09T08:00:00Z -1 -1 -1 -1 -1
2014-08-09T07:00:00Z -1 -1 -1 -1 -1
2014-08-09T06:00:00Z -1 -1 -1 -1 -1
2014-08-09T05:00:00Z -1 -1 -1 -1 -1
2014-08-09T09:00:00Z 111 164 92 67 37
2014-08-09T08:00:00Z -1 -1 -1 -1 -1
2014-08-09T07:00:00Z -1 -1 -1 -1 -1
2014-08-09T06:00:00Z -1 -1 -1 -1 -1
2014-08-09T05:00:00Z -1 -1 -1 -1 -1
2014-08-09T04:00:00Z -1 -1 -1 -1 -1
2014-08-09T08:00:00Z -1 -1 -1 -1 -1
2014-08-09T07:00:00Z -1 -1 -1 -1 -1
2014-08-09T06:00:00Z -1 -1 -1 -1 -1
2014-08-09T05:00:00Z -1 -1 -1 -1 -1
2014-08-09T04:00:00Z -1 -1 -1 -1 -1
2014-08-09T03:00:00Z -1 -1 -1 -1 -1
2014-08-19T11:00:00Z 67 82 63 43 47
2014-08-19T10:00:00Z 68 107 96 27 44
2014-08-19T09:00:00Z 66 112 96 36 42
2014-08-19T08:00:00Z 64 86 88 54 39
2014-08-19T07:00:00Z 56 86 70 39 37
2014-08-19T06:00:00Z 63 62 66 39 35
2014-08-19T10:00:00Z 68 107 96 27 44
2014-08-19T09:00:00Z 66 112 96 36 42
2014-08-19T08:00:00Z 64 86 88 54 39
2014-08-19T07:00:00Z 56 86 70 39 37
2014-08-19T06:00:00Z 63 62 66 39 35
2014-08-19T05:00:00Z 53 73 66 55 34
2014-08-19T09:00:00Z 66 112 96 36 42
2014-08-19T08:00:00Z 64 86 88 54 39
2014-08-19T07:00:00Z 56 86 70 39 37
2014-08-19T06:00:00Z 63 62 66 39 35
2014-08-19T05:00:00Z 53 73 66 55 34
2014-08-19T04:00:00Z 51 58 69 71 33
2014-08-19T08:00:00Z 64 86 88 54 39
2014-08-19T07:00:00Z 56 86 70 39 37
2014-08-19T06:00:00Z 63 62 66 39 35
2014-08-19T05:00:00Z 53 73 66 55 34
2014-08-19T04:00:00Z 51 58 69 71 33
2014-08-19T03:00:00Z 69 52 82 75 33
2014-08-20T18:00:00Z 74 51 66 76 39
2014-08-20T17:00:00Z 90 59 78 89 34
2014-08-20T16:00:00Z 80 69 75 65 31
2014-08-20T15:00:00Z 85 96 107 66 27
2014-08-20T14:00:00Z 78 83 95 60 31
2014-08-20T13:00:00Z 72 106 93 61 36
2014-08-20T17:00:00Z 90 59 78 89 34
2014-08-20T16:00:00Z 80 69 75 65 31
2014-08-20T15:00:00Z 85 96 107 66 27
2014-08-20T14:00:00Z 78 83 95 60 31
2014-08-20T13:00:00Z 72 106 93 61 36
2014-08-20T12:00:00Z 79 98 88 64 37
2014-08-20T16:00:00Z 80 69 75 65 31
2014-08-20T15:00:00Z 85 96 107 66 27
2014-08-20T14:00:00Z 78 83 95 60 31
2014-08-20T13:00:00Z 72 106 93 61 36
2014-08-20T12:00:00Z 79 98 88 64 37
2014-08-20T11:00:00Z 80 114 123 64 43
2014-08-20T15:00:00Z 85 96 107 66 27
2014-08-20T14:00:00Z 78 83 95 60 31
2014-08-20T13:00:00Z 72 106 93 61 36
2014-08-20T12:00:00Z 79 98 88 64 37
2014-08-20T11:00:00Z 80 114 123 64 43
2014-08-20T10:00:00Z 89 118 80 56 51
2014-08-20T14:00:00Z 78 83 95 60 31
2014-08-20T13:00:00Z 72 106 93 61 36
2014-08-20T12:00:00Z 79 98 88 64 37
2014-08-20T11:00:00Z 80 114 123 64 43
2014-08-20T10:00:00Z 89 118 80 56 51
2014-08-20T09:00:00Z 92 114 84 58 61
2014-08-21T21:00:00Z 106 117 69 29 57
2014-08-21T20:00:00Z 110 185 83 34 75
2014-08-21T19:00:00Z 100 150 82 26 64
2014-08-21T18:00:00Z 94 146 144 52 59
2014-08-21T17:00:00Z 78 154 175 43 58
2014-08-21T16:00:00Z 85 114 146 49 61
2014-08-21T20:00:00Z 110 185 83 34 75
2014-08-21T19:00:00Z 100 150 82 26 64
2014-08-21T18:00:00Z 94 146 144 52 59
2014-08-21T17:00:00Z 78 154 175 43 58
2014-08-21T16:00:00Z 85 114 146 49 61
2014-08-21T15:00:00Z 107 142 154 60 60
2014-08-21T19:00:00Z 100 150 82 26 64
2014-08-21T18:00:00Z 94 146 144 52 59
2014-08-21T17:00:00Z 78 154 175 43 58
2014-08-21T16:00:00Z 85 114 146 49 61
2014-08-21T15:00:00Z 107 142 154 60 60
2014-08-21T14:00:00Z 123 136 165 62 62
2014-08-21T18:00:00Z 94 146 144 52 59
2014-08-21T17:00:00Z 78 154 175 43 58
2014-08-21T16:00:00Z 85 114 146 49 61
2014-08-21T15:00:00Z 107 142 154 60 60
2014-08-21T14:00:00Z 123 136 165 62 62
2014-08-21T13:00:00Z -1 -1 -1 -1 -1
2014-08-21T17:00:00Z 78 154 175 43 58
2014-08-21T16:00:00Z 85 114 146 49 61
2014-08-21T15:00:00Z 107 142 154 60 60
2014-08-21T14:00:00Z 123 136 165 62 62
2014-08-21T13:00:00Z -1 -1 -1 -1 -1
2014-08-21T12:00:00Z 127 130 90 59 73
2014-08-21T16:00:00Z 85 114 146 49 61
2014-08-21T15:00:00Z 107 142 154 60 60
2014-08-21T14:00:00Z 123 136 165 62 62
2014-08-21T13:00:00Z -1 -1 -1 -1 -1
2014-08-21T12:00:00Z 127 130 90 59 73
2014-08-21T11:00:00Z 127 147 116 42 82
2014-08-23T22:00:00Z 140 96 159 26 55
2014-08-23T21:00:00Z 155 112 148 22 60
2014-08-23T20:00:00Z 121 134 118 26 55
2014-08-23T19:00:00Z 122 131 117 31 53
2014-08-23T18:00:00Z 116 91 131 42 51
2014-08-23T17:00:00Z 122 85 107 57 55
2014-08-23T21:00:00Z 155 112 148 22 60
2014-08-23T20:00:00Z 121 134 118 26 55
2014-08-23T19:00:00Z 122 131 117 31 53
2014-08-23T18:00:00Z 116 91 131 42 51
2014-08-23T17:00:00Z 122 85 107 57 55
2014-08-23T16:00:00Z -1 -1 -1 -1 -1
2014-08-23T20:00:00Z 121 134 118 26 55
2014-08-23T19:00:00Z 122 131 117 31 53
2014-08-23T18:00:00Z 116 91 131 42 51
2014-08-23T17:00:00Z 122 85 107 57 55
2014-08-23T16:00:00Z -1 -1 -1 -1 -1
2014-08-23T15:00:00Z 124 83 57 68 61
2014-08-23T19:00:00Z 122 131 117 31 53
2014-08-23T18:00:00Z 116 91 131 42 51
2014-08-23T17:00:00Z 122 85 107 57 55
2014-08-23T16:00:00Z -1 -1 -1 -1 -1
2014-08-23T15:00:00Z 124 83 57 68 61
2014-08-23T14:00:00Z 118 90 66 78 64
2014-08-30T23:00:00Z 79 115 71 85 31
2014-08-30T22:00:00Z 53 112 74 84 31
2014-08-30T21:00:00Z 59 124 56 90 30
2014-08-30T20:00:00Z 80 130 58 104 28
2014-08-30T19:00:00Z 73 112 67 94 25
2014-08-30T18:00:00Z 67 96 70 101 24
2014-08-30T22:00:00Z 53 112 74 84 31
2014-08-30T21:00:00Z 59 124 56 90 30
2014-08-30T20:00:00Z 80 130 58 104 28
2014-08-30T19:00:00Z 73 112 67 94 25
2014-08-30T18:00:00Z 67 96 70 101 24
2014-08-30T17:00:00Z 66 95 73 93 23
2014-08-30T21:00:00Z 59 124 56 90 30
2014-08-30T20:00:00Z 80 130 58 104 28
2014-08-30T19:00:00Z 73 112 67 94 25
2014-08-30T18:00:00Z 67 96 70 101 24
2014-08-30T17:00:00Z 66 95 73 93 23
2014-08-30T16:00:00Z 70 91 97 99 23
2014-08-30T20:00:00Z 80 130 58 104 28
2014-08-30T19:00:00Z 73 112 67 94 25
2014-08-30T18:00:00Z 67 96 70 101 24
2014-08-30T17:00:00Z 66 95 73 93 23
2014-08-30T16:00:00Z 70 91 97 99 23
2014-08-30T15:00:00Z -1 -1 -1 -1 -1
2014-08-30T19:00:00Z 73 112 67 94 25
2014-08-30T18:00:00Z 67 96 70 101 24
2014-08-30T17:00:00Z 66 95 73 93 23
2014-08-30T16:00:00Z 70 91 97 99 23
2014-08-30T15:00:00Z -1 -1 -1 -1 -1
2014-08-30T14:00:00Z 97 97 95 82 31
2014-08-30T18:00:00Z 67 96 70 101 24
2014-08-30T17:00:00Z 66 95 73 93 23
2014-08-30T16:00:00Z 70 91 97 99 23
2014-08-30T15:00:00Z -1 -1 -1 -1 -1
2014-08-30T14:00:00Z 97 97 95 82 31
2014-08-30T13:00:00Z 97 89 106 70 35
2014-09-07T22:00:00Z 112 173 111 126 52
2014-09-07T21:00:00Z 111 187 111 113 48
2014-09-07T20:00:00Z 86 164 68 93 50
2014-09-07T19:00:00Z 80 135 88 83 52
2014-09-07T18:00:00Z 89 129 81 80 59
2014-09-07T17:00:00Z 84 103 99 -1 61
2014-09-07T21:00:00Z 111 187 111 113 48
2014-09-07T20:00:00Z 86 164 68 93 50
2014-09-07T19:00:00Z 80 135 88 83 52
2014-09-07T18:00:00Z 89 129 81 80 59
2014-09-07T17:00:00Z 84 103 99 -1 61
2014-09-07T16:00:00Z 91 98 115 -1 60
2014-09-07T20:00:00Z 86 164 68 93 50
2014-09-07T19:00:00Z 80 135 88 83 52
2014-09-07T18:00:00Z 89 129 81 80 59
2014-09-07T17:00:00Z 84 103 99 -1 61
2014-09-07T16:00:00Z 91 98 115 -1 60
2014-09-07T15:00:00Z 88 71 116 -1 59
2014-09-07T19:00:00Z 80 135 88 83 52
2014-09-07T18:00:00Z 89 129 81 80 59
2014-09-07T17:00:00Z 84 103 99 -1 61
2014-09-07T16:00:00Z 91 98 115 -1 60
2014-09-07T15:00:00Z 88 71 116 -1 59
2014-09-07T14:00:00Z 101 67 123 -1 55
2014-09-21T06:00:00Z 89 222 163 18 21
2014-09-21T05:00:00Z 127 247 164 11 19
2014-09-21T04:00:00Z 113 174 158 12 19
2014-09-21T03:00:00Z 133 158 150 17 19
2014-09-21T02:00:00Z 152 153 146 18 23
2014-09-21T01:00:00Z -1 -1 -1 -1 -1
2014-09-21T05:00:00Z 127 247 164 11 19
2014-09-21T04:00:00Z 113 174 158 12 19
2014-09-21T03:00:00Z 133 158 150 17 19
2014-09-21T02:00:00Z 152 153 146 18 23
2014-09-21T01:00:00Z -1 -1 -1 -1 -1
2014-09-21T00:00:00Z 171 156 131 18 25
2014-09-21T04:00:00Z 113 174 158 12 19
2014-09-21T03:00:00Z 133 158 150 17 19
2014-09-21T02:00:00Z 152 153 146 18 23
2014-09-21T01:00:00Z -1 -1 -1 -1 -1
2014-09-21T00:00:00Z 171 156 131 18 25
2014-09-20T23:00:00Z 158 163 127 25 30
2014-09-21T03:00:00Z 133 158 150 17 19
2014-09-21T02:00:00Z 152 153 146 18 23
2014-09-21T01:00:00Z -1 -1 -1 -1 -1
2014-09-21T00:00:00Z 171 156 131 18 25
2014-09-20T23:00:00Z 158 163 127 25 30
2014-09-20T22:00:00Z 161 160 140 25 36
2014-09-21T02:00:00Z 152 153 146 18 23
2014-09-21T01:00:00Z -1 -1 -1 -1 -1
2014-09-21T00:00:00Z 171 156 131 18 25
2014-09-20T23:00:00Z 158 163 127 25 30
2014-09-20T22:00:00Z 161 160 140 25 36
2014-09-20T21:00:00Z 138 158 148 24 44
2014-09-21T01:00:00Z -1 -1 -1 -1 -1
2014-09-21T00:00:00Z 171 156 131 18 25
2014-09-20T23:00:00Z 158 163 127 25 30
2014-09-20T22:00:00Z 161 160 140 25 36
2014-09-20T21:00:00Z 138 158 148 24 44
2014-09-20T20:00:00Z 129 142 132 22 42
2014-09-25T23:00:00Z 56 96 65 66 36
2014-09-25T22:00:00Z 51 88 65 66 38
2014-09-25T21:00:00Z 56 82 63 66 24
2014-09-25T20:00:00Z 120 66 59 52 19
2014-09-25T19:00:00Z 91 47 60 36 14
2014-09-25T18:00:00Z 95 58 63 24 15
2014-09-25T22:00:00Z 51 88 65 66 38
2014-09-25T21:00:00Z 56 82 63 66 24
2014-09-25T20:00:00Z 120 66 59 52 19
2014-09-25T19:00:00Z 91 47 60 36 14
2014-09-25T18:00:00Z 95 58 63 24 15
2014-09-25T17:00:00Z 91 59 67 23 10
2014-09-25T21:00:00Z 56 82 63 66 24
2014-09-25T20:00:00Z 120 66 59 52 19
2014-09-25T19:00:00Z 91 47 60 36 14
2014-09-25T18:00:00Z 95 58 63 24 15
2014-09-25T17:00:00Z 91 59 67 23 10
2014-09-25T16:00:00Z 81 63 62 24 9
2014-09-25T20:00:00Z 120 66 59 52 19
2014-09-25T19:00:00Z 91 47 60 36 14
2014-09-25T18:00:00Z 95 58 63 24 15
2014-09-25T17:00:00Z 91 59 67 23 10
2014-09-25T16:00:00Z 81 63 62 24 9
2014-09-25T15:00:00Z 81 80 84 28 10
2014-09-25T19:00:00Z 91 47 60 36 14
2014-09-25T18:00:00Z 95 58 63 24 15
2014-09-25T17:00:00Z 91 59 67 23 10
2014-09-25T16:00:00Z 81 63 62 24 9
2014-09-25T15:00:00Z 81 80 84 28 10
2014-09-25T14:00:00Z 72 90 89 30 7
2014-09-25T18:00:00Z 95 58 63 24 15
2014-09-25T17:00:00Z 91 59 67 23 10
2014-09-25T16:00:00Z 81 63 62 24 9
2014-09-25T15:00:00Z 81 80 84 28 10
2014-09-25T14:00:00Z 72 90 89 30 7
2014-09-25T13:00:00Z 74 93 148 38 8
2014-09-26T23:00:00Z 163 168 187 99 77
2014-09-26T22:00:00Z 176 163 191 100 65
2014-09-26T21:00:00Z 200 183 181 120 107
2014-09-26T20:00:00Z 200 191 164 126 96
2014-09-26T19:00:00Z 174 187 144 106 96
2014-09-26T18:00:00Z 163 170 150 114 46
2014-09-26T22:00:00Z 176 163 191 100 65
2014-09-26T21:00:00Z 200 183 181 120 107
2014-09-26T20:00:00Z 200 191 164 126 96
2014-09-26T19:00:00Z 174 187 144 106 96
2014-09-26T18:00:00Z 163 170 150 114 46
2014-09-26T17:00:00Z 151 163 158 109 33
2014-09-26T21:00:00Z 200 183 181 120 107
2014-09-26T20:00:00Z 200 191 164 126 96
2014-09-26T19:00:00Z 174 187 144 106 96
2014-09-26T18:00:00Z 163 170 150 114 46
2014-09-26T17:00:00Z 151 163 158 109 33
2014-09-26T16:00:00Z -1 -1 116 -1 23
2014-09-26T20:00:00Z 200 191 164 126 96
2014-09-26T19:00:00Z 174 187 144 106 96
2014-09-26T18:00:00Z 163 170 150 114 46
2014-09-26T17:00:00Z 151 163 158 109 33
2014-09-26T16:00:00Z -1 -1 116 -1 23
2014-09-26T15:00:00Z 162 120 -1 80 -1
2014-09-26T19:00:00Z 174 187 144 106 96
2014-09-26T18:00:00Z 163 170 150 114 46
2014-09-26T17:00:00Z 151 163 158 109 33
2014-09-26T16:00:00Z -1 -1 116 -1 23
2014-09-26T15:00:00Z 162 120 -1 80 -1
2014-09-26T14:00:00Z 169 149 130 67 20
2014-09-26T18:00:00Z 163 170 150 114 46
2014-09-26T17:00:00Z 151 163 158 109 33
2014-09-26T16:00:00Z -1 -1 116 -1 23
2014-09-26T15:00:00Z 162 120 -1 80 -1
2014-09-26T14:00:00Z 169 149 130 67 20
2014-09-26T13:00:00Z 161 137 136 76 18
2014-10-11T19:00:00Z 185 187 216 13 108
2014-10-11T18:00:00Z 183 209 241 64 102
2014-10-11T17:00:00Z 168 219 256 154 89
2014-10-11T16:00:00Z -1 -1 -1 -1 -1
2014-10-11T15:00:00Z 135 206 228 188 111
2014-10-11T14:00:00Z 127 206 222 219 116
2014-10-11T18:00:00Z 183 209 241 64 102
2014-10-11T17:00:00Z 168 219 256 154 89
2014-10-11T16:00:00Z -1 -1 -1 -1 -1
2014-10-11T15:00:00Z 135 206 228 188 111
2014-10-11T14:00:00Z 127 206 222 219 116
2014-10-11T13:00:00Z 145 224 250 218 155
2014-10-11T17:00:00Z 168 219 256 154 89
2014-10-11T16:00:00Z -1 -1 -1 -1 -1
2014-10-11T15:00:00Z 135 206 228 188 111
2014-10-11T14:00:00Z 127 206 222 219 116
2014-10-11T13:00:00Z 145 224 250 218 155
2014-10-11T12:00:00Z 158 215 233 208 194
2014-10-11T16:00:00Z -1 -1 -1 -1 -1
2014-10-11T15:00:00Z 135 206 228 188 111
2014-10-11T14:00:00Z 127 206 222 219 116
2014-10-11T13:00:00Z 145 224 250 218 155
2014-10-11T12:00:00Z 158 215 233 208 194
2014-10-11T11:00:00Z 163 216 247 204 151
2014-10-11T15:00:00Z 135 206 228 188 111
2014-10-11T14:00:00Z 127 206 222 219 116
2014-10-11T13:00:00Z 145 224 250 218 155
2014-10-11T12:00:00Z 158 215 233 208 194
2014-10-11T11:00:00Z 163 216 247 204 151
2014-10-11T10:00:00Z 161 207 251 167 127
2014-10-11T14:00:00Z 127 206 222 219 116
2014-10-11T13:00:00Z 145 224 250 218 155
2014-10-11T12:00:00Z 158 215 233 208 194
2014-10-11T11:00:00Z 163 216 247 204 151
2014-10-11T10:00:00Z 161 207 251 167 127
2014-10-11T09:00:00Z 141 222 244 139 118
2014-10-20T23:00:00Z 57 225 252 14 17
2014-10-20T22:00:00Z 73 219 244 18 20
2014-10-20T21:00:00Z 140 216 236 21 24
2014-10-20T20:00:00Z 233 251 245 17 27
2014-10-20T19:00:00Z 246 259 -1 17 -1
2014-10-20T18:00:00Z 228 230 311 21 25
2014-10-20T22:00:00Z 73 219 244 18 20
2014-10-20T21:00:00Z 140 216 236 21 24
2014-10-20T20:00:00Z 233 251 245 17 27
2014-10-20T19:00:00Z 246 259 -1 17 -1
2014-10-20T18:00:00Z 228 230 311 21 25
2014-10-20T17:00:00Z 245 245 287 17 31
2014-10-20T21:00:00Z 140 216 236 21 24
2014-10-20T20:00:00Z 233 251 245 17 27
2014-10-20T19:00:00Z 246 259 -1 17 -1
2014-10-20T18:00:00Z 228 230 311 21 25
2014-10-20T17:00:00Z 245 245 287 17 31
2014-10-20T16:00:00Z 235 248 276 26 36
2014-10-20T20:00:00Z 233 251 245 17 27
2014-10-20T19:00:00Z 246 259 -1 17 -1
2014-10-20T18:00:00Z 228 230 311 21 25
2014-10-20T17:00:00Z 245 245 287 17 31
2014-10-20T16:00:00Z 235 248 276 26 36
2014-10-20T15:00:00Z -1 -1 -1 -1 -1
