2014-01-04T11:00:00Z 137 242 152 68 -1
2014-01-04T10:00:00Z 117 189 176 64 -1
2014-01-04T09:00:00Z 101 153 111 51 -1
2014-01-04T08:00:00Z 90 133 120 43 -1
2014-01-04T07:00:00Z 71 122 118 42 -1
2014-01-04T06:00:00Z 70 112 100 42 66
2014-01-04T10:00:00Z 117 189 176 64 -1
2014-01-04T09:00:00Z 101 153 111 51 -1
2014-01-04T08:00:00Z 90 133 120 43 -1
2014-01-04T07:00:00Z 71 122 118 42 -1
2014-01-04T06:00:00Z 70 112 100 42 66
2014-01-04T05:00:00Z 68 115 95 43 54
2014-01-04T09:00:00Z 101 153 111 51 -1
2014-01-04T08:00:00Z 90 133 120 43 -1
2014-01-04T07:00:00Z 71 122 118 42 -1
2014-01-04T06:00:00Z 70 112 100 42 66
2014-01-04T05:00:00Z 68 115 95 43 54
2014-01-04T04:00:00Z 78 100 108 49 48
2014-01-04T08:00:00Z 90 133 120 43 -1
2014-01-04T07:00:00Z 71 122 118 42 -1
2014-01-04T06:00:00Z 70 112 100 42 66
2014-01-04T05:00:00Z 68 115 95 43 54
2014-01-04T04:00:00Z 78 100 108 49 48
2014-01-04T03:00:00Z 78 127 121 51 49
2014-01-04T07:00:00Z 71 122 118 42 -1
2014-01-04T06:00:00Z 70 112 100 42 66
2014-01-04T05:00:00Z 68 115 95 43 54
2014-01-04T04:00:00Z 78 100 108 49 48
2014-01-04T03:00:00Z 78 127 121 51 49
2014-01-04T02:00:00Z 94 125 118 66 52
2014-01-04T06:00:00Z 70 112 100 42 66
2014-01-04T05:00:00Z 68 115 95 43 54
2014-01-04T04:00:00Z 78 100 108 49 48
2014-01-04T03:00:00Z 78 127 121 51 49
2014-01-04T02:00:00Z 94 125 118 66 52
2014-01-04T01:00:00Z 88 136 94 60 54
2014-01-06T11:00:00Z 197 121 292 80 112
2014-01-06T10:00:00Z 173 102 263 81 154
2014-01-06T09:00:00Z 167 104 255 71 122
2014-01-06T08:00:00Z 149 117 255 68 123
2014-01-06T07:00:00Z 134 100 296 66 112
2014-01-06T06:00:00Z 129 92 309 65 112
2014-01-06T10:00:00Z 173 102 263 81 154
2014-01-06T09:00:00Z 167 104 255 71 122
2014-01-06T08:00:00Z 149 117 255 68 123
2014-01-06T07:00:00Z 134 100 296 66 112
2014-01-06T06:00:00Z 129 92 309 65 112
2014-01-06T05:00:00Z 126 98 325 66 117
2014-01-06T09:00:00Z 167 104 255 71 122
2014-01-06T08:00:00Z 149 117 255 68 123
2014-01-06T07:00:00Z 134 100 296 66 112
2014-01-06T06:00:00Z 129 92 309 65 112
2014-01-06T05:00:00Z 126 98 325 66 117
2014-01-06T04:00:00Z 142 116 337 64 128
2014-01-06T08:00:00Z 149 117 255 68 123
2014-01-06T07:00:00Z 134 100 296 66 112
2014-01-06T06:00:00Z 129 92 309 65 112
2014-01-06T05:00:00Z 126 98 325 66 117
2014-01-06T04:00:00Z 142 116 337 64 128
2014-01-06T03:00:00Z 157 112 329 67 130
2014-01-06T07:00:00Z 134 100 296 66 112
2014-01-06T06:00:00Z 129 92 309 65 112
2014-01-06T05:00:00Z 126 98 325 66 117
2014-01-06T04:00:00Z 142 116 337 64 128
2014-01-06T03:00:00Z 157 112 329 67 130
2014-01-06T02:00:00Z 136 118 264 67 106
2014-01-06T06:00:00Z 129 92 309 65 112
2014-01-06T05:00:00Z 126 98 325 66 117
2014-01-06T04:00:00Z 142 116 337 64 128
2014-01-06T03:00:00Z 157 112 329 67 130
2014-01-06T02:00:00Z 136 118 264 67 106
2014-01-06T01:00:00Z 144 128 215 67 111
2014-01-14T21:00:00Z 142 249 257 44 141
2014-01-14T20:00:00Z 155 210 255 36 112
2014-01-14T19:00:00Z 122 172 251 16 72
2014-01-14T18:00:00Z 123 129 223 6 69
2014-01-14T17:00:00Z 136 100 197 5 68
2014-01-14T16:00:00Z -1 -1 -1 -1 -1
2014-01-14T20:00:00Z 155 210 255 36 112
2014-01-14T19:00:00Z 122 172 251 16 72
2014-01-14T18:00:00Z 123 129 223 6 69
2014-01-14T17:00:00Z 136 100 197 5 68
2014-01-14T16:00:00Z -1 -1 -1 -1 -1
2014-01-14T15:00:00Z -1 -1 -1 -1 -1
2014-01-14T19:00:00Z 122 172 251 16 72
2014-01-14T18:00:00Z 123 129 223 6 69
2014-01-14T17:00:00Z 136 100 197 5 68
2014-01-14T16:00:00Z -1 -1 -1 -1 -1
2014-01-14T15:00:00Z -1 -1 -1 -1 -1
2014-01-14T14:00:00Z 180 79 182 38 66
2014-01-14T18:00:00Z 123 129 223 6 69
2014-01-14T17:00:00Z 136 100 197 5 68
2014-01-14T16:00:00Z -1 -1 -1 -1 -1
2014-01-14T15:00:00Z -1 -1 -1 -1 -1
2014-01-14T14:00:00Z 180 79 182 38 66
2014-01-14T13:00:00Z 192 119 151 35 60
2014-01-14T17:00:00Z 136 100 197 5 68
2014-01-14T16:00:00Z -1 -1 -1 -1 -1
2014-01-14T15:00:00Z -1 -1 -1 -1 -1
2014-01-14T14:00:00Z 180 79 182 38 66
2014-01-14T13:00:00Z 192 119 151 35 60
2014-01-14T12:00:00Z 220 139 161 44 63
2014-01-22T16:00:00Z 162 179 213 60 119
2014-01-22T15:00:00Z 211 194 221 52 98
2014-01-22T14:00:00Z 196 168 205 48 109
2014-01-22T13:00:00Z 155 185 223 49 102
2014-01-22T12:00:00Z 175 170 243 46 100
2014-01-22T11:00:00Z 203 167 300 72 91
2014-01-22T15:00:00Z 211 194 221 52 98
2014-01-22T14:00:00Z 196 168 205 48 109
2014-01-22T13:00:00Z 155 185 223 49 102
2014-01-22T12:00:00Z 175 170 243 46 100
2014-01-22T11:00:00Z 203 167 300 72 91
2014-01-22T10:00:00Z 179 160 226 66 85
2014-01-22T14:00:00Z 196 168 205 48 109
2014-01-22T13:00:00Z 155 185 223 49 102
2014-01-22T12:00:00Z 175 170 243 46 100
2014-01-22T11:00:00Z 203 167 300 72 91
2014-01-22T10:00:00Z 179 160 226 66 85
2014-01-22T09:00:00Z 176 174 190 51 81
2014-01-22T13:00:00Z 155 185 223 49 102
2014-01-22T12:00:00Z 175 170 243 46 100
2014-01-22T11:00:00Z 203 167 300 72 91
2014-01-22T10:00:00Z 179 160 226 66 85
2014-01-22T09:00:00Z 176 174 190 51 81
2014-01-22T08:00:00Z 142 162 193 43 90
2014-01-22T12:00:00Z 175 170 243 46 100
2014-01-22T11:00:00Z 203 167 300 72 91
2014-01-22T10:00:00Z 179 160 226 66 85
2014-01-22T09:00:00Z 176 174 190 51 81
2014-01-22T08:00:00Z 142 162 193 43 90
2014-01-22T07:00:00Z 134 158 228 43 78
2014-01-22T11:00:00Z 203 167 300 72 91
2014-01-22T10:00:00Z 179 160 226 66 85
2014-01-22T09:00:00Z 176 174 190 51 81
2014-01-22T08:00:00Z 142 162 193 43 90
2014-01-22T07:00:00Z 134 158 228 43 78
2014-01-22T06:00:00Z 140 159 224 46 71
2014-01-29T11:00:00Z 114 163 255 92 99
2014-01-29T10:00:00Z 95 225 300 87 76
2014-01-29T09:00:00Z 69 249 273 82 65
2014-01-29T08:00:00Z 82 271 310 79 67
2014-01-29T07:00:00Z 78 264 302 78 76
2014-01-29T06:00:00Z 55 220 348 78 47
2014-01-29T10:00:00Z 95 225 300 87 76
2014-01-29T09:00:00Z 69 249 273 82 65
2014-01-29T08:00:00Z 82 271 310 79 67
2014-01-29T07:00:00Z 78 264 302 78 76
2014-01-29T06:00:00Z 55 220 348 78 47
2014-01-29T05:00:00Z 80 174 250 79 38
2014-01-29T09:00:00Z 69 249 273 82 65
2014-01-29T08:00:00Z 82 271 310 79 67
2014-01-29T07:00:00Z 78 264 302 78 76
2014-01-29T06:00:00Z 55 220 348 78 47
2014-01-29T05:00:00Z 80 174 250 79 38
2014-01-29T04:00:00Z 71 150 227 79 43
2014-01-29T08:00:00Z 82 271 310 79 67
2014-01-29T07:00:00Z 78 264 302 78 76
2014-01-29T06:00:00Z 55 220 348 78 47
2014-01-29T05:00:00Z 80 174 250 79 38
2014-01-29T04:00:00Z 71 150 227 79 43
2014-01-29T03:00:00Z 74 137 245 85 49
2014-01-29T07:00:00Z 78 264 302 78 76
2014-01-29T06:00:00Z 55 220 348 78 47
2014-01-29T05:00:00Z 80 174 250 79 38
2014-01-29T04:00:00Z 71 150 227 79 43
2014-01-29T03:00:00Z 74 137 245 85 49
2014-01-29T02:00:00Z 76 152 224 89 41
2014-01-29T06:00:00Z 55 220 348 78 47
2014-01-29T05:00:00Z 80 174 250 79 38
2014-01-29T04:00:00Z 71 150 227 79 43
2014-01-29T03:00:00Z 74 137 245 85 49
2014-01-29T02:00:00Z 76 152 224 89 41
2014-01-29T01:00:00Z 59 136 223 72 37
2014-01-30T18:00:00Z 20 95 107 9 30
2014-01-30T17:00:00Z 7 84 103 9 32
2014-01-30T16:00:00Z 13 96 85 9 33
2014-01-30T15:00:00Z 15 57 99 3 30
2014-01-30T14:00:00Z 18 60 97 2 34
2014-01-30T13:00:00Z 15 110 121 1 37
2014-01-30T17:00:00Z 7 84 103 9 32
2014-01-30T16:00:00Z 13 96 85 9 33
2014-01-30T15:00:00Z 15 57 99 3 30
2014-01-30T14:00:00Z 18 60 97 2 34
2014-01-30T13:00:00Z 15 110 121 1 37
2014-01-30T12:00:00Z 18 126 177 3 49
2014-01-30T16:00:00Z 13 96 85 9 33
2014-01-30T15:00:00Z 15 57 99 3 30
2014-01-30T14:00:00Z 18 60 97 2 34
2014-01-30T13:00:00Z 15 110 121 1 37
2014-01-30T12:00:00Z 18 126 177 3 49
2014-01-30T11:00:00Z 22 142 161 6 67
2014-01-30T15:00:00Z 15 57 99 3 30
2014-01-30T14:00:00Z 18 60 97 2 34
2014-01-30T13:00:00Z 15 110 121 1 37
2014-01-30T12:00:00Z 18 126 177 3 49
2014-01-30T11:00:00Z 22 142 161 6 67
2014-01-30T10:00:00Z 41 185 178 8 71
2014-01-30T14:00:00Z 18 60 97 2 34
2014-01-30T13:00:00Z 15 110 121 1 37
2014-01-30T12:00:00Z 18 126 177 3 49
2014-01-30T11:00:00Z 22 142 161 6 67
2014-01-30T10:00:00Z 41 185 178 8 71
2014-01-30T09:00:00Z 50 194 190 6 68
2014-01-30T13:00:00Z 15 110 121 1 37
2014-01-30T12:00:00Z 18 126 177 3 49
2014-01-30T11:00:00Z 22 142 161 6 67
2014-01-30T10:00:00Z 41 185 178 8 71
2014-01-30T09:00:00Z 50 194 190 6 68
2014-01-30T08:00:00Z 77 165 183 27 177
2014-01-31T16:00:00Z 116 85 112 62 66
2014-01-31T15:00:00Z 112 59 127 69 90
2014-01-31T14:00:00Z 124 67 148 84 115
2014-01-31T13:00:00Z 147 129 155 142 89
2014-01-31T12:00:00Z 161 184 173 194 87
2014-01-31T11:00:00Z 149 182 158 228 124
2014-01-31T15:00:00Z 112 59 127 69 90
2014-01-31T14:00:00Z 124 67 148 84 115
2014-01-31T13:00:00Z 147 129 155 142 89
2014-01-31T12:00:00Z 161 184 173 194 87
2014-01-31T11:00:00Z 149 182 158 228 124
2014-01-31T10:00:00Z 162 229 212 224 108
2014-01-31T14:00:00Z 124 67 148 84 115
2014-01-31T13:00:00Z 147 129 155 142 89
2014-01-31T12:00:00Z 161 184 173 194 87
2014-01-31T11:00:00Z 149 182 158 228 124
2014-01-31T10:00:00Z 162 229 212 224 108
2014-01-31T09:00:00Z -1 -1 -1 -1 -1
2014-01-31T13:00:00Z 147 129 155 142 89
2014-01-31T12:00:00Z 161 184 173 194 87
2014-01-31T11:00:00Z 149 182 158 228 124
2014-01-31T10:00:00Z 162 229 212 224 108
2014-01-31T09:00:00Z -1 -1 -1 -1 -1
2014-01-31T08:00:00Z 102 246 211 192 49
2014-01-31T12:00:00Z 161 184 173 194 87
2014-01-31T11:00:00Z 149 182 158 228 124
2014-01-31T10:00:00Z 162 229 212 224 108
2014-01-31T09:00:00Z -1 -1 -1 -1 -1
2014-01-31T08:00:00Z 102 246 211 192 49
2014-01-31T07:00:00Z 131 197 234 221 47
2014-01-31T11:00:00Z 149 182 158 228 124
2014-01-31T10:00:00Z 162 229 212 224 108
2014-01-31T09:00:00Z -1 -1 -1 -1 -1
2014-01-31T08:00:00Z 102 246 211 192 49
2014-01-31T07:00:00Z 131 197 234 221 47
2014-01-31T06:00:00Z 212 130 238 281 56
2014-02-05T22:00:00Z 154 89 111 80 35
2014-02-05T21:00:00Z 98 92 81 79 27
2014-02-05T20:00:00Z 77 81 106 58 29
2014-02-05T19:00:00Z 58 73 84 42 24
2014-02-05T18:00:00Z 81 98 76 41 27
2014-02-05T17:00:00Z 61 80 98 36 26
2014-02-05T21:00:00Z 98 92 81 79 27
2014-02-05T20:00:00Z 77 81 106 58 29
2014-02-05T19:00:00Z 58 73 84 42 24
2014-02-05T18:00:00Z 81 98 76 41 27
2014-02-05T17:00:00Z 61 80 98 36 26
2014-02-05T16:00:00Z 55 46 134 32 32
2014-02-05T20:00:00Z 77 81 106 58 29
2014-02-05T19:00:00Z 58 73 84 42 24
2014-02-05T18:00:00Z 81 98 76 41 27
2014-02-05T17:00:00Z 61 80 98 36 26
2014-02-05T16:00:00Z 55 46 134 32 32
2014-02-05T15:00:00Z 48 62 141 31 37
2014-02-05T19:00:00Z 58 73 84 42 24
2014-02-05T18:00:00Z 81 98 76 41 27
2014-02-05T17:00:00Z 61 80 98 36 26
2014-02-05T16:00:00Z 55 46 134 32 32
2014-02-05T15:00:00Z 48 62 141 31 37
2014-02-05T14:00:00Z 52 63 122 27 37
2014-02-05T18:00:00Z 81 98 76 41 27
2014-02-05T17:00:00Z 61 80 98 36 26
2014-02-05T16:00:00Z 55 46 134 32 32
2014-02-05T15:00:00Z 48 62 141 31 37
2014-02-05T14:00:00Z 52 63 122 27 37
2014-02-05T13:00:00Z 53 42 96 30 32
2014-02-05T17:00:00Z 61 80 98 36 26
2014-02-05T16:00:00Z 55 46 134 32 32
2014-02-05T15:00:00Z 48 62 141 31 37
2014-02-05T14:00:00Z 52 63 122 27 37
2014-02-05T13:00:00Z 53 42 96 30 32
2014-02-05T12:00:00Z 52 49 83 33 76
2014-02-11T14:00:00Z 127 116 172 49 108
2014-02-11T13:00:00Z 280 143 209 47 108
2014-02-11T12:00:00Z 361 168 175 42 126
2014-02-11T11:00:00Z 210 209 173 38 -1
2014-02-11T10:00:00Z 209 138 51 54 119
2014-02-11T09:00:00Z 170 -1 53 43 88
2014-02-11T13:00:00Z 280 143 209 47 108
2014-02-11T12:00:00Z 361 168 175 42 126
2014-02-11T11:00:00Z 210 209 173 38 -1
2014-02-11T10:00:00Z 209 138 51 54 119
2014-02-11T09:00:00Z 170 -1 53 43 88
2014-02-11T08:00:00Z 169 -1 48 37 62
2014-02-11T12:00:00Z 361 168 175 42 126
2014-02-11T11:00:00Z 210 209 173 38 -1
2014-02-11T10:00:00Z 209 138 51 54 119
2014-02-11T09:00:00Z 170 -1 53 43 88
2014-02-11T08:00:00Z 169 -1 48 37 62
2014-02-11T07:00:00Z 163 -1 49 38 55
2014-02-11T11:00:00Z 210 209 173 38 -1
2014-02-11T10:00:00Z 209 138 51 54 119
2014-02-11T09:00:00Z 170 -1 53 43 88
2014-02-11T08:00:00Z 169 -1 48 37 62
2014-02-11T07:00:00Z 163 -1 49 38 55
2014-02-11T06:00:00Z 147 -1 48 39 49
2014-02-11T10:00:00Z 209 138 51 54 119
2014-02-11T09:00:00Z 170 -1 53 43 88
2014-02-11T08:00:00Z 169 -1 48 37 62
2014-02-11T07:00:00Z 163 -1 49 38 55
2014-02-11T06:00:00Z 147 -1 48 39 49
2014-02-11T05:00:00Z 124 -1 39 36 51
2014-02-11T09:00:00Z 170 -1 53 43 88
2014-02-11T08:00:00Z 169 -1 48 37 62
2014-02-11T07:00:00Z 163 -1 49 38 55
2014-02-11T06:00:00Z 147 -1 48 39 49
2014-02-11T05:00:00Z 124 -1 39 36 51
2014-02-11T04:00:00Z 89 -1 37 36 50
2014-02-12T16:00:00Z 176 166 372 16 113
2014-02-12T15:00:00Z 196 188 315 14 131
2014-02-12T14:00:00Z 215 218 320 16 102
2014-02-12T13:00:00Z 222 225 302 21 105
2014-02-12T12:00:00Z 207 234 300 42 118
2014-02-12T11:00:00Z 207 205 302 76 122
2014-02-12T15:00:00Z 196 188 315 14 131
2014-02-12T14:00:00Z 215 218 320 16 102
2014-02-12T13:00:00Z 222 225 302 21 105
2014-02-12T12:00:00Z 207 234 300 42 118
2014-02-12T11:00:00Z 207 205 302 76 122
2014-02-12T10:00:00Z 215 202 298 88 140
2014-02-12T14:00:00Z 215 218 320 16 102
2014-02-12T13:00:00Z 222 225 302 21 105
2014-02-12T12:00:00Z 207 234 300 42 118
2014-02-12T11:00:00Z 207 205 302 76 122
2014-02-12T10:00:00Z 215 202 298 88 140
2014-02-12T09:00:00Z 234 221 293 64 142
2014-02-12T13:00:00Z 222 225 302 21 105
2014-02-12T12:00:00Z 207 234 300 42 118
2014-02-12T11:00:00Z 207 205 302 76 122
2014-02-12T10:00:00Z 215 202 298 88 140
2014-02-12T09:00:00Z 234 221 293 64 142
2014-02-12T08:00:00Z 252 240 270 57 148
2014-02-12T12:00:00Z 207 234 300 42 118
2014-02-12T11:00:00Z 207 205 302 76 122
2014-02-12T10:00:00Z 215 202 298 88 140
2014-02-12T09:00:00Z 234 221 293 64 142
2014-02-12T08:00:00Z 252 240 270 57 148
2014-02-12T07:00:00Z 195 243 283 61 141
2014-02-12T11:00:00Z 207 205 302 76 122
2014-02-12T10:00:00Z 215 202 298 88 140
2014-02-12T09:00:00Z 234 221 293 64 142
2014-02-12T08:00:00Z 252 240 270 57 148
2014-02-12T07:00:00Z 195 243 283 61 141
2014-02-12T06:00:00Z 227 246 285 69 159
2014-02-19T22:00:00Z 125 112 163 36 114
2014-02-19T21:00:00Z 133 94 131 27 95
2014-02-19T20:00:00Z 130 72 117 19 93
2014-02-19T19:00:00Z 133 63 105 9 94
2014-02-19T18:00:00Z 100 53 90 10 91
2014-02-19T17:00:00Z 91 46 103 15 97
2014-02-19T21:00:00Z 133 94 131 27 95
2014-02-19T20:00:00Z 130 72 117 19 93
2014-02-19T19:00:00Z 133 63 105 9 94
2014-02-19T18:00:00Z 100 53 90 10 91
2014-02-19T17:00:00Z 91 46 103 15 97
2014-02-19T16:00:00Z 67 34 122 20 103
2014-02-19T20:00:00Z 130 72 117 19 93
2014-02-19T19:00:00Z 133 63 105 9 94
2014-02-19T18:00:00Z 100 53 90 10 91
2014-02-19T17:00:00Z 91 46 103 15 97
2014-02-19T16:00:00Z 67 34 122 20 103
2014-02-19T15:00:00Z 64 37 91 26 96
2014-02-19T19:00:00Z 133 63 105 9 94
2014-02-19T18:00:00Z 100 53 90 10 91
2014-02-19T17:00:00Z 91 46 103 15 97
2014-02-19T16:00:00Z 67 34 122 20 103
2014-02-19T15:00:00Z 64 37 91 26 96
2014-02-19T14:00:00Z 61 41 117 39 97
2014-02-19T18:00:00Z 100 53 90 10 91
2014-02-19T17:00:00Z 91 46 103 15 97
2014-02-19T16:00:00Z 67 34 122 20 103
2014-02-19T15:00:00Z 64 37 91 26 96
2014-02-19T14:00:00Z 61 41 117 39 97
2014-02-19T13:00:00Z -1 -1 -1 -1 -1
2014-02-19T17:00:00Z 91 46 103 15 97
2014-02-19T16:00:00Z 67 34 122 20 103
2014-02-19T15:00:00Z 64 37 91 26 96
2014-02-19T14:00:00Z 61 41 117 39 97
2014-02-19T13:00:00Z -1 -1 -1 -1 -1
2014-02-19T12:00:00Z 111 95 121 95 87
2014-03-01T22:00:00Z 56 136 109 40 68
2014-03-01T21:00:00Z 47 124 99 28 68
2014-03-01T20:00:00Z 38 100 91 17 76
2014-03-01T19:00:00Z 20 60 84 9 59
2014-03-01T18:00:00Z 17 49 75 9 51
2014-03-01T17:00:00Z 18 36 52 12 49
2014-03-01T21:00:00Z 47 124 99 28 68
2014-03-01T20:00:00Z 38 100 91 17 76
2014-03-01T19:00:00Z 20 60 84 9 59
2014-03-01T18:00:00Z 17 49 75 9 51
2014-03-01T17:00:00Z 18 36 52 12 49
2014-03-01T16:00:00Z 14 38 47 13 47
2014-03-01T20:00:00Z 38 100 91 17 76
2014-03-01T19:00:00Z 20 60 84 9 59
2014-03-01T18:00:00Z 17 49 75 9 51
2014-03-01T17:00:00Z 18 36 52 12 49
2014-03-01T16:00:00Z 14 38 47 13 47
2014-03-01T15:00:00Z 10 48 83 10 48
2014-03-01T19:00:00Z 20 60 84 9 59
2014-03-01T18:00:00Z 17 49 75 9 51
2014-03-01T17:00:00Z 18 36 52 12 49
2014-03-01T16:00:00Z 14 38 47 13 47
2014-03-01T15:00:00Z 10 48 83 10 48
2014-03-01T14:00:00Z 17 72 94 22 73
2014-03-01T18:00:00Z 17 49 75 9 51
2014-03-01T17:00:00Z 18 36 52 12 49
2014-03-01T16:00:00Z 14 38 47 13 47
2014-03-01T15:00:00Z 10 48 83 10 48
2014-03-01T14:00:00Z 17 72 94 22 73
2014-03-01T13:00:00Z 20 85 152 54 55
2014-03-01T17:00:00Z 18 36 52 12 49
2014-03-01T16:00:00Z 14 38 47 13 47
2014-03-01T15:00:00Z 10 48 83 10 48
2014-03-01T14:00:00Z 17 72 94 22 73
2014-03-01T13:00:00Z 20 85 152 54 55
2014-03-01T12:00:00Z 32 203 171 83 49
2014-03-16T16:00:00Z 139 161 184 54 76
2014-03-16T15:00:00Z 118 134 169 41 61
2014-03-16T14:00:00Z 107 110 135 32 56
2014-03-16T13:00:00Z 99 136 139 28 52
2014-03-16T12:00:00Z 89 126 139 46 41
2014-03-16T11:00:00Z 90 126 123 53 42
2014-03-16T15:00:00Z 118 134 169 41 61
2014-03-16T14:00:00Z 107 110 135 32 56
2014-03-16T13:00:00Z 99 136 139 28 52
2014-03-16T12:00:00Z 89 126 139 46 41
2014-03-16T11:00:00Z 90 126 123 53 42
2014-03-16T10:00:00Z 85 126 144 61 42
2014-03-16T14:00:00Z 107 110 135 32 56
2014-03-16T13:00:00Z 99 136 139 28 52
2014-03-16T12:00:00Z 89 126 139 46 41
2014-03-16T11:00:00Z 90 126 123 53 42
2014-03-16T10:00:00Z 85 126 144 61 42
2014-03-16T09:00:00Z 105 111 136 64 43
2014-03-16T13:00:00Z 99 136 139 28 52
2014-03-16T12:00:00Z 89 126 139 46 41
2014-03-16T11:00:00Z 90 126 123 53 42
2014-03-16T10:00:00Z 85 126 144 61 42
2014-03-16T09:00:00Z 105 111 136 64 43
2014-03-16T08:00:00Z 108 133 189 45 52
2014-03-16T12:00:00Z 89 126 139 46 41
2014-03-16T11:00:00Z 90 126 123 53 42
2014-03-16T10:00:00Z 85 126 144 61 42
2014-03-16T09:00:00Z 105 111 136 64 43
2014-03-16T08:00:00Z 108 133 189 45 52
2014-03-16T07:00:00Z 108 150 198 45 47
2014-03-16T11:00:00Z 90 126 123 53 42
2014-03-16T10:00:00Z 85 126 144 61 42
2014-03-16T09:00:00Z 105 111 136 64 43
2014-03-16T08:00:00Z 108 133 189 45 52
2014-03-16T07:00:00Z 108 150 198 45 47
2014-03-16T06:00:00Z 129 147 169 42 39
2014-03-27T20:00:00Z 134 298 295 148 89
2014-03-27T19:00:00Z 128 289 326 150 42
2014-03-27T18:00:00Z 75 274 371 140 43
2014-03-27T17:00:00Z 95 246 340 128 38
2014-03-27T16:00:00Z -1 -1 -1 -1 -1
2014-03-27T15:00:00Z -1 -1 -1 -1 -1
2014-03-27T19:00:00Z 128 289 326 150 42
2014-03-27T18:00:00Z 75 274 371 140 43
2014-03-27T17:00:00Z 95 246 340 128 38
2014-03-27T16:00:00Z -1 -1 -1 -1 -1
2014-03-27T15:00:00Z -1 -1 -1 -1 -1
2014-03-27T14:00:00Z 173 210 270 101 46
2014-03-27T18:00:00Z 75 274 371 140 43
2014-03-27T17:00:00Z 95 246 340 128 38
2014-03-27T16:00:00Z -1 -1 -1 -1 -1
2014-03-27T15:00:00Z -1 -1 -1 -1 -1
2014-03-27T14:00:00Z 173 210 270 101 46
2014-03-27T13:00:00Z 291 281 251 77 61
2014-03-27T17:00:00Z 95 246 340 128 38
2014-03-27T16:00:00Z -1 -1 -1 -1 -1
2014-03-27T15:00:00Z -1 -1 -1 -1 -1
2014-03-27T14:00:00Z 173 210 270 101 46
2014-03-27T13:00:00Z 291 281 251 77 61
2014-03-27T12:00:00Z 308 277 251 44 77
2014-03-28T18:00:00Z 167 95 126 45 128
2014-03-28T17:00:00Z 157 98 115 50 99
2014-03-28T16:00:00Z 121 107 162 49 78
2014-03-28T15:00:00Z -1 -1 -1 -1 -1
2014-03-28T14:00:00Z 68 169 172 44 51
2014-03-28T13:00:00Z 89 186 181 49 54
2014-03-28T17:00:00Z 157 98 115 50 99
2014-03-28T16:00:00Z 121 107 162 49 78
2014-03-28T15:00:00Z -1 -1 -1 -1 -1
2014-03-28T14:00:00Z 68 169 172 44 51
2014-03-28T13:00:00Z 89 186 181 49 54
2014-03-28T12:00:00Z 149 202 111 59 60
2014-03-28T16:00:00Z 121 107 162 49 78
2014-03-28T15:00:00Z -1 -1 -1 -1 -1
2014-03-28T14:00:00Z 68 169 172 44 51
2014-03-28T13:00:00Z 89 186 181 49 54
2014-03-28T12:00:00Z 149 202 111 59 60
2014-03-28T11:00:00Z 193 190 136 95 72
2014-03-28T15:00:00Z -1 -1 -1 -1 -1
2014-03-28T14:00:00Z 68 169 172 44 51
2014-03-28T13:00:00Z 89 186 181 49 54
2014-03-28T12:00:00Z 149 202 111 59 60
2014-03-28T11:00:00Z 193 190 136 95 72
2014-03-28T10:00:00Z 204 166 214 146 70
2014-03-28T14:00:00Z 68 169 172 44 51
2014-03-28T13:00:00Z 89 186 181 49 54
2014-03-28T12:00:00Z 149 202 111 59 60
2014-03-28T11:00:00Z 193 190 136 95 72
2014-03-28T10:00:00Z 204 166 214 146 70
2014-03-28T09:00:00Z 210 145 233 160 199
2014-03-28T13:00:00Z 89 186 181 49 54
2014-03-28T12:00:00Z 149 202 111 59 60
2014-03-28T11:00:00Z 193 190 136 95 72
2014-03-28T10:00:00Z 204 166 214 146 70
2014-03-28T09:00:00Z 210 145 233 160 199
2014-03-28T08:00:00Z 216 161 228 156 167
2014-03-31T02:00:00Z 128 114 158 28 73
2014-03-31T01:00:00Z 131 127 168 18 91
2014-03-31T00:00:00Z 133 103 129 16 138
2014-03-30T23:00:00Z 129 93 148 14 130
2014-03-30T22:00:00Z 84 89 109 19 62
2014-03-30T21:00:00Z 25 62 101 25 101
2014-03-31T01:00:00Z 131 127 168 18 91
2014-03-31T00:00:00Z 133 103 129 16 138
2014-03-30T23:00:00Z 129 93 148 14 130
2014-03-30T22:00:00Z 84 89 109 19 62
2014-03-30T21:00:00Z 25 62 101 25 101
2014-03-30T20:00:00Z 22 55 109 24 88
2014-03-31T00:00:00Z 133 103 129 16 138
2014-03-30T23:00:00Z 129 93 148 14 130
2014-03-30T22:00:00Z 84 89 109 19 62
2014-03-30T21:00:00Z 25 62 101 25 101
2014-03-30T20:00:00Z 22 55 109 24 88
2014-03-30T19:00:00Z 19 54 187 11 86
2014-03-30T23:00:00Z 129 93 148 14 130
2014-03-30T22:00:00Z 84 89 109 19 62
2014-03-30T21:00:00Z 25 62 101 25 101
2014-03-30T20:00:00Z 22 55 109 24 88
2014-03-30T19:00:00Z 19 54 187 11 86
2014-03-30T18:00:00Z 18 51 54 15 97
2014-03-30T22:00:00Z 84 89 109 19 62
2014-03-30T21:00:00Z 25 62 101 25 101
2014-03-30T20:00:00Z 22 55 109 24 88
2014-03-30T19:00:00Z 19 54 187 11 86
2014-03-30T18:00:00Z 18 51 54 15 97
2014-03-30T17:00:00Z 12 29 35 14 59
2014-03-30T21:00:00Z 25 62 101 25 101
2014-03-30T20:00:00Z 22 55 109 24 88
2014-03-30T19:00:00Z 19 54 187 11 86
2014-03-30T18:00:00Z 18 51 54 15 97
2014-03-30T17:00:00Z 12 29 35 14 59
2014-03-30T16:00:00Z 19 15 29 13 48
2014-04-17T21:00:00Z 115 113 91 56 92
2014-04-17T20:00:00Z 99 129 92 48 69
2014-04-17T19:00:00Z 98 121 106 42 63
2014-04-17T18:00:00Z 117 89 103 42 57
2014-04-17T17:00:00Z 98 87 97 48 59
2014-04-17T16:00:00Z 100 90 74 46 67
2014-04-17T20:00:00Z 99 129 92 48 69
2014-04-17T19:00:00Z 98 121 106 42 63
2014-04-17T18:00:00Z 117 89 103 42 57
2014-04-17T17:00:00Z 98 87 97 48 59
2014-04-17T16:00:00Z 100 90 74 46 67
2014-04-17T15:00:00Z 106 74 87 50 67
2014-04-17T19:00:00Z 98 121 106 42 63
2014-04-17T18:00:00Z 117 89 103 42 57
2014-04-17T17:00:00Z 98 87 97 48 59
2014-04-17T16:00:00Z 100 90 74 46 67
2014-04-17T15:00:00Z 106 74 87 50 67
2014-04-17T14:00:00Z 112 76 69 47 62
2014-04-17T18:00:00Z 117 89 103 42 57
2014-04-17T17:00:00Z 98 87 97 48 59
2014-04-17T16:00:00Z 100 90 74 46 67
2014-04-17T15:00:00Z 106 74 87 50 67
2014-04-17T14:00:00Z 112 76 69 47 62
2014-04-17T13:00:00Z 135 84 74 43 57
2014-04-17T17:00:00Z 98 87 97 48 59
2014-04-17T16:00:00Z 100 90 74 46 67
2014-04-17T15:00:00Z 106 74 87 50 67
2014-04-17T14:00:00Z 112 76 69 47 62
2014-04-17T13:00:00Z 135 84 74 43 57
2014-04-17T12:00:00Z 131 87 60 42 83
2014-04-17T16:00:00Z 100 90 74 46 67
2014-04-17T15:00:00Z 106 74 87 50 67
2014-04-17T14:00:00Z 112 76 69 47 62
2014-04-17T13:00:00Z 135 84 74 43 57
2014-04-17T12:00:00Z 131 87 60 42 83
2014-04-17T11:00:00Z 108 86 65 46 75
2014-04-23T07:00:00Z 152 128 156 53 -1
2014-04-23T06:00:00Z 145 124 164 48 120
2014-04-23T05:00:00Z 141 102 139 49 96
2014-04-23T04:00:00Z 86 108 161 45 98
2014-04-23T03:00:00Z 81 106 129 38 100
2014-04-23T02:00:00Z 67 79 128 40 96
2014-04-23T06:00:00Z 145 124 164 48 120
2014-04-23T05:00:00Z 141 102 139 49 96
2014-04-23T04:00:00Z 86 108 161 45 98
2014-04-23T03:00:00Z 81 106 129 38 100
2014-04-23T02:00:00Z 67 79 128 40 96
2014-04-23T01:00:00Z 67 87 118 41 91
2014-04-23T05:00:00Z 141 102 139 49 96
2014-04-23T04:00:00Z 86 108 161 45 98
2014-04-23T03:00:00Z 81 106 129 38 100
2014-04-23T02:00:00Z 67 79 128 40 96
2014-04-23T01:00:00Z 67 87 118 41 91
2014-04-23T00:00:00Z 64 80 105 41 78
2014-04-23T04:00:00Z 86 108 161 45 98
2014-04-23T03:00:00Z 81 106 129 38 100
2014-04-23T02:00:00Z 67 79 128 40 96
2014-04-23T01:00:00Z 67 87 118 41 91
2014-04-23T00:00:00Z 64 80 105 41 78
2014-04-22T23:00:00Z 63 74 91 41 85
2014-04-23T03:00:00Z 81 106 129 38 100
2014-04-23T02:00:00Z 67 79 128 40 96
2014-04-23T01:00:00Z 67 87 118 41 91
2014-04-23T00:00:00Z 64 80 105 41 78
2014-04-22T23:00:00Z 63 74 91 41 85
2014-04-22T22:00:00Z 64 64 120 32 81
2014-04-23T02:00:00Z 67 79 128 40 96
2014-04-23T01:00:00Z 67 87 118 41 91
2014-04-23T00:00:00Z 64 80 105 41 78
2014-04-22T23:00:00Z 63 74 91 41 85
2014-04-22T22:00:00Z 64 64 120 32 81
2014-04-22T21:00:00Z 57 44 83 28 76
2014-05-01T02:00:00Z 113 111 138 69 95
2014-05-01T01:00:00Z 81 110 112 88 87
2014-05-01T00:00:00Z -1 -1 -1 -1 -1
2014-04-30T23:00:00Z 99 102 136 93 77
2014-04-30T22:00:00Z 99 89 130 79 82
2014-04-30T21:00:00Z 69 77 105 70 69
2014-05-01T01:00:00Z 81 110 112 88 87
2014-05-01T00:00:00Z -1 -1 -1 -1 -1
2014-04-30T23:00:00Z 99 102 136 93 77
2014-04-30T22:00:00Z 99 89 130 79 82
2014-04-30T21:00:00Z 69 77 105 70 69
2014-04-30T20:00:00Z 64 75 95 68 72
2014-05-01T00:00:00Z -1 -1 -1 -1 -1
2014-04-30T23:00:00Z 99 102 136 93 77
2014-04-30T22:00:00Z 99 89 130 79 82
2014-04-30T21:00:00Z 69 77 105 70 69
2014-04-30T20:00:00Z 64 75 95 68 72
2014-04-30T19:00:00Z 70 69 81 60 78
2014-04-30T23:00:00Z 99 102 136 93 77
2014-04-30T22:00:00Z 99 89 130 79 82
2014-04-30T21:00:00Z 69 77 105 70 69
2014-04-30T20:00:00Z 64 75 95 68 72
2014-04-30T19:00:00Z 70 69 81 60 78
2014-04-30T18:00:00Z 99 79 113 41 71
2014-04-30T22:00:00Z 99 89 130 79 82
2014-04-30T21:00:00Z 69 77 105 70 69
2014-04-30T20:00:00Z 64 75 95 68 72
2014-04-30T19:00:00Z 70 69 81 60 78
2014-04-30T18:00:00Z 99 79 113 41 71
2014-04-30T17:00:00Z 63 65 102 36 79
2014-04-30T21:00:00Z 69 77 105 70 69
2014-04-30T20:00:00Z 64 75 95 68 72
2014-04-30T19:00:00Z 70 69 81 60 78
2014-04-30T18:00:00Z 99 79 113 41 71
2014-04-30T17:00:00Z 63 65 102 36 79
2014-04-30T16:00:00Z -1 -1 -1 -1 -1
2014-05-15T13:00:00Z 54 80 30 7 -1
2014-05-15T12:00:00Z 54 61 20 10 -1
2014-05-15T11:00:00Z 63 36 16 20 -1
2014-05-15T10:00:00Z 70 21 28 19 -1
2014-05-15T09:00:00Z 68 35 29 21 -1
2014-05-15T08:00:00Z 77 57 24 24 57
2014-05-15T12:00:00Z 54 61 20 10 -1
2014-05-15T11:00:00Z 63 36 16 20 -1
2014-05-15T10:00:00Z 70 21 28 19 -1
2014-05-15T09:00:00Z 68 35 29 21 -1
2014-05-15T08:00:00Z 77 57 24 24 57
2014-05-15T07:00:00Z 84 72 30 18 58
2014-05-15T11:00:00Z 63 36 16 20 -1
2014-05-15T10:00:00Z 70 21 28 19 -1
2014-05-15T09:00:00Z 68 35 29 21 -1
2014-05-15T08:00:00Z 77 57 24 24 57
2014-05-15T07:00:00Z 84 72 30 18 58
2014-05-15T06:00:00Z 63 74 36 21 54
2014-05-15T10:00:00Z 70 21 28 19 -1
2014-05-15T09:00:00Z 68 35 29 21 -1
2014-05-15T08:00:00Z 77 57 24 24 57
2014-05-15T07:00:00Z 84 72 30 18 58
2014-05-15T06:00:00Z 63 74 36 21 54
2014-05-15T05:00:00Z 50 78 47 20 38
2014-05-15T09:00:00Z 68 35 29 21 -1
2014-05-15T08:00:00Z 77 57 24 24 57
2014-05-15T07:00:00Z 84 72 30 18 58
2014-05-15T06:00:00Z 63 74 36 21 54
2014-05-15T05:00:00Z 50 78 47 20 38
2014-05-15T04:00:00Z 35 66 54 21 32
2014-05-15T08:00:00Z 77 57 24 24 57
2014-05-15T07:00:00Z 84 72 30 18 58
2014-05-15T06:00:00Z 63 74 36 21 54
2014-05-15T05:00:00Z 50 78 47 20 38
2014-05-15T04:00:00Z 35 66 54 21 32
2014-05-15T03:00:00Z 30 55 47 18 27
2014-05-18T17:00:00Z 110 151 157 35 65
2014-05-18T16:00:00Z 100 150 166 29 60
2014-05-18T15:00:00Z 67 116 172 34 51
2014-05-18T14:00:00Z 69 106 126 30 42
2014-05-18T13:00:00Z 86 96 97 29 41
2014-05-18T12:00:00Z -1 -1 -1 -1 -1
2014-05-18T16:00:00Z 100 150 166 29 60
2014-05-18T15:00:00Z 67 116 172 34 51
2014-05-18T14:00:00Z 69 106 126 30 42
2014-05-18T13:00:00Z 86 96 97 29 41
2014-05-18T12:00:00Z -1 -1 -1 -1 -1
2014-05-18T11:00:00Z 69 109 97 35 37
2014-05-18T15:00:00Z 67 116 172 34 51
2014-05-18T14:00:00Z 69 106 126 30 42
2014-05-18T13:00:00Z 86 96 97 29 41
2014-05-18T12:00:00Z -1 -1 -1 -1 -1
2014-05-18T11:00:00Z 69 109 97 35 37
2014-05-18T10:00:00Z 77 110 160 45 41
2014-05-18T14:00:00Z 69 106 126 30 42
2014-05-18T13:00:00Z 86 96 97 29 41
2014-05-18T12:00:00Z -1 -1 -1 -1 -1
2014-05-18T11:00:00Z 69 109 97 35 37
2014-05-18T10:00:00Z 77 110 160 45 41
2014-05-18T09:00:00Z 78 126 133 47 42
2014-05-18T13:00:00Z 86 96 97 29 41
2014-05-18T12:00:00Z -1 -1 -1 -1 -1
2014-05-18T11:00:00Z 69 109 97 35 37
2014-05-18T10:00:00Z 77 110 160 45 41
2014-05-18T09:00:00Z 78 126 133 47 42
2014-05-18T08:00:00Z 70 109 152 41 45
2014-05-18T12:00:00Z -1 -1 -1 -1 -1
2014-05-18T11:00:00Z 69 109 97 35 37
2014-05-18T10:00:00Z 77 110 160 45 41
2014-05-18T09:00:00Z 78 126 133 47 42
2014-05-18T08:00:00Z 70 109 152 41 45
2014-05-18T07:00:00Z 92 102 115 22 52
2014-05-21T14:00:00Z 119 138 120 35 54
2014-05-21T13:00:00Z 149 114 93 49 56
2014-05-21T12:00:00Z -1 -1 -1 -1 -1
2014-05-21T11:00:00Z 158 137 99 43 80
2014-05-21T10:00:00Z 129 177 131 37 73
2014-05-21T09:00:00Z 128 168 141 26 90
2014-05-21T13:00:00Z 149 114 93 49 56
2014-05-21T12:00:00Z -1 -1 -1 -1 -1
2014-05-21T11:00:00Z 158 137 99 43 80
2014-05-21T10:00:00Z 129 177 131 37 73
2014-05-21T09:00:00Z 128 168 141 26 90
2014-05-21T08:00:00Z 123 162 159 13 106
2014-05-21T12:00:00Z -1 -1 -1 -1 -1
2014-05-21T11:00:00Z 158 137 99 43 80
2014-05-21T10:00:00Z 129 177 131 37 73
2014-05-21T09:00:00Z 128 168 141 26 90
2014-05-21T08:00:00Z 123 162 159 13 106
2014-05-21T07:00:00Z 88 149 143 19 86
2014-05-21T11:00:00Z 158 137 99 43 80
2014-05-21T10:00:00Z 129 177 131 37 73
2014-05-21T09:00:00Z 128 168 141 26 90
2014-05-21T08:00:00Z 123 162 159 13 106
2014-05-21T07:00:00Z 88 149 143 19 86
2014-05-21T06:00:00Z 103 126 160 32 79
2014-05-21T10:00:00Z 129 177 131 37 73
2014-05-21T09:00:00Z 128 168 141 26 90
2014-05-21T08:00:00Z 123 162 159 13 106
2014-05-21T07:00:00Z 88 149 143 19 86
2014-05-21T06:00:00Z 103 126 160 32 79
2014-05-21T05:00:00Z 108 111 141 35 73
2014-05-21T09:00:00Z 128 168 141 26 90
2014-05-21T08:00:00Z 123 162 159 13 106
2014-05-21T07:00:00Z 88 149 143 19 86
2014-05-21T06:00:00Z 103 126 160 32 79
2014-05-21T05:00:00Z 108 111 141 35 73
2014-05-21T04:00:00Z 107 95 197 36 69
2014-05-25T04:00:00Z 110 -1 117 30 19
2014-05-25T03:00:00Z 110 -1 118 27 18
2014-05-25T02:00:00Z 106 -1 149 26 18
2014-05-25T01:00:00Z 96 -1 166 25 19
2014-05-25T00:00:00Z 90 -1 141 19 17
2014-05-24T23:00:00Z 97 -1 171 22 19
2014-05-25T03:00:00Z 110 -1 118 27 18
2014-05-25T02:00:00Z 106 -1 149 26 18
2014-05-25T01:00:00Z 96 -1 166 25 19
2014-05-25T00:00:00Z 90 -1 141 19 17
2014-05-24T23:00:00Z 97 -1 171 22 19
2014-05-24T22:00:00Z 87 -1 146 21 21
2014-05-25T02:00:00Z 106 -1 149 26 18
2014-05-25T01:00:00Z 96 -1 166 25 19
2014-05-25T00:00:00Z 90 -1 141 19 17
2014-05-24T23:00:00Z 97 -1 171 22 19
2014-05-24T22:00:00Z 87 -1 146 21 21
2014-05-24T21:00:00Z 108 -1 120 14 -1
2014-05-25T01:00:00Z 96 -1 166 25 19
2014-05-25T00:00:00Z 90 -1 141 19 17
2014-05-24T23:00:00Z 97 -1 171 22 19
2014-05-24T22:00:00Z 87 -1 146 21 21
2014-05-24T21:00:00Z 108 -1 120 14 -1
2014-05-24T20:00:00Z 84 81 100 15 18
2014-05-25T00:00:00Z 90 -1 141 19 17
2014-05-24T23:00:00Z 97 -1 171 22 19
2014-05-24T22:00:00Z 87 -1 146 21 21
2014-05-24T21:00:00Z 108 -1 120 14 -1
2014-05-24T20:00:00Z 84 81 100 15 18
2014-05-24T19:00:00Z 104 61 120 24 21
2014-05-24T23:00:00Z 97 -1 171 22 19
2014-05-24T22:00:00Z 87 -1 146 21 21
2014-05-24T21:00:00Z 108 -1 120 14 -1
2014-05-24T20:00:00Z 84 81 100 15 18
2014-05-24T19:00:00Z 104 61 120 24 21
2014-05-24T18:00:00Z 108 57 110 24 24
2014-06-16T21:00:00Z 86 89 122 145 151
2014-06-16T20:00:00Z 87 67 108 172 146
2014-06-16T19:00:00Z 72 72 99 172 121
2014-06-16T18:00:00Z 81 48 -1 148 144
2014-06-16T17:00:00Z 72 58 148 122 150
2014-06-16T16:00:00Z 90 89 143 104 170
2014-06-16T20:00:00Z 87 67 108 172 146
2014-06-16T19:00:00Z 72 72 99 172 121
2014-06-16T18:00:00Z 81 48 -1 148 144
2014-06-16T17:00:00Z 72 58 148 122 150
2014-06-16T16:00:00Z 90 89 143 104 170
2014-06-16T15:00:00Z 94 88 177 88 155
2014-06-16T19:00:00Z 72 72 99 172 121
2014-06-16T18:00:00Z 81 48 -1 148 144
2014-06-16T17:00:00Z 72 58 148 122 150
2014-06-16T16:00:00Z 90 89 143 104 170
2014-06-16T15:00:00Z 94 88 177 88 155
2014-06-16T14:00:00Z 125 88 168 80 130
2014-06-16T18:00:00Z 81 48 -1 148 144
2014-06-16T17:00:00Z 72 58 148 122 150
2014-06-16T16:00:00Z 90 89 143 104 170
2014-06-16T15:00:00Z 94 88 177 88 155
2014-06-16T14:00:00Z 125 88 168 80 130
2014-06-16T13:00:00Z 121 118 175 61 174
2014-06-16T17:00:00Z 72 58 148 122 150
2014-06-16T16:00:00Z 90 89 143 104 170
2014-06-16T15:00:00Z 94 88 177 88 155
2014-06-16T14:00:00Z 125 88 168 80 130
2014-06-16T13:00:00Z 121 118 175 61 174
2014-06-16T12:00:00Z -1 -1 -1 -1 -1
2014-07-28T01:00:00Z 79 106 115 106 56
2014-07-28T00:00:00Z 75 99 93 114 54
2014-07-27T23:00:00Z 67 104 79 104 49
2014-07-27T22:00:00Z 72 93 74 107 52
2014-07-27T21:00:00Z 66 100 73 88 57
2014-07-27T20:00:00Z 64 93 75 68 62
2014-07-28T00:00:00Z 75 99 93 114 54
2014-07-27T23:00:00Z 67 104 79 104 49
2014-07-27T22:00:00Z 72 93 74 107 52
2014-07-27T21:00:00Z 66 100 73 88 57
2014-07-27T20:00:00Z 64 93 75 68 62
2014-07-27T19:00:00Z 69 84 60 70 60
2014-07-27T23:00:00Z 67 104 79 104 49
2014-07-27T22:00:00Z 72 93 74 107 52
2014-07-27T21:00:00Z 66 100 73 88 57
2014-07-27T20:00:00Z 64 93 75 68 62
2014-07-27T19:00:00Z 69 84 60 70 60
2014-07-27T18:00:00Z 86 94 66 74 58
2014-07-27T22:00:00Z 72 93 74 107 52
2014-07-27T21:00:00Z 66 100 73 88 57
2014-07-27T20:00:00Z 64 93 75 68 62
2014-07-27T19:00:00Z 69 84 60 70 60
2014-07-27T18:00:00Z 86 94 66 74 58
2014-07-27T17:00:00Z 92 97 66 73 63
2014-07-27T21:00:00Z 66 100 73 88 57
2014-07-27T20:00:00Z 64 93 75 68 62
2014-07-27T19:00:00Z 69 84 60 70 60
2014-07-27T18:00:00Z 86 94 66 74 58
2014-07-27T17:00:00Z 92 97 66 73 63
2014-07-27T16:00:00Z 96 87 93 89 68
2014-07-27T20:00:00Z 64 93 75 68 62
2014-07-27T19:00:00Z 69 84 60 70 60
2014-07-27T18:00:00Z 86 94 66 74 58
2014-07-27T17:00:00Z 92 97 66 73 63
2014-07-27T16:00:00Z 96 87 93 89 68
2014-07-27T15:00:00Z 95 97 119 88 67
2014-07-30T08:00:00Z 142 56 112 40 22
2014-07-30T07:00:00Z 146 60 114 19 20
2014-07-30T06:00:00Z 112 49 146 20 21
2014-07-30T05:00:00Z 95 61 101 42 18
2014-07-30T04:00:00Z 55 33 121 144 17
2014-07-30T03:00:00Z 47 44 127 132 19
2014-07-30T07:00:00Z 146 60 114 19 20
2014-07-30T06:00:00Z 112 49 146 20 21
2014-07-30T05:00:00Z 95 61 101 42 18
2014-07-30T04:00:00Z 55 33 121 144 17
2014-07-30T03:00:00Z 47 44 127 132 19
2014-07-30T02:00:00Z 39 45 139 162 21
2014-07-30T06:00:00Z 112 49 146 20 21
2014-07-30T05:00:00Z 95 61 101 42 18
2014-07-30T04:00:00Z 55 33 121 144 17
2014-07-30T03:00:00Z 47 44 127 132 19
2014-07-30T02:00:00Z 39 45 139 162 21
2014-07-30T01:00:00Z 89 55 89 129 24
2014-07-30T05:00:00Z 95 61 101 42 18
2014-07-30T04:00:00Z 55 33 121 144 17
2014-07-30T03:00:00Z 47 44 127 132 19
2014-07-30T02:00:00Z 39 45 139 162 21
2014-07-30T01:00:00Z 89 55 89 129 24
2014-07-30T00:00:00Z 91 49 64 142 29
2014-07-30T04:00:00Z 55 33 121 144 17
2014-07-30T03:00:00Z 47 44 127 132 19
2014-07-30T02:00:00Z 39 45 139 162 21
2014-07-30T01:00:00Z 89 55 89 129 24
2014-07-30T00:00:00Z 91 49 64 142 29
2014-07-29T23:00:00Z 102 54 76 155 34
2014-07-30T03:00:00Z 47 44 127 132 19
2014-07-30T02:00:00Z 39 45 139 162 21
2014-07-30T01:00:00Z 89 55 89 129 24
2014-07-30T00:00:00Z 91 49 64 142 29
2014-07-29T23:00:00Z 102 54 76 155 34
2014-07-29T22:00:00Z 126 45 56 167 39
2014-08-20T03:00:00Z 64 70 95 71 61
2014-08-20T02:00:00Z 61 47 88 69 62
2014-08-20T01:00:00Z 51 55 88 70 62
2014-08-20T00:00:00Z 62 49 65 63 80
2014-08-19T23:00:00Z 53 50 51 65 92
2014-08-19T22:00:00Z 55 49 52 80 89
2014-08-20T02:00:00Z 61 47 88 69 62
2014-08-20T01:00:00Z 51 55 88 70 62
2014-08-20T00:00:00Z 62 49 65 63 80
2014-08-19T23:00:00Z 53 50 51 65 92
2014-08-19T22:00:00Z 55 49 52 80 89
2014-08-19T21:00:00Z 57 39 50 59 83
2014-08-20T01:00:00Z 51 55 88 70 62
2014-08-20T00:00:00Z 62 49 65 63 80
2014-08-19T23:00:00Z 53 50 51 65 92
2014-08-19T22:00:00Z 55 49 52 80 89
2014-08-19T21:00:00Z 57 39 50 59 83
2014-08-19T20:00:00Z 63 44 48 63 53
2014-08-20T00:00:00Z 62 49 65 63 80
2014-08-19T23:00:00Z 53 50 51 65 92
2014-08-19T22:00:00Z 55 49 52 80 89
2014-08-19T21:00:00Z 57 39 50 59 83
2014-08-19T20:00:00Z 63 44 48 63 53
2014-08-19T19:00:00Z 56 51 34 47 41
2014-08-19T23:00:00Z 53 50 51 65 92
2014-08-19T22:00:00Z 55 49 52 80 89
2014-08-19T21:00:00Z 57 39 50 59 83
2014-08-19T20:00:00Z 63 44 48 63 53
2014-08-19T19:00:00Z 56 51 34 47 41
2014-08-19T18:00:00Z 57 55 33 48 34
2014-08-19T22:00:00Z 55 49 52 80 89
2014-08-19T21:00:00Z 57 39 50 59 83
2014-08-19T20:00:00Z 63 44 48 63 53
2014-08-19T19:00:00Z 56 51 34 47 41
2014-08-19T18:00:00Z 57 55 33 48 34
2014-08-19T17:00:00Z 52 55 25 43 31
2014-08-21T01:00:00Z 114 93 115 18 103
2014-08-21T00:00:00Z 105 82 113 24 92
2014-08-20T23:00:00Z 116 56 84 29 56
2014-08-20T22:00:00Z 92 65 65 40 34
2014-08-20T21:00:00Z 81 60 53 89 28
2014-08-20T20:00:00Z 59 70 54 87 33
2014-08-21T00:00:00Z 105 82 113 24 92
2014-08-20T23:00:00Z 116 56 84 29 56
2014-08-20T22:00:00Z 92 65 65 40 34
2014-08-20T21:00:00Z 81 60 53 89 28
2014-08-20T20:00:00Z 59 70 54 87 33
2014-08-20T19:00:00Z -1 -1 -1 -1 -1
2014-08-20T23:00:00Z 116 56 84 29 56
2014-08-20T22:00:00Z 92 65 65 40 34
2014-08-20T21:00:00Z 81 60 53 89 28
2014-08-20T20:00:00Z 59 70 54 87 33
2014-08-20T19:00:00Z -1 -1 -1 -1 -1
2014-08-20T18:00:00Z 74 51 66 76 39
2014-08-20T22:00:00Z 92 65 65 40 34
2014-08-20T21:00:00Z 81 60 53 89 28
2014-08-20T20:00:00Z 59 70 54 87 33
2014-08-20T19:00:00Z -1 -1 -1 -1 -1
2014-08-20T18:00:00Z 74 51 66 76 39
2014-08-20T17:00:00Z 90 59 78 89 34
2014-08-20T21:00:00Z 81 60 53 89 28
2014-08-20T20:00:00Z 59 70 54 87 33
2014-08-20T19:00:00Z -1 -1 -1 -1 -1
2014-08-20T18:00:00Z 74 51 66 76 39
2014-08-20T17:00:00Z 90 59 78 89 34
2014-08-20T16:00:00Z 80 69 75 65 31
2014-08-20T20:00:00Z 59 70 54 87 33
2014-08-20T19:00:00Z -1 -1 -1 -1 -1
2014-08-20T18:00:00Z 74 51 66 76 39
2014-08-20T17:00:00Z 90 59 78 89 34
2014-08-20T16:00:00Z 80 69 75 65 31
2014-08-20T15:00:00Z 85 96 107 66 27
2014-08-30T02:00:00Z 83 73 65 52 29
2014-08-30T01:00:00Z 95 67 63 57 32
2014-08-30T00:00:00Z 94 58 71 58 33
2014-08-29T23:00:00Z 90 70 79 55 30
2014-08-29T22:00:00Z 86 80 69 46 25
2014-08-29T21:00:00Z 83 64 77 45 23
2014-08-30T01:00:00Z 95 67 63 57 32
2014-08-30T00:00:00Z 94 58 71 58 33
2014-08-29T23:00:00Z 90 70 79 55 30
2014-08-29T22:00:00Z 86 80 69 46 25
2014-08-29T21:00:00Z 83 64 77 45 23
2014-08-29T20:00:00Z 77 54 79 46 22
2014-08-30T00:00:00Z 94 58 71 58 33
2014-08-29T23:00:00Z 90 70 79 55 30
2014-08-29T22:00:00Z 86 80 69 46 25
2014-08-29T21:00:00Z 83 64 77 45 23
2014-08-29T20:00:00Z 77 54 79 46 22
2014-08-29T19:00:00Z 69 64 119 50 21
2014-08-29T23:00:00Z 90 70 79 55 30
2014-08-29T22:00:00Z 86 80 69 46 25
2014-08-29T21:00:00Z 83 64 77 45 23
2014-08-29T20:00:00Z 77 54 79 46 22
2014-08-29T19:00:00Z 69 64 119 50 21
2014-08-29T18:00:00Z 73 57 99 49 20
2014-08-29T22:00:00Z 86 80 69 46 25
2014-08-29T21:00:00Z 83 64 77 45 23
2014-08-29T20:00:00Z 77 54 79 46 22
2014-08-29T19:00:00Z 69 64 119 50 21
2014-08-29T18:00:00Z 73 57 99 49 20
2014-08-29T17:00:00Z 73 52 89 57 16
2014-08-29T21:00:00Z 83 64 77 45 23
2014-08-29T20:00:00Z 77 54 79 46 22
2014-08-29T19:00:00Z 69 64 119 50 21
2014-08-29T18:00:00Z 73 57 99 49 20
2014-08-29T17:00:00Z 73 52 89 57 16
2014-08-29T16:00:00Z 74 57 95 76 15
2014-09-01T09:00:00Z 96 112 108 64 -1
2014-09-01T08:00:00Z 92 100 95 71 -1
2014-09-01T07:00:00Z 88 81 99 52 -1
2014-09-01T06:00:00Z 86 104 100 59 -1
2014-09-01T05:00:00Z 79 104 93 67 -1
2014-09-01T04:00:00Z 85 113 86 81 -1
2014-09-01T08:00:00Z 92 100 95 71 -1
2014-09-01T07:00:00Z 88 81 99 52 -1
2014-09-01T06:00:00Z 86 104 100 59 -1
2014-09-01T05:00:00Z 79 104 93 67 -1
2014-09-01T04:00:00Z 85 113 86 81 -1
2014-09-01T03:00:00Z 81 91 80 73 -1
2014-09-01T07:00:00Z 88 81 99 52 -1
2014-09-01T06:00:00Z 86 104 100 59 -1
2014-09-01T05:00:00Z 79 104 93 67 -1
2014-09-01T04:00:00Z 85 113 86 81 -1
2014-09-01T03:00:00Z 81 91 80 73 -1
2014-09-01T02:00:00Z 79 90 71 66 -1
2014-09-01T06:00:00Z 86 104 100 59 -1
2014-09-01T05:00:00Z 79 104 93 67 -1
2014-09-01T04:00:00Z 85 113 86 81 -1
2014-09-01T03:00:00Z 81 91 80 73 -1
2014-09-01T02:00:00Z 79 90 71 66 -1
2014-09-01T01:00:00Z 80 92 80 61 -1
2014-09-01T05:00:00Z 79 104 93 67 -1
2014-09-01T04:00:00Z 85 113 86 81 -1
2014-09-01T03:00:00Z 81 91 80 73 -1
2014-09-01T02:00:00Z 79 90 71 66 -1
2014-09-01T01:00:00Z 80 92 80 61 -1
2014-09-01T00:00:00Z -1 -1 -1 -1 -1
2014-09-01T04:00:00Z 85 113 86 81 -1
2014-09-01T03:00:00Z 81 91 80 73 -1
2014-09-01T02:00:00Z 79 90 71 66 -1
2014-09-01T01:00:00Z 80 92 80 61 -1
2014-09-01T00:00:00Z -1 -1 -1 -1 -1
2014-08-31T23:00:00Z 77 86 77 64 -1
2014-09-05T20:00:00Z 103 44 51 72 18
2014-09-05T19:00:00Z 97 49 71 64 14
2014-09-05T18:00:00Z 99 35 87 63 -1
2014-09-05T17:00:00Z 86 47 116 61 10
2014-09-05T16:00:00Z 88 51 96 50 9
2014-09-05T15:00:00Z 73 76 81 59 9
2014-09-05T19:00:00Z 97 49 71 64 14
2014-09-05T18:00:00Z 99 35 87 63 -1
2014-09-05T17:00:00Z 86 47 116 61 10
2014-09-05T16:00:00Z 88 51 96 50 9
2014-09-05T15:00:00Z 73 76 81 59 9
2014-09-05T14:00:00Z 73 78 55 53 9
2014-09-05T18:00:00Z 99 35 87 63 -1
2014-09-05T17:00:00Z 86 47 116 61 10
2014-09-05T16:00:00Z 88 51 96 50 9
2014-09-05T15:00:00Z 73 76 81 59 9
2014-09-05T14:00:00Z 73 78 55 53 9
2014-09-05T13:00:00Z 79 87 42 44 9
2014-09-05T17:00:00Z 86 47 116 61 10
2014-09-05T16:00:00Z 88 51 96 50 9
2014-09-05T15:00:00Z 73 76 81 59 9
2014-09-05T14:00:00Z 73 78 55 53 9
2014-09-05T13:00:00Z 79 87 42 44 9
2014-09-05T12:00:00Z -1 -1 -1 -1 -1
2014-09-05T16:00:00Z 88 51 96 50 9
2014-09-05T15:00:00Z 73 76 81 59 9
2014-09-05T14:00:00Z 73 78 55 53 9
2014-09-05T13:00:00Z 79 87 42 44 9
2014-09-05T12:00:00Z -1 -1 -1 -1 -1
2014-09-05T11:00:00Z 85 111 50 -1 11
2014-09-05T15:00:00Z 73 76 81 59 9
2014-09-05T14:00:00Z 73 78 55 53 9
2014-09-05T13:00:00Z 79 87 42 44 9
2014-09-05T12:00:00Z -1 -1 -1 -1 -1
2014-09-05T11:00:00Z 85 111 50 -1 11
2014-09-05T10:00:00Z 92 110 37 -1 3
2014-09-25T08:00:00Z 64 86 167 11 26
2014-09-25T07:00:00Z 57 89 151 7 27
2014-09-25T06:00:00Z -1 -1 -1 -1 -1
2014-09-25T05:00:00Z 44 76 135 21 29
2014-09-25T04:00:00Z 51 70 132 12 34
2014-09-25T03:00:00Z 45 96 110 12 40
2014-09-25T07:00:00Z 57 89 151 7 27
2014-09-25T06:00:00Z -1 -1 -1 -1 -1
2014-09-25T05:00:00Z 44 76 135 21 29
2014-09-25T04:00:00Z 51 70 132 12 34
2014-09-25T03:00:00Z 45 96 110 12 40
2014-09-25T02:00:00Z 59 76 107 15 47
2014-09-25T06:00:00Z -1 -1 -1 -1 -1
2014-09-25T05:00:00Z 44 76 135 21 29
2014-09-25T04:00:00Z 51 70 132 12 34
2014-09-25T03:00:00Z 45 96 110 12 40
2014-09-25T02:00:00Z 59 76 107 15 47
2014-09-25T01:00:00Z 62 83 107 17 51
2014-09-25T05:00:00Z 44 76 135 21 29
2014-09-25T04:00:00Z 51 70 132 12 34
2014-09-25T03:00:00Z 45 96 110 12 40
2014-09-25T02:00:00Z 59 76 107 15 47
2014-09-25T01:00:00Z 62 83 107 17 51
2014-09-25T00:00:00Z 61 92 109 21 57
2014-09-25T04:00:00Z 51 70 132 12 34
2014-09-25T03:00:00Z 45 96 110 12 40
2014-09-25T02:00:00Z 59 76 107 15 47
2014-09-25T01:00:00Z 62 83 107 17 51
2014-09-25T00:00:00Z 61 92 109 21 57
2014-09-24T23:00:00Z 56 107 112 21 51
2014-09-25T03:00:00Z 45 96 110 12 40
2014-09-25T02:00:00Z 59 76 107 15 47
2014-09-25T01:00:00Z 62 83 107 17 51
2014-09-25T00:00:00Z 61 92 109 21 57
2014-09-24T23:00:00Z 56 107 112 21 51
2014-09-24T22:00:00Z 85 91 100 16 38
2014-10-07T13:00:00Z 135 223 212 36 92
2014-10-07T12:00:00Z 139 189 164 30 82
2014-10-07T11:00:00Z 152 197 185 19 51
2014-10-07T10:00:00Z 143 194 221 31 51
2014-10-07T09:00:00Z 122 176 241 27 52
2014-10-07T08:00:00Z 118 155 179 22 57
2014-10-07T12:00:00Z 139 189 164 30 82
2014-10-07T11:00:00Z 152 197 185 19 51
2014-10-07T10:00:00Z 143 194 221 31 51
2014-10-07T09:00:00Z 122 176 241 27 52
2014-10-07T08:00:00Z 118 155 179 22 57
2014-10-07T07:00:00Z 123 128 98 21 52
2014-10-07T11:00:00Z 152 197 185 19 51
2014-10-07T10:00:00Z 143 194 221 31 51
2014-10-07T09:00:00Z 122 176 241 27 52
2014-10-07T08:00:00Z 118 155 179 22 57
2014-10-07T07:00:00Z 123 128 98 21 52
2014-10-07T06:00:00Z 111 131 81 22 49
2014-10-07T10:00:00Z 143 194 221 31 51
2014-10-07T09:00:00Z 122 176 241 27 52
2014-10-07T08:00:00Z 118 155 179 22 57
2014-10-07T07:00:00Z 123 128 98 21 52
2014-10-07T06:00:00Z 111 131 81 22 49
2014-10-07T05:00:00Z 108 147 97 21 48
2014-10-17T14:00:00Z 133 82 88 53 74
2014-10-17T13:00:00Z 140 92 152 58 86
2014-10-17T12:00:00Z 139 90 75 51 88
2014-10-17T11:00:00Z 139 97 72 50 88
2014-10-17T10:00:00Z 134 85 99 60 77
2014-10-17T09:00:00Z 116 108 70 64 65
2014-10-17T13:00:00Z 140 92 152 58 86
2014-10-17T12:00:00Z 139 90 75 51 88
2014-10-17T11:00:00Z 139 97 72 50 88
2014-10-17T10:00:00Z 134 85 99 60 77
2014-10-17T09:00:00Z 116 108 70 64 65
2014-10-17T08:00:00Z 97 113 90 45 60
2014-10-17T12:00:00Z 139 90 75 51 88
2014-10-17T11:00:00Z 139 97 72 50 88
2014-10-17T10:00:00Z 134 85 99 60 77
2014-10-17T09:00:00Z 116 108 70 64 65
2014-10-17T08:00:00Z 97 113 90 45 60
2014-10-17T07:00:00Z 95 99 96 48 56
2014-10-17T11:00:00Z 139 97 72 50 88
2014-10-17T10:00:00Z 134 85 99 60 77
2014-10-17T09:00:00Z 116 108 70 64 65
2014-10-17T08:00:00Z 97 113 90 45 60
2014-10-17T07:00:00Z 95 99 96 48 56
2014-10-17T06:00:00Z 95 120 77 48 54
2014-10-17T10:00:00Z 134 85 99 60 77
2014-10-17T09:00:00Z 116 108 70 64 65
2014-10-17T08:00:00Z 97 113 90 45 60
2014-10-17T07:00:00Z 95 99 96 48 56
2014-10-17T06:00:00Z 95 120 77 48 54
2014-10-17T05:00:00Z 92 106 108 36 52
2014-10-17T09:00:00Z 116 108 70 64 65
2014-10-17T08:00:00Z 97 113 90 45 60
2014-10-17T07:00:00Z 95 99 96 48 56
2014-10-17T06:00:00Z 95 120 77 48 54
2014-10-17T05:00:00Z 92 106 108 36 52
2014-10-17T04:00:00Z 112 129 95 34 47
2014-10-18T08:00:00Z 184 155 62 63 95
2014-10-18T07:00:00Z 202 127 53 57 100
2014-10-18T06:00:00Z -1 -1 -1 -1 98
2014-10-18T05:00:00Z 227 172 52 64 108
2014-10-18T04:00:00Z 245 150 55 60 120
2014-10-18T03:00:00Z 235 155 85 62 137
2014-10-18T07:00:00Z 202 127 53 57 100
2014-10-18T06:00:00Z -1 -1 -1 -1 98
2014-10-18T05:00:00Z 227 172 52 64 108
2014-10-18T04:00:00Z 245 150 55 60 120
2014-10-18T03:00:00Z 235 155 85 62 137
2014-10-18T02:00:00Z 228 147 75 56 145
2014-10-18T06:00:00Z -1 -1 -1 -1 98
2014-10-18T05:00:00Z 227 172 52 64 108
2014-10-18T04:00:00Z 245 150 55 60 120
2014-10-18T03:00:00Z 235 155 85 62 137
2014-10-18T02:00:00Z 228 147 75 56 145
2014-10-18T01:00:00Z 234 167 68 56 146
2014-10-18T05:00:00Z 227 172 52 64 108
2014-10-18T04:00:00Z 245 150 55 60 120
2014-10-18T03:00:00Z 235 155 85 62 137
2014-10-18T02:00:00Z 228 147 75 56 145
2014-10-18T01:00:00Z 234 167 68 56 146
2014-10-18T00:00:00Z 234 171 86 61 147
2014-10-29T15:00:00Z 114 108 160 75 99
2014-10-29T14:00:00Z 116 110 151 69 96
2014-10-29T13:00:00Z 119 110 160 76 63
2014-10-29T12:00:00Z -1 -1 -1 -1 -1
2014-10-29T11:00:00Z 307 108 159 78 94
2014-10-29T10:00:00Z 172 110 252 82 109
2014-10-29T14:00:00Z 116 110 151 69 96
2014-10-29T13:00:00Z 119 110 160 76 63
2014-10-29T12:00:00Z -1 -1 -1 -1 -1
2014-10-29T11:00:00Z 307 108 159 78 94
2014-10-29T10:00:00Z 172 110 252 82 109
2014-10-29T09:00:00Z 134 103 201 85 84
2014-10-29T13:00:00Z 119 110 160 76 63
2014-10-29T12:00:00Z -1 -1 -1 -1 -1
2014-10-29T11:00:00Z 307 108 159 78 94
2014-10-29T10:00:00Z 172 110 252 82 109
2014-10-29T09:00:00Z 134 103 201 85 84
2014-10-29T08:00:00Z 116 117 132 81 95
2014-10-29T12:00:00Z -1 -1 -1 -1 -1
2014-10-29T11:00:00Z 307 108 159 78 94
2014-10-29T10:00:00Z 172 110 252 82 109
2014-10-29T09:00:00Z 134 103 201 85 84
2014-10-29T08:00:00Z 116 117 132 81 95
2014-10-29T07:00:00Z 97 130 128 77 91
2014-10-29T11:00:00Z 307 108 159 78 94
2014-10-29T10:00:00Z 172 110 252 82 109
2014-10-29T09:00:00Z 134 103 201 85 84
2014-10-29T08:00:00Z 116 117 132 81 95
2014-10-29T07:00:00Z 97 130 128 77 91
2014-10-29T06:00:00Z -1 -1 -1 -1 -1
2014-10-29T10:00:00Z 172 110 252 82 109
2014-10-29T09:00:00Z 134 103 201 85 84
2014-10-29T08:00:00Z 116 117 132 81 95
2014-10-29T07:00:00Z 97 130 128 77 91
2014-10-29T06:00:00Z -1 -1 -1 -1 -1
2014-10-29T05:00:00Z -1 -1 -1 -1 -1
