2014-05-01T15:00:00Z 108 126 208 69 88
2014-05-01T14:00:00Z 117 151 199 86 90
2014-05-01T13:00:00Z 117 178 215 97 100
2014-05-01T12:00:00Z 131 167 224 96 109
2014-05-01T11:00:00Z 114 162 211 97 161
2014-05-01T10:00:00Z 112 153 198 103 135
2014-08-03T09:00:00Z 123 163 162 81 53
2014-08-03T08:00:00Z 89 171 151 99 63
2014-08-03T07:00:00Z 67 160 155 107 67
2014-08-03T06:00:00Z 81 167 157 101 60
2014-08-03T05:00:00Z 97 147 180 102 53
2014-08-03T04:00:00Z 146 134 179 113 50
2014-03-24T05:00:00Z 240 141 111 137 161
2014-03-24T04:00:00Z 226 136 112 139 177
2014-03-24T03:00:00Z 245 151 95 140 171
2014-03-24T02:00:00Z 245 158 92 136 160
2014-03-24T01:00:00Z 235 164 88 131 156
2014-03-24T00:00:00Z 214 144 88 132 142
2014-07-29T11:00:00Z 100 140 150 136 -1
2014-07-29T10:00:00Z -1 -1 -1 -1 -1
2014-07-29T09:00:00Z 158 160 114 106 -1
2014-07-29T08:00:00Z 166 175 113 116 50
2014-07-29T07:00:00Z 163 149 121 116 47
2014-07-29T06:00:00Z 167 137 114 104 48
2014-07-26T06:00:00Z 74 82 160 40 29
2014-07-26T05:00:00Z 91 100 188 45 27
2014-07-26T04:00:00Z 99 95 172 41 27
2014-07-26T03:00:00Z 107 100 152 49 28
2014-07-26T02:00:00Z 123 95 140 54 31
2014-07-26T01:00:00Z 132 109 148 51 35
2013-12-26T04:00:00Z 14 12 25 1 16
2013-12-26T03:00:00Z 14 33 27 2 23
2013-12-26T02:00:00Z 12 13 23 3 25
2013-12-26T01:00:00Z 14 -1 34 4 25
2013-12-26T00:00:00Z 25 26 45 5 34
2013-12-25T23:00:00Z 19 139 117 5 46
2014-07-30T14:00:00Z 30 136 38 110 21
2014-07-30T13:00:00Z 29 129 75 116 21
2014-07-30T12:00:00Z 43 107 63 100 21
2014-07-30T11:00:00Z 68 89 81 52 25
2014-07-30T10:00:00Z 102 78 85 36 25
2014-07-30T09:00:00Z 117 69 118 23 25
2014-01-13T21:00:00Z 284 242 219 37 60
2014-01-13T20:00:00Z 228 168 179 34 82
2014-01-13T19:00:00Z 183 168 140 26 88
2014-01-13T18:00:00Z -1 -1 -1 -1 -1
2014-01-13T17:00:00Z -1 -1 -1 -1 -1
2014-01-13T16:00:00Z 193 142 120 35 132
2014-08-21T13:00:00Z -1 -1 -1 -1 -1
2014-08-21T12:00:00Z 127 130 90 59 73
2014-08-21T11:00:00Z 127 147 116 42 82
2014-08-21T10:00:00Z 125 135 109 30 95
2014-08-21T09:00:00Z 128 124 106 20 90
2014-08-21T08:00:00Z 129 130 109 32 100
2014-02-16T15:00:00Z 288 237 449 68 48
2014-02-16T14:00:00Z 320 281 448 114 53
2014-02-16T13:00:00Z 348 323 428 213 50
2014-02-16T12:00:00Z 395 330 464 290 53
2014-02-16T11:00:00Z 439 356 479 340 76
2014-02-16T10:00:00Z 417 366 505 311 101
2014-02-23T15:00:00Z 178 193 321 203 147
2014-02-23T14:00:00Z 182 184 304 200 170
2014-02-23T13:00:00Z 183 192 276 197 162
2014-02-23T12:00:00Z 196 196 293 193 155
2014-02-23T11:00:00Z 208 204 287 187 146
2014-02-23T10:00:00Z 212 204 343 177 152
2014-10-10T19:00:00Z 245 217 145 186 111
2014-10-10T18:00:00Z 237 183 154 206 97
2014-10-10T17:00:00Z 218 207 175 214 90
2014-10-10T16:00:00Z 205 246 203 207 101
2014-10-10T15:00:00Z 215 275 288 201 84
2014-10-10T14:00:00Z -1 -1 -1 -1 -1
2014-07-06T04:00:00Z 159 135 223 185 29
2014-07-06T03:00:00Z 152 145 261 179 29
2014-07-06T02:00:00Z 142 167 234 172 25
2014-07-06T01:00:00Z 148 154 205 171 28
2014-07-06T00:00:00Z 160 127 170 152 34
2014-07-05T23:00:00Z 157 118 164 167 40
2014-01-19T03:00:00Z 166 -1 353 65 46
2014-01-19T02:00:00Z 139 -1 410 64 47
2014-01-19T01:00:00Z 132 -1 463 66 54
2014-01-19T00:00:00Z 110 -1 509 63 57
2014-01-18T23:00:00Z 114 -1 580 64 64
2014-01-18T22:00:00Z 127 -1 561 59 61
2014-10-10T10:00:00Z 305 344 300 257 74
2014-10-10T09:00:00Z 299 360 301 245 76
2014-10-10T08:00:00Z 288 369 301 240 74
2014-10-10T07:00:00Z 298 354 322 256 91
2014-10-10T06:00:00Z 295 386 324 251 97
2014-10-10T05:00:00Z 287 372 320 226 94
2014-07-31T00:00:00Z 136 98 103 96 26
2014-07-30T23:00:00Z 141 103 82 98 24
2014-07-30T22:00:00Z 151 107 102 92 22
2014-07-30T21:00:00Z 135 96 127 95 24
2014-07-30T20:00:00Z 125 94 99 84 23
2014-07-30T19:00:00Z 97 66 97 74 22
2014-02-13T23:00:00Z 124 234 179 173 106
2014-02-13T22:00:00Z 243 232 179 162 94
2014-02-13T21:00:00Z 272 240 190 154 87
2014-02-13T20:00:00Z 276 262 182 149 85
2014-02-13T19:00:00Z 207 278 148 146 78
2014-02-13T18:00:00Z 193 291 156 148 67
2014-03-11T10:00:00Z 305 264 302 144 183
2014-03-11T09:00:00Z 268 258 281 126 194
2014-03-11T08:00:00Z 259 235 278 114 195
2014-03-11T07:00:00Z 252 194 274 110 172
2014-03-11T06:00:00Z 229 194 291 113 149
2014-03-11T05:00:00Z 247 167 279 114 139
2014-04-01T11:00:00Z 229 144 89 98 201
2014-04-01T10:00:00Z 195 148 106 97 168
2014-04-01T09:00:00Z 191 121 107 112 133
2014-04-01T08:00:00Z 185 102 124 99 148
2014-04-01T07:00:00Z 169 128 135 97 126
2014-04-01T06:00:00Z 158 121 109 89 124
2014-03-24T07:00:00Z 221 166 162 136 144
2014-03-24T06:00:00Z 197 150 136 137 150
2014-03-24T05:00:00Z 240 141 111 137 161
2014-03-24T04:00:00Z 226 136 112 139 177
2014-03-24T03:00:00Z 245 151 95 140 171
2014-03-24T02:00:00Z 245 158 92 136 160
2014-02-16T20:00:00Z 173 189 328 36 55
2014-02-16T19:00:00Z 174 156 352 32 44
2014-02-16T18:00:00Z 169 140 353 34 37
2014-02-16T17:00:00Z 201 152 325 33 33
2014-02-16T16:00:00Z 266 191 330 48 41
2014-02-16T15:00:00Z 288 237 449 68 48
2014-03-11T08:00:00Z 259 235 278 114 195
2014-03-11T07:00:00Z 252 194 274 110 172
2014-03-11T06:00:00Z 229 194 291 113 149
2014-03-11T05:00:00Z 247 167 279 114 139
2014-03-11T04:00:00Z 221 167 228 104 117
2014-03-11T03:00:00Z 223 164 229 105 110
2014-08-30T06:00:00Z 102 67 88 56 33
2014-08-30T05:00:00Z 105 82 78 60 30
2014-08-30T04:00:00Z 103 72 71 60 32
2014-08-30T03:00:00Z 78 72 85 50 31
2014-08-30T02:00:00Z 83 73 65 52 29
2014-08-30T01:00:00Z 95 67 63 57 32
2014-01-06T14:00:00Z 76 160 293 93 96
2014-01-06T13:00:00Z -1 -1 -1 -1 -1
2014-01-06T12:00:00Z 157 165 325 77 133
2014-01-06T11:00:00Z 197 121 292 80 112
2014-01-06T10:00:00Z 173 102 263 81 154
2014-01-06T09:00:00Z 167 104 255 71 122
2014-09-07T09:00:00Z 137 130 142 -1 50
2014-09-07T08:00:00Z 113 167 148 -1 47
2014-09-07T07:00:00Z 133 96 117 -1 49
2014-09-07T06:00:00Z 138 93 98 -1 49
2014-09-07T05:00:00Z 135 115 95 -1 45
2014-09-07T04:00:00Z 124 93 108 -1 46
2014-08-20T15:00:00Z 85 96 107 66 27
2014-08-20T14:00:00Z 78 83 95 60 31
2014-08-20T13:00:00Z 72 106 93 61 36
2014-08-20T12:00:00Z 79 98 88 64 37
2014-08-20T11:00:00Z 80 114 123 64 43
2014-08-20T10:00:00Z 89 118 80 56 51
2014-02-23T14:00:00Z 182 184 304 200 170
2014-02-23T13:00:00Z 183 192 276 197 162
2014-02-23T12:00:00Z 196 196 293 193 155
2014-02-23T11:00:00Z 208 204 287 187 146
2014-02-23T10:00:00Z 212 204 343 177 152
2014-02-23T09:00:00Z 210 204 404 176 155
2014-03-16T19:00:00Z 157 166 188 67 67
2014-03-16T18:00:00Z 176 164 171 59 71
2014-03-16T17:00:00Z 136 140 182 59 74
2014-03-16T16:00:00Z 139 161 184 54 76
2014-03-16T15:00:00Z 118 134 169 41 61
2014-03-16T14:00:00Z 107 110 135 32 56
2014-03-11T12:00:00Z 312 -1 301 155 198
2014-03-11T11:00:00Z 310 155 293 148 209
2014-03-11T10:00:00Z 305 264 302 144 183
2014-03-11T09:00:00Z 268 258 281 126 194
2014-03-11T08:00:00Z 259 235 278 114 195
2014-03-11T07:00:00Z 252 194 274 110 172
2014-07-31T21:00:00Z 134 96 109 101 22
2014-07-31T20:00:00Z 128 79 107 89 20
2014-07-31T19:00:00Z 111 18 93 81 16
2014-07-31T18:00:00Z 111 51 99 90 16
2014-07-31T17:00:00Z -1 -1 -1 -1 -1
2014-07-31T16:00:00Z -1 -1 -1 -1 -1
2014-04-02T04:00:00Z 128 134 175 84 168
2014-04-02T03:00:00Z 103 111 163 80 166
2014-04-02T02:00:00Z 124 103 185 82 215
2014-04-02T01:00:00Z 112 127 164 91 201
2014-04-02T00:00:00Z 85 113 184 101 163
2014-04-01T23:00:00Z 81 108 155 102 152
2014-01-26T22:00:00Z 108 211 276 83 39
2014-01-26T21:00:00Z 151 136 283 68 30
2014-01-26T20:00:00Z 96 98 289 65 30
2014-01-26T19:00:00Z 86 116 179 55 31
2014-01-26T18:00:00Z 69 105 170 52 35
2014-01-26T17:00:00Z 78 54 199 49 37
2014-01-17T10:00:00Z 65 265 303 70 91
2014-01-17T09:00:00Z 75 220 421 85 84
2014-01-17T08:00:00Z 69 194 585 69 80
2014-01-17T07:00:00Z 66 184 530 71 96
2014-01-17T06:00:00Z 83 186 553 67 77
2014-01-17T05:00:00Z 76 199 551 61 82
2014-03-17T09:00:00Z 148 182 201 116 140
2014-03-17T08:00:00Z 147 164 239 111 127
2014-03-17T07:00:00Z 143 177 217 97 149
2014-03-17T06:00:00Z 145 169 242 89 122
2014-03-17T05:00:00Z 123 170 216 92 114
2014-03-17T04:00:00Z 112 190 223 81 152
2014-02-24T02:00:00Z 350 165 236 248 165
2014-02-24T01:00:00Z 325 185 275 246 167
2014-02-24T00:00:00Z 267 225 293 244 151
2014-02-23T23:00:00Z 270 211 265 241 140
2014-02-23T22:00:00Z 257 214 300 235 139
2014-02-23T21:00:00Z 219 227 257 -1 137
2014-02-02T06:00:00Z 148 197 189 128 115
2014-02-02T05:00:00Z 101 182 178 144 121
2014-02-02T04:00:00Z 90 156 178 154 126
2014-02-02T03:00:00Z 73 149 209 158 161
2014-02-02T02:00:00Z 74 132 196 170 146
2014-02-02T01:00:00Z 83 133 184 186 128
2014-01-11T00:00:00Z 244 331 278 70 131
2014-01-10T23:00:00Z 258 292 258 78 121
2014-01-10T22:00:00Z 264 280 231 76 126
2014-01-10T21:00:00Z 251 257 246 65 128
2014-01-10T20:00:00Z 257 260 233 64 125
2014-01-10T19:00:00Z 215 232 171 44 125
2014-03-10T23:00:00Z 196 150 285 86 93
2014-03-10T22:00:00Z 196 162 254 88 64
2014-03-10T21:00:00Z 188 160 234 93 55
2014-03-10T20:00:00Z 157 129 218 86 -1
2014-03-10T19:00:00Z 132 146 198 84 42
2014-03-10T18:00:00Z 141 139 207 76 41
2014-02-06T15:00:00Z 120 41 83 68 77
2014-02-06T14:00:00Z 70 72 83 58 66
2014-02-06T13:00:00Z 86 102 83 64 64
2014-02-06T12:00:00Z 87 109 123 83 61
2014-02-06T11:00:00Z 88 111 108 94 58
2014-02-06T10:00:00Z 96 152 102 95 56
2014-02-15T05:00:00Z 558 472 412 311 251
2014-02-15T04:00:00Z 577 422 381 337 238
2014-02-15T03:00:00Z 524 308 350 325 249
2014-02-15T02:00:00Z 627 300 296 324 248
2014-02-15T01:00:00Z 627 333 330 294 261
2014-02-15T00:00:00Z 581 347 309 344 274
2014-07-27T13:00:00Z 96 129 130 78 56
2014-07-27T12:00:00Z 105 129 135 80 53
2014-07-27T11:00:00Z 99 164 92 84 51
2014-07-27T10:00:00Z 113 -1 104 -1 50
2014-07-27T09:00:00Z 121 -1 146 86 46
2014-07-27T08:00:00Z 119 -1 135 87 45
2014-08-30T05:00:00Z 105 82 78 60 30
2014-08-30T04:00:00Z 103 72 71 60 32
2014-08-30T03:00:00Z 78 72 85 50 31
2014-08-30T02:00:00Z 83 73 65 52 29
2014-08-30T01:00:00Z 95 67 63 57 32
2014-08-30T00:00:00Z 94 58 71 58 33
2014-03-10T19:00:00Z 132 146 198 84 42
2014-03-10T18:00:00Z 141 139 207 76 41
2014-03-10T17:00:00Z 143 123 187 72 38
2014-03-10T16:00:00Z 121 95 141 68 34
2014-03-10T15:00:00Z 107 88 142 65 37
2014-03-10T14:00:00Z 92 91 153 67 29
2013-12-25T14:00:00Z 384 331 426 145 278
2013-12-25T13:00:00Z 500 342 243 143 273
2013-12-25T12:00:00Z 585 331 261 148 282
2013-12-25T11:00:00Z 633 388 288 159 267
2013-12-25T10:00:00Z 560 394 333 141 243
2013-12-25T09:00:00Z 534 394 376 125 228
2014-03-27T01:00:00Z 204 213 182 234 334
2014-03-27T00:00:00Z 251 200 162 229 308
2014-03-26T23:00:00Z 271 218 166 228 356
2014-03-26T22:00:00Z 269 280 163 236 281
2014-03-26T21:00:00Z 292 328 158 230 259
2014-03-26T20:00:00Z 304 283 137 218 230
2014-03-26T21:00:00Z 292 328 158 230 259
2014-03-26T20:00:00Z 304 283 137 218 230
2014-03-26T19:00:00Z 264 284 142 181 204
2014-03-26T18:00:00Z 256 232 220 122 184
2014-03-26T17:00:00Z 216 217 231 107 169
2014-03-26T16:00:00Z 208 262 273 124 133
2014-03-11T18:00:00Z 300 230 167 43 213
2014-03-11T17:00:00Z -1 -1 -1 -1 -1
2014-03-11T16:00:00Z 340 -1 274 148 178
2014-03-11T15:00:00Z 324 171 304 174 178
2014-03-11T14:00:00Z 333 253 332 173 153
2014-03-11T13:00:00Z 333 44 321 167 186
2014-02-06T22:00:00Z 93 91 100 83 79
2014-02-06T21:00:00Z 82 85 93 84 100
2014-02-06T20:00:00Z 146 78 114 81 94
2014-02-06T19:00:00Z 157 63 102 74 86
2014-02-06T18:00:00Z 117 48 81 73 84
2014-02-06T17:00:00Z 144 40 101 71 80
2014-02-07T23:00:00Z 67 78 58 87 27
2014-02-07T22:00:00Z 93 62 84 98 29
2014-02-07T21:00:00Z 109 60 88 96 29
2014-02-07T20:00:00Z 103 69 107 81 30
2014-02-07T19:00:00Z 83 68 123 82 18
2014-02-07T18:00:00Z 83 56 138 89 17
2014-04-02T09:00:00Z 133 153 203 99 232
2014-04-02T08:00:00Z 124 141 195 93 197
2014-04-02T07:00:00Z 108 131 183 77 206
2014-04-02T06:00:00Z 127 142 178 80 174
2014-04-02T05:00:00Z 127 140 203 84 167
2014-04-02T04:00:00Z 128 134 175 84 168
2014-03-25T10:00:00Z 296 281 143 118 225
2014-03-25T09:00:00Z 253 267 146 135 205
2014-03-25T08:00:00Z 247 218 142 143 194
2014-03-25T07:00:00Z 224 194 144 160 225
2014-03-25T06:00:00Z 160 166 118 158 199
2014-03-25T05:00:00Z 166 139 114 161 203
2014-04-14T05:00:00Z 281 125 112 125 156
2014-04-14T04:00:00Z 248 121 103 122 134
2014-04-14T03:00:00Z 244 153 121 119 105
2014-04-14T02:00:00Z 230 176 117 114 96
2014-04-14T01:00:00Z 247 187 107 124 79
2014-04-14T00:00:00Z 235 185 90 127 67
2014-03-11T19:00:00Z 328 281 226 15 166
2014-03-11T18:00:00Z 300 230 167 43 213
2014-03-11T17:00:00Z -1 -1 -1 -1 -1
2014-03-11T16:00:00Z 340 -1 274 148 178
2014-03-11T15:00:00Z 324 171 304 174 178
2014-03-11T14:00:00Z 333 253 332 173 153
2014-08-03T13:00:00Z 124 131 175 63 -1
2014-08-03T12:00:00Z -1 -1 -1 -1 -1
2014-08-03T11:00:00Z 127 160 170 80 39
2014-08-03T10:00:00Z 131 184 175 67 43
2014-08-03T09:00:00Z 123 163 162 81 53
2014-08-03T08:00:00Z 89 171 151 99 63
2014-03-24T17:00:00Z 156 145 103 59 159
2014-03-24T16:00:00Z 155 179 102 65 172
2014-03-24T15:00:00Z 164 180 99 92 121
2014-03-24T14:00:00Z 144 180 150 109 146
2014-03-24T13:00:00Z 195 188 149 127 163
2014-03-24T12:00:00Z 187 179 139 152 182
2014-01-31T22:00:00Z 156 134 123 123 50
2014-01-31T21:00:00Z 160 133 130 133 82
2014-01-31T20:00:00Z 152 127 112 107 88
2014-01-31T19:00:00Z 135 124 110 85 86
2014-01-31T18:00:00Z 147 106 131 75 74
2014-01-31T17:00:00Z 156 44 118 68 75
2014-10-11T18:00:00Z 183 209 241 64 102
2014-10-11T17:00:00Z 168 219 256 154 89
2014-10-11T16:00:00Z -1 -1 -1 -1 -1
2014-10-11T15:00:00Z 135 206 228 188 111
2014-10-11T14:00:00Z 127 206 222 219 116
2014-10-11T13:00:00Z 145 224 250 218 155
2014-04-14T03:00:00Z 244 153 121 119 105
2014-04-14T02:00:00Z 230 176 117 114 96
2014-04-14T01:00:00Z 247 187 107 124 79
2014-04-14T00:00:00Z 235 185 90 127 67
2014-04-13T23:00:00Z 225 193 97 129 61
2014-04-13T22:00:00Z 161 218 90 115 -1
2014-07-28T07:00:00Z 109 129 122 118 69
2014-07-28T06:00:00Z 90 109 130 103 66
2014-07-28T05:00:00Z 70 104 133 114 62
2014-07-28T04:00:00Z 85 101 144 109 59
2014-07-28T03:00:00Z 86 102 130 104 61
2014-07-28T02:00:00Z 90 97 124 108 60
2014-02-15T23:00:00Z 477 403 552 291 222
2014-02-15T22:00:00Z 488 420 460 295 190
2014-02-15T21:00:00Z 504 436 526 292 211
2014-02-15T20:00:00Z 489 424 536 289 200
2014-02-15T19:00:00Z 421 450 609 289 187
2014-02-15T18:00:00Z 360 449 456 274 186
2014-08-19T11:00:00Z 67 82 63 43 47
2014-08-19T10:00:00Z 68 107 96 27 44
2014-08-19T09:00:00Z 66 112 96 36 42
2014-08-19T08:00:00Z 64 86 88 54 39
2014-08-19T07:00:00Z 56 86 70 39 37
2014-08-19T06:00:00Z 63 62 66 39 35
2014-01-18T21:00:00Z 125 -1 583 43 59
2014-01-18T20:00:00Z 173 -1 516 33 48
2014-01-18T19:00:00Z 214 -1 377 29 39
2014-01-18T18:00:00Z 66 -1 270 13 40
2014-01-18T17:00:00Z 54 -1 298 4 40
2014-01-18T16:00:00Z 87 -1 293 5 45
2014-06-17T16:00:00Z 132 68 178 28 70
2014-06-17T15:00:00Z 126 93 201 26 85
2014-06-17T14:00:00Z 113 113 202 41 101
2014-06-17T13:00:00Z 114 96 209 42 122
2014-06-17T12:00:00Z 90 110 194 48 129
2014-06-17T11:00:00Z 90 95 161 52 148
2014-10-07T23:00:00Z 293 295 299 102 144
2014-10-07T22:00:00Z 278 308 363 110 141
2014-10-07T21:00:00Z 325 242 330 105 121
2014-10-07T20:00:00Z 293 229 288 77 130
2014-10-07T19:00:00Z 215 213 285 59 118
2014-10-07T18:00:00Z 196 223 284 56 106
2014-01-17T13:00:00Z 127 194 380 82 67
2014-01-17T12:00:00Z 79 222 376 68 65
2014-01-17T11:00:00Z 97 251 320 55 83
2014-01-17T10:00:00Z 65 265 303 70 91
2014-01-17T09:00:00Z 75 220 421 85 84
2014-01-17T08:00:00Z 69 194 585 69 80
2014-01-17T06:00:00Z 83 186 553 67 77
2014-01-17T05:00:00Z 76 199 551 61 82
2014-01-17T04:00:00Z 65 247 595 64 72
2014-01-17T03:00:00Z 102 348 610 66 79
2014-01-17T02:00:00Z 205 391 460 66 81
2014-01-17T01:00:00Z 232 390 365 71 83
2014-10-09T23:00:00Z 332 388 379 231 215
2014-10-09T22:00:00Z 326 354 416 246 199
2014-10-09T21:00:00Z 306 348 445 240 185
2014-10-09T20:00:00Z 311 308 433 234 163
2014-10-09T19:00:00Z 266 295 418 240 151
2014-10-09T18:00:00Z 206 294 396 230 134
2014-02-26T18:00:00Z 558 290 377 230 215
2014-02-26T17:00:00Z 503 288 494 291 194
2014-02-26T16:00:00Z 405 358 535 363 190
2014-02-26T15:00:00Z 436 416 553 356 186
2014-02-26T14:00:00Z 458 441 622 348 169
2014-02-26T13:00:00Z 494 429 679 358 182
2014-01-19T02:00:00Z 139 -1 410 64 47
2014-01-19T01:00:00Z 132 -1 463 66 54
2014-01-19T00:00:00Z 110 -1 509 63 57
2014-01-18T23:00:00Z 114 -1 580 64 64
2014-01-18T22:00:00Z 127 -1 561 59 61
2014-01-18T21:00:00Z 125 -1 583 43 59
2014-10-08T08:00:00Z 317 326 244 91 128
2014-10-08T07:00:00Z 321 402 233 86 121
2014-10-08T06:00:00Z 338 327 203 89 114
2014-10-08T05:00:00Z 326 336 205 95 130
2014-10-08T04:00:00Z 306 343 223 103 159
2014-10-08T03:00:00Z 301 363 245 95 144
2014-02-26T13:00:00Z 494 429 679 358 182
2014-02-26T12:00:00Z 467 464 646 374 168
2014-02-26T11:00:00Z 463 432 605 341 194
2014-02-26T10:00:00Z 448 391 575 329 226
2014-02-26T09:00:00Z 333 389 579 296 349
2014-02-26T08:00:00Z 324 410 558 287 302
2014-01-02T23:00:00Z 256 305 270 119 143
2014-01-02T22:00:00Z 283 244 276 106 117
2014-01-02T21:00:00Z 321 237 265 100 110
2014-01-02T20:00:00Z 255 222 254 97 95
2014-01-02T19:00:00Z 171 217 243 94 58
2014-01-02T18:00:00Z 159 233 206 77 47
2014-01-15T03:00:00Z 188 274 301 51 129
2014-01-15T02:00:00Z 160 312 305 55 132
2014-01-15T01:00:00Z 136 317 382 48 139
2014-01-15T00:00:00Z 130 334 402 42 126
2014-01-14T23:00:00Z 144 338 341 45 146
2014-01-14T22:00:00Z 124 296 279 48 156
2013-12-25T02:00:00Z 588 499 259 121 171
2013-12-25T01:00:00Z 538 479 -1 117 148
2013-12-25T00:00:00Z 536 496 250 117 145
2013-12-24T23:00:00Z 580 529 271 127 132
2013-12-24T22:00:00Z 580 537 298 142 113
2013-12-24T21:00:00Z -1 -1 -1 -1 -1
2014-04-25T09:00:00Z 191 109 160 125 44
2014-04-25T08:00:00Z -1 -1 -1 -1 -1
2014-04-25T07:00:00Z -1 -1 -1 -1 -1
2014-04-25T06:00:00Z -1 -1 -1 -1 -1
2014-04-25T05:00:00Z -1 -1 -1 -1 -1
2014-04-25T04:00:00Z -1 -1 -1 -1 -1
2014-09-21T00:00:00Z 171 156 131 18 25
2014-09-20T23:00:00Z 158 163 127 25 30
2014-09-20T22:00:00Z 161 160 140 25 36
2014-09-20T21:00:00Z 138 158 148 24 44
2014-09-20T20:00:00Z 129 142 132 22 42
2014-09-20T19:00:00Z 134 133 118 17 55
2014-06-26T08:00:00Z 123 139 244 113 168
2014-06-26T07:00:00Z -1 -1 -1 -1 -1
2014-06-26T06:00:00Z -1 -1 -1 -1 -1
2014-06-26T05:00:00Z -1 -1 -1 -1 -1
2014-06-26T04:00:00Z -1 -1 -1 -1 -1
2014-06-26T03:00:00Z -1 -1 -1 -1 -1
2014-01-15T23:00:00Z 429 441 570 69 212
2014-01-15T22:00:00Z 446 433 535 62 165
2014-01-15T21:00:00Z 430 444 470 64 147
2014-01-15T20:00:00Z 421 416 536 50 122
2014-01-15T19:00:00Z 457 397 605 44 119
2014-01-15T18:00:00Z -1 -1 -1 -1 -1
2014-02-26T08:00:00Z 324 410 558 287 302
2014-02-26T07:00:00Z 334 378 563 278 284
2014-02-26T06:00:00Z 423 377 565 281 286
2014-02-26T05:00:00Z 555 398 541 282 268
2014-02-26T04:00:00Z 556 406 524 291 247
2014-02-26T03:00:00Z 574 396 531 299 203
2014-07-07T11:00:00Z -1 207 267 157 39
2014-07-07T10:00:00Z 69 204 262 157 35
2014-07-07T09:00:00Z 61 212 258 175 35
2014-07-07T08:00:00Z 58 222 244 164 -1
2014-07-07T07:00:00Z 73 233 262 161 -1
2014-07-07T06:00:00Z 87 218 241 147 -1
2014-02-15T03:00:00Z 524 308 350 325 249
2014-02-15T02:00:00Z 627 300 296 324 248
2014-02-15T01:00:00Z 627 333 330 294 261
2014-02-15T00:00:00Z 581 347 309 344 274
2014-02-14T23:00:00Z 737 369 319 378 314
2014-02-14T22:00:00Z 572 371 318 313 323
2014-04-01T06:00:00Z 158 121 109 89 124
2014-04-01T05:00:00Z 182 113 114 91 138
2014-04-01T04:00:00Z -1 -1 -1 -1 -1
2014-04-01T03:00:00Z -1 -1 -1 -1 -1
2014-04-01T02:00:00Z -1 -1 -1 -1 -1
2014-04-01T01:00:00Z -1 -1 -1 -1 -1
2014-02-13T09:00:00Z 177 304 440 49 104
2014-02-13T08:00:00Z 162 322 488 48 88
2014-02-13T07:00:00Z 155 371 407 53 97
2014-02-13T06:00:00Z 150 381 394 56 97
2014-02-13T05:00:00Z 155 312 385 53 97
2014-02-13T04:00:00Z 165 302 379 48 96
2014-04-23T16:00:00Z 109 92 64 35 183
2014-04-23T15:00:00Z 121 117 107 37 158
2014-04-23T14:00:00Z 135 157 156 53 118
2014-04-23T13:00:00Z 146 144 186 45 99
2014-04-23T12:00:00Z -1 -1 -1 -1 -1
2014-04-23T11:00:00Z 120 158 174 59 134
2014-10-10T12:00:00Z 294 352 305 237 84
2014-10-10T11:00:00Z 298 353 316 269 84
2014-10-10T10:00:00Z 305 344 300 257 74
2014-10-10T09:00:00Z 299 360 301 245 76
2014-10-10T08:00:00Z 288 369 301 240 74
2014-10-10T07:00:00Z 298 354 322 256 91
2014-02-20T04:00:00Z 124 229 182 57 111
2014-02-20T03:00:00Z 130 208 163 57 122
2014-02-20T02:00:00Z 138 185 158 62 117
2014-02-20T01:00:00Z 131 191 158 62 115
2014-02-20T00:00:00Z 110 177 156 52 104
2014-02-19T23:00:00Z 114 155 180 41 138
2014-07-17T11:00:00Z 79 87 101 48 57
2014-07-17T10:00:00Z 80 80 73 46 49
2014-07-17T09:00:00Z 91 69 76 46 50
2014-07-17T08:00:00Z -1 -1 -1 -1 -1
2014-07-17T07:00:00Z -1 -1 -1 -1 -1
2014-07-17T06:00:00Z -1 -1 -1 -1 -1
2014-07-31T11:00:00Z 141 153 117 99 24
2014-07-31T10:00:00Z 138 171 146 100 6
2014-07-31T09:00:00Z 135 178 164 95 7
2014-07-31T08:00:00Z 113 171 185 95 29
2014-07-31T07:00:00Z 94 176 150 100 26
2014-07-31T06:00:00Z 98 166 127 105 24
2014-02-25T12:00:00Z 469 307 354 227 345
2014-02-25T11:00:00Z 451 301 348 246 362
2014-02-25T10:00:00Z 519 328 321 244 363
2014-02-25T09:00:00Z 454 340 317 218 360
2014-02-25T08:00:00Z 449 330 309 199 369
2014-02-25T07:00:00Z 376 320 347 209 388
2014-01-04T17:00:00Z 116 195 238 57 41
2014-01-04T16:00:00Z 117 226 235 52 51
2014-01-04T15:00:00Z -1 -1 -1 -1 -1
2014-01-04T14:00:00Z 118 213 194 40 63
2014-01-04T13:00:00Z 108 221 162 40 -1
2014-01-04T12:00:00Z 146 260 137 53 -1
2014-03-16T00:00:00Z 173 180 85 66 59
2014-03-15T23:00:00Z 187 163 72 59 89
2014-03-15T22:00:00Z 224 163 91 51 123
2014-03-15T21:00:00Z 196 166 66 47 119
2014-03-15T20:00:00Z 165 174 63 35 93
2014-03-15T19:00:00Z 153 119 55 38 60
2014-02-08T08:00:00Z 85 89 109 55 25
2014-02-08T07:00:00Z 76 70 106 56 26
2014-02-08T06:00:00Z 87 89 128 60 28
2014-02-08T05:00:00Z 73 79 105 63 32
2014-02-08T04:00:00Z 80 71 96 65 30
2014-02-08T03:00:00Z 59 64 89 68 28
2014-07-07T22:00:00Z -1 153 116 167 36
2014-07-07T21:00:00Z -1 151 103 171 40
2014-07-07T20:00:00Z -1 158 101 158 44
2014-07-07T19:00:00Z -1 157 90 162 45
2014-07-07T18:00:00Z -1 149 90 149 35
2014-07-07T17:00:00Z -1 128 86 146 37
2014-10-07T17:00:00Z 177 195 299 55 114
2014-10-07T16:00:00Z 174 196 268 45 124
2014-10-07T15:00:00Z 162 203 206 48 115
2014-10-07T14:00:00Z -1 -1 -1 -1 -1
2014-10-07T13:00:00Z 135 223 212 36 92
2014-10-07T12:00:00Z 139 189 164 30 82
2014-03-24T04:00:00Z 226 136 112 139 177
2014-03-24T03:00:00Z 245 151 95 140 171
2014-03-24T02:00:00Z 245 158 92 136 160
2014-03-24T01:00:00Z 235 164 88 131 156
2014-03-24T00:00:00Z 214 144 88 132 142
2014-03-23T23:00:00Z 239 138 71 130 152
2014-07-05T10:00:00Z 73 69 68 -1 38
2014-07-05T09:00:00Z 85 95 112 -1 47
2014-07-05T08:00:00Z 82 111 118 -1 53
2014-07-05T07:00:00Z 72 160 118 -1 55
2014-07-05T06:00:00Z 68 128 123 -1 58
2014-07-05T05:00:00Z 69 81 128 -1 58
2014-05-15T21:00:00Z 81 53 -1 17 113
2014-05-15T20:00:00Z 83 57 74 14 89
2014-05-15T19:00:00Z 87 49 44 9 45
2014-05-15T18:00:00Z 98 49 36 9 17
2014-05-15T17:00:00Z 86 60 34 12 8
2014-05-15T16:00:00Z -1 -1 -1 -1 -1
2014-05-01T17:00:00Z 102 97 177 64 103
2014-05-01T16:00:00Z 111 104 226 61 88
2014-05-01T15:00:00Z 108 126 208 69 88
2014-05-01T14:00:00Z 117 151 199 86 90
2014-05-01T13:00:00Z 117 178 215 97 100
2014-05-01T12:00:00Z 131 167 224 96 109
2014-05-20T00:00:00Z 193 121 111 112 45
2014-05-19T23:00:00Z 235 109 81 117 48
2014-05-19T22:00:00Z 208 114 111 106 50
2014-05-19T21:00:00Z -1 -1 -1 -1 -1
2014-05-19T20:00:00Z 157 106 108 78 56
2014-05-19T19:00:00Z 161 91 104 57 56
