2013-12-24T22:00:00Z 451 434 526 142 103
2013-12-24T23:00:00Z 466 444 539 128 135
2013-12-25T00:00:00Z 448 470 521 141 135
2013-12-25T01:00:00Z 471 495 524 127 144
2013-12-25T02:00:00Z 500 477 458 128 167
2013-12-25T03:00:00Z 471 507 483 131 151
2013-12-25T04:00:00Z 473 561 512 116 148
2013-12-25T05:00:00Z 475 544 561 128 150
2013-12-25T06:00:00Z 490 654 577 120 154
2013-12-25T07:00:00Z 497 626 580 119 169
2013-12-25T08:00:00Z 524 491 586 133 200
2013-12-25T09:00:00Z 526 347 673 155 206
2013-12-25T10:00:00Z 499 353 622 155 238
2013-12-25T11:00:00Z 516 383 643 158 245
2013-12-25T12:00:00Z 481 273 624 137 263
2013-12-25T13:00:00Z 414 288 660 120 274
2013-12-25T14:00:00Z 374 358 739 131 281
2013-12-25T15:00:00Z 356 360 771 143 294
2013-12-25T16:00:00Z 344 402 876 146 288
2013-12-25T17:00:00Z 347 463 867 139 303
2013-12-25T18:00:00Z -1 -1 -1 -1 -1
2013-12-25T19:00:00Z 371 504 817 29 297
2013-12-25T20:00:00Z 101 563 861 19 303
2013-12-25T21:00:00Z 34 621 850 16 287
2013-12-25T22:00:00Z 28 276 624 20 212
2013-12-25T23:00:00Z 19 51 372 20 137
2013-12-26T00:00:00Z 18 28 92 15 80
2013-12-26T01:00:00Z 11 22 46 14 41
2013-12-26T02:00:00Z 9 20 28 11 17
2013-12-26T03:00:00Z 13 26 25 10 18
2013-12-26T04:00:00Z 11 19 24 11 24
2014-01-02T14:00:00Z 115 202 95 55 31
2014-01-02T15:00:00Z 130 194 98 57 25
2014-01-02T16:00:00Z 142 217 155 68 25
2014-01-02T17:00:00Z 140 235 198 72 34
2014-01-02T18:00:00Z 156 259 162 86 38
2014-01-02T19:00:00Z 167 255 222 115 49
2014-01-04T12:00:00Z 129 269 140 51 61
2014-01-04T13:00:00Z 107 255 165 44 40
2014-01-04T14:00:00Z 111 237 178 34 46
2014-01-04T15:00:00Z -1 -1 -1 -1 -1
2014-01-04T16:00:00Z 111 248 214 43 40
2014-01-04T17:00:00Z 112 234 264 46 33
2014-01-04T18:00:00Z 119 227 240 59 36
2014-01-04T19:00:00Z 136 228 236 103 31
2014-01-04T20:00:00Z 143 210 299 117 28
2014-01-04T21:00:00Z 141 202 315 110 36
2014-01-04T22:00:00Z 138 217 312 113 40
2014-01-04T23:00:00Z 165 213 296 91 54
2014-01-05T00:00:00Z 199 200 276 113 61
2014-01-06T12:00:00Z 161 167 319 81 113
2014-01-06T13:00:00Z -1 -1 -1 -1 -1
2014-01-06T14:00:00Z 95 183 306 83 90
2014-01-06T15:00:00Z 89 152 362 88 77
2014-01-06T16:00:00Z 88 162 369 82 74
2014-01-06T17:00:00Z 97 179 412 91 79
2014-01-10T23:00:00Z 276 355 300 75 111
2014-01-13T19:00:00Z 204 228 150 45 82
2014-01-14T22:00:00Z 162 344 344 70 154
2014-01-14T23:00:00Z 157 345 395 57 146
2014-01-15T00:00:00Z 147 402 442 54 134
2014-01-15T01:00:00Z 146 368 400 55 127
2014-01-15T23:00:00Z 429 508 602 84 231
2014-01-16T00:00:00Z 426 525 593 84 275
2014-01-16T01:00:00Z 433 562 605 89 325
2014-01-16T02:00:00Z 426 583 661 94 323
2014-01-16T03:00:00Z 435 595 616 82 303
2014-01-16T04:00:00Z 394 586 599 87 299
2014-01-16T05:00:00Z 401 559 576 82 313
2014-01-16T06:00:00Z 393 539 576 65 305
2014-01-16T07:00:00Z 365 539 569 68 246
2014-01-16T08:00:00Z 362 526 604 74 248
2014-01-16T18:00:00Z 370 472 369 120 114
2014-01-16T19:00:00Z 418 523 452 130 89
2014-01-16T20:00:00Z 420 577 584 150 69
2014-01-16T21:00:00Z 343 551 622 130 68
2014-01-16T22:00:00Z 292 565 571 107 73
2014-01-16T23:00:00Z 242 557 512 95 71
2014-01-17T00:00:00Z 221 529 450 79 73
2014-01-17T01:00:00Z 225 487 481 78 79
2014-01-17T02:00:00Z 187 544 547 87 62
2014-01-17T03:00:00Z 111 432 606 79 72
2014-01-17T04:00:00Z 71 329 578 72 63
2014-01-17T05:00:00Z 64 292 555 69 59
2014-01-17T06:00:00Z 66 289 544 73 54
2014-01-17T07:00:00Z 61 279 544 85 72
2014-01-17T16:00:00Z -1 -1 -1 -1 -1
2014-01-17T17:00:00Z 161 236 524 18 62
2014-01-17T18:00:00Z 188 263 476 16 58
2014-01-18T20:00:00Z 172 399 523 39 38
2014-01-18T21:00:00Z 141 426 563 40 58
2014-01-18T22:00:00Z 131 453 554 61 44
2014-01-18T23:00:00Z 127 443 531 48 48
2014-01-19T00:00:00Z 128 443 510 54 47
2014-01-19T01:00:00Z 143 441 476 52 53
2014-01-19T10:00:00Z 141 329 353 57 63
2014-01-19T11:00:00Z 144 267 309 50 62
2014-01-19T12:00:00Z 159 216 380 64 68
2014-01-22T17:00:00Z 147 198 188 35 125
2014-01-22T18:00:00Z 158 227 204 56 121
2014-01-22T19:00:00Z 191 229 237 73 126
2014-01-22T20:00:00Z 221 312 253 55 123
2014-01-22T21:00:00Z 295 322 223 75 131
2014-01-22T22:00:00Z 312 348 279 72 134
2014-01-22T23:00:00Z 326 390 337 73 123
2014-01-23T00:00:00Z 303 430 315 72 137
2014-01-23T01:00:00Z 286 469 308 71 142
2014-01-23T02:00:00Z 274 437 287 84 147
2014-01-23T03:00:00Z 261 415 274 66 140
2014-01-23T04:00:00Z 251 379 268 76 130
2014-01-23T05:00:00Z 246 351 268 68 127
2014-01-23T06:00:00Z 245 282 268 68 142
2014-01-23T07:00:00Z 247 230 265 70 137
2014-01-23T08:00:00Z 240 239 266 75 108
2014-01-23T09:00:00Z 234 246 239 82 112
2014-01-23T10:00:00Z 277 228 239 80 131
2014-01-23T11:00:00Z 308 233 217 79 132
2014-01-23T12:00:00Z 284 256 250 81 147
2014-01-23T13:00:00Z 312 223 242 71 138
2014-01-23T14:00:00Z 301 219 229 79 151
2014-01-23T15:00:00Z 286 236 278 75 151
2014-01-23T16:00:00Z 232 263 305 97 144
2014-01-23T17:00:00Z 210 268 326 104 111
2014-01-23T18:00:00Z 225 269 347 118 106
2014-01-23T19:00:00Z 273 271 386 134 113
2014-01-23T20:00:00Z 290 301 399 150 123
2014-01-23T21:00:00Z 306 298 426 165 128
2014-01-23T22:00:00Z 333 298 419 169 143
2014-01-23T23:00:00Z 322 299 398 190 145
2014-01-24T00:00:00Z 322 305 378 178 137
2014-01-24T01:00:00Z 341 314 381 173 159
2014-01-24T02:00:00Z 350 292 374 158 153
2014-01-24T03:00:00Z 336 284 365 152 159
2014-01-24T04:00:00Z 332 294 352 153 154
2014-01-24T05:00:00Z 320 278 340 166 158
2014-01-24T06:00:00Z 324 267 342 151 150
2014-01-24T07:00:00Z 317 249 330 162 158
2014-01-24T08:00:00Z 314 237 328 160 169
2014-01-24T09:00:00Z 283 225 329 158 168
2014-01-27T06:00:00Z 117 281 270 79 78
2014-01-27T07:00:00Z 123 309 265 93 92
2014-01-27T08:00:00Z 117 311 282 94 87
2014-01-29T12:00:00Z 147 159 241 90 89
2014-01-29T13:00:00Z -1 -1 -1 -1 -1
2014-01-29T14:00:00Z 190 154 300 69 77
2014-01-29T15:00:00Z 212 165 340 69 52
2014-01-29T16:00:00Z 257 178 336 87 58
2014-01-29T17:00:00Z 249 185 308 99 75
2014-01-29T18:00:00Z 241 186 289 95 92
2014-01-29T19:00:00Z 250 185 277 108 93
2014-01-29T20:00:00Z 261 179 253 120 116
2014-01-29T21:00:00Z 285 193 262 143 143
2014-01-30T19:00:00Z 117 183 133 47 30
2014-01-30T20:00:00Z 130 276 180 54 37
2014-01-30T21:00:00Z 132 370 229 75 65
2014-01-30T22:00:00Z 131 301 270 71 83
2014-01-30T23:00:00Z 159 254 276 112 133
2014-01-31T00:00:00Z 185 218 268 109 146
2014-01-31T01:00:00Z 158 222 252 210 182
2014-01-31T17:00:00Z 141 88 127 65 64
2014-02-01T04:00:00Z 150 161 148 114 37
2014-02-01T05:00:00Z 153 159 159 116 38
2014-02-01T06:00:00Z 143 152 171 106 35
2014-02-01T07:00:00Z -1 -1 -1 -1 -1
2014-02-01T08:00:00Z 150 142 190 119 34
2014-02-01T09:00:00Z 152 131 193 131 36
2014-02-01T19:00:00Z 74 145 150 146 72
2014-02-01T20:00:00Z 84 126 162 147 67
2014-02-01T21:00:00Z 89 116 164 156 80
2014-02-01T22:00:00Z 88 111 171 159 70
2014-02-01T23:00:00Z 105 119 181 157 74
2014-02-02T00:00:00Z 99 131 200 145 86
2014-02-02T01:00:00Z 88 138 199 115 106
2014-02-02T02:00:00Z 74 151 205 134 120
2014-02-02T03:00:00Z 71 171 211 132 124
2014-02-05T23:00:00Z 97 148 107 95 39
2014-02-06T00:00:00Z 78 156 106 97 43
2014-02-06T01:00:00Z 85 156 98 93 43
2014-02-06T02:00:00Z 85 176 90 89 42
2014-02-06T03:00:00Z 87 211 89 93 39
2014-02-06T04:00:00Z 93 222 85 84 37
2014-02-06T05:00:00Z 95 206 80 91 38
2014-02-06T06:00:00Z 83 236 84 75 45
2014-02-06T07:00:00Z 84 248 90 100 58
2014-02-06T08:00:00Z -1 -1 -1 -1 -1
2014-02-06T09:00:00Z 80 210 110 95 47
2014-02-08T03:00:00Z 62 95 100 73 30
2014-02-11T15:00:00Z 101 117 187 43 84
2014-02-11T16:00:00Z 126 113 209 55 103
2014-02-11T17:00:00Z 119 123 206 38 93
2014-02-11T18:00:00Z 97 146 212 47 109
2014-02-11T19:00:00Z 100 147 206 53 106
2014-02-11T20:00:00Z 101 155 189 64 107
2014-02-11T21:00:00Z 112 179 203 82 123
2014-02-11T22:00:00Z 131 197 257 89 129
2014-02-11T23:00:00Z 150 212 249 86 127
2014-02-12T00:00:00Z 166 216 252 89 132
2014-02-12T01:00:00Z 175 229 261 93 130
2014-02-12T02:00:00Z 203 250 256 87 136
2014-02-12T03:00:00Z 206 247 270 84 143
2014-02-13T00:00:00Z 214 334 355 56 99
2014-02-13T01:00:00Z 204 341 378 66 118
2014-02-13T02:00:00Z 211 351 388 53 105
2014-02-13T03:00:00Z 187 348 384 55 92
2014-02-13T04:00:00Z 168 341 406 58 85
2014-02-13T05:00:00Z 158 347 427 55 80
2014-02-13T06:00:00Z 152 374 401 48 73
2014-02-13T07:00:00Z 149 421 435 56 81
2014-02-13T08:00:00Z 154 337 452 53 82
2014-02-13T09:00:00Z 164 294 429 62 82
2014-02-13T10:00:00Z 168 294 462 66 74
2014-02-13T11:00:00Z 169 283 465 43 65
2014-02-13T12:00:00Z 166 284 465 46 62
2014-02-13T13:00:00Z 162 276 336 48 65
2014-02-13T14:00:00Z 178 269 284 64 73
2014-02-13T15:00:00Z 173 263 190 107 75
2014-02-13T16:00:00Z 188 263 149 125 67
2014-02-13T17:00:00Z 189 261 149 133 67
2014-02-13T18:00:00Z 179 287 149 142 62
2014-02-13T19:00:00Z 177 284 167 151 67
2014-02-13T20:00:00Z 234 298 172 168 80
2014-02-13T21:00:00Z 241 296 185 184 84
2014-02-13T22:00:00Z 211 306 191 182 82
2014-02-13T23:00:00Z 109 308 216 179 96
2014-02-14T00:00:00Z 99 312 262 174 100
2014-02-14T01:00:00Z 103 312 279 186 112
2014-02-14T02:00:00Z 113 339 355 177 113
2014-02-14T03:00:00Z 123 359 393 181 105
2014-02-14T04:00:00Z 139 367 406 185 106
2014-02-14T05:00:00Z 137 363 406 171 96
2014-02-14T06:00:00Z 137 374 394 160 94
2014-02-14T07:00:00Z 141 401 383 171 88
2014-02-14T08:00:00Z 137 408 381 174 89
2014-02-14T09:00:00Z 176 378 381 203 98
2014-02-14T10:00:00Z 225 375 379 207 99
2014-02-14T11:00:00Z 281 292 437 216 94
2014-02-14T12:00:00Z 264 345 434 213 88
2014-02-14T13:00:00Z 295 328 396 189 112
2014-02-14T14:00:00Z 302 306 339 185 114
2014-02-14T15:00:00Z 314 327 311 182 104
2014-02-14T16:00:00Z 310 372 302 185 132
2014-02-14T17:00:00Z 309 388 250 171 145
2014-02-14T18:00:00Z 333 357 220 168 165
2014-02-14T19:00:00Z 348 401 236 209 196
2014-02-14T20:00:00Z 431 471 264 250 233
2014-02-14T21:00:00Z 510 475 298 327 277
2014-02-14T22:00:00Z 572 472 329 297 296
2014-02-14T23:00:00Z 737 459 333 301 288
2014-02-15T00:00:00Z 581 477 333 288 257
2014-02-15T01:00:00Z 627 439 353 279 239
2014-02-15T02:00:00Z 550 402 368 267 242
2014-02-15T03:00:00Z 337 396 378 272 232
2014-02-15T04:00:00Z 500 455 390 263 231
2014-02-15T05:00:00Z 491 510 402 250 238
2014-02-15T06:00:00Z 465 473 399 226 230
2014-02-15T07:00:00Z 477 394 389 238 237
2014-02-15T08:00:00Z 555 397 407 235 241
2014-02-15T09:00:00Z 563 400 421 236 265
2014-02-15T10:00:00Z 587 365 436 244 288
2014-02-15T11:00:00Z 550 332 485 240 315
2014-02-15T12:00:00Z 508 481 494 234 307
2014-02-15T13:00:00Z 511 444 527 204 268
2014-02-15T14:00:00Z 501 429 526 206 226
2014-02-15T15:00:00Z 499 411 538 226 204
2014-02-15T16:00:00Z 459 423 489 232 171
2014-02-15T17:00:00Z 404 447 466 235 173
2014-02-15T18:00:00Z 387 453 523 243 183
2014-02-15T19:00:00Z 408 444 562 267 179
2014-02-15T20:00:00Z 427 437 559 281 194
2014-02-15T21:00:00Z 457 431 547 282 209
2014-02-15T22:00:00Z 450 438 557 282 204
2014-02-15T23:00:00Z 453 434 626 288 211
2014-02-16T00:00:00Z 467 438 655 270 217
2014-02-16T01:00:00Z 459 434 678 270 211
2014-02-16T02:00:00Z 464 433 679 276 223
2014-02-16T03:00:00Z 470 455 683 268 224
2014-02-16T04:00:00Z 465 453 706 261 215
2014-02-16T05:00:00Z 450 448 674 255 185
2014-02-16T06:00:00Z 452 407 655 241 180
2014-02-16T07:00:00Z 445 405 612 238 164
2014-02-16T15:00:00Z 277 315 444 36 37
2014-02-16T16:00:00Z 245 235 381 34 30
2014-02-16T17:00:00Z 191 258 350 28 26
2014-02-16T18:00:00Z 161 224 367 31 44
2014-02-16T19:00:00Z 171 247 356 43 46
2014-02-16T20:00:00Z 173 288 352 69 52
2014-02-19T23:00:00Z 107 132 179 48 120
2014-02-20T00:00:00Z 109 186 193 51 122
2014-02-20T01:00:00Z 119 201 193 55 114
2014-02-20T02:00:00Z 124 205 186 54 119
2014-02-20T03:00:00Z 123 223 197 60 120
2014-02-20T04:00:00Z 119 218 202 54 116
2014-02-20T05:00:00Z 123 250 206 58 120
2014-02-20T06:00:00Z 134 -1 215 51 128
2014-02-20T07:00:00Z 143 264 223 59 122
2014-02-20T08:00:00Z 134 279 236 61 126
2014-02-20T09:00:00Z 145 265 260 66 143
2014-02-20T10:00:00Z 165 265 261 54 147
2014-02-21T13:00:00Z -1 -1 353 -1 -1
2014-02-21T14:00:00Z 240 274 -1 188 123
2014-02-21T15:00:00Z 231 268 329 184 124
2014-02-21T16:00:00Z 230 263 321 176 110
2014-02-21T17:00:00Z 224 239 332 187 115
2014-02-21T18:00:00Z 226 224 340 197 102
2014-02-21T19:00:00Z 222 234 358 216 104
2014-02-21T20:00:00Z 254 -1 -1 226 132
2014-02-21T21:00:00Z -1 258 383 -1 -1
2014-02-21T22:00:00Z 306 258 370 221 154
2014-02-21T23:00:00Z 310 263 354 223 176
2014-02-22T00:00:00Z 328 251 345 204 162
2014-02-22T01:00:00Z 337 253 350 212 162
2014-02-22T02:00:00Z 345 279 348 211 149
2014-02-22T03:00:00Z 333 287 353 202 129
2014-02-22T04:00:00Z 327 284 339 198 130
2014-02-22T05:00:00Z 355 267 362 198 145
2014-02-22T06:00:00Z 366 265 383 194 148
2014-02-22T07:00:00Z 367 279 382 191 166
2014-02-22T08:00:00Z 356 274 365 197 141
2014-02-22T09:00:00Z 348 266 350 192 143
2014-02-22T19:00:00Z 256 313 358 195 211
2014-02-22T20:00:00Z 229 323 372 195 191
2014-02-22T21:00:00Z 231 326 371 185 174
2014-02-22T22:00:00Z 246 347 388 185 178
2014-02-22T23:00:00Z 240 363 395 186 178
2014-02-23T00:00:00Z 230 349 384 184 182
2014-02-23T01:00:00Z 216 342 380 184 167
2014-02-23T02:00:00Z 199 354 377 178 157
2014-02-23T03:00:00Z 189 313 371 191 157
2014-02-23T04:00:00Z 178 281 384 181 163
2014-02-23T05:00:00Z 184 262 380 180 152
2014-02-23T06:00:00Z 183 234 366 172 156
2014-02-23T07:00:00Z 190 217 372 192 149
2014-02-23T08:00:00Z 187 214 397 173 133
2014-02-23T09:00:00Z 192 208 394 190 145
2014-02-23T10:00:00Z 199 206 352 196 139
2014-02-23T11:00:00Z 194 196 327 195 142
2014-02-23T12:00:00Z 185 185 311 195 141
2014-02-23T13:00:00Z 185 203 312 191 137
2014-02-23T14:00:00Z 183 183 330 210 123
2014-02-23T15:00:00Z 176 190 341 213 121
2014-02-23T16:00:00Z 181 187 344 208 146
2014-02-23T17:00:00Z 188 200 349 215 130
2014-02-23T18:00:00Z 184 200 337 218 118
2014-02-23T19:00:00Z 190 216 322 228 126
2014-02-23T20:00:00Z 199 220 307 225 123
2014-02-23T21:00:00Z 211 219 298 234 122
2014-02-23T22:00:00Z 236 226 303 248 131
2014-02-23T23:00:00Z 252 217 283 251 130
2014-02-24T00:00:00Z 253 215 287 255 140
2014-02-24T01:00:00Z 305 210 289 255 138
2014-02-24T02:00:00Z 334 199 279 252 142
2014-02-24T03:00:00Z 354 198 278 253 149
2014-02-24T04:00:00Z 361 196 280 250 155
2014-02-24T05:00:00Z 359 198 272 253 153
2014-02-24T06:00:00Z 362 208 259 234 155
2014-02-24T07:00:00Z 363 211 252 241 148
2014-02-24T08:00:00Z 308 217 259 250 145
2014-02-24T09:00:00Z 272 216 269 -1 157
2014-02-24T10:00:00Z 230 217 263 271 155
2014-02-24T11:00:00Z 294 216 266 267 176
2014-02-24T12:00:00Z 306 193 285 273 193
2014-02-24T13:00:00Z 308 215 275 272 214
2014-02-24T14:00:00Z 275 234 279 262 211
2014-02-24T23:00:00Z 335 367 355 253 279
2014-02-25T00:00:00Z 348 346 365 241 334
2014-02-25T01:00:00Z 354 414 380 241 328
2014-03-01T23:00:00Z 68 155 141 47 77
2014-03-02T00:00:00Z 64 161 154 48 79
2014-03-02T01:00:00Z 87 167 164 48 75
2014-03-02T02:00:00Z 115 164 174 46 66
2014-03-02T03:00:00Z 150 171 178 43 67
2014-03-02T04:00:00Z 101 183 183 37 60
2014-03-02T05:00:00Z 90 193 174 40 58
2014-03-03T07:00:00Z 134 207 237 33 63
2014-03-03T08:00:00Z 137 185 228 46 48
2014-03-03T09:00:00Z 151 176 230 48 59
2014-03-03T10:00:00Z 147 170 263 49 84
2014-03-03T11:00:00Z 148 184 280 37 55
2014-03-03T12:00:00Z 147 198 282 28 63
2014-03-03T13:00:00Z 168 200 282 27 80
2014-03-03T14:00:00Z 174 200 296 39 74
2014-03-03T15:00:00Z 174 233 292 52 82
2014-03-03T16:00:00Z 168 261 323 93 75
2014-03-03T17:00:00Z 172 274 354 116 68
2014-03-03T18:00:00Z 183 287 374 150 74
2014-03-03T19:00:00Z 181 280 383 175 96
2014-03-03T20:00:00Z -1 -1 -1 -1 -1
2014-03-03T21:00:00Z 192 281 390 164 88
2014-03-03T22:00:00Z 202 268 379 178 91
2014-03-03T23:00:00Z 211 246 368 195 121
2014-03-09T09:00:00Z 98 207 266 55 67
2014-03-10T19:00:00Z 136 162 226 91 37
2014-03-10T20:00:00Z 154 158 237 97 35
2014-03-10T21:00:00Z 187 175 259 112 41
2014-03-10T22:00:00Z 198 168 266 114 51
2014-03-10T23:00:00Z 198 168 272 109 62
2014-03-11T00:00:00Z 197 164 255 119 77
2014-03-11T01:00:00Z 206 166 251 116 91
2014-03-11T02:00:00Z 205 184 257 110 72
2014-03-11T03:00:00Z 215 192 262 105 84
2014-03-11T04:00:00Z 218 206 253 123 101
2014-03-11T05:00:00Z 227 206 263 116 118
2014-03-11T06:00:00Z 230 231 261 110 140
2014-03-11T07:00:00Z 242 232 263 118 160
2014-03-11T08:00:00Z 251 247 278 134 184
2014-03-11T09:00:00Z 268 252 279 148 198
2014-03-11T10:00:00Z 289 269 302 134 199
2014-03-11T11:00:00Z 312 245 301 138 174
2014-03-11T12:00:00Z 308 243 298 161 172
2014-03-11T13:00:00Z 319 195 303 148 164
2014-03-11T14:00:00Z 311 228 315 161 140
2014-03-11T15:00:00Z 310 224 304 140 154
2014-03-15T21:00:00Z 199 155 65 91 88
2014-03-15T22:00:00Z 210 145 87 79 97
2014-03-15T23:00:00Z 192 146 92 77 79
2014-03-16T00:00:00Z 168 172 104 79 55
2014-03-16T17:00:00Z 130 122 176 46 61
2014-03-16T18:00:00Z 147 140 182 60 49
2014-03-16T19:00:00Z 148 143 194 65 56
2014-03-16T20:00:00Z 144 157 203 78 62
2014-03-16T21:00:00Z 142 165 220 85 78
2014-03-16T22:00:00Z 134 184 227 91 78
2014-03-16T23:00:00Z 137 191 231 91 84
2014-03-17T00:00:00Z 124 175 241 103 87
2014-03-17T01:00:00Z 106 172 237 119 91
2014-03-17T02:00:00Z 106 188 236 100 105
2014-03-17T03:00:00Z 102 180 230 92 106
2014-03-17T04:00:00Z 109 186 242 99 106
2014-03-17T05:00:00Z 116 179 245 106 101
2014-03-17T06:00:00Z 128 169 239 104 114
2014-03-17T07:00:00Z 139 172 232 107 114
2014-03-17T08:00:00Z 138 171 230 111 118
2014-03-17T09:00:00Z 145 167 220 128 135
2014-03-17T10:00:00Z 167 159 222 122 149
2014-03-17T11:00:00Z 163 152 218 104 158
2014-03-23T15:00:00Z 148 122 115 50 94
2014-03-23T16:00:00Z 168 130 131 50 111
2014-03-23T17:00:00Z 172 100 135 54 100
2014-03-23T18:00:00Z 153 91 124 75 120
2014-03-23T19:00:00Z 136 105 99 97 129
2014-03-23T20:00:00Z 190 134 105 90 134
2014-03-23T21:00:00Z 214 147 98 125 128
2014-03-23T22:00:00Z 217 140 90 142 151
2014-03-23T23:00:00Z 216 142 80 141 152
2014-03-24T00:00:00Z 214 175 90 130 154
2014-03-24T01:00:00Z 225 169 92 126 150
2014-03-24T02:00:00Z 234 159 108 135 153
2014-03-24T03:00:00Z 240 163 112 132 163
2014-03-24T04:00:00Z 231 156 123 128 158
2014-03-24T05:00:00Z 239 149 130 127 165
2014-03-24T06:00:00Z 220 155 142 129 148
2014-03-24T07:00:00Z 225 176 147 141 155
2014-03-24T08:00:00Z 255 168 140 151 180
2014-03-24T09:00:00Z 251 161 146 157 172
2014-03-24T10:00:00Z 245 165 154 142 176
2014-03-24T11:00:00Z 184 189 158 140 173
2014-03-24T12:00:00Z 176 175 160 133 158
2014-03-24T13:00:00Z 173 181 174 113 158
2014-03-24T23:00:00Z 226 170 94 148 159
2014-03-25T00:00:00Z 239 173 104 151 174
2014-03-25T01:00:00Z 237 160 110 143 148
2014-03-25T02:00:00Z 202 150 122 147 150
2014-03-25T03:00:00Z 178 152 118 150 158
2014-03-25T04:00:00Z 163 153 131 157 162
2014-03-25T05:00:00Z 163 149 137 161 175
2014-03-25T06:00:00Z 162 156 137 157 196
2014-03-25T07:00:00Z 199 200 148 152 185
2014-03-25T08:00:00Z 208 230 150 142 200
2014-03-25T09:00:00Z 225 253 168 130 205
2014-03-25T10:00:00Z 260 255 167 130 223
2014-03-25T11:00:00Z 274 251 176 121 227
2014-03-25T12:00:00Z 279 266 174 124 224
2014-03-25T13:00:00Z -1 -1 -1 -1 -1
2014-03-25T14:00:00Z 185 206 191 117 202
2014-03-25T15:00:00Z -1 -1 -1 -1 -1
2014-03-25T16:00:00Z 117 133 179 39 194
2014-03-25T17:00:00Z 112 137 184 38 180
2014-03-25T18:00:00Z 111 156 181 53 175
2014-03-25T19:00:00Z 123 175 167 81 179
2014-03-25T20:00:00Z 144 153 170 87 173
2014-03-25T21:00:00Z 165 157 171 111 147
2014-03-25T22:00:00Z 169 163 183 115 115
2014-03-25T23:00:00Z 178 179 181 150 95
2014-03-26T00:00:00Z 187 170 186 165 84
2014-03-26T01:00:00Z 213 195 191 155 90
2014-03-26T02:00:00Z 224 204 189 163 84
2014-03-26T03:00:00Z 231 195 197 169 88
2014-03-26T04:00:00Z 276 199 203 166 68
2014-03-26T05:00:00Z 293 202 213 166 75
2014-03-26T06:00:00Z 285 221 217 159 60
2014-03-26T07:00:00Z 261 223 218 150 56
2014-03-26T08:00:00Z 261 221 217 164 61
2014-03-26T09:00:00Z 302 229 226 166 75
2014-03-26T10:00:00Z 288 237 227 157 70
2014-03-26T11:00:00Z 294 247 246 141 69
2014-03-26T12:00:00Z 287 255 258 154 76
2014-03-26T13:00:00Z 259 252 274 157 70
2014-03-26T14:00:00Z -1 -1 -1 -1 -1
2014-03-26T15:00:00Z 201 236 272 118 81
2014-03-26T16:00:00Z 204 243 287 104 136
2014-03-26T17:00:00Z 195 252 261 101 153
2014-03-26T18:00:00Z 223 251 237 84 166
2014-03-26T19:00:00Z 237 281 169 128 184
2014-03-26T20:00:00Z 264 301 147 176 216
2014-03-26T21:00:00Z 263 341 158 214 254
2014-03-26T22:00:00Z 252 255 170 218 267
2014-03-26T23:00:00Z 273 200 168 211 298
2014-03-27T00:00:00Z 235 180 164 212 296
2014-03-27T01:00:00Z 198 213 168 207 308
2014-03-27T02:00:00Z 180 205 179 213 298
2014-03-27T03:00:00Z 180 195 190 191 267
2014-03-27T04:00:00Z 182 212 195 166 208
2014-03-27T05:00:00Z 183 193 201 153 183
2014-03-27T06:00:00Z 202 214 210 106 153
2014-03-27T07:00:00Z 215 288 209 109 154
2014-03-27T08:00:00Z 235 309 213 96 138
2014-03-27T21:00:00Z 121 334 309 143 132
2014-03-27T22:00:00Z 140 261 303 129 154
2014-03-27T23:00:00Z 148 179 294 132 151
2014-03-28T00:00:00Z 154 144 287 139 164
2014-03-28T01:00:00Z 167 141 282 132 167
2014-03-28T02:00:00Z 185 171 272 126 178
2014-03-28T03:00:00Z 197 175 276 123 172
2014-03-28T04:00:00Z 207 170 272 130 160
2014-03-28T05:00:00Z 205 180 264 141 149
2014-03-28T06:00:00Z 213 183 242 146 144
2014-03-28T19:00:00Z 144 84 121 40 94
2014-03-31T03:00:00Z 151 124 133 30 87
2014-03-31T04:00:00Z 170 130 128 29 89
2014-03-31T05:00:00Z 168 140 123 32 64
2014-03-31T06:00:00Z 159 141 97 23 83
2014-03-31T07:00:00Z 159 147 78 27 78
2014-03-31T08:00:00Z 178 153 64 39 71
2014-03-31T09:00:00Z 201 159 56 30 46
2014-04-01T05:00:00Z 157 114 91 77 110
2014-04-01T06:00:00Z 154 123 95 78 120
2014-04-01T07:00:00Z 156 111 102 83 109
2014-04-01T08:00:00Z 126 100 110 87 116
2014-04-13T18:00:00Z 96 186 152 46 50
2014-04-13T19:00:00Z 96 164 153 69 47
2014-04-13T20:00:00Z 106 165 175 73 51
2014-04-13T21:00:00Z 111 177 133 93 48
2014-04-13T22:00:00Z 129 179 122 101 45
2014-04-13T23:00:00Z 164 167 110 100 49
2014-04-14T00:00:00Z 174 169 116 120 53
2014-04-14T01:00:00Z 180 161 114 96 56
2014-04-14T02:00:00Z 184 157 131 95 76
2014-04-14T03:00:00Z 186 145 130 95 96
2014-04-14T04:00:00Z 185 122 130 88 95
2014-04-14T05:00:00Z 192 120 127 99 117
2014-04-14T06:00:00Z 169 121 139 94 131
2014-04-14T07:00:00Z 172 131 145 110 142
2014-04-14T08:00:00Z 167 151 167 108 145
2014-04-14T09:00:00Z 193 138 177 112 140
2014-04-14T10:00:00Z 191 136 198 109 147
2014-04-14T11:00:00Z 177 163 215 103 153
2014-04-14T12:00:00Z 163 154 213 122 141
2014-04-14T13:00:00Z 158 153 193 164 122
2014-04-14T14:00:00Z 155 151 210 158 114
2014-04-14T15:00:00Z 157 172 212 147 127
2014-04-14T16:00:00Z 161 171 139 139 130
2014-04-15T01:00:00Z 41 52 87 143 88
2014-04-15T02:00:00Z 41 64 94 138 98
2014-04-17T22:00:00Z 108 113 -1 49 75
2014-04-17T23:00:00Z 105 121 -1 50 81
2014-04-18T00:00:00Z 97 129 -1 57 64
2014-04-18T01:00:00Z 96 134 -1 74 78
2014-04-18T02:00:00Z 89 120 -1 86 83
2014-04-18T03:00:00Z 85 129 -1 91 86
2014-04-18T04:00:00Z 72 132 -1 97 87
2014-04-18T05:00:00Z 67 143 131 99 72
2014-04-18T06:00:00Z 80 156 134 80 51
2014-04-18T07:00:00Z 94 171 135 93 38
2014-04-18T08:00:00Z 112 175 195 97 38
2014-04-18T09:00:00Z 137 196 -1 76 41
2014-04-23T08:00:00Z 126 135 147 59 93
2014-04-23T09:00:00Z 123 134 174 56 104
2014-04-23T10:00:00Z 137 149 191 40 121
2014-04-23T11:00:00Z 125 157 193 43 98
2014-04-23T12:00:00Z -1 -1 -1 -1 -1
2014-04-23T13:00:00Z 137 137 189 35 73
2014-05-01T03:00:00Z 112 104 181 82 97
2014-05-01T04:00:00Z 122 112 180 84 86
2014-05-01T05:00:00Z 123 107 183 83 93
2014-05-01T06:00:00Z 131 117 187 89 105
2014-05-01T07:00:00Z 140 126 193 88 102
2014-05-01T08:00:00Z 139 133 211 94 113
2014-05-01T09:00:00Z 136 129 202 86 109
2014-05-01T10:00:00Z 120 127 233 84 115
2014-05-01T11:00:00Z 113 131 229 76 112
2014-05-07T02:00:00Z 124 106 110 75 32
2014-05-15T14:00:00Z 57 52 32 8 17
2014-05-15T15:00:00Z 73 46 31 9 16
2014-05-15T16:00:00Z -1 -1 -1 -1 -1
2014-05-15T17:00:00Z 97 47 35 10 11
2014-05-15T18:00:00Z 116 48 38 10 24
2014-05-15T19:00:00Z 79 52 44 12 36
2014-05-20T00:00:00Z 183 121 89 114 44
2014-05-20T01:00:00Z 199 120 79 104 48
2014-05-21T15:00:00Z 102 70 113 23 42
2014-05-21T16:00:00Z -1 -1 -1 -1 -1
2014-05-21T17:00:00Z 109 65 138 15 65
2014-05-21T18:00:00Z 107 52 120 15 69
2014-05-21T19:00:00Z 118 76 98 16 73
2014-05-21T20:00:00Z 123 111 55 14 64
2014-05-21T21:00:00Z 126 136 52 20 53
2014-05-21T22:00:00Z 127 186 55 32 41
2014-05-21T23:00:00Z 126 247 57 47 57
2014-05-22T00:00:00Z 157 235 63 55 56
2014-05-22T01:00:00Z 170 253 78 64 71
2014-05-22T02:00:00Z 176 210 91 65 74
2014-05-22T03:00:00Z 181 198 94 73 80
2014-05-22T04:00:00Z 190 167 103 84 85
2014-05-22T05:00:00Z 193 142 122 88 78
2014-05-22T06:00:00Z 198 132 128 83 78
2014-05-22T07:00:00Z 204 111 125 95 48
2014-05-25T05:00:00Z 93 175 64 38 30
2014-06-16T22:00:00Z 126 141 167 144 143
2014-07-03T00:00:00Z 86 118 184 38 45
2014-07-03T01:00:00Z 103 121 208 40 49
2014-07-03T02:00:00Z 103 124 207 40 54
2014-07-03T03:00:00Z 112 127 197 43 58
2014-07-03T04:00:00Z 124 138 197 61 60
2014-07-04T09:00:00Z 255 135 54 129 52
2014-07-04T10:00:00Z 263 182 59 113 48
2014-07-04T11:00:00Z 277 202 68 112 50
2014-07-04T12:00:00Z 208 198 75 90 50
2014-07-04T13:00:00Z 187 186 -1 65 -1
2014-07-04T14:00:00Z -1 -1 84 -1 52
2014-07-04T15:00:00Z 188 208 69 56 54
2014-07-04T16:00:00Z 185 100 61 33 58
2014-07-04T17:00:00Z 82 48 65 39 61
2014-07-06T00:00:00Z 162 124 177 159 31
2014-07-06T01:00:00Z 160 148 203 163 21
2014-07-06T02:00:00Z 163 153 229 177 22
2014-07-06T03:00:00Z 168 144 247 179 23
2014-07-06T04:00:00Z 176 137 229 178 27
2014-07-06T05:00:00Z 183 158 248 178 26
2014-07-07T09:00:00Z 67 213 266 172 41
2014-07-07T10:00:00Z 79 218 265 172 35
2014-07-07T11:00:00Z 100 202 263 144 29
2014-07-07T12:00:00Z 130 156 255 105 30
2014-07-07T13:00:00Z 155 142 231 117 28
2014-07-07T14:00:00Z 170 137 196 105 28
2014-07-07T15:00:00Z 176 142 172 91 27
2014-07-07T16:00:00Z 182 155 141 98 27
2014-07-07T17:00:00Z 201 131 117 126 24
2014-07-07T18:00:00Z 196 139 102 135 27
2014-07-07T19:00:00Z 203 149 95 161 33
2014-07-07T20:00:00Z 200 156 111 161 33
2014-07-07T21:00:00Z 213 165 119 155 28
2014-07-07T22:00:00Z 195 159 154 156 26
2014-07-07T23:00:00Z 148 162 132 159 32
2014-07-08T00:00:00Z 132 169 141 145 34
2014-07-08T01:00:00Z 124 165 155 138 35
2014-07-08T02:00:00Z 138 168 175 100 30
2014-07-08T03:00:00Z 171 169 192 88 30
2014-07-08T04:00:00Z 200 172 231 99 27
2014-07-17T09:00:00Z 85 66 95 53 44
2014-07-17T10:00:00Z 80 82 95 52 45
2014-07-17T11:00:00Z 81 80 104 45 36
2014-07-17T12:00:00Z 86 82 128 48 48
2014-07-17T13:00:00Z 104 83 156 40 38
2014-07-17T14:00:00Z 109 114 167 49 35
2014-07-17T15:00:00Z 93 141 170 56 40
2014-07-17T16:00:00Z 92 129 176 59 38
2014-07-17T17:00:00Z 98 132 198 61 43
2014-07-17T18:00:00Z 103 117 188 78 54
2014-07-17T19:00:00Z 87 119 154 85 68
2014-07-17T20:00:00Z 81 128 116 124 48
2014-07-17T21:00:00Z 62 127 86 116 64
2014-07-17T22:00:00Z 68 147 77 102 74
2014-07-17T23:00:00Z 73 161 58 110 60
2014-07-18T00:00:00Z 64 156 61 114 73
2014-07-18T01:00:00Z 55 172 70 104 52
2014-07-18T02:00:00Z 57 196 109 98 57
2014-07-18T03:00:00Z 66 192 124 111 47
2014-07-18T04:00:00Z 72 188 126 127 31
2014-07-18T05:00:00Z 85 200 167 117 31
2014-07-18T06:00:00Z 87 237 181 108 31
2014-07-18T07:00:00Z 78 203 179 126 47
2014-07-18T08:00:00Z 70 204 185 115 49
2014-07-18T09:00:00Z 78 180 208 130 56
2014-07-18T10:00:00Z 90 162 236 147 42
2014-07-18T11:00:00Z 109 114 238 127 49
2014-07-18T12:00:00Z 113 125 228 124 47
2014-07-18T13:00:00Z 111 109 210 124 52
2014-07-28T02:00:00Z 94 126 121 103 97
2014-07-28T03:00:00Z 93 126 134 109 104
2014-07-28T04:00:00Z 98 132 139 95 101
2014-07-28T05:00:00Z 92 150 141 96 109
2014-07-28T06:00:00Z 102 154 143 107 110
2014-07-28T07:00:00Z 108 137 138 107 108
2014-07-29T03:00:00Z 165 144 100 106 64
2014-07-29T04:00:00Z 180 142 105 73 62
2014-07-29T05:00:00Z 194 152 114 101 73
2014-07-29T06:00:00Z 190 167 121 98 67
2014-07-30T09:00:00Z 119 79 92 28 29
2014-07-30T10:00:00Z 124 89 82 38 28
2014-07-30T11:00:00Z 76 109 58 37 34
2014-07-30T12:00:00Z 46 107 59 90 23
2014-07-30T13:00:00Z 35 127 63 100 21
2014-07-30T14:00:00Z 38 147 56 114 21
2014-07-30T15:00:00Z 91 132 70 87 19
2014-07-30T16:00:00Z 125 102 83 84 17
2014-07-30T17:00:00Z 121 95 80 85 15
2014-07-30T18:00:00Z 111 90 93 84 17
2014-07-30T19:00:00Z 99 87 93 74 21
2014-07-30T20:00:00Z 124 118 101 64 24
2014-07-30T21:00:00Z 140 120 117 79 22
2014-07-30T22:00:00Z 146 124 107 91 20
2014-07-30T23:00:00Z 142 125 101 97 28
2014-07-31T00:00:00Z 139 121 107 97 38
2014-07-31T01:00:00Z 119 129 121 91 32
2014-07-31T02:00:00Z 108 144 112 88 31
2014-07-31T03:00:00Z 107 150 126 87 35
2014-07-31T04:00:00Z 105 146 117 86 34
2014-07-31T05:00:00Z 99 161 136 87 36
2014-07-31T06:00:00Z 97 170 142 93 35
2014-07-31T07:00:00Z 92 192 138 90 43
2014-07-31T08:00:00Z 109 180 161 92 55
2014-07-31T17:00:00Z -1 -1 -1 -1 -1
2014-07-31T18:00:00Z 117 92 96 67 17
2014-07-31T19:00:00Z 124 85 108 72 19
2014-07-31T20:00:00Z 138 121 114 89 19
2014-07-31T21:00:00Z 137 127 124 88 22
2014-07-31T22:00:00Z 125 141 141 99 24
2014-07-31T23:00:00Z 108 143 144 93 19
2014-08-01T00:00:00Z 101 -1 139 106 21
2014-08-01T01:00:00Z 93 140 144 120 21
2014-08-01T02:00:00Z 73 131 147 110 22
2014-08-01T03:00:00Z 75 132 153 122 23
2014-08-01T04:00:00Z 73 133 161 102 20
2014-08-01T05:00:00Z 76 121 170 118 21
2014-08-01T06:00:00Z 76 154 181 108 22
2014-08-01T07:00:00Z 80 179 197 113 31
2014-08-01T08:00:00Z 105 197 190 114 39
2014-08-01T09:00:00Z 118 179 185 118 35
2014-08-01T10:00:00Z 131 144 177 119 32
2014-08-01T11:00:00Z 136 131 152 106 41
2014-08-01T12:00:00Z 123 123 124 123 31
2014-08-01T13:00:00Z 123 113 109 112 30
2014-08-01T14:00:00Z 117 116 122 78 25
2014-08-01T15:00:00Z 118 107 120 73 29
2014-08-01T16:00:00Z -1 -1 -1 -1 -1
2014-08-01T17:00:00Z 109 90 113 73 24
2014-08-01T18:00:00Z 111 79 104 65 24
2014-08-01T19:00:00Z 105 95 101 81 24
2014-08-01T20:00:00Z 96 108 119 76 23
2014-08-01T21:00:00Z 80 102 124 65 24
2014-08-01T22:00:00Z 60 140 133 78 23
2014-08-01T23:00:00Z 52 148 134 75 24
2014-08-02T00:00:00Z 52 162 149 83 20
2014-08-02T01:00:00Z 58 161 155 92 20
2014-08-02T02:00:00Z 57 172 167 92 18
2014-08-02T03:00:00Z 53 171 170 97 20
2014-08-02T04:00:00Z 51 177 164 87 21
2014-08-02T05:00:00Z 41 171 167 95 23
2014-08-02T06:00:00Z 37 172 172 99 27
2014-08-02T07:00:00Z 35 168 168 101 27
2014-08-02T08:00:00Z 39 170 165 106 27
2014-08-02T09:00:00Z 44 135 159 113 22
2014-08-02T10:00:00Z 54 139 146 93 24
2014-08-02T18:00:00Z 99 111 139 63 31
2014-08-02T19:00:00Z 96 122 149 73 30
2014-08-02T20:00:00Z 100 123 124 76 29
2014-08-02T21:00:00Z 108 138 113 75 33
2014-08-02T22:00:00Z 116 142 125 73 35
2014-08-02T23:00:00Z 121 167 135 83 41
2014-08-03T00:00:00Z 124 161 158 84 50
2014-08-03T01:00:00Z 131 175 168 92 47
2014-08-03T02:00:00Z 141 186 183 86 46
2014-08-03T03:00:00Z 153 178 182 97 43
2014-08-03T04:00:00Z 141 162 185 88 48
2014-08-03T05:00:00Z 102 177 185 93 43
2014-08-03T06:00:00Z 86 210 174 97 46
2014-08-03T07:00:00Z 76 212 181 87 53
2014-08-03T08:00:00Z 87 204 175 80 50
2014-08-03T09:00:00Z 125 196 178 85 42
2014-08-20T04:00:00Z 62 100 96 51 78
2014-08-20T05:00:00Z 72 117 98 56 87
2014-08-20T06:00:00Z 75 126 100 54 85
2014-08-21T02:00:00Z 140 127 122 22 125
2014-08-21T03:00:00Z 138 132 119 26 127
2014-08-21T04:00:00Z 139 134 124 24 119
2014-08-21T05:00:00Z 138 151 131 29 114
2014-08-21T06:00:00Z 142 152 130 29 121
2014-08-21T07:00:00Z 149 167 130 32 113
2014-08-30T03:00:00Z 93 78 87 50 40
2014-08-30T04:00:00Z 110 96 72 60 44
2014-08-30T05:00:00Z 114 77 80 62 31
2014-08-30T06:00:00Z 115 78 96 58 36
2014-08-30T07:00:00Z 126 74 95 61 36
2014-08-30T08:00:00Z 119 71 104 54 37
2014-08-30T09:00:00Z 112 83 112 66 37
2014-08-30T10:00:00Z 102 85 106 66 36
2014-08-30T11:00:00Z 116 106 109 45 33
2014-08-30T12:00:00Z 116 123 117 49 33
2014-08-30T13:00:00Z 102 116 133 49 30
2014-08-30T14:00:00Z 99 121 130 64 28
2014-08-30T15:00:00Z -1 -1 -1 -1 -1
2014-08-30T16:00:00Z 79 132 117 77 19
2014-08-30T17:00:00Z 71 146 99 84 18
2014-09-01T10:00:00Z 107 117 115 62 31
2014-09-05T21:00:00Z 109 80 60 52 20
2014-09-05T22:00:00Z 105 115 59 60 21
2014-09-05T23:00:00Z 109 115 61 74 24
2014-09-06T00:00:00Z 120 99 65 60 26
2014-09-06T01:00:00Z 128 97 62 51 22
2014-09-06T02:00:00Z 130 106 69 67 24
2014-09-06T03:00:00Z 129 115 79 60 21
2014-09-06T04:00:00Z 116 141 95 54 21
2014-09-06T05:00:00Z 100 144 98 56 21
2014-09-06T06:00:00Z 91 137 98 62 28
2014-09-06T07:00:00Z 89 162 106 49 22
2014-09-06T08:00:00Z 87 176 113 59 27
2014-09-06T09:00:00Z 104 164 119 71 27
2014-09-06T10:00:00Z 125 144 129 75 29
2014-09-06T20:00:00Z 118 80 78 65 40
2014-09-06T21:00:00Z 127 87 90 68 36
2014-09-06T22:00:00Z 136 101 87 80 40
2014-09-06T23:00:00Z 128 100 88 77 41
2014-09-07T00:00:00Z 118 120 84 63 48
2014-09-07T01:00:00Z 122 117 95 65 43
2014-09-07T02:00:00Z 131 117 103 72 52
2014-09-07T03:00:00Z 131 128 100 56 51
2014-09-07T04:00:00Z 151 125 107 70 57
2014-09-07T05:00:00Z 158 135 117 55 61
2014-09-07T06:00:00Z 160 131 115 74 80
2014-09-07T07:00:00Z 160 134 124 74 62
2014-09-07T08:00:00Z 151 143 126 76 49
2014-09-20T18:00:00Z 123 123 110 22 51
2014-09-20T19:00:00Z 133 128 132 22 38
2014-09-20T20:00:00Z 142 144 136 29 32
2014-09-20T21:00:00Z 152 170 140 36 32
2014-09-20T22:00:00Z 177 168 138 26 26
2014-09-20T23:00:00Z 163 156 128 24 20
2014-09-21T00:00:00Z 168 166 126 19 14
2014-09-25T09:00:00Z 41 111 130 20 20
2014-09-25T10:00:00Z 46 121 144 24 22
2014-09-25T11:00:00Z 60 125 136 19 18
2014-09-25T12:00:00Z 67 127 116 29 12
2014-09-25T13:00:00Z 69 99 122 32 9
2014-09-25T14:00:00Z 69 74 77 25 7
2014-09-25T15:00:00Z 78 59 69 20 11
2014-09-25T16:00:00Z 83 43 58 15 10
2014-09-25T17:00:00Z 92 44 55 18 10
2014-09-26T13:00:00Z 159 130 117 68 14
2014-09-26T14:00:00Z 166 131 113 66 12
2014-09-26T15:00:00Z 159 127 -1 67 -1
2014-09-26T16:00:00Z -1 -1 113 -1 15
2014-09-26T17:00:00Z 160 169 119 90 30
2014-10-07T14:00:00Z -1 -1 -1 -1 -1
2014-10-07T15:00:00Z 163 213 198 41 90
2014-10-07T16:00:00Z 182 208 241 36 109
2014-10-07T17:00:00Z 184 215 279 38 103
2014-10-07T18:00:00Z 203 219 274 44 103
2014-10-07T19:00:00Z 230 226 269 55 119
2014-10-07T20:00:00Z 269 250 282 82 132
2014-10-07T21:00:00Z 283 281 309 105 126
2014-10-07T22:00:00Z 282 324 325 86 133
2014-10-07T23:00:00Z 295 344 299 79 130
2014-10-08T00:00:00Z 300 340 284 92 131
2014-10-08T01:00:00Z 311 354 270 93 128
2014-10-08T02:00:00Z 330 381 255 83 130
2014-10-08T03:00:00Z 326 385 237 100 127
2014-10-08T04:00:00Z 344 358 226 105 167
2014-10-08T05:00:00Z 331 337 218 98 89
2014-10-08T06:00:00Z 331 335 214 94 118
2014-10-08T07:00:00Z 316 350 208 89 111
2014-10-08T08:00:00Z 317 325 214 94 110
2014-10-08T09:00:00Z 334 317 228 93 110
2014-10-08T10:00:00Z 310 319 278 100 108
2014-10-08T11:00:00Z -1 -1 -1 -1 -1
2014-10-08T12:00:00Z 325 312 289 101 120
2014-10-08T13:00:00Z 315 323 278 105 154
2014-10-08T14:00:00Z 312 345 261 110 115
2014-10-08T15:00:00Z 278 383 289 138 96
2014-10-08T16:00:00Z 226 357 323 149 84
2014-10-08T17:00:00Z 197 322 343 176 112
2014-10-08T18:00:00Z 195 334 365 193 155
2014-10-08T19:00:00Z 208 355 351 209 111
2014-10-08T20:00:00Z 252 411 357 194 114
2014-10-08T21:00:00Z 272 456 369 196 123
2014-10-08T22:00:00Z 297 468 375 211 141
2014-10-08T23:00:00Z 300 481 388 194 140
2014-10-09T00:00:00Z 292 483 387 180 210
2014-10-09T01:00:00Z 287 489 381 201 157
2014-10-09T02:00:00Z 273 479 402 206 162
2014-10-09T03:00:00Z 268 473 408 177 143
2014-10-09T04:00:00Z 240 485 401 182 120
2014-10-09T05:00:00Z 231 470 386 182 113
2014-10-09T06:00:00Z 253 456 370 191 107
2014-10-09T07:00:00Z 245 423 368 185 117
2014-10-09T08:00:00Z 248 418 362 185 183
2014-10-09T09:00:00Z 244 388 348 185 93
2014-10-09T10:00:00Z 266 361 347 195 109
2014-10-09T11:00:00Z 278 385 356 223 160
2014-10-09T12:00:00Z 310 422 374 212 173
2014-10-09T13:00:00Z 313 427 356 225 148
2014-10-09T14:00:00Z 281 403 367 243 130
2014-10-09T15:00:00Z 237 333 382 256 118
2014-10-09T16:00:00Z -1 -1 -1 -1 -1
2014-10-09T17:00:00Z 228 303 396 256 127
2014-10-09T18:00:00Z 201 305 410 246 144
2014-10-09T19:00:00Z 240 314 422 262 153
2014-10-09T20:00:00Z 280 347 442 267 154
2014-10-09T21:00:00Z 284 375 447 266 181
2014-10-09T22:00:00Z 307 404 423 254 186
2014-10-09T23:00:00Z 313 403 392 250 221
2014-10-10T08:00:00Z 277 368 317 196 60
2014-10-10T09:00:00Z 281 356 307 192 68
2014-10-10T10:00:00Z 305 347 311 208 71
2014-10-10T11:00:00Z 300 345 313 222 69
2014-10-10T12:00:00Z 287 345 307 220 111
2014-10-10T13:00:00Z 257 328 316 210 55
2014-10-10T14:00:00Z -1 -1 -1 -1 -1
2014-10-10T15:00:00Z 214 287 284 196 64
2014-10-10T16:00:00Z 217 245 214 201 66
2014-10-10T17:00:00Z 224 209 178 209 67
2014-10-10T18:00:00Z 241 208 159 212 76
2014-10-10T19:00:00Z 251 219 153 226 94
2014-10-10T20:00:00Z 251 248 167 232 86
2014-10-10T21:00:00Z 257 278 189 230 105
2014-10-10T22:00:00Z 264 321 197 227 111
2014-10-10T23:00:00Z 273 355 211 237 114
2014-10-11T00:00:00Z 284 322 224 212 115
2014-10-11T01:00:00Z 279 255 226 219 117
2014-10-11T02:00:00Z 242 268 236 200 115
2014-10-11T03:00:00Z 243 274 237 186 109
2014-10-11T04:00:00Z 221 272 235 160 102
2014-10-11T05:00:00Z 196 275 236 135 109
2014-10-11T06:00:00Z 162 278 232 136 122
2014-10-11T07:00:00Z 137 256 233 113 127
2014-10-11T08:00:00Z 122 235 220 115 119
2014-10-11T09:00:00Z 123 218 223 132 134
2014-10-11T10:00:00Z 149 226 249 133 152
2014-10-11T11:00:00Z 169 235 252 148 165
2014-10-11T12:00:00Z 150 214 246 188 180
2014-10-11T13:00:00Z 142 212 242 199 125
2014-10-17T15:00:00Z -1 -1 -1 -1 -1
2014-10-17T16:00:00Z 106 59 49 45 81
2014-10-17T17:00:00Z 96 71 45 36 84
2014-10-17T18:00:00Z 101 72 48 51 95
2014-10-17T19:00:00Z 131 97 59 73 92
2014-10-17T20:00:00Z 160 133 71 71 107
2014-10-17T21:00:00Z 183 154 72 70 130
2014-10-17T22:00:00Z 221 168 88 67 147
2014-10-18T09:00:00Z 179 142 72 56 103
2014-10-18T10:00:00Z 201 140 79 47 113
2014-10-18T11:00:00Z 223 140 71 60 127
2014-10-18T12:00:00Z 231 124 96 47 134
2014-10-18T13:00:00Z -1 -1 -1 -1 -1
2014-10-18T14:00:00Z 247 143 110 46 174
2014-10-18T15:00:00Z 255 150 135 51 180
2014-10-18T16:00:00Z 272 177 119 50 165
2014-10-18T17:00:00Z 275 227 107 47 174
2014-10-18T18:00:00Z 327 248 110 69 153
2014-10-18T19:00:00Z 366 275 99 83 145
2014-10-18T20:00:00Z 301 327 121 88 187
2014-10-18T21:00:00Z 245 346 117 79 194
2014-10-18T22:00:00Z 223 368 116 90 181
2014-10-18T23:00:00Z 241 370 134 110 199
2014-10-19T00:00:00Z 248 369 161 82 188
2014-10-19T01:00:00Z 282 364 186 96 179
2014-10-19T02:00:00Z 296 354 198 80 151
2014-10-19T03:00:00Z 284 345 187 100 151
2014-10-19T04:00:00Z 236 360 173 91 137
2014-10-19T05:00:00Z 246 359 155 99 128
2014-10-19T06:00:00Z 261 351 141 110 133
2014-10-19T07:00:00Z 270 317 143 110 109
2014-10-19T08:00:00Z 273 348 162 113 103
2014-10-19T09:00:00Z 259 325 177 121 110
2014-10-19T10:00:00Z 227 200 190 133 76
2014-10-19T11:00:00Z 202 161 209 114 59
2014-10-19T12:00:00Z 177 182 232 137 46
2014-10-19T13:00:00Z 175 199 250 148 42
2014-10-23T13:00:00Z 121 -1 241 110 94
2014-10-23T14:00:00Z -1 140 -1 -1 -1
2014-10-23T15:00:00Z 156 164 239 125 128
2014-10-23T16:00:00Z 176 175 265 110 142
2014-10-23T17:00:00Z 223 192 291 127 165
2014-10-24T02:00:00Z 296 305 320 123 166
2014-10-24T03:00:00Z 288 298 300 141 160
2014-10-24T04:00:00Z 283 283 288 133 179
2014-10-24T05:00:00Z 265 256 278 133 182
2014-10-24T06:00:00Z 246 219 263 145 168
2014-10-24T07:00:00Z 244 216 -1 137 -1
2014-10-24T08:00:00Z 214 206 258 148 179
2014-10-24T09:00:00Z 193 196 274 146 173
2014-10-24T10:00:00Z 202 193 324 139 148
2014-10-24T11:00:00Z 222 200 358 152 139
2014-10-24T12:00:00Z 256 240 381 154 145
2014-10-24T13:00:00Z 285 278 433 159 148
2014-10-24T14:00:00Z 296 291 442 147 140
2014-10-24T15:00:00Z 288 303 446 145 142
2014-10-24T16:00:00Z 288 322 420 165 132
2014-10-24T17:00:00Z 293 345 385 169 137
2014-10-24T18:00:00Z 297 358 300 166 130
2014-10-24T19:00:00Z 304 370 299 170 145
2014-10-24T20:00:00Z 317 384 288 192 144
2014-10-24T21:00:00Z 324 396 307 185 160
2014-10-24T22:00:00Z -1 -1 338 -1 157
2014-10-24T23:00:00Z 310 386 -1 173 -1
2014-10-25T00:00:00Z 296 384 328 167 168
2014-10-25T01:00:00Z 283 362 318 166 178
2014-10-25T02:00:00Z 275 344 313 157 176
2014-10-25T03:00:00Z 267 327 296 156 192
2014-10-25T04:00:00Z 253 300 263 146 161
2014-10-25T05:00:00Z 248 285 226 158 170
2014-10-25T06:00:00Z 252 286 208 141 180
2014-10-25T07:00:00Z 242 280 208 152 183
2014-10-25T08:00:00Z 236 272 219 152 177
2014-10-25T09:00:00Z 237 262 237 173 151
2014-10-25T10:00:00Z 262 285 283 166 150
2014-10-25T11:00:00Z 323 328 -1 161 151
2014-10-25T12:00:00Z 368 -1 339 188 138
2014-10-25T13:00:00Z -1 327 -1 -1 -1
2014-10-25T14:00:00Z 391 343 345 197 133
2014-10-25T15:00:00Z -1 -1 -1 -1 -1
2014-10-25T16:00:00Z -1 -1 -1 -1 -1
2014-10-25T17:00:00Z 390 362 239 163 161
2014-10-25T18:00:00Z 345 364 225 200 164
2014-10-29T16:00:00Z 105 110 163 70 78
2014-10-29T17:00:00Z 109 108 165 64 57
2014-10-29T18:00:00Z 117 115 161 77 58
2014-10-29T19:00:00Z 146 125 174 92 66
2014-10-29T20:00:00Z 169 150 184 109 94
2014-10-29T21:00:00Z 180 175 184 113 129
2014-10-29T22:00:00Z 170 202 186 119 140
2014-10-29T23:00:00Z 171 200 182 108 144
2014-10-30T00:00:00Z -1 -1 -1 -1 -1
2014-10-30T01:00:00Z 183 155 175 96 138
2014-10-30T02:00:00Z 181 152 175 87 158
2014-10-30T03:00:00Z 178 158 174 88 164
2014-10-30T04:00:00Z 174 151 173 91 161
2014-10-30T05:00:00Z 183 153 177 94 163
2014-10-30T06:00:00Z 179 161 177 100 145
