2014-01-04T11:00:00Z 121 264 179 69 80
2014-01-04T10:00:00Z 113 210 170 65 81
2014-01-04T09:00:00Z 102 191 143 54 77
2014-01-04T08:00:00Z 79 182 121 48 70
2014-01-04T07:00:00Z 54 170 120 46 52
2014-01-04T06:00:00Z 68 156 104 44 56
2014-01-06T11:00:00Z 169 136 301 87 105
2014-01-06T10:00:00Z 165 137 268 79 140
2014-01-06T09:00:00Z 154 118 254 64 151
2014-01-06T08:00:00Z 143 122 263 63 142
2014-01-06T07:00:00Z 135 117 291 63 117
2014-01-06T06:00:00Z 132 117 290 65 107
2014-01-14T21:00:00Z 158 302 319 60 131
2014-01-14T20:00:00Z 169 278 272 68 100
2014-01-14T19:00:00Z 142 217 282 35 71
2014-01-14T18:00:00Z 124 142 264 16 72
2014-01-14T17:00:00Z 125 103 226 13 63
2014-01-22T16:00:00Z 151 175 197 38 116
2014-01-22T15:00:00Z 179 158 208 38 113
2014-01-22T14:00:00Z 190 146 209 32 112
2014-01-22T13:00:00Z 164 160 204 38 107
2014-01-22T12:00:00Z 181 176 222 40 99
2014-01-22T11:00:00Z 119 168 247 49 87
2014-01-29T11:00:00Z 125 176 260 85 79
2014-01-29T10:00:00Z 91 267 283 97 71
2014-01-29T09:00:00Z 70 307 281 80 61
2014-01-29T08:00:00Z 69 308 288 84 60
2014-01-29T07:00:00Z 67 285 274 84 60
2014-01-29T06:00:00Z 61 233 284 78 46
2014-01-30T18:00:00Z 21 119 122 20 30
2014-01-30T17:00:00Z 11 93 113 15 31
2014-01-30T16:00:00Z 13 97 94 11 31
2014-01-30T15:00:00Z 12 74 92 6 31
2014-01-30T14:00:00Z 17 88 90 7 35
2014-01-30T13:00:00Z 16 95 136 8 35
2014-01-31T16:00:00Z 120 85 136 52 60
2014-01-31T15:00:00Z 114 73 144 46 64
2014-01-31T14:00:00Z 135 86 164 60 84
2014-01-31T13:00:00Z 148 122 177 110 82
2014-01-31T12:00:00Z 158 180 185 147 77
2014-01-31T11:00:00Z 163 211 201 171 91
2014-02-05T22:00:00Z 137 137 106 98 27
2014-02-05T21:00:00Z 88 137 102 90 19
2014-02-05T20:00:00Z 72 115 101 68 20
2014-02-05T19:00:00Z 59 93 106 56 21
2014-02-05T18:00:00Z 61 94 103 42 21
2014-02-05T17:00:00Z 54 78 113 35 20
2014-02-11T14:00:00Z 125 125 -1 39 96
2014-02-11T13:00:00Z 246 151 184 40 93
2014-02-11T12:00:00Z 300 186 173 43 111
2014-02-11T11:00:00Z 230 196 163 45 91
2014-02-11T10:00:00Z 195 163 99 60 107
2014-02-11T09:00:00Z 173 170 96 67 85
2014-02-12T16:00:00Z 161 219 332 11 96
2014-02-12T15:00:00Z 194 222 328 11 114
2014-02-12T14:00:00Z 212 225 320 15 97
2014-02-12T13:00:00Z 221 226 307 19 95
2014-02-12T12:00:00Z 213 211 314 28 101
2014-02-12T11:00:00Z 200 207 308 51 115
2014-02-19T22:00:00Z 116 122 173 54 91
2014-02-19T21:00:00Z 135 105 170 44 74
2014-02-19T20:00:00Z 130 78 142 47 85
2014-02-19T19:00:00Z 117 59 128 21 88
2014-02-19T18:00:00Z 104 42 128 16 88
2014-02-19T17:00:00Z 90 39 133 15 83
2014-03-01T22:00:00Z 59 141 133 49 80
2014-03-01T21:00:00Z 55 138 102 48 61
2014-03-01T20:00:00Z 45 115 93 38 63
2014-03-01T19:00:00Z 22 85 84 14 49
2014-03-01T18:00:00Z 11 70 80 8 43
2014-03-01T17:00:00Z 10 56 73 8 41
2014-03-16T16:00:00Z 128 128 169 40 65
2014-03-16T15:00:00Z 119 109 160 34 55
2014-03-16T14:00:00Z 111 98 142 30 54
2014-03-16T13:00:00Z 100 113 145 30 58
2014-03-16T12:00:00Z 92 118 145 36 40
2014-03-16T11:00:00Z 91 104 141 46 32
2014-03-27T20:00:00Z 117 315 301 149 89
2014-03-27T19:00:00Z 109 311 333 137 52
2014-03-27T18:00:00Z 90 261 394 139 40
2014-03-27T17:00:00Z 95 238 373 129 33
2014-03-28T18:00:00Z 158 91 125 41 89
2014-03-28T17:00:00Z 151 104 123 33 64
2014-03-28T16:00:00Z 123 107 138 36 57
2014-03-28T15:00:00Z -1 -1 -1 -1 -1
2014-03-28T14:00:00Z 77 136 154 47 53
2014-03-28T13:00:00Z 90 151 164 55 41
2014-03-31T02:00:00Z 135 122 141 31 88
2014-03-31T01:00:00Z 124 126 135 27 95
2014-03-31T00:00:00Z 125 108 126 32 107
2014-03-30T23:00:00Z 120 89 125 28 92
2014-03-30T22:00:00Z 88 69 115 30 77
2014-03-30T21:00:00Z 45 49 107 28 87
2014-04-17T21:00:00Z 91 104 -1 51 72
2014-04-17T20:00:00Z 77 105 -1 57 52
2014-04-17T19:00:00Z 76 95 -1 39 47
2014-04-17T18:00:00Z 81 83 -1 35 41
2014-04-17T17:00:00Z 77 78 -1 31 39
2014-04-17T16:00:00Z 74 81 -1 26 43
2014-04-23T07:00:00Z 116 129 140 61 64
2014-04-23T06:00:00Z 102 125 140 53 80
2014-04-23T05:00:00Z 95 121 135 49 76
2014-04-23T04:00:00Z 75 103 137 50 68
2014-04-23T03:00:00Z 63 97 132 46 74
2014-04-23T02:00:00Z 58 85 122 47 80
2014-05-01T02:00:00Z 103 103 176 84 87
2014-05-01T01:00:00Z 94 101 169 93 83
2014-05-01T00:00:00Z -1 -1 -1 81 -1
2014-04-30T23:00:00Z 89 110 155 99 86
2014-04-30T22:00:00Z 85 106 149 79 72
2014-04-30T21:00:00Z 68 92 131 76 65
2014-05-15T13:00:00Z 45 49 34 10 20
2014-05-15T12:00:00Z 52 48 32 11 21
2014-05-15T11:00:00Z 62 40 33 16 38
2014-05-15T10:00:00Z 57 42 38 20 66
2014-05-15T09:00:00Z 64 45 40 27 66
2014-05-15T08:00:00Z 73 60 45 35 47
2014-05-18T17:00:00Z 107 165 150 26 54
2014-05-18T16:00:00Z 92 144 183 23 57
2014-05-18T15:00:00Z 74 117 163 27 53
2014-05-18T14:00:00Z 71 111 135 29 42
2014-05-18T13:00:00Z 72 81 112 30 35
2014-05-18T12:00:00Z -1 -1 -1 -1 -1
2014-05-21T14:00:00Z 121 96 120 24 44
2014-05-21T13:00:00Z 127 83 121 33 44
2014-05-21T12:00:00Z -1 -1 -1 -1 -1
2014-05-21T11:00:00Z 136 109 129 34 55
2014-05-21T10:00:00Z 123 174 136 27 61
2014-05-21T09:00:00Z 114 162 161 17 57
2014-05-25T04:00:00Z 92 162 132 35 20
2014-05-25T03:00:00Z 89 153 141 41 19
2014-05-25T02:00:00Z 82 136 150 42 22
2014-05-25T01:00:00Z 70 126 157 36 18
2014-05-25T00:00:00Z 70 140 159 26 14
2014-05-24T23:00:00Z 75 135 159 24 28
2014-06-16T21:00:00Z 119 107 130 152 142
2014-06-16T20:00:00Z 114 81 125 178 124
2014-06-16T19:00:00Z 114 86 121 158 119
2014-06-16T18:00:00Z 115 79 120 131 143
2014-06-16T17:00:00Z 102 96 131 111 146
2014-07-28T01:00:00Z 90 114 109 100 85
2014-07-28T00:00:00Z 82 114 96 93 93
2014-07-27T23:00:00Z 75 106 83 91 80
2014-07-27T22:00:00Z 74 96 78 92 77
2014-07-27T21:00:00Z 71 98 80 87 94
2014-07-27T20:00:00Z 65 79 69 72 115
2014-07-30T08:00:00Z 139 78 91 31 25
2014-07-30T07:00:00Z 149 68 111 27 23
2014-07-30T06:00:00Z 123 63 109 28 27
2014-07-30T05:00:00Z 89 72 98 41 21
2014-07-30T04:00:00Z 66 62 127 96 21
2014-07-30T03:00:00Z 46 53 123 117 18
2014-08-20T03:00:00Z 61 92 94 50 81
2014-08-20T02:00:00Z 63 66 89 56 88
2014-08-20T01:00:00Z 59 67 77 59 73
2014-08-20T00:00:00Z 64 64 73 53 95
2014-08-19T23:00:00Z 65 62 64 59 82
2014-08-19T22:00:00Z 66 65 60 56 105
2014-08-21T01:00:00Z 127 113 105 23 117
2014-08-21T00:00:00Z 116 97 99 35 117
2014-08-20T23:00:00Z 116 97 77 24 94
2014-08-20T22:00:00Z 113 91 69 34 56
2014-08-20T21:00:00Z 85 81 58 65 39
2014-08-20T20:00:00Z 70 81 57 71 56
2014-08-30T02:00:00Z 96 79 80 57 32
2014-08-30T01:00:00Z 102 76 78 47 37
2014-08-30T00:00:00Z 102 74 80 49 37
2014-08-29T23:00:00Z 96 79 84 49 34
2014-08-29T22:00:00Z 88 81 75 42 34
2014-08-29T21:00:00Z 83 67 77 41 31
2014-09-01T09:00:00Z 95 126 107 63 33
2014-09-01T08:00:00Z 86 126 107 66 32
2014-09-01T07:00:00Z 82 117 104 46 30
2014-09-01T06:00:00Z 81 131 105 54 26
2014-09-01T05:00:00Z 82 151 102 58 29
2014-09-01T04:00:00Z 86 136 101 48 24
2014-09-05T20:00:00Z 104 67 55 54 23
2014-09-05T19:00:00Z 105 55 81 44 17
2014-09-05T18:00:00Z 98 63 89 38 12
2014-09-05T17:00:00Z 83 58 108 39 10
2014-09-05T16:00:00Z 88 83 124 34 10
2014-09-05T15:00:00Z 74 91 111 31 10
2014-09-25T08:00:00Z 56 84 125 24 30
2014-09-25T07:00:00Z 54 84 108 22 33
2014-09-25T06:00:00Z -1 -1 -1 -1 -1
2014-09-25T05:00:00Z 50 83 104 24 29
2014-09-25T04:00:00Z 59 91 103 16 34
2014-09-25T03:00:00Z 44 114 97 18 38
2014-10-07T13:00:00Z 140 198 156 26 140
2014-10-07T12:00:00Z 138 185 160 26 76
2014-10-07T11:00:00Z 150 197 171 28 50
2014-10-07T10:00:00Z 137 180 188 34 43
2014-10-17T14:00:00Z 125 68 69 40 77
2014-10-17T13:00:00Z 133 85 91 43 78
2014-10-17T12:00:00Z 143 83 92 48 84
2014-10-17T11:00:00Z 148 99 111 53 82
2014-10-17T10:00:00Z 134 102 111 60 69
2014-10-17T09:00:00Z 128 107 98 73 59
2014-10-18T08:00:00Z 189 142 66 60 100
2014-10-18T07:00:00Z 206 124 61 58 106
2014-10-18T06:00:00Z -1 -1 -1 -1 120
2014-10-18T05:00:00Z 239 194 61 64 136
2014-10-29T15:00:00Z 107 103 161 67 84
2014-10-29T14:00:00Z 110 96 157 57 83
2014-10-29T13:00:00Z 112 96 160 74 63
2014-10-29T12:00:00Z -1 -1 -1 -1 -1
2014-10-29T11:00:00Z 169 103 159 78 89
2014-10-29T10:00:00Z 141 96 165 90 108
