2013-12-26T10:00:00Z 12 41 25 10 14
2013-12-26T09:00:00Z 15 31 26 10 19
2013-12-26T08:00:00Z 14 30 22 11 19
2013-12-26T07:00:00Z 11 26 21 10 20
2013-12-26T06:00:00Z 8 17 21 7 16
2013-12-26T05:00:00Z 10 30 21 10 20
2014-01-03T01:00:00Z 240 411 254 98 141
2014-01-03T00:00:00Z 252 384 304 108 126
2014-01-02T23:00:00Z 242 375 281 115 122
2014-01-02T22:00:00Z 258 307 265 116 108
2014-01-02T21:00:00Z 259 297 259 129 97
2014-01-02T20:00:00Z 203 253 252 128 83
2014-01-06T03:00:00Z 144 140 311 70 100
2014-01-06T02:00:00Z 142 115 305 71 104
2014-01-06T01:00:00Z 134 127 279 77 102
2014-01-06T00:00:00Z 131 145 267 79 114
2014-01-05T23:00:00Z 129 189 237 77 119
2014-01-11T05:00:00Z 280 342 255 59 84
2014-01-11T04:00:00Z 274 351 270 58 118
2014-01-11T03:00:00Z 258 328 321 64 136
2014-01-11T02:00:00Z 255 313 346 64 135
2014-01-11T01:00:00Z 246 318 344 71 125
2014-01-11T00:00:00Z 262 357 316 78 122
2014-01-11T23:00:00Z 471 542 502 66 305
2014-01-11T22:00:00Z 464 520 472 74 295
2014-01-11T21:00:00Z 460 448 430 100 302
2014-01-11T20:00:00Z 419 402 480 88 307
2014-01-11T19:00:00Z 378 393 463 77 297
2014-01-11T18:00:00Z 330 344 383 71 259
2014-01-15T07:00:00Z 261 321 281 50 119
2014-01-15T06:00:00Z 237 313 290 54 111
2014-01-15T05:00:00Z 229 344 288 61 109
2014-01-15T04:00:00Z 226 328 298 60 129
2014-01-15T03:00:00Z 203 324 353 55 130
2014-01-15T02:00:00Z 166 336 360 53 121
2014-01-24T15:00:00Z 161 228 286 141 187
2014-01-24T14:00:00Z 246 227 276 167 180
2014-01-24T13:00:00Z 253 225 280 170 174
2014-01-24T12:00:00Z 256 217 300 175 177
2014-01-24T11:00:00Z 252 234 329 164 186
2014-01-24T10:00:00Z 280 245 345 163 167
2014-01-30T03:00:00Z 244 223 182 121 157
2014-01-30T02:00:00Z 273 242 195 151 159
2014-01-30T01:00:00Z 292 224 196 158 154
2014-01-30T00:00:00Z 289 194 192 146 154
2014-01-29T23:00:00Z 297 204 210 145 157
2014-01-29T22:00:00Z 297 206 243 143 155
2014-01-31T07:00:00Z 122 241 211 174 48
2014-01-31T06:00:00Z 218 169 221 195 52
2014-01-31T05:00:00Z 258 213 230 243 57
2014-01-31T04:00:00Z 204 282 232 300 71
2014-01-31T03:00:00Z 175 320 244 448 134
2014-01-31T02:00:00Z 298 348 299 428 238
2014-02-02T09:00:00Z 173 212 192 122 106
2014-02-02T08:00:00Z 173 197 189 114 107
2014-02-02T07:00:00Z -1 -1 -1 -1 -1
2014-02-02T06:00:00Z 130 193 169 116 104
2014-02-02T05:00:00Z 96 189 170 141 97
2014-02-02T04:00:00Z 82 189 182 125 107
2014-02-12T09:00:00Z 210 235 296 71 118
2014-02-12T08:00:00Z 207 243 263 75 113
2014-02-12T07:00:00Z 190 267 263 64 116
2014-02-12T06:00:00Z 217 261 267 56 128
2014-02-12T05:00:00Z 222 220 276 74 135
2014-02-12T04:00:00Z 223 226 284 66 150
2014-02-17T02:00:00Z 127 244 286 56 52
2014-02-17T01:00:00Z 146 244 285 62 57
2014-02-17T00:00:00Z 132 253 308 76 54
2014-02-16T23:00:00Z 140 250 309 70 53
2014-02-16T22:00:00Z 167 264 316 63 53
2014-02-16T21:00:00Z 172 269 315 71 54
2014-03-04T05:00:00Z 169 207 262 99 125
2014-03-04T04:00:00Z 192 218 259 115 131
2014-03-04T03:00:00Z 207 237 298 145 133
2014-03-04T02:00:00Z 214 240 331 158 130
2014-03-04T01:00:00Z 209 225 325 167 122
2014-03-04T00:00:00Z 215 227 343 172 136
2014-03-14T00:00:00Z 41 48 83 48 50
2014-03-13T23:00:00Z 46 84 80 61 38
2014-03-13T22:00:00Z 44 79 60 45 38
2014-03-13T21:00:00Z 43 49 55 35 34
2014-03-16T06:00:00Z 120 151 152 55 29
2014-03-16T05:00:00Z 129 176 149 47 32
2014-03-16T04:00:00Z 142 195 155 58 31
2014-03-16T03:00:00Z 147 196 154 65 41
2014-03-16T02:00:00Z 154 180 138 74 42
2014-03-16T01:00:00Z 166 192 113 77 40
2014-03-17T17:00:00Z 27 236 107 34 161
2014-03-17T16:00:00Z 37 212 112 37 172
2014-03-17T15:00:00Z 44 197 119 45 177
2014-03-17T14:00:00Z 79 198 179 47 181
2014-03-17T13:00:00Z -1 -1 -1 -1 -1
2014-03-17T12:00:00Z 161 159 239 112 152
2014-03-28T12:00:00Z 148 180 142 62 43
2014-03-28T11:00:00Z 147 187 172 93 71
2014-03-28T10:00:00Z 208 170 231 129 63
2014-03-28T09:00:00Z 210 162 235 151 126
2014-03-28T08:00:00Z 215 170 226 146 104
2014-03-28T07:00:00Z 218 162 232 150 122
2014-03-29T01:00:00Z 187 143 191 44 94
2014-03-29T00:00:00Z 192 140 181 39 92
2014-03-28T23:00:00Z 188 125 177 40 86
2014-03-28T22:00:00Z 200 115 160 49 68
2014-03-28T21:00:00Z 206 108 136 64 64
2014-03-28T20:00:00Z 180 90 126 56 75
2014-04-01T14:00:00Z 106 62 72 37 133
2014-04-01T13:00:00Z 141 91 92 56 173
2014-04-01T12:00:00Z 211 97 83 71 168
2014-04-01T11:00:00Z 217 104 94 72 140
2014-04-01T10:00:00Z 205 113 106 78 138
2014-04-01T09:00:00Z 179 96 117 84 123
2014-04-02T10:00:00Z 110 152 190 68 193
2014-04-02T09:00:00Z 124 141 176 83 199
2014-04-02T08:00:00Z 113 132 158 69 194
2014-04-02T07:00:00Z 109 134 154 68 184
2014-04-02T20:00:00Z 56 120 158 23 41
2014-04-02T19:00:00Z 75 139 174 17 39
2014-04-02T18:00:00Z 101 134 193 15 37
2014-04-02T17:00:00Z 141 128 179 12 30
2014-04-15T08:00:00Z 89 111 114 19 17
2014-04-15T07:00:00Z 81 82 108 29 19
2014-04-15T06:00:00Z 65 82 103 26 60
2014-04-15T05:00:00Z 59 74 91 31 99
2014-04-15T04:00:00Z 51 73 94 98 122
2014-04-15T03:00:00Z 44 70 93 141 117
2014-04-23T19:00:00Z 62 65 67 111 96
2014-04-23T18:00:00Z 70 64 65 101 108
2014-04-23T17:00:00Z 92 71 64 65 141
2014-04-23T16:00:00Z 105 97 72 40 120
2014-04-23T15:00:00Z 138 118 102 39 112
2014-04-23T14:00:00Z 138 122 153 38 74
2014-04-25T21:00:00Z 90 112 63 92 51
2014-04-25T20:00:00Z 96 86 65 82 48
2014-04-25T19:00:00Z 114 63 82 68 44
2014-04-25T18:00:00Z 102 59 72 55 55
2014-04-25T17:00:00Z 103 66 58 61 49
2014-05-01T17:00:00Z 103 121 212 54 93
2014-05-01T16:00:00Z 106 100 270 48 82
2014-05-01T15:00:00Z 105 102 273 61 81
2014-05-01T14:00:00Z 111 131 250 65 81
2014-05-01T13:00:00Z 111 144 251 81 93
2014-05-01T12:00:00Z 114 137 254 78 111
2014-05-07T08:00:00Z 129 131 131 86 47
2014-05-07T07:00:00Z 134 152 125 86 42
2014-05-07T06:00:00Z 130 122 127 80 41
2014-05-07T05:00:00Z 134 120 119 69 39
2014-05-07T04:00:00Z 122 117 116 72 34
2014-05-07T03:00:00Z 125 104 112 67 33
2014-05-16T07:00:00Z 80 79 46 37 58
2014-05-16T06:00:00Z 66 95 45 44 63
2014-05-16T05:00:00Z 63 92 43 36 51
2014-05-16T04:00:00Z 72 89 44 31 53
2014-05-16T03:00:00Z 77 78 44 30 66
2014-05-18T23:00:00Z 92 97 105 45 40
2014-05-18T22:00:00Z 97 93 111 69 50
2014-05-18T21:00:00Z 102 98 107 78 52
2014-05-18T20:00:00Z 118 96 113 73 53
2014-05-18T19:00:00Z 136 103 97 43 52
2014-05-18T18:00:00Z 130 130 103 33 60
2014-05-20T07:00:00Z 277 140 111 62 66
2014-05-20T06:00:00Z 242 116 104 75 56
2014-05-20T05:00:00Z 208 119 96 90 57
2014-05-20T04:00:00Z 234 127 101 95 57
2014-05-20T03:00:00Z 215 119 104 104 50
2014-05-20T02:00:00Z 209 132 89 121 45
2014-05-21T01:00:00Z 136 102 183 29 77
2014-05-21T00:00:00Z 115 87 180 57 87
2014-05-20T23:00:00Z 106 84 151 53 71
2014-05-20T22:00:00Z 102 85 124 33 55
2014-05-22T13:00:00Z 69 85 98 80 38
2014-05-22T12:00:00Z -1 -1 -1 -1 -1
2014-05-22T11:00:00Z 166 130 137 100 34
2014-05-22T10:00:00Z 207 137 138 81 38
2014-05-22T09:00:00Z 225 117 122 89 34
2014-05-22T08:00:00Z 220 106 118 102 43
2014-05-25T11:00:00Z 143 72 66 110 53
2014-05-25T10:00:00Z 151 60 68 64 42
2014-05-25T09:00:00Z 134 68 72 55 21
2014-05-25T08:00:00Z 122 68 71 44 27
2014-05-25T07:00:00Z 116 146 74 40 30
2014-05-25T06:00:00Z 101 161 63 39 25
2014-06-17T04:00:00Z -1 -1 -1 -1 -1
2014-06-17T03:00:00Z 116 157 158 158 125
2014-06-17T02:00:00Z 126 150 157 146 122
2014-06-17T01:00:00Z 143 183 152 122 109
2014-06-17T00:00:00Z 202 172 147 128 116
2014-06-16T23:00:00Z 188 159 176 122 138
2014-06-17T16:00:00Z 133 68 204 18 52
2014-06-17T15:00:00Z 130 106 216 22 62
2014-06-17T14:00:00Z 112 142 221 33 95
2014-06-17T13:00:00Z 105 141 224 30 104
2014-07-05T11:00:00Z 89 53 75 170 33
2014-07-05T10:00:00Z 83 61 84 186 38
2014-07-05T09:00:00Z 87 74 108 174 41
2014-07-05T08:00:00Z 84 99 103 139 54
2014-07-05T07:00:00Z 74 133 123 145 61
2014-07-18T19:00:00Z 57 68 49 117 81
2014-07-18T18:00:00Z 63 62 62 115 83
2014-07-18T17:00:00Z -1 -1 -1 -1 -1
2014-07-18T16:00:00Z 78 82 90 117 69
2014-07-18T15:00:00Z 83 101 126 118 66
2014-07-18T14:00:00Z 95 114 155 124 52
2014-07-29T12:00:00Z 103 123 145 102 41
2014-07-29T11:00:00Z 116 147 152 115 36
2014-07-29T10:00:00Z -1 -1 -1 -1 -1
2014-07-29T09:00:00Z 191 167 132 109 67
2014-07-29T08:00:00Z 200 172 127 127 68
2014-07-29T07:00:00Z 193 170 122 125 77
2014-08-03T15:00:00Z 128 141 168 51 29
2014-08-03T14:00:00Z 132 126 177 63 33
2014-08-03T13:00:00Z 131 137 156 52 35
2014-08-03T12:00:00Z -1 -1 -1 -1 -1
2014-08-03T11:00:00Z 134 175 165 56 39
2014-08-03T10:00:00Z 143 181 171 63 36
2014-08-09T12:00:00Z -1 -1 -1 -1 -1
2014-08-09T11:00:00Z 64 118 81 77 36
2014-08-09T10:00:00Z 86 124 91 55 39
2014-08-09T09:00:00Z 109 157 95 58 33
2014-08-09T08:00:00Z -1 -1 -1 -1 -1
2014-08-19T11:00:00Z 89 96 71 24 48
2014-08-19T10:00:00Z 74 130 84 30 58
2014-08-19T09:00:00Z 72 118 93 39 56
2014-08-19T08:00:00Z 65 120 85 50 53
2014-08-20T18:00:00Z 79 77 60 62 51
2014-08-20T17:00:00Z 87 68 75 52 47
2014-08-20T16:00:00Z 96 92 89 55 43
2014-08-20T15:00:00Z 87 109 106 53 39
2014-08-20T14:00:00Z 81 88 95 52 33
2014-08-21T21:00:00Z 119 190 58 28 66
2014-08-21T20:00:00Z 118 226 75 37 77
2014-08-21T19:00:00Z 107 192 92 35 85
2014-08-21T18:00:00Z 96 183 156 40 63
2014-08-21T17:00:00Z 86 186 176 46 55
2014-08-21T16:00:00Z 91 169 149 45 73
2014-08-23T22:00:00Z 143 150 114 36 68
2014-08-23T21:00:00Z 147 142 114 26 69
2014-08-23T20:00:00Z 133 140 97 28 65
2014-08-23T19:00:00Z 127 129 89 28 68
2014-08-30T23:00:00Z 79 161 84 76 34
2014-08-30T22:00:00Z 61 155 85 76 27
2014-08-30T21:00:00Z 60 165 82 78 38
2014-08-30T20:00:00Z 96 163 73 92 23
2014-08-30T19:00:00Z 82 142 77 77 19
2014-08-30T18:00:00Z 75 125 94 98 17
2014-09-07T22:00:00Z 112 250 113 99 81
2014-09-07T21:00:00Z 110 243 92 93 65
2014-09-07T20:00:00Z 96 225 74 86 71
2014-09-07T19:00:00Z 83 176 82 64 59
2014-09-21T06:00:00Z 83 190 140 24 19
2014-09-21T05:00:00Z 121 182 148 21 14
2014-09-21T04:00:00Z 112 156 148 20 13
2014-09-21T03:00:00Z 130 160 147 20 16
2014-09-21T02:00:00Z 151 158 143 24 15
2014-09-21T01:00:00Z -1 -1 -1 -1 -1
2014-09-25T23:00:00Z 55 104 60 59 46
2014-09-25T22:00:00Z 58 99 56 61 32
2014-09-25T21:00:00Z 61 98 59 46 20
2014-09-25T20:00:00Z 107 66 52 40 20
2014-09-25T19:00:00Z 85 56 53 34 12
2014-09-25T18:00:00Z 87 51 57 24 12
2014-09-26T23:00:00Z 162 165 141 113 48
2014-09-26T22:00:00Z 176 179 147 98 45
2014-09-26T21:00:00Z 199 202 143 103 66
2014-09-26T20:00:00Z 194 204 133 112 81
2014-09-26T19:00:00Z 177 192 127 117 74
2014-09-26T18:00:00Z 167 181 128 96 44
2014-10-11T19:00:00Z 195 209 222 39 95
2014-10-11T18:00:00Z 177 211 242 73 107
2014-10-11T17:00:00Z 159 212 212 124 121
2014-10-11T16:00:00Z -1 -1 -1 -1 -1
2014-10-11T15:00:00Z 136 205 238 180 135
2014-10-11T14:00:00Z 135 207 237 213 106
2014-10-20T23:00:00Z 55 243 231 26 14
2014-10-20T22:00:00Z 71 236 228 31 14
2014-10-20T21:00:00Z 136 245 78 30 16
2014-10-20T20:00:00Z 224 264 206 29 18
