2013-06-11T22:00:00 276 19 12 48 41 10 79 7 23 8 20
2013-06-11T21:00:00 282 24 14 49 48 10 122 10 37 9 24
2013-06-11T20:00:00 282 22 14 54 49 8 167 10 53 12 34
2013-06-11T19:00:00 289 23 17 57 50 7 215 10 65 11 40
2013-06-11T18:00:00 305 24 19 56 47 9 234 10 75 13 54
2013-06-11T17:00:00 317 24 20 53 41 14 251 10 79 16 62
2013-06-11T16:00:00 338 27 22 53 36 12 248 7 82 20 67
2013-06-11T15:00:00 340 22 18 50 28 11 208 4 67 18 66
2013-06-11T14:00:00 345 20 15 43 21 11 156 3 51 16 61
2013-06-11T13:00:00 338 19 12 33 15 10 102 2 40 14 56
2013-06-11T12:00:00 319 15 7 19 10 7 77 1 30 11 38
2013-06-11T11:00:00 283 13 5 11 7 2 48 0 18 8 23
2013-07-27T11:00:00 243 10 9 6 5 2 31 0 16 11 19
2013-07-27T12:00:00 272 10 10 15 9 3 55 0 20 11 24
2013-07-27T13:00:00 275 12 11 23 15 5 74 1 26 12 35
2013-07-27T14:00:00 271 14 12 24 17 5 85 2 23 11 37
2013-07-27T15:00:00 266 16 10 27 23 6 96 4 29 8 39
2013-07-27T16:00:00 257 16 8 28 26 6 102 4 28 6 39
2013-11-20T21:00:00 91 11 22 10 7 3 18 0 4 2 11
2013-11-20T20:00:00 86 13 23 12 7 3 20 0 3 1 11
2013-11-20T19:00:00 89 12 27 14 9 3 18 1 2 2 12
2013-11-20T18:00:00 88 11 24 12 9 4 17 3 2 2 12
2013-11-20T17:00:00 94 11 22 9 8 4 16 3 3 3 13
2013-11-20T16:00:00 107 13 20 8 5 3 13 3 3 3 15
2013-11-20T15:00:00 112 13 25 7 6 3 16 3 4 3 14
2013-11-20T14:00:00 117 9 26 4 5 3 16 3 4 3 15
2013-11-20T13:00:00 121 8 21 2 4 2 13 2 4 2 14
2013-11-20T12:00:00 111 5 19 1 3 1 12 0 4 1 11
2013-11-20T11:00:00 92 4 17 3 2 1 9 0 3 0 9
2013-11-20T10:00:00 69 2 15 2 2 1 8 0 2 0 4
2013-11-26T05:00:00 33 10 11 0 1 2 8 0 3 0 2
2013-11-26T04:00:00 43 12 19 2 2 3 9 0 3 1 6
2013-11-26T03:00:00 56 15 21 2 3 4 12 0 5 2 7
2013-11-26T02:00:00 73 16 23 5 4 4 17 0 6 2 10
2013-11-26T01:00:00 79 18 27 6 5 4 19 0 5 2 11
2013-11-26T00:00:00 87 18 27 7 7 4 19 0 6 2 13
2013-11-25T23:00:00 82 17 26 10 7 4 18 0 5 2 12
2013-11-25T22:00:00 76 14 20 10 6 3 17 0 6 1 10
2013-11-25T21:00:00 71 13 20 10 6 1 18 0 5 0 12
2013-11-25T20:00:00 76 9 22 8 6 2 15 0 4 0 12
2013-11-25T19:00:00 83 5 17 8 5 2 14 0 4 0 15
2013-11-25T18:00:00 81 5 13 8 3 2 13 0 5 0 13
2013-12-01T05:00:00 30 3 9 3 0 3 8 1 4 0 6
2013-12-01T04:00:00 38 8 8 4 1 4 10 2 9 0 8
2013-12-01T03:00:00 47 15 9 8 1 6 12 2 11 1 10
2013-12-01T02:00:00 65 18 10 13 2 11 17 2 14 2 13
2013-12-01T01:00:00 88 20 12 16 5 11 22 3 15 3 14
2013-12-01T00:00:00 94 23 14 23 7 12 22 2 12 4 15
2013-11-30T23:00:00 112 26 14 24 9 11 28 2 12 5 15
2013-11-30T22:00:00 120 22 18 25 10 10 40 1 12 8 17
2013-11-30T21:00:00 132 17 17 28 11 8 59 1 13 8 18
2013-11-30T20:00:00 143 16 19 28 12 4 77 1 14 9 21
2013-11-30T19:00:00 147 16 21 32 10 4 86 1 18 9 27
2013-11-30T18:00:00 160 14 18 35 9 4 94 2 23 9 25
2013-12-04T23:00:00 64 8 22 10 6 1 7 0 5 1 5
2013-12-04T22:00:00 74 11 16 9 8 2 6 0 6 0 5
2013-12-04T21:00:00 72 14 21 8 10 2 5 1 7 0 6
2013-12-04T20:00:00 76 13 26 8 12 3 8 1 9 3 6
2013-12-04T19:00:00 77 13 31 7 10 2 15 1 6 3 10
2013-12-04T18:00:00 75 12 31 5 11 2 19 1 7 4 12
2013-12-04T17:00:00 73 11 33 6 9 3 21 1 5 5 15
2013-12-04T16:00:00 65 7 35 6 7 2 23 1 5 5 15
2013-12-04T15:00:00 69 4 33 7 5 4 25 1 7 5 14
2013-12-04T14:00:00 71 4 26 7 3 3 23 1 5 2 11
2013-12-08T17:00:00 167 3 12 12 11 7 50 2 13 9 16
2013-12-08T16:00:00 158 2 9 9 10 7 52 2 13 8 14
2013-12-08T15:00:00 159 6 13 9 12 8 47 1 14 6 15
2013-12-08T14:00:00 163 12 12 9 8 7 46 1 18 5 13
2013-12-08T13:00:00 158 13 13 4 5 4 36 1 18 5 17
2013-12-08T12:00:00 129 14 12 3 4 3 30 0 18 4 14
2013-12-08T11:00:00 103 14 9 3 3 2 20 0 15 3 12
2013-12-08T10:00:00 85 13 7 3 3 1 11 0 10 2 12
2013-12-08T09:00:00 60 10 2 3 0 0 5 0 7 1 9
2013-12-08T08:00:00 33 3 1 1 0 0 0 0 3 1 9
2013-12-24T08:00:00 20 1 0 1 0 0 2 0 0 1 5
2013-12-24T09:00:00 33 6 2 1 0 0 3 0 0 3 7
2013-12-24T10:00:00 45 6 7 2 0 0 3 1 1 3 7
2013-12-24T11:00:00 58 8 16 3 0 1 7 1 2 3 8
2013-12-24T12:00:00 77 12 24 3 0 1 7 1 3 3 8
2013-12-24T13:00:00 87 15 30 4 2 3 14 1 3 4 7
2013-12-24T14:00:00 98 15 34 4 2 3 16 2 3 4 6
2013-12-24T17:00:00 124 12 25 3 3 3 15 1 6 4 7
2013-12-24T18:00:00 124 11 23 4 6 3 18 1 6 4 7
2013-12-24T19:00:00 129 11 24 4 9 3 14 1 7 3 10
2013-12-26T06:00:00 9 3 6 0 0 0 3 1 0 0 1
2013-12-26T05:00:00 13 4 18 0 0 2 5 3 0 1 2
2013-12-26T04:00:00 25 8 22 0 0 3 6 2 0 3 5
2013-12-26T03:00:00 36 8 24 0 3 4 7 2 2 3 5
2013-12-26T02:00:00 56 10 35 2 4 5 7 2 2 4 7
2013-12-26T01:00:00 71 14 42 5 6 6 8 3 3 4 8
2013-12-26T00:00:00 86 12 46 9 6 6 9 3 3 4 11
2013-12-25T23:00:00 95 13 38 9 6 6 13 1 3 3 11
2013-12-25T22:00:00 98 9 34 9 8 6 16 1 3 1 8
2013-12-25T21:00:00 107 9 38 9 7 6 16 3 1 1 10
2013-12-25T20:00:00 107 9 32 8 9 8 19 3 2 0 12
2013-12-25T19:00:00 104 9 28 6 10 7 20 3 1 0 12
2013-12-29T07:00:00 24 3 8 0 4 1 10 1 2 0 4
2013-12-29T06:00:00 23 4 8 2 6 0 9 0 1 0 2
2013-12-29T05:00:00 29 7 8 2 6 0 11 0 1 1 5
2013-12-29T04:00:00 40 12 13 5 6 0 12 0 1 1 7
2013-12-29T03:00:00 55 13 18 6 6 0 16 0 3 1 14
2013-12-29T02:00:00 83 19 26 11 7 1 20 3 7 2 16
2013-12-29T01:00:00 94 18 24 15 7 3 17 3 9 2 14
2013-12-29T00:00:00 103 20 24 16 8 4 20 3 10 2 17
2013-12-28T23:00:00 110 20 26 22 9 5 25 3 10 1 15
2013-12-28T22:00:00 139 16 24 20 10 7 28 3 10 2 16
2013-12-28T21:00:00 145 16 21 22 11 7 30 3 10 2 17
2013-12-28T20:00:00 134 11 17 20 11 8 35 0 8 1 19
2013-12-31T21:00:00 174 10 22 18 8 2 21 2 10 3 13
2013-12-31T20:00:00 168 10 21 15 10 4 20 3 10 3 9
2013-12-31T19:00:00 160 7 19 9 11 3 16 3 9 3 11
2013-12-31T18:00:00 152 8 17 7 9 4 15 3 7 6 11
2013-12-31T17:00:00 152 6 17 9 9 4 14 3 7 5 9
2013-12-31T16:00:00 150 5 19 8 8 4 14 1 4 5 7
2013-12-31T15:00:00 141 6 21 7 9 4 16 2 4 5 8
2013-12-31T14:00:00 135 5 24 5 6 2 16 1 4 4 10
2013-12-31T13:00:00 131 4 24 6 5 1 13 1 4 6 8
2013-12-31T12:00:00 115 3 21 7 3 0 13 1 4 3 7
2014-01-02T22:00:00 94 8 22 12 8 3 11 3 7 1 7
2014-01-02T23:00:00 87 7 21 12 8 4 12 2 7 3 7
2014-01-03T00:00:00 94 9 22 9 7 3 10 0 5 4 8
2014-01-03T01:00:00 88 10 23 8 4 3 10 0 5 4 7
2014-01-03T02:00:00 77 10 23 7 4 3 10 0 3 4 3
2014-01-03T03:00:00 62 7 17 5 3 3 7 0 2 3 4
2014-01-03T04:00:00 49 6 13 2 2 1 4 0 0 3 3
2014-01-03T05:00:00 32 4 10 0 1 0 3 0 0 1 4
2014-01-03T06:00:00 18 2 7 0 2 0 1 0 0 0 2
2014-01-03T07:00:00 20 2 3 1 1 0 1 0 0 0 2
2014-01-12T11:00:00 114 8 5 2 1 2 13 3 4 1 5
2014-01-12T12:00:00 137 9 9 3 3 2 16 3 5 2 9
2014-01-12T13:00:00 155 14 8 6 5 3 19 3 8 2 11
2014-01-12T14:00:00 155 15 10 9 7 4 21 2 9 3 15
2014-01-12T15:00:00 156 15 14 16 9 6 17 2 12 3 16
2014-01-12T16:00:00 164 17 17 16 12 7 18 1 12 5 19
2014-01-12T17:00:00 174 12 17 19 15 6 18 1 16 6 19
2014-01-12T18:00:00 173 13 15 20 15 7 17 1 17 6 16
2014-01-17T07:00:00 29 7 4 0 1 0 4 0 1 0 1
2014-01-17T08:00:00 47 6 2 0 1 0 1 0 1 1 2
2014-01-17T09:00:00 64 7 4 0 1 2 2 0 1 1 5
2014-01-17T10:00:00 85 7 4 1 2 2 2 0 1 1 6
2014-01-17T11:00:00 105 9 11 2 2 2 5 0 1 1 10
2014-01-17T12:00:00 122 11 10 2 2 4 9 0 1 2 11
2014-01-17T13:00:00 133 14 15 3 1 5 13 0 0 2 11
2014-01-17T14:00:00 131 15 17 3 1 5 14 1 0 2 12
2014-01-17T15:00:00 134 17 15 5 2 5 20 1 1 2 13
2014-01-17T16:00:00 137 16 14 5 2 5 24 2 1 2 13
2014-01-17T17:00:00 133 16 7 9 2 5 24 3 2 3 11
2014-01-17T18:00:00 129 16 9 13 4 3 23 3 2 2 11
2014-01-19T18:00:00 147 13 5 11 13 3 20 2 13 3 11
2014-01-19T17:00:00 154 8 4 11 15 3 28 2 12 4 12
2014-01-19T16:00:00 173 9 6 11 18 1 30 2 11 3 11
2014-01-19T15:00:00 168 11 6 10 16 1 30 3 12 2 12
2014-01-19T14:00:00 160 12 7 8 13 1 29 3 5 1 9
2014-01-19T13:00:00 173 15 8 7 10 0 27 2 3 1 10
2014-01-19T12:00:00 165 12 5 4 7 0 24 1 2 1 8
2014-01-19T11:00:00 136 11 5 2 5 0 16 1 2 0 6
2014-01-19T10:00:00 100 8 3 1 2 0 11 1 1 0 6
2014-01-29T23:00:00 143 15 4 4 12 3 10 1 5 1 13
2014-01-29T22:00:00 149 13 2 5 14 3 10 1 5 1 12
2014-01-29T21:00:00 157 10 3 5 15 2 10 1 6 1 12
2014-01-29T20:00:00 156 7 2 5 12 2 8 1 7 1 9
2014-01-29T19:00:00 153 8 2 6 15 4 7 0 6 1 10
2014-01-29T18:00:00 154 6 2 6 14 4 6 0 6 1 8
2014-01-29T17:00:00 163 7 2 8 12 4 8 0 6 1 7
2014-01-29T16:00:00 168 6 2 7 10 4 8 0 6 2 9
2014-01-29T15:00:00 163 8 0 7 8 3 8 0 4 3 8
2014-01-29T14:00:00 170 12 1 7 7 3 8 0 3 3 6
2014-01-29T13:00:00 171 11 1 6 3 1 8 0 3 3 6
2014-01-29T12:00:00 145 10 1 4 2 0 7 0 3 3 5
2014-02-01T21:00:00 146 8 5 12 11 9 71 2 19 2 19
2014-02-01T20:00:00 151 12 5 12 14 12 83 3 23 2 20
2014-02-01T19:00:00 157 15 6 14 16 13 93 3 35 7 23
2014-02-01T18:00:00 148 18 5 15 20 12 101 3 38 8 22
2014-02-01T17:00:00 147 19 5 15 18 11 101 3 42 8 23
2014-02-01T16:00:00 144 19 4 13 16 7 98 3 36 9 21
2014-02-01T15:00:00 144 16 3 13 16 6 76 2 31 9 18
2014-02-01T14:00:00 133 11 4 11 11 2 57 1 27 8 15
2014-02-01T13:00:00 123 7 3 7 9 1 44 1 15 2 11
2014-02-01T12:00:00 118 4 3 3 3 1 30 0 9 1 6
2014-02-01T11:00:00 101 2 2 1 3 0 22 0 3 1 5
2014-02-01T10:00:00 79 2 2 1 2 0 14 0 3 0 2
2014-02-19T21:00:00 100 11 3 6 6 3 12 1 5 0 2
2014-02-19T20:00:00 97 13 6 6 5 3 12 1 4 0 2
2014-02-19T19:00:00 102 9 6 6 5 3 15 1 3 1 3
2014-02-19T18:00:00 98 11 8 5 5 2 9 1 3 1 2
2014-02-19T17:00:00 98 9 8 5 2 2 10 1 4 1 2
2014-02-19T16:00:00 105 8 7 5 2 2 11 1 3 1 4
2014-02-19T15:00:00 101 9 7 4 2 2 14 2 2 1 6
2014-02-19T14:00:00 102 9 5 3 2 3 14 2 2 1 6
2014-02-19T13:00:00 99 9 5 3 0 2 12 2 2 2 5
2014-02-19T12:00:00 88 7 3 1 1 2 10 2 1 2 6
2014-02-19T11:00:00 82 6 3 1 1 2 9 2 0 2 7
2014-02-19T10:00:00 62 6 2 1 1 2 7 2 0 2 5
2014-03-18T01:00:00 63 12 22 10 2 4 12 1 4 1 15
2014-03-18T02:00:00 58 12 20 8 1 4 10 1 4 1 9
2014-03-18T03:00:00 40 13 19 8 1 2 8 1 3 1 6
2014-03-18T04:00:00 34 11 13 6 1 2 3 1 3 0 4
2014-03-18T05:00:00 26 6 9 4 0 1 2 1 2 0 1
2014-03-18T06:00:00 18 4 6 2 0 1 1 0 1 0 1
2014-03-18T07:00:00 21 2 3 1 1 1 0 2 0 1 0
2014-03-30T15:00:00 135 18 15 11 9 3 62 3 36 7 25
2014-03-30T16:00:00 146 17 18 10 9 6 70 3 37 8 28
2014-03-30T17:00:00 150 19 20 10 9 7 74 4 34 7 27
2014-03-30T18:00:00 138 19 23 10 11 8 66 4 30 6 28
2014-03-30T19:00:00 135 19 27 8 11 8 60 4 23 5 23
2014-03-30T20:00:00 138 16 25 8 12 7 45 3 17 4 19
2014-04-05T05:00:00 33 7 9 1 1 0 13 1 0 1 6
2014-04-05T06:00:00 26 2 6 0 1 0 6 1 0 0 2
2014-04-05T07:00:00 33 3 2 1 0 1 5 0 2 1 3
2014-04-05T08:00:00 62 2 1 2 0 3 10 0 7 1 3
2014-04-05T09:00:00 88 3 4 3 0 3 16 1 15 1 8
2014-04-05T10:00:00 109 7 4 4 0 5 24 1 17 2 15
2014-04-17T08:00:00 29 4 4 2 0 1 4 1 0 0 7
2014-04-17T07:00:00 14 4 3 2 0 1 2 1 0 0 4
2014-04-17T06:00:00 11 5 9 2 0 1 3 1 0 0 4
2014-04-17T05:00:00 18 7 17 4 0 0 7 1 1 0 6
2014-04-17T04:00:00 25 14 23 4 2 0 9 1 2 0 12
2014-04-17T03:00:00 40 15 26 6 2 0 11 0 3 0 12
2014-04-17T02:00:00 71 16 28 7 2 0 14 0 3 0 11
2014-04-17T01:00:00 93 18 31 8 2 1 17 0 3 1 9
2014-04-17T00:00:00 103 19 32 10 5 2 24 0 4 1 8
2014-04-16T23:00:00 110 16 28 7 5 2 23 0 3 2 7
2014-04-16T22:00:00 116 9 24 6 3 2 22 1 2 2 2
2014-04-16T21:00:00 113 9 22 4 3 2 25 1 3 2 4
2014-05-01T04:00:00 63 13 11 7 1 3 19 1 5 2 3
2014-05-01T05:00:00 43 9 6 6 1 1 17 2 5 3 2
2014-05-01T06:00:00 26 4 3 4 1 0 12 1 3 5 3
2014-05-01T07:00:00 36 2 4 3 1 0 7 2 3 4 3
2014-05-01T08:00:00 56 2 5 1 1 0 6 4 5 3 5
2014-05-01T09:00:00 75 4 3 0 2 0 18 4 6 3 7
2014-05-01T10:00:00 95 5 4 2 3 1 29 4 9 6 9
2014-05-02T10:00:00 71 7 4 3 3 4 17 0 7 1 9
2014-05-02T11:00:00 92 12 7 5 3 5 30 0 12 4 9
2014-05-02T14:00:00 135 22 9 19 8 9 90 4 25 8 18
2014-05-08T01:00:00 67 13 28 4 1 2 17 2 4 0 6
2014-05-08T02:00:00 55 10 26 3 0 2 14 1 3 0 5
2014-05-08T03:00:00 45 7 22 3 0 1 10 1 3 0 4
2014-05-08T04:00:00 27 5 17 3 0 1 8 1 3 0 1
2014-05-08T05:00:00 18 5 11 1 0 1 4 0 2 0 1
2014-05-08T06:00:00 11 3 3 0 0 0 2 0 1 0 1
2014-05-08T07:00:00 9 3 1 0 0 0 0 0 1 0 2
2014-05-14T06:00:00 23 6 3 0 1 1 1 0 0 0 0
2014-05-14T07:00:00 26 6 2 1 0 0 1 0 0 0 0
2014-05-14T08:00:00 26 4 2 2 0 1 1 0 0 0 1
2014-05-14T09:00:00 45 3 4 2 0 2 4 0 0 0 2
2014-05-14T10:00:00 55 5 5 3 1 2 6 0 0 1 3
2014-05-14T11:00:00 62 6 12 4 1 2 6 0 1 2 5
2014-05-14T12:00:00 67 8 14 5 2 2 9 1 1 3 5
2014-05-21T10:00:00 65 2 4 1 2 3 8 0 4 3 6
2014-05-21T09:00:00 53 2 3 0 2 2 7 0 4 2 5
2014-05-21T08:00:00 35 2 4 0 2 2 3 0 1 2 0
2014-05-21T07:00:00 17 1 5 0 2 3 5 0 1 1 1
2014-05-21T06:00:00 17 2 10 1 3 3 5 1 2 1 1
2014-05-21T05:00:00 28 7 18 2 4 4 7 1 2 1 5
2014-05-21T04:00:00 36 10 21 4 4 4 10 1 3 2 9
2014-05-21T03:00:00 54 10 23 6 6 4 18 2 3 2 11
2014-05-21T02:00:00 70 11 25 9 5 4 21 2 3 3 15
2014-05-21T01:00:00 87 11 28 11 5 2 22 2 3 3 15
2014-05-21T00:00:00 94 10 28 13 7 2 26 1 2 5 16
2014-05-25T05:00:00 28 9 14 3 0 0 14 1 2 3 6
2014-05-25T06:00:00 20 10 11 3 0 0 11 1 2 3 6
2014-05-25T07:00:00 25 7 9 1 0 0 10 1 2 1 3
2014-05-25T08:00:00 45 8 8 1 0 0 11 1 3 1 4
2014-05-25T09:00:00 60 7 10 1 0 1 14 1 6 3 7
2014-05-25T10:00:00 85 8 11 2 0 2 15 0 9 4 7
2014-05-25T11:00:00 103 9 12 2 0 3 16 1 10 4 7
2014-05-25T12:00:00 124 9 12 1 1 4 22 1 15 4 9
2014-05-25T20:00:00 122 14 23 5 10 5 37 1 11 4 18
2014-05-25T21:00:00 121 16 27 7 9 5 29 1 9 4 18
2014-05-25T22:00:00 123 17 25 6 7 6 25 1 9 4 17
2014-05-25T23:00:00 112 15 33 6 6 4 24 1 6 4 14
2014-05-26T00:00:00 104 14 35 7 5 5 22 0 7 3 12
2014-05-26T01:00:00 91 11 29 5 4 5 20 0 5 2 13
2014-05-26T02:00:00 77 11 25 4 3 4 18 1 5 3 12
2014-05-26T03:00:00 57 9 19 2 2 4 15 1 5 2 8
2014-05-26T04:00:00 37 7 18 3 2 3 14 1 3 1 7
2014-05-26T05:00:00 23 5 9 3 0 3 6 1 3 1 5
2014-05-26T13:00:00 110 2 16 3 2 2 18 2 5 5 7
2014-05-26T14:00:00 102 3 20 3 3 3 22 2 5 5 7
2014-05-26T15:00:00 93 5 22 4 4 3 25 2 8 4 8
2014-05-29T05:00:00 27 2 16 1 0 1 2 0 2 0 4
2014-05-29T06:00:00 27 2 12 1 0 1 1 0 1 0 4
2014-05-29T07:00:00 29 3 4 1 1 0 3 0 0 0 2
2014-05-29T08:00:00 49 2 3 0 1 0 5 0 1 0 2
2014-05-29T11:00:00 96 4 12 0 1 0 16 2 5 2 4
2014-05-29T12:00:00 106 4 15 1 1 0 19 3 5 2 3
2014-06-29T03:00:00 68 13 27 6 3 4 30 2 6 3 10
2014-06-29T04:00:00 51 11 28 5 2 2 22 1 6 3 8
2014-06-29T05:00:00 34 5 21 1 2 2 16 0 5 1 8
2014-06-29T06:00:00 27 3 18 0 2 1 11 0 1 1 4
2014-06-29T07:00:00 29 2 14 1 1 1 8 0 1 1 4
2014-06-29T08:00:00 40 2 10 1 1 1 9 0 5 0 4
2014-06-29T09:00:00 61 4 10 1 0 1 8 0 5 2 5
2014-06-29T10:00:00 76 6 14 2 1 2 16 0 7 3 9
2014-06-29T11:00:00 88 9 13 3 2 2 24 0 10 6 12
2014-06-29T12:00:00 107 10 17 5 4 4 38 0 12 6 13
2014-07-03T01:00:00 90 16 39 4 7 5 19 3 7 4 17
2014-07-03T02:00:00 83 14 37 2 6 4 16 3 4 3 16
2014-07-03T03:00:00 72 13 33 1 4 3 11 3 4 3 12
2014-07-03T04:00:00 46 12 29 1 2 3 7 1 4 3 10
2014-07-03T05:00:00 29 8 21 1 2 1 7 0 4 3 6
2014-07-03T06:00:00 21 6 16 1 1 0 6 0 2 2 3
2014-07-10T17:00:00 128 13 9 9 2 6 28 4 8 2 16
2014-07-10T16:00:00 138 11 9 9 3 7 27 4 4 4 15
2014-07-10T15:00:00 135 10 6 7 3 7 25 4 2 4 14
2014-07-10T14:00:00 139 9 6 6 3 7 24 4 2 4 11
2014-07-10T13:00:00 143 10 7 5 2 6 21 6 4 7 11
2014-07-10T12:00:00 135 9 10 6 1 4 19 5 5 7 11
2014-07-10T11:00:00 122 7 12 4 1 2 16 4 5 7 8
2014-07-10T10:00:00 92 6 13 3 1 1 15 4 5 5 6
2014-07-10T09:00:00 71 5 13 2 1 0 12 4 5 3 4
2014-07-10T08:00:00 49 5 14 1 1 0 9 4 6 3 3
2014-07-10T07:00:00 27 5 15 1 1 0 8 1 3 0 2
2014-07-10T06:00:00 18 6 13 0 2 0 6 1 4 0 1
2014-07-12T00:00:00 143 15 10 18 8 4 35 2 13 7 18
2014-07-12T01:00:00 131 14 13 14 8 5 36 2 11 7 19
2014-07-12T02:00:00 123 17 15 10 7 5 32 2 11 6 20
2014-07-12T03:00:00 107 15 17 7 6 4 23 2 9 6 18
2014-07-12T04:00:00 92 12 15 6 0 4 16 1 9 5 14
2014-07-12T05:00:00 71 8 12 3 0 3 10 0 6 3 10
2014-07-12T06:00:00 48 5 10 1 0 3 7 1 1 1 5
2014-07-12T07:00:00 44 7 6 1 0 1 8 1 1 0 4
2014-08-25T19:00:00 149 7 7 6 13 2 28 2 10 3 15
2014-08-25T20:00:00 150 9 7 10 11 2 32 2 10 4 12
2014-08-25T21:00:00 158 10 7 11 11 1 26 2 9 4 22
2014-08-25T22:00:00 162 12 7 12 8 1 27 2 8 5 26
2014-08-25T23:00:00 146 17 6 12 9 1 31 0 9 5 25
2014-08-26T00:00:00 144 18 10 13 8 2 27 0 9 3 22
2014-08-26T01:00:00 122 19 12 12 6 1 28 0 10 2 21
2014-09-04T02:00:00 78 12 11 6 3 4 15 2 4 1 19
2014-09-04T03:00:00 62 11 7 4 3 4 13 1 4 1 14
2014-09-04T04:00:00 43 9 5 3 2 3 7 1 3 1 12
2014-09-04T05:00:00 33 5 3 2 2 2 7 1 3 1 8
2014-09-04T06:00:00 21 2 1 1 2 2 5 0 2 0 5
2014-09-04T13:00:00 105 8 5 8 5 4 20 5 4 2 10
2014-09-04T14:00:00 109 10 7 11 5 3 20 6 7 4 13
2014-09-04T15:00:00 105 11 8 11 5 4 23 7 7 3 13
2014-09-04T18:00:00 105 12 13 12 3 2 20 4 6 5 14
2014-09-04T19:00:00 102 8 13 9 6 1 19 3 4 4 15
2014-09-04T20:00:00 93 7 11 10 6 2 21 2 3 2 14
2014-09-04T21:00:00 93 10 11 12 6 1 21 1 5 3 12
2014-09-04T22:00:00 84 11 14 12 6 2 22 1 6 2 10
2014-09-04T23:00:00 90 13 13 9 5 3 24 2 5 1 13
2014-10-15T08:00:00 29 2 6 3 0 0 6 1 4 0 4
2014-10-15T09:00:00 43 2 11 3 1 2 9 1 5 1 8
2014-10-15T10:00:00 50 4 14 3 2 3 9 1 6 1 10
2014-10-15T11:00:00 64 5 19 3 3 3 16 1 6 1 11
2014-10-15T12:00:00 72 5 24 3 3 4 17 1 7 3 12
2014-10-15T13:00:00 76 5 26 5 3 4 25 1 6 3 14
2014-10-15T14:00:00 73 7 28 5 3 4 25 1 5 3 16
2014-10-15T15:00:00 73 10 25 5 4 4 27 1 5 2 15
2014-10-15T16:00:00 75 9 30 6 4 4 30 2 5 3 15
2014-10-15T17:00:00 76 11 28 8 6 4 26 2 8 4 12
2014-10-15T23:00:00 89 15 27 19 2 7 31 1 5 3 13
2014-10-16T00:00:00 88 14 34 18 2 5 31 2 4 3 15
2014-10-16T01:00:00 76 13 37 15 3 6 25 2 4 3 13
2014-10-16T02:00:00 61 12 36 14 4 5 24 2 5 4 13
2014-10-16T03:00:00 51 10 35 8 3 2 17 1 5 3 9
2014-10-16T04:00:00 34 8 29 5 3 2 10 3 4 3 9
2014-10-21T02:00:00 68 10 16 6 4 2 17 2 4 6 7
2014-10-21T03:00:00 53 6 14 5 3 2 18 1 3 5 8
2014-10-21T04:00:00 37 3 8 5 3 2 14 1 3 3 5
2014-10-21T05:00:00 26 1 4 3 2 1 9 1 2 3 5
2014-10-21T06:00:00 15 2 0 3 1 0 6 1 1 1 3
2014-10-21T07:00:00 12 2 0 3 1 2 5 1 1 1 3
2014-10-21T08:00:00 25 4 2 5 1 2 5 1 3 2 3
2014-11-06T04:00:00 40 7 12 1 5 2 6 0 3 3 8
2014-11-06T03:00:00 55 12 15 2 5 2 13 0 6 3 10
2014-11-06T02:00:00 70 10 19 4 6 4 16 0 7 5 13
2014-11-06T01:00:00 80 10 24 6 7 3 17 0 9 5 13
2014-11-06T00:00:00 86 11 29 6 6 3 20 0 9 6 11
2014-11-05T23:00:00 85 10 32 10 6 4 18 0 8 5 11
2014-11-05T22:00:00 80 10 32 10 6 4 19 0 9 5 9
2014-11-05T21:00:00 73 8 30 10 6 4 19 0 8 6 8
2014-11-05T20:00:00 69 9 37 8 5 3 19 0 9 5 6
2014-11-05T19:00:00 73 8 37 10 5 5 22 0 8 8 8
2014-11-05T18:00:00 76 9 37 11 5 6 23 0 11 8 8
2014-11-05T17:00:00 73 9 34 8 4 5 26 0 10 7 8
2014-11-11T22:00:00 63 16 28 14 9 7 18 1 4 3 12
2014-11-11T21:00:00 71 14 28 13 9 7 17 1 3 3 13
2014-11-11T20:00:00 65 9 29 14 10 7 15 1 4 2 12
2014-11-11T19:00:00 71 7 25 10 9 4 15 1 4 0 9
2014-11-11T18:00:00 79 6 26 10 6 3 18 0 3 1 8
2014-11-11T17:00:00 85 4 28 9 11 3 24 0 5 1 7
2014-11-11T16:00:00 91 5 32 11 9 2 22 0 6 1 11
2014-11-11T15:00:00 89 6 34 10 8 2 23 0 7 1 8
2014-11-11T14:00:00 82 6 34 9 7 3 23 0 5 1 7
2014-11-11T13:00:00 78 7 30 7 6 3 23 0 6 1 9
2014-11-11T12:00:00 73 6 29 6 6 3 17 0 6 0 9
2014-11-11T11:00:00 63 6 23 4 1 1 11 0 4 0 7
2014-11-16T11:00:00 124 4 6 6 3 4 16 2 15 3 6
2014-11-16T12:00:00 150 6 8 10 3 3 22 2 15 4 10
2014-11-16T13:00:00 157 8 12 12 5 4 33 2 16 4 12
2014-11-16T14:00:00 143 12 18 17 7 4 43 2 16 4 15
2014-11-16T15:00:00 139 11 17 17 8 6 49 2 14 4 19
2014-11-16T16:00:00 132 14 20 16 8 6 51 2 9 4 20
2014-11-16T17:00:00 106 16 23 16 10 6 56 1 7 2 21
2014-11-16T18:00:00 88 15 25 14 11 7 54 1 7 1 20
2014-11-16T19:00:00 86 15 24 16 12 6 43 0 5 1 22
2014-11-16T20:00:00 90 12 21 13 10 4 35 1 4 1 20
2014-11-16T21:00:00 98 16 23 13 9 2 29 1 5 2 17
2014-11-16T22:00:00 97 17 21 12 8 2 26 1 6 4 16
2014-12-10T17:00:00 0 0 0 0 0 0 0 0 0 0 0
2014-12-10T18:00:00 0 0 0 0 0 0 0 0 0 0 0
2014-12-10T21:00:00 0 0 0 0 0 0 0 0 0 0 0
2014-12-10T22:00:00 0 0 0 0 0 0 0 0 0 0 0
2014-12-10T23:00:00 0 0 0 0 0 0 0 0 0 0 0
2014-12-11T00:00:00 0 0 0 0 0 0 0 0 0 0 0
2014-12-11T01:00:00 0 0 0 0 0 0 0 0 0 0 0
2014-12-11T02:00:00 0 0 0 0 0 0 0 0 0 0 0
2014-12-11T03:00:00 0 0 0 0 0 0 0 0 0 0 0
2014-12-11T04:00:00 0 0 0 0 0 0 0 0 0 0 0
2014-12-11T05:00:00 0 0 0 0 0 0 0 0 0 0 0
2014-12-28T10:00:00 0 0 0 0 0 0 0 0 0 0 0
2014-12-28T11:00:00 0 0 0 0 0 0 0 0 0 0 0
2014-12-28T12:00:00 0 0 0 0 0 0 0 0 0 0 0
2014-12-28T13:00:00 0 0 0 0 0 0 0 0 0 0 0
2014-12-28T14:00:00 0 0 0 0 0 0 0 0 0 0 0
2014-12-28T15:00:00 0 0 0 0 0 0 0 0 0 0 0
2014-12-28T16:00:00 0 0 0 0 0 0 0 0 0 0 0
2014-12-28T17:00:00 0 0 0 0 0 0 0 0 0 0 0
2014-12-28T18:00:00 0 0 0 0 0 0 0 0 0 0 0
2014-12-28T19:00:00 0 0 0 0 0 0 0 0 0 0 0
2014-12-28T20:00:00 0 0 0 0 0 0 0 0 0 0 0
2014-12-29T16:00:00 0 0 0 0 0 0 0 0 0 0 0
2014-12-29T17:00:00 0 0 0 0 0 0 0 0 0 0 0
2014-12-29T18:00:00 0 0 0 0 0 0 0 0 0 0 0
2014-12-30T12:00:00 0 0 0 0 0 0 0 0 0 0 0
2014-12-30T13:00:00 0 0 0 0 0 0 0 0 0 0 0
2014-12-30T14:00:00 0 0 0 0 0 0 0 0 0 0 0
2014-12-30T15:00:00 0 0 0 0 0 0 0 0 0 0 0
2014-12-30T16:00:00 0 0 0 0 0 0 0 0 0 0 0
2014-12-30T17:00:00 0 0 0 0 0 0 0 0 0 0 0
2014-12-30T18:00:00 0 0 0 0 0 0 0 0 0 0 0
