2013-12-26T03:00:00Z 9 10 16 5 0 53 24.890000 -7.940000 0.230000 -1.000000 -1.000000 21.770000 330.000000 5 6 6 5 0 71 20 -1 16 12 0 -1 7 20 16 4 0 50 5 26 16 5 0 60 6 15 18 6 0 60 9 20 11 6 0 47
2013-12-26T02:00:00Z 10 11 15 6 0 53 23.520000 -5.560000 0.270000 -1.000000 1033.310000 20.740000 328.000000 6 6 6 5 0 70 22 -1 12 11 0 -1 8 20 20 7 0 45 3 8 19 7 0 55 7 7 18 7 0 58 6 22 8 6 0 48
2013-12-26T01:00:00Z 11 16 14 5 0 53 24.890000 -7.940000 0.230000 -1.000000 1033.310000 24.600000 330.000000 7 -1 7 6 0 67 24 -1 9 10 0 -1 8 18 18 8 0 46 5 12 18 8 0 55 9 18 17 9 0 59 9 30 8 5 0 48
2013-12-26T00:00:00Z 37 16 14 4 0 53 26.890000 -7.270000 0.220000 -1.000000 1033.310000 25.000000 330.000000 5 6 9 6 0 64 30 -1 8 10 0 -1 10 32 18 6 0 44 10 27 17 5 0 55 8 26 17 6 0 59 10 42 9 4 0 48
2014-01-03T01:00:00Z 147 200 112 115 3 1 31.770000 16.490000 0.530000 0.000000 -1.000000 2.000000 0.000000 20 67 15 19 2 62 174 181 160 51 3 -1 166 219 107 112 3 1 184 212 106 113 4 8 139 177 112 84 3 2 156 219 116 113 4 1
2014-01-03T00:00:00Z 168 233 128 127 4 1 31.890000 18.440000 0.570000 0.000000 -1.000000 3.860000 339.000000 81 97 56 43 3 36 216 254 164 48 5 -1 197 291 120 138 4 1 184 237 121 116 4 8 154 215 122 61 4 2 186 262 125 109 5 1
2014-01-02T23:00:00Z 170 252 130 127 4 1 33.890000 18.300000 0.520000 0.000000 1018.100000 10.480000 350.000000 160 213 139 79 7 16 209 243 169 51 5 -1 197 299 134 140 5 1 179 239 126 108 4 8 144 209 120 35 4 2 171 265 128 105 5 1
2014-01-02T22:00:00Z 168 255 129 146 4 1 32.110000 19.160000 0.580000 0.000000 1018.100000 2.090000 357.000000 156 214 151 88 7 16 213 249 176 52 5 -1 180 265 127 146 4 1 170 238 126 110 4 8 154 224 123 40 4 2 171 280 133 93 5 1
2014-01-05T06:00:00Z 118 143 89 64 2 1 19.340000 14.170000 0.800000 0.000000 -1.000000 6.820000 339.000000 101 -1 87 22 4 11 133 138 91 14 3 -1 146 178 92 52 3 1 131 -1 86 66 2 5 121 124 92 50 2 2 101 -1 83 58 2 1
2014-01-05T05:00:00Z 128 176 92 67 3 1 18.990000 13.570000 0.790000 0.000000 1023.130000 7.160000 355.000000 144 152 100 24 6 11 161 210 86 16 4 -1 170 233 92 41 3 1 152 -1 90 64 3 6 139 143 82 12 2 2 142 170 89 41 3 1
2014-01-05T04:00:00Z 148 186 94 47 3 1 21.000000 16.210000 0.810000 0.000000 1023.130000 4.150000 348.000000 155 165 104 21 4 11 176 230 90 18 5 -1 146 180 88 47 3 1 154 -1 93 61 3 5 132 140 81 15 2 2 151 177 -1 47 2 1
2014-01-05T03:00:00Z 142 178 94 70 2 1 19.230000 12.630000 0.750000 0.000000 1023.130000 6.980000 359.000000 178 202 108 18 6 8 195 273 80 19 6 -1 153 193 93 56 2 1 150 -1 90 54 2 5 138 168 92 44 2 2 147 173 93 58 2 1
2014-01-11T22:00:00Z 205 -1 116 83 3 1 27.720000 0.850000 0.310000 0.000000 -1.000000 2.000000 320.000000 59 68 50 24 1 37 157 206 110 99 3 -1 184 236 133 97 4 1 185 -1 127 89 3 10 -1 -1 136 98 4 1 330 -1 145 116 4 1
2014-01-11T21:00:00Z 226 -1 124 97 3 1 23.230000 -1.240000 0.340000 0.000000 -1.000000 6.530000 348.000000 233 -1 -1 95 5 19 202 276 123 119 4 -1 173 217 127 92 3 1 217 -1 123 106 3 9 243 272 135 103 3 1 370 -1 152 124 3 1
2014-01-11T20:00:00Z 225 -1 126 106 3 1 25.290000 13.030000 0.590000 0.040000 1030.530000 3.760000 347.000000 218 269 166 89 4 18 206 249 128 122 3 -1 176 222 130 99 3 1 241 -1 124 111 3 9 245 294 139 125 3 1 352 -1 152 128 3 1
2014-01-11T19:00:00Z 213 265 128 103 3 1 28.000000 24.910000 0.880000 0.000000 1030.530000 7.000000 200.000000 232 284 168 96 4 19 208 268 134 124 3 -1 179 233 129 112 3 1 253 -1 125 130 4 9 230 280 134 132 3 2 -1 -1 154 141 4 1
2014-01-18T02:00:00Z 142 -1 80 49 2 1 28.630000 22.630000 0.780000 0.000000 1033.650000 7.120000 314.000000 -1 -1 -1 -1 -1 -1 185 189 93 56 3 -1 17 32 40 18 0 11 24 -1 54 22 1 10 -1 -1 -1 -1 -1 -1 -1 -1 -1 -1 -1 -1
2014-01-18T01:00:00Z 142 350 107 46 4 1 29.890000 26.770000 0.880000 0.000000 1033.650000 3.890000 353.000000 -1 -1 -1 -1 -1 -1 -1 -1 117 45 5 -1 20 24 52 29 0 7 181 -1 76 46 3 9 -1 -1 -1 -1 -1 -1 -1 -1 -1 -1 -1 -1
2014-01-18T00:00:00Z 338 353 111 49 4 1 30.000000 0.030000 0.270000 0.000000 1033.650000 8.630000 348.000000 -1 -1 -1 -1 -1 -1 376 -1 126 57 4 -1 47 -1 60 34 1 6 320 -1 93 52 4 8 -1 -1 -1 -1 -1 -1 -1 -1 -1 -1 -1 -1
2014-01-17T23:00:00Z 359 377 114 51 4 1 35.660000 -4.260000 0.170000 0.000000 1033.000000 6.810000 327.000000 -1 -1 -1 -1 -1 -1 384 -1 128 70 4 -1 239 285 111 48 4 1 336 346 97 59 4 8 -1 -1 -1 -1 -1 -1 -1 -1 -1 -1 -1 -1
2014-01-19T21:00:00Z 23 394 19 5 0 62 35.890000 -6.340000 0.160000 0.000000 -1.000000 19.870000 301.000000 24 404 9 5 0 92 22 351 28 11 0 51 19 327 3 7 0 59 13 297 -1 8 0 65 20 338 21 5 0 73 15 402 20 7 0 55
2014-01-19T20:00:00Z 32 616 21 6 0 61 35.030000 -1.110000 0.210000 0.320000 1025.310000 18.190000 300.000000 30 304 14 9 0 88 37 -1 36 12 0 52 27 461 8 10 0 60 19 -1 -1 6 0 66 25 488 24 7 0 72 22 300 25 8 0 50
2014-01-19T19:00:00Z 66 442 52 30 1 36 38.490000 -2.340000 0.170000 0.000000 1025.310000 25.820000 290.000000 56 225 26 17 0 72 26 -1 46 17 0 45 26 -1 9 11 0 58 80 348 -1 31 1 37 171 234 92 48 2 17 210 231 125 76 3 1
2014-01-19T18:00:00Z 195 224 118 86 3 1 40.490000 -4.020000 0.150000 0.000000 1025.310000 25.670000 280.000000 217 242 144 80 3 16 138 296 100 63 2 17 143 311 80 63 2 16 198 225 -1 85 4 6 190 232 115 79 3 2 211 260 135 93 3 1
2014-01-22T05:00:00Z 124 137 88 110 2 1 16.200000 -0.860000 0.460000 0.000000 1025.730000 3.010000 349.000000 85 87 89 47 3 10 103 121 90 72 3 2 114 132 80 85 2 1 112 124 -1 82 0 1 133 148 93 59 3 2 137 186 105 98 3 1
2014-01-22T04:00:00Z 126 152 96 127 3 1 14.400000 -3.350000 0.440000 0.000000 1025.730000 6.410000 359.000000 74 74 80 43 3 11 118 138 -1 79 3 -1 124 152 81 95 3 1 149 165 -1 100 0 1 138 152 104 85 3 3 140 191 112 109 4 1
2014-01-22T03:00:00Z 126 152 96 127 3 1 18.400000 -0.820000 0.420000 0.000000 1025.730000 1.660000 359.000000 -1 -1 -1 -1 -1 -1 -1 -1 -1 -1 -1 -1 -1 -1 -1 -1 -1 -1 -1 -1 -1 -1 -1 -1 -1 -1 -1 -1 -1 -1 -1 -1 -1 -1 -1 -1
2014-01-22T02:00:00Z 123 145 100 127 3 1 17.970000 -0.880000 0.430000 0.000000 1026.950000 2.720000 0.000000 81 -1 85 39 3 12 118 144 106 82 3 1 148 178 98 126 3 1 128 132 -1 95 3 4 131 137 71 39 2 2 150 214 96 91 3 1
2014-01-24T12:00:00Z 178 -1 107 88 3 1 42.660000 5.970000 0.210000 0.000000 -1.000000 10.990000 351.000000 197 -1 129 137 4 16 242 256 152 163 5 1 162 174 94 94 2 1 152 -1 -1 71 2 11 153 -1 99 71 2 5 -1 6 105 72 2 5
2014-01-24T11:00:00Z 183 192 102 98 3 1 40.150000 5.150000 0.230000 0.140000 1018.980000 6.200000 351.000000 225 229 136 153 4 16 252 290 150 156 5 1 188 198 93 106 3 1 181 194 -1 89 3 11 181 191 104 86 3 4 -1 149 104 86 2 1
2014-01-24T10:00:00Z 196 192 106 106 3 1 36.830000 6.490000 0.280000 0.000000 1018.980000 2.000000 320.000000 227 239 136 131 6 18 242 274 146 150 5 1 180 188 94 100 3 1 182 184 -1 92 2 9 184 206 108 94 3 3 194 201 117 105 3 1
2014-01-24T09:00:00Z 236 245 119 120 4 1 32.000000 7.880000 0.360000 0.000000 1018.980000 6.530000 351.000000 210 218 128 117 5 17 254 287 150 138 6 1 206 237 107 125 3 1 214 220 -1 102 3 9 197 222 104 82 3 3 217 259 117 116 3 1
2014-01-30T02:00:00Z 159 166 110 155 2 1 24.110000 12.140000 0.600000 0.000000 1015.550000 1.200000 9.000000 60 -1 38 49 1 51 172 181 109 95 2 1 170 179 75 100 3 1 215 216 -1 122 4 20 171 184 82 33 3 2 182 209 102 106 3 1
2014-01-30T01:00:00Z 181 186 114 111 3 1 25.170000 14.540000 0.630000 0.000000 1015.550000 4.000000 310.000000 188 -1 100 77 4 13 176 187 111 114 2 1 187 198 92 122 3 1 199 204 -1 121 3 23 172 186 83 39 2 2 187 224 103 118 2 1
2014-01-30T00:00:00Z 186 202 118 112 3 1 27.170000 14.670000 0.590000 0.000000 1015.550000 4.000000 320.000000 189 189 105 85 4 12 178 194 118 119 2 1 207 220 97 138 3 1 195 202 -1 115 2 23 174 189 90 57 2 2 193 230 104 130 2 1
2014-01-29T23:00:00Z 197 208 123 101 3 1 28.110000 16.640000 0.620000 0.000000 1014.100000 3.700000 87.000000 199 203 111 88 4 12 211 224 126 123 3 1 208 224 96 142 3 1 194 198 -1 126 2 23 173 196 96 47 2 2 188 231 112 111 2 1
2014-01-31T05:00:00Z 169 203 57 60 2 1 23.980000 17.300000 0.750000 0.000000 1020.030000 2.210000 357.000000 241 273 64 49 2 7 171 206 84 69 1 1 121 148 54 80 1 6 162 186 -1 93 2 21 119 162 54 77 2 14 126 165 62 73 2 6
2014-01-31T04:00:00Z 222 270 53 51 1 1 26.660000 16.380000 0.650000 0.000000 1020.030000 9.000000 350.000000 265 324 -1 48 1 8 255 300 -1 65 1 -1 151 181 54 75 1 5 198 230 -1 80 2 20 136 189 46 64 1 19 156 208 57 67 1 8
2014-01-31T03:00:00Z 292 357 48 48 1 1 27.830000 18.480000 0.670000 0.000000 1020.030000 7.000000 40.000000 336 391 59 58 1 9 349 418 80 75 1 1 226 275 50 61 1 2 279 322 -1 72 1 24 198 278 46 60 1 14 245 338 58 68 1 4
2014-01-31T02:00:00Z 240 296 37 39 1 9 27.670000 18.610000 0.680000 0.000000 1020.880000 6.210000 119.000000 461 559 64 77 1 8 254 326 76 51 1 3 289 359 49 68 1 1 373 461 -1 96 1 35 262 370 47 72 1 11 357 516 58 95 1 3
2014-02-02T09:00:00Z 127 -1 68 52 2 4 42.600000 20.610000 0.410000 0.000000 -1.000000 17.160000 10.000000 147 -1 69 40 2 15 157 -1 89 60 2 2 120 -1 54 35 2 6 131 -1 -1 50 2 17 123 -1 58 54 2 8 135 -1 64 44 2 1
2014-02-02T08:00:00Z 156 158 70 25 2 1 36.290000 27.580000 0.700000 0.140000 1013.700000 9.840000 0.000000 149 151 64 19 3 6 166 167 89 30 3 1 136 138 58 28 2 1 147 -1 -1 43 2 11 135 151 60 41 2 1 151 177 67 31 3 1
2014-02-02T07:00:00Z 156 158 70 25 2 1 30.230000 27.170000 0.880000 0.000000 1013.700000 7.020000 6.000000 -1 -1 -1 -1 -1 -1 -1 -1 -1 -1 -1 -1 -1 -1 -1 -1 -1 -1 -1 -1 -1 -1 -1 -1 -1 -1 -1 -1 -1 -1 -1 -1 -1 -1 -1 -1
2014-02-02T06:00:00Z 168 171 63 25 2 1 32.230000 27.410000 0.820000 0.000000 1013.700000 8.630000 8.000000 166 167 55 25 3 8 174 -1 84 34 3 1 151 153 54 24 2 1 157 167 -1 38 2 12 145 160 51 32 2 1 163 198 60 31 2 1
2014-02-06T11:00:00Z 117 -1 79 92 2 4 32.420000 8.030000 0.350000 0.110000 1031.520000 2.480000 84.000000 129 -1 64 84 2 19 145 -1 94 112 2 4 111 -1 58 91 1 7 117 -1 -1 97 2 28 104 106 76 98 2 10 121 168 84 90 2 1
2014-02-06T10:00:00Z 121 -1 79 82 2 1 32.000000 10.420000 0.400000 0.000000 1031.520000 1.880000 349.000000 118 -1 60 75 2 16 148 148 94 101 2 1 126 126 56 77 2 2 121 128 -1 85 2 23 114 129 78 82 2 4 127 172 81 86 3 1
2014-02-06T09:00:00Z 115 -1 77 75 2 1 28.110000 12.230000 0.510000 0.000000 1031.520000 2.000000 10.000000 118 -1 65 71 1 12 144 149 93 92 2 1 118 122 58 67 2 1 127 -1 -1 87 2 20 125 135 72 63 3 2 128 140 79 81 3 1
2014-02-06T08:00:00Z 115 -1 77 75 2 1 21.900000 11.030000 0.620000 0.090000 1031.190000 3.190000 11.000000 -1 -1 -1 -1 -1 -1 -1 -1 -1 -1 -1 -1 -1 -1 -1 -1 -1 -1 -1 -1 -1 -1 -1 -1 -1 -1 -1 -1 -1 -1 -1 -1 -1 -1 -1 -1
2014-02-12T08:00:00Z 135 143 100 91 3 1 22.720000 6.940000 0.500000 0.020000 1033.420000 3.220000 359.000000 102 -1 99 40 3 9 156 171 127 60 5 1 146 -1 90 60 3 1 113 -1 -1 60 2 20 112 -1 81 63 1 11 136 141 106 76 2 1
2014-02-12T07:00:00Z 150 143 105 81 3 1 18.000000 5.590000 0.580000 0.000000 1033.420000 9.000000 350.000000 88 -1 77 26 2 8 149 -1 124 44 4 1 153 -1 101 63 4 1 121 -1 -1 69 2 19 129 -1 81 28 2 10 143 143 112 75 3 1
2014-02-12T06:00:00Z 150 143 103 89 3 1 16.110000 5.520000 0.620000 0.000000 1033.420000 7.000000 0.000000 104 -1 76 30 3 13 145 -1 124 46 3 1 168 -1 99 70 4 1 145 -1 -1 76 2 22 136 -1 76 28 2 11 144 -1 110 68 2 1
2014-02-12T05:00:00Z 151 143 103 101 3 1 17.510000 6.270000 0.610000 0.000000 1031.350000 7.560000 330.000000 105 -1 -1 31 2 11 150 -1 124 62 3 1 162 -1 -1 40 3 1 140 -1 -1 78 2 21 163 -1 -1 44 2 16 153 -1 111 82 2 1
2014-02-17T01:00:00Z 137 -1 78 74 1 12 31.770000 18.120000 0.570000 0.000000 -1.000000 4.090000 86.000000 247 -1 111 97 3 13 160 -1 125 -1 2 4 141 -1 78 71 1 7 135 -1 -1 73 1 31 -1 -1 -1 -1 -1 -1 -1 -1 -1 -1 -1 -1
2014-02-17T00:00:00Z 163 -1 94 76 1 4 31.890000 18.860000 0.580000 0.000000 -1.000000 3.820000 127.000000 276 -1 110 102 4 16 184 -1 131 78 2 6 201 -1 99 81 2 1 158 -1 -1 76 1 31 -1 -1 -1 -1 -1 -1 -1 -1 -1 -1 -1 -1
2014-02-16T23:00:00Z 189 -1 92 79 1 6 33.770000 19.060000 0.540000 0.000000 1033.500000 3.660000 154.000000 287 -1 108 103 4 17 220 -1 140 85 2 2 232 -1 100 73 2 1 187 -1 -1 76 2 30 -1 -1 -1 -1 -1 -1 -1 -1 -1 -1 -1 -1
2014-02-16T22:00:00Z 248 -1 102 79 2 1 35.660000 20.890000 0.550000 0.000000 1033.500000 3.660000 154.000000 292 -1 105 93 3 20 269 -1 145 86 3 1 262 -1 104 77 2 1 252 -1 -1 76 3 22 -1 -1 -1 -1 -1 -1 -1 -1 -1 -1 -1 -1
2014-03-04T04:00:00Z 143 -1 94 113 2 -1 30.340000 21.720000 0.700000 0.000000 -1.000000 4.120000 7.000000 187 -1 -1 88 2 8 244 258 150 85 4 2 196 -1 86 68 2 2 191 -1 -1 87 1 17 185 -1 90 86 2 -1 184 -1 95 92 2 -1
2014-03-04T03:00:00Z 251 272 107 90 2 2 32.230000 19.600000 0.590000 0.000000 -1.000000 7.110000 359.000000 254 264 111 71 4 8 270 320 157 87 5 2 261 305 86 76 3 2 211 244 79 94 2 14 215 247 86 87 -1 8 243 320 99 103 -1 4
2014-03-04T02:00:00Z 256 315 108 90 4 2 32.250000 19.080000 0.580000 0.000000 1024.240000 7.080000 341.000000 241 267 107 74 4 8 270 330 162 107 4 2 265 309 88 97 4 2 235 257 84 106 3 17 242 295 96 -1 3 9 256 362 102 -1 4 4
2014-03-04T01:00:00Z 240 320 108 99 4 2 36.060000 18.880000 0.490000 0.000000 1024.240000 7.110000 1.000000 236 273 103 80 3 7 262 323 163 115 4 2 274 329 109 134 4 2 256 302 97 127 4 26 229 314 98 112 3 9 251 365 104 120 4 5
2014-03-11T20:00:00Z 134 214 106 47 1 17 50.450000 14.330000 0.230000 0.720000 1020.040000 16.020000 29.000000 152 -1 75 52 1 56 200 232 161 95 2 5 74 84 63 22 0 30 50 59 46 11 0 48 52 55 57 12 0 41 87 115 65 27 1 51
2014-03-11T19:00:00Z 186 276 156 87 2 10 53.770000 11.200000 0.180000 0.000000 1020.040000 15.480000 40.000000 184 -1 97 64 2 59 214 264 165 94 2 12 164 185 100 60 1 38 152 -1 90 55 1 61 165 -1 101 51 1 48 158 176 104 60 1 52
2014-03-11T18:00:00Z 153 244 98 56 1 64 54.720000 12.250000 0.180000 0.000000 1020.040000 12.480000 40.000000 187 222 93 71 2 72 174 210 115 77 2 52 131 157 81 62 1 63 177 -1 72 65 1 94 170 180 101 61 1 62 98 142 80 64 1 87
2014-03-11T17:00:00Z 153 244 98 56 1 64 54.280000 21.820000 0.280000 0.110000 1015.640000 6.580000 61.000000 -1 -1 -1 -1 -1 -1 -1 -1 -1 -1 -1 -1 -1 -1 -1 -1 -1 -1 -1 -1 -1 -1 -1 -1 -1 -1 -1 -1 -1 -1 -1 -1 -1 -1 -1 -1
2014-03-16T04:00:00Z 116 168 118 118 3 -1 41.230000 17.170000 0.370000 0.000000 -1.000000 13.000000 100.000000 111 175 -1 95 3 13 148 244 129 78 3 2 119 273 82 93 3 2 121 177 -1 145 3 18 119 159 -1 85 4 6 120 201 -1 133 4 2
2014-03-16T03:00:00Z 117 164 117 127 3 3 43.110000 13.670000 0.300000 0.000000 -1.000000 1.320000 251.000000 110 140 94 98 3 24 115 168 120 103 3 2 119 209 79 98 2 2 120 148 97 144 2 13 123 169 109 133 3 11 116 148 106 141 3 2
2014-03-16T02:00:00Z 166 207 126 127 2 2 44.510000 15.350000 0.300000 0.000000 1014.880000 1.870000 71.000000 168 249 137 72 2 7 153 203 132 97 3 2 137 224 93 116 3 2 148 -1 97 116 3 19 143 151 108 135 4 14 144 -1 106 118 3 2
2014-03-16T01:00:00Z 171 242 135 83 3 2 47.830000 13.820000 0.250000 0.000000 1014.880000 3.980000 153.000000 169 264 144 79 2 7 165 252 140 102 2 2 180 257 116 87 2 2 175 214 108 92 3 23 180 224 121 82 3 9 176 344 119 91 3 2
2014-03-17T15:00:00Z 36 255 11 6 0 80 69.890000 13.470000 0.110000 -1.000000 -1.000000 24.540000 291.000000 26 233 13 10 0 84 27 256 17 13 0 72 34 272 10 8 0 80 36 244 9 6 0 85 37 254 20 5 0 78 21 269 8 6 0 89
2014-03-17T14:00:00Z 44 290 15 8 0 74 68.350000 15.900000 0.130000 0.720000 1011.190000 18.960000 288.000000 29 276 14 11 0 82 37 335 16 13 0 71 43 336 10 7 0 77 42 272 11 7 0 82 38 228 24 7 0 69 20 247 14 8 0 80
2014-03-17T13:00:00Z 44 290 15 8 0 74 67.770000 12.940000 0.120000 0.000000 1011.190000 17.490000 290.000000 -1 -1 -1 -1 -1 -1 -1 -1 -1 -1 -1 -1 -1 -1 -1 -1 -1 -1 -1 -1 -1 -1 -1 -1 -1 -1 -1 -1 -1 -1 -1 -1 -1 -1 -1 -1
2014-03-17T12:00:00Z 50 297 30 11 0 53 65.720000 13.380000 0.130000 0.000000 1011.190000 17.570000 271.000000 35 356 16 13 0 76 39 250 30 14 0 54 36 287 17 9 0 65 50 228 23 10 0 65 45 299 30 10 0 57 37 317 16 12 0 73
2014-03-29T01:00:00Z 131 -1 99 27 1 4 50.110000 43.630000 0.780000 0.000000 -1.000000 6.480000 333.000000 168 180 98 14 2 6 130 -1 110 21 1 4 120 -1 95 26 1 2 178 -1 101 28 3 3 165 190 83 6 2 6 167 182 103 11 2 2
2014-03-29T00:00:00Z 153 181 121 22 3 2 54.000000 46.280000 0.750000 0.000000 -1.000000 2.000000 140.000000 184 -1 121 15 2 5 166 220 131 22 2 2 204 249 120 23 3 2 214 228 108 32 3 3 172 185 85 7 2 5 174 190 110 16 2 2
2014-03-28T23:00:00Z 150 170 122 26 2 2 53.890000 45.640000 0.740000 0.000000 1011.500000 1.900000 133.000000 168 221 121 17 2 5 162 194 135 26 2 2 193 251 113 25 2 2 172 224 111 38 3 3 202 219 106 15 2 5 164 203 114 20 3 2
2014-03-28T22:00:00Z 136 173 105 28 2 20 54.830000 46.550000 0.740000 0.000000 1011.500000 3.630000 157.000000 166 209 114 18 2 10 164 208 137 30 2 2 177 199 105 30 2 11 195 223 105 38 3 8 188 208 103 22 2 11 178 189 111 23 3 3
2014-04-01T13:00:00Z 137 -1 77 24 1 108 74.890000 33.040000 0.220000 0.000000 -1.000000 -1.000000 -1.000000 158 159 92 27 1 91 150 -1 115 28 1 73 114 -1 54 27 0 109 164 -1 64 29 1 108 149 -1 57 29 1 121 159 -1 67 30 1 111
2014-04-01T12:00:00Z 146 -1 72 33 1 94 72.940000 34.840000 0.250000 0.000000 -1.000000 -1.000000 -1.000000 148 -1 76 35 0 78 139 -1 104 35 1 61 127 -1 58 37 0 84 170 -1 73 36 1 80 171 -1 68 34 1 90 167 -1 73 39 1 85
2014-04-01T11:00:00Z 164 -1 74 39 1 74 67.360000 36.680000 0.320000 0.020000 1014.070000 1.340000 100.000000 157 -1 76 31 1 58 161 -1 102 43 1 49 168 -1 75 46 1 58 201 -1 82 42 1 54 186 -1 84 38 1 57 179 -1 61 46 1 72
2014-04-01T10:00:00Z 207 -1 88 39 1 42 64.230000 43.100000 0.460000 0.000000 1014.070000 1.340000 100.000000 149 183 81 15 1 36 206 -1 113 43 1 23 208 -1 67 43 1 49 181 210 86 38 1 34 223 -1 89 30 1 36 181 192 83 37 1 37
2014-04-18T19:00:00Z 142 -1 96 25 1 57 58.770000 40.690000 0.510000 0.000000 -1.000000 7.220000 159.000000 153 -1 85 9 1 64 191 -1 108 14 1 37 141 162 90 21 1 52 128 148 80 31 1 56 125 -1 71 28 1 71 121 135 74 27 1 68
2014-04-18T18:00:00Z 175 -1 46 11 1 144 62.550000 45.420000 0.530000 0.000000 -1.000000 10.990000 151.000000 161 187 54 9 1 141 202 -1 66 11 1 96 165 180 68 13 1 107 158 -1 40 17 1 121 156 -1 44 14 1 116 161 -1 44 15 1 118
2014-04-18T17:00:00Z 175 -1 46 11 1 144 65.070000 49.500000 0.570000 0.090000 1018.310000 8.950000 157.000000 -1 -1 -1 -1 -1 -1 -1 -1 -1 -1 -1 -1 -1 -1 -1 -1 -1 -1 -1 -1 -1 -1 -1 -1 -1 -1 -1 -1 -1 -1 -1 -1 -1 -1 -1 -1
2014-04-18T16:00:00Z 175 -1 46 11 1 144 67.490000 51.140000 0.560000 0.000000 1018.310000 13.000000 170.000000 -1 -1 -1 -1 -1 -1 -1 -1 -1 -1 -1 -1 -1 -1 -1 -1 -1 -1 -1 -1 -1 -1 -1 -1 -1 -1 -1 -1 -1 -1 -1 -1 -1 -1 -1 -1
2014-04-23T18:00:00Z 141 155 36 42 1 168 74.890000 52.070000 0.450000 0.000000 -1.000000 11.270000 201.000000 167 226 43 29 1 143 151 171 62 39 1 100 141 196 36 44 1 147 132 145 29 45 1 161 130 163 24 37 1 166 128 177 26 38 1 158
2014-04-23T17:00:00Z 161 161 40 41 1 164 74.340000 49.690000 0.420000 0.110000 1007.000000 14.360000 190.000000 111 205 40 32 1 146 162 181 53 36 1 110 164 206 35 39 1 150 155 156 32 48 1 159 154 179 26 46 1 168 148 180 26 47 1 159
2014-04-23T16:00:00Z 211 161 34 33 1 175 77.000000 51.910000 0.420000 0.000000 1007.000000 13.000000 210.000000 -1 -1 35 28 1 142 157 158 50 31 1 114 159 171 37 39 1 160 171 -1 28 45 1 175 129 139 24 43 1 181 151 160 26 38 1 166
2014-04-23T15:00:00Z 173 161 40 33 1 158 77.000000 52.020000 0.420000 0.000000 1007.000000 12.960000 201.000000 -1 89 27 36 1 135 178 -1 46 34 1 109 177 186 38 38 1 141 174 -1 28 40 1 158 164 -1 25 40 1 162 156 160 24 41 1 158
2014-05-01T18:00:00Z 143 -1 44 12 0 90 64.960000 48.220000 0.550000 -1.000000 -1.000000 11.000000 320.000000 91 281 36 18 0 69 59 105 31 17 0 58 115 268 31 11 0 78 89 132 27 19 0 94 85 -1 32 19 0 122 92 -1 25 18 0 128
2014-05-01T17:00:00Z 176 204 34 35 0 209 72.540000 40.340000 0.310000 0.760000 1005.510000 19.450000 296.000000 146 -1 33 34 1 163 158 177 39 39 1 135 162 216 28 37 1 192 143 230 23 40 1 173 154 202 17 35 1 213 137 198 24 34 1 206
2014-05-01T16:00:00Z 192 196 31 46 1 210 81.060000 54.570000 0.400000 0.000000 1005.510000 13.000000 210.000000 185 240 37 36 1 175 173 215 41 48 1 139 168 227 31 39 1 191 148 207 22 44 1 173 155 173 14 43 1 214 156 201 26 42 1 201
2014-05-01T15:00:00Z 189 203 28 40 0 207 81.170000 56.440000 0.430000 0.000000 1005.510000 11.070000 181.000000 188 257 35 30 1 166 167 219 42 45 1 133 165 209 26 42 1 198 137 204 21 42 1 170 147 191 13 39 1 210 151 207 24 42 1 198
2014-05-07T07:00:00Z 124 197 107 28 1 6 60.890000 46.370000 0.590000 0.000000 -1.000000 11.000000 60.000000 145 222 94 23 2 8 122 170 103 15 1 2 123 199 103 28 1 2 144 235 98 32 2 8 138 153 78 19 0 8 -1 -1 -1 -1 -1 -1
2014-05-07T06:00:00Z 119 183 111 25 2 2 55.230000 46.360000 0.720000 0.000000 -1.000000 2.190000 32.000000 151 191 92 22 2 7 118 171 106 10 1 2 129 189 104 25 1 2 146 188 97 39 2 5 115 128 64 9 0 7 -1 -1 -1 -1 -1 -1
2014-05-07T05:00:00Z 132 174 112 35 2 6 53.730000 44.830000 0.720000 0.000000 1003.190000 4.040000 342.000000 135 178 85 26 2 10 121 147 -1 12 2 2 136 194 104 29 2 2 142 167 81 44 2 14 114 131 68 22 0 6 -1 -1 -1 -1 -1 -1
2014-05-07T04:00:00Z 128 169 114 35 2 3 52.400000 46.260000 0.800000 0.000000 1003.190000 1.990000 38.000000 139 177 -1 31 2 8 125 137 98 10 2 -1 131 204 100 27 2 2 142 165 80 50 2 20 130 145 74 32 0 13 -1 -1 -1 -1 -1 -1
2014-05-20T06:00:00Z 138 -1 51 14 1 93 69.890000 52.850000 0.550000 0.000000 -1.000000 10.400000 31.000000 162 218 80 9 1 59 178 249 124 9 1 10 137 -1 38 14 1 90 146 -1 46 16 1 90 149 -1 39 -1 1 91 158 -1 50 11 1 93
2014-05-20T05:00:00Z 211 263 99 17 2 34 66.330000 54.560000 0.660000 0.000000 1004.040000 6.990000 20.000000 184 245 64 11 1 70 176 254 123 9 1 7 192 224 80 14 1 58 190 240 70 22 1 88 195 217 64 -1 1 74 206 232 82 17 1 64
2014-05-20T04:00:00Z 225 304 85 24 2 43 66.000000 59.180000 0.790000 0.000000 1004.040000 6.510000 30.000000 170 241 61 10 1 74 173 246 118 9 1 15 220 300 107 16 1 15 225 283 79 37 1 74 235 260 63 -1 2 56 230 276 81 19 2 44
2014-05-20T03:00:00Z 215 306 107 21 2 34 66.230000 61.190000 0.840000 0.000000 1004.040000 6.510000 30.000000 176 247 67 10 1 51 177 248 106 12 1 26 217 310 92 18 1 25 240 325 78 42 2 64 226 286 78 -1 2 42 219 276 89 21 1 44
2014-05-22T13:00:00Z 157 -1 41 28 1 268 95.000000 49.720000 0.220000 0.000000 -1.000000 15.570000 183.000000 -1 5 28 500 0 187 167 -1 48 37 1 239 173 -1 40 36 1 258 147 -1 27 29 1 254 130 -1 20 -1 1 256 -1 -1 -1 -1 -1 -1
2014-05-22T12:00:00Z 157 -1 41 28 1 268 90.170000 56.460000 0.320000 0.000000 -1.000000 9.000000 200.000000 -1 -1 -1 -1 -1 -1 -1 -1 -1 -1 -1 -1 -1 -1 -1 -1 -1 -1 -1 -1 -1 -1 -1 -1 -1 -1 -1 -1 -1 -1 -1 -1 -1 -1 -1 -1
2014-05-22T11:00:00Z 276 351 101 38 2 144 86.200000 62.460000 0.450000 0.010000 1006.900000 6.510000 173.000000 -1 397 94 500 1 107 291 371 113 -1 2 115 282 354 78 42 2 150 282 322 80 44 2 152 277 317 62 -1 2 192 -1 -1 -1 -1 -1 -1
2014-05-22T10:00:00Z 272 400 126 36 2 79 82.340000 63.870000 0.540000 0.000000 1006.900000 11.000000 250.000000 -1 403 87 500 1 78 278 392 119 57 2 66 290 386 88 36 2 89 287 344 84 39 2 98 276 327 82 -1 2 97 -1 -1 -1 -1 -1 -1
2014-05-25T12:00:00Z 60 276 22 2 0 83 81.830000 36.770000 0.200000 0.000000 -1.000000 27.000000 290.000000 81 321 17 2 0 87 59 231 16 7 0 77 74 269 12 2 0 87 61 283 8 2 0 92 80 275 26 -1 0 86 75 286 13 2 0 92
2014-05-25T11:00:00Z 140 427 28 2 0 74 79.290000 38.400000 0.230000 0.680000 1006.930000 27.810000 302.000000 115 436 16 2 0 85 116 383 19 5 0 71 155 478 14 2 0 83 106 484 12 2 0 87 151 408 35 -1 0 72 124 405 19 2 0 81
2014-05-25T10:00:00Z 130 464 46 3 0 56 78.770000 37.690000 0.230000 0.000000 1006.930000 25.860000 291.000000 132 453 34 6 0 67 144 402 53 7 0 36 199 601 22 2 0 72 129 567 21 2 0 73 142 -1 55 -1 0 35 130 -1 40 2 0 52
2014-05-25T09:00:00Z 130 464 46 3 0 56 75.000000 38.830000 0.270000 0.000000 1006.930000 11.000000 300.000000 -1 -1 -1 -1 -1 -1 -1 -1 -1 -1 -1 -1 -1 -1 -1 -1 -1 -1 -1 -1 -1 -1 -1 -1 -1 -1 -1 -1 -1 -1 -1 -1 -1 -1 -1 -1
2014-07-05T10:00:00Z 129 -1 64 2 1 76 82.110000 72.730000 0.730000 0.000000 -1.000000 2.000000 250.000000 178 -1 57 2 1 76 175 -1 68 13 1 63 118 -1 49 4 0 91 134 -1 60 9 1 80 122 -1 43 4 1 102 102 -1 40 3 0 110
2014-07-05T09:00:00Z 150 -1 71 2 1 48 81.170000 72.950000 0.760000 0.000000 -1.000000 6.570000 111.000000 171 200 60 2 1 38 176 -1 64 12 1 43 120 -1 52 3 0 65 143 -1 66 6 1 49 125 -1 54 4 1 63 135 -1 51 2 0 52
2014-07-05T08:00:00Z 150 -1 73 2 1 26 78.660000 72.360000 0.810000 0.130000 1008.040000 3.140000 92.000000 152 191 49 2 1 25 172 176 73 10 1 17 150 -1 76 2 1 20 152 -1 70 4 1 28 148 -1 66 2 1 20 138 -1 38 2 0 51
2014-07-05T07:00:00Z 148 -1 58 2 1 21 77.230000 72.140000 0.840000 0.000000 1008.040000 0.000000 92.000000 121 144 47 2 1 18 130 148 63 11 0 3 151 -1 86 2 1 2 156 -1 63 3 1 21 135 -1 56 2 1 15 129 -1 39 2 0 27
2014-07-08T10:00:00Z 133 -1 36 2 1 94 89.890000 68.460000 0.500000 0.000000 -1.000000 9.000000 0.000000 122 -1 28 11 0 112 155 -1 52 20 0 82 157 -1 37 6 1 95 151 -1 38 20 1 102 147 -1 58 19 1 94 126 -1 32 12 1 122
2014-07-08T09:00:00Z 151 -1 50 11 1 74 84.110000 71.740000 0.670000 0.000000 -1.000000 7.000000 260.000000 208 -1 48 9 1 90 206 247 61 18 1 66 -1 -1 -1 -1 -1 -1 160 -1 49 20 1 79 170 174 86 18 1 55 148 152 36 9 1 94
2014-07-08T08:00:00Z 141 -1 49 12 1 53 80.390000 70.080000 0.710000 0.090000 1001.940000 5.250000 355.000000 168 197 50 10 1 68 142 166 57 13 1 48 137 -1 66 2 1 45 156 -1 52 18 1 56 158 -1 63 15 1 52 135 146 38 7 1 63
2014-07-08T07:00:00Z 138 -1 48 11 1 45 79.280000 71.850000 0.780000 0.000000 1001.940000 3.470000 14.000000 165 166 47 10 1 62 148 151 72 10 1 26 141 -1 71 3 0 27 158 -1 61 15 1 33 166 -1 71 11 1 26 142 -1 36 5 1 54
2014-07-26T11:00:00Z 122 194 76 9 1 144 89.420000 66.900000 0.480000 0.000000 1009.200000 3.610000 219.000000 114 179 53 8 1 212 133 176 50 16 1 188 139 -1 90 4 1 129 156 -1 58 11 1 145 149 159 53 14 1 178 129 145 57 11 1 184
2014-07-26T10:00:00Z 122 194 76 9 1 144 88.000000 67.780000 0.510000 0.000000 1009.200000 9.000000 260.000000 -1 -1 -1 -1 -1 -1 -1 -1 -1 -1 -1 -1 -1 -1 -1 -1 -1 -1 -1 -1 -1 -1 -1 -1 -1 -1 -1 -1 -1 -1 -1 -1 -1 -1 -1 -1
2014-07-26T09:00:00Z 118 194 82 10 1 60 84.110000 67.590000 0.580000 0.000000 1009.200000 9.000000 250.000000 100 167 68 7 1 85 111 190 104 19 1 44 122 -1 94 4 1 44 165 -1 54 11 1 75 155 176 55 12 1 84 144 178 57 10 1 90
2014-07-26T08:00:00Z 118 194 82 10 1 60 80.920000 66.360000 0.610000 0.000000 1009.190000 2.590000 251.000000 -1 -1 -1 -1 -1 -1 -1 -1 -1 -1 -1 -1 -1 -1 -1 -1 -1 -1 -1 -1 -1 -1 -1 -1 -1 -1 -1 -1 -1 -1 -1 -1 -1 -1 -1 -1
2014-07-28T12:00:00Z 144 -1 25 31 1 210 92.890000 64.440000 0.390000 0.000000 -1.000000 -1.000000 -1.000000 132 142 28 8 1 225 144 -1 39 18 1 192 145 -1 33 13 1 210 162 -1 22 38 1 184 152 -1 16 35 1 218 144 -1 26 29 1 216
2014-07-28T11:00:00Z 138 -1 40 14 1 183 90.210000 66.560000 0.460000 0.030000 1004.730000 6.380000 196.000000 159 -1 40 2 1 210 181 -1 61 11 1 142 173 -1 55 4 1 156 164 -1 29 24 1 158 158 173 23 34 1 184 144 183 33 18 1 183
2014-07-28T10:00:00Z 138 -1 40 14 1 183 88.110000 69.700000 0.550000 0.000000 1004.730000 9.000000 260.000000 -1 -1 -1 -1 -1 -1 -1 -1 -1 -1 -1 -1 -1 -1 -1 -1 -1 -1 -1 -1 -1 -1 -1 -1 -1 -1 -1 -1 -1 -1 -1 -1 -1 -1 -1 -1
2014-07-28T09:00:00Z 155 173 70 9 1 63 84.110000 71.740000 0.670000 0.000000 1004.730000 11.000000 250.000000 177 227 66 2 1 58 171 216 61 13 0 62 179 -1 76 4 0 54 162 -1 40 14 1 78 156 -1 41 13 1 91 148 179 50 5 1 82
2014-07-29T12:00:00Z 116 -1 17 4 0 171 91.000000 66.020000 0.440000 0.000000 -1.000000 13.000000 190.000000 142 -1 28 2 0 176 133 -1 25 8 0 147 126 -1 20 6 0 171 134 -1 17 4 0 154 118 -1 12 4 0 186 114 -1 21 2 0 179
2014-07-29T11:00:00Z 129 -1 18 6 0 167 89.170000 67.770000 0.490000 0.120000 1004.100000 10.320000 197.000000 142 158 29 2 0 160 132 -1 34 11 0 128 127 -1 24 4 0 164 136 -1 21 5 0 145 130 -1 14 6 0 177 124 -1 24 2 0 170
2014-07-29T10:00:00Z 129 -1 18 6 0 167 90.000000 69.880000 0.520000 0.000000 1004.100000 10.320000 197.000000 -1 -1 -1 -1 -1 -1 -1 -1 -1 -1 -1 -1 -1 -1 -1 -1 -1 -1 -1 -1 -1 -1 -1 -1 -1 -1 -1 -1 -1 -1 -1 -1 -1 -1 -1 -1
2014-07-29T09:00:00Z 167 192 39 16 1 109 88.000000 71.640000 0.590000 0.000000 1004.100000 10.320000 197.000000 172 208 45 2 1 84 177 204 63 20 0 65 182 -1 52 4 0 97 206 -1 52 14 1 88 211 211 45 13 1 102 168 183 42 7 1 120
2014-08-09T13:00:00Z 124 -1 26 14 1 222 88.000000 62.910000 0.430000 0.000000 -1.000000 7.000000 120.000000 73 -1 18 13 0 216 84 -1 36 20 0 196 83 -1 26 14 0 214 80 -1 21 17 1 194 74 -1 16 14 1 224 65 67 22 12 1 220
2014-08-09T12:00:00Z 124 -1 26 14 1 222 86.110000 63.580000 0.470000 0.000000 -1.000000 7.000000 120.000000 -1 -1 -1 -1 -1 -1 -1 -1 -1 -1 -1 -1 -1 -1 -1 -1 -1 -1 -1 -1 -1 -1 -1 -1 -1 -1 -1 -1 -1 -1 -1 -1 -1 -1 -1 -1
2014-08-09T11:00:00Z 166 -1 42 22 1 162 83.760000 64.420000 0.520000 0.080000 1006.940000 5.740000 242.000000 128 142 52 13 1 152 170 -1 108 17 1 71 133 -1 59 10 1 139 91 -1 42 22 1 132 74 82 35 18 1 158 94 117 53 18 1 157
2014-08-09T10:00:00Z 166 -1 42 22 1 162 82.230000 65.910000 0.580000 0.000000 1006.940000 5.740000 242.000000 -1 -1 -1 -1 -1 -1 -1 -1 -1 -1 -1 -1 -1 -1 -1 -1 -1 -1 -1 -1 -1 -1 -1 -1 -1 -1 -1 -1 -1 -1 -1 -1 -1 -1 -1 -1
2014-08-21T21:00:00Z 149 -1 34 17 1 162 77.400000 61.360000 0.580000 0.000000 -1.000000 4.000000 190.000000 -1 -1 -1 -1 -1 -1 143 -1 39 19 1 139 119 -1 42 2 1 139 150 -1 39 22 1 144 149 -1 43 14 1 140 144 -1 41 10 1 153
2014-08-21T20:00:00Z 176 212 37 25 1 198 77.860000 61.820000 0.580000 0.070000 1006.810000 15.330000 43.000000 -1 -1 -1 -1 -1 -1 166 237 70 16 1 143 158 219 53 4 1 168 179 243 37 31 1 192 151 182 32 15 1 171 159 213 44 12 1 183
2014-08-21T19:00:00Z 150 169 37 17 1 199 84.110000 69.810000 0.620000 0.000000 1006.810000 1.980000 126.000000 -1 -1 -1 -1 -1 -1 146 191 57 12 1 164 139 190 54 4 1 180 147 162 33 24 1 195 134 179 19 19 1 208 145 194 37 13 1 206
2014-08-21T18:00:00Z 141 173 34 12 1 218 86.230000 69.670000 0.580000 0.000000 1006.810000 7.000000 220.000000 -1 -1 -1 -1 -1 -1 153 211 42 9 1 198 141 181 43 6 1 219 139 215 29 19 1 214 127 156 17 19 1 236 130 174 26 11 1 222
2014-08-30T23:00:00Z 117 -1 27 2 1 107 70.170000 67.990000 0.930000 0.000000 1013.900000 2.070000 4.000000 165 -1 66 2 1 20 147 -1 73 8 1 19 107 -1 34 2 0 106 116 -1 25 4 1 121 119 -1 38 2 1 71 132 -1 44 2 1 64
2014-08-30T22:00:00Z 154 -1 74 4 1 41 72.000000 69.750000 0.930000 0.000000 1013.900000 2.000000 80.000000 158 -1 66 2 2 22 150 178 86 8 1 11 138 -1 59 2 1 48 143 -1 60 5 1 56 129 -1 45 2 1 64 141 -1 57 2 1 52
2014-08-30T21:00:00Z 163 -1 86 4 1 33 72.000000 69.750000 0.930000 0.000000 1013.900000 2.000000 70.000000 148 158 82 2 2 16 148 170 81 8 1 7 142 -1 74 2 1 45 151 -1 76 5 1 54 139 -1 59 2 1 52 160 -1 84 2 1 32
2014-08-30T20:00:00Z 165 -1 89 4 2 35 71.330000 67.100000 0.870000 0.160000 1013.210000 3.130000 95.000000 151 163 80 2 2 26 134 149 80 10 1 12 160 -1 83 2 1 39 152 -1 79 6 1 62 155 161 76 3 1 53 157 -1 74 2 1 58
2014-09-21T05:00:00Z 124 -1 50 15 2 30 62.340000 55.910000 0.790000 0.000000 1016.140000 2.290000 23.000000 182 -1 -1 5 1 -1 173 -1 52 11 1 16 134 -1 67 6 2 9 109 -1 52 32 2 29 106 -1 58 23 2 20 122 -1 65 6 2 14
2014-09-21T04:00:00Z 177 -1 49 7 1 31 65.830000 57.230000 0.740000 0.000000 1016.140000 4.000000 60.000000 193 -1 -1 4 1 -1 186 -1 50 10 1 -1 142 144 73 5 2 4 144 -1 55 19 1 27 148 -1 58 13 2 16 169 -1 55 2 1 28
2014-09-21T03:00:00Z 184 -1 49 6 1 29 65.890000 55.390000 0.690000 0.000000 1016.140000 4.000000 80.000000 209 -1 -1 3 1 -1 189 -1 48 7 1 26 146 -1 71 5 2 5 169 -1 57 14 1 20 185 -1 50 7 1 27 184 -1 58 2 1 26
2014-09-21T02:00:00Z 196 -1 55 5 1 36 64.580000 56.180000 0.740000 0.000000 1014.760000 4.260000 108.000000 219 244 -1 2 1 -1 212 214 70 -1 1 20 177 -1 62 4 1 19 190 -1 56 13 1 26 196 -1 51 5 1 31 202 -1 73 2 1 18
2014-09-25T22:00:00Z 146 -1 75 3 1 38 62.960000 57.870000 0.830000 0.250000 1014.390000 5.390000 164.000000 185 276 105 2 1 -1 147 -1 88 9 1 14 133 -1 88 5 1 28 119 -1 62 6 1 55 132 -1 50 6 1 48 145 -1 88 2 2 22
2014-09-25T21:00:00Z 146 -1 83 3 1 30 64.200000 59.240000 0.840000 0.170000 1014.560000 4.630000 146.000000 174 -1 87 2 1 -1 138 149 89 8 1 14 139 -1 80 6 1 33 138 -1 68 5 1 60 142 155 74 4 1 23 147 -1 90 2 1 19
2014-09-25T20:00:00Z 133 136 78 2 1 38 65.240000 59.500000 0.820000 0.150000 1014.550000 4.090000 150.000000 162 191 72 2 1 -1 148 172 110 9 1 2 138 -1 100 6 1 19 128 130 68 4 1 56 129 156 73 3 1 26 149 -1 89 2 1 24
2014-09-25T19:00:00Z 130 136 63 3 1 58 66.120000 60.050000 0.810000 0.070000 1014.670000 4.030000 151.000000 150 163 58 2 1 -1 142 162 94 7 1 19 128 133 97 6 1 20 122 126 64 3 1 60 120 138 54 3 1 45 135 152 72 2 1 45
2014-09-27T00:00:00Z 126 -1 79 3 1 4 59.690000 54.010000 0.810000 0.370000 1014.780000 3.970000 341.000000 150 -1 74 2 1 -1 114 -1 73 9 1 2 110 -1 87 4 1 2 119 -1 86 5 1 4 150 -1 71 2 1 2 126 -1 89 2 1 2
2014-09-26T23:00:00Z 154 -1 90 4 2 3 61.180000 55.800000 0.820000 0.340000 1013.610000 6.590000 343.000000 174 -1 83 3 2 -1 145 -1 81 9 1 2 126 -1 94 4 1 2 175 -1 99 6 2 6 174 -1 92 4 2 2 163 -1 99 2 2 2
2014-09-26T22:00:00Z 175 -1 88 4 2 3 61.560000 56.890000 0.850000 0.250000 1013.610000 4.240000 344.000000 193 -1 92 3 2 -1 149 -1 80 10 1 2 150 -1 101 4 1 2 183 -1 108 8 2 6 198 -1 85 4 2 2 181 -1 102 2 2 2
2014-09-26T21:00:00Z 182 -1 98 5 2 5 61.990000 58.510000 0.880000 0.140000 1013.060000 4.660000 340.000000 198 -1 101 4 2 -1 152 -1 93 10 1 2 172 -1 108 4 1 2 198 -1 107 7 2 7 184 -1 101 6 2 2 180 -1 99 2 2 4
2014-10-11T18:00:00Z 206 -1 75 7 1 25 -1.000000 -1.000000 -1.000000 -1.000000 -1.000000 -1.000000 -1.000000 228 -1 78 6 2 51 235 -1 79 7 1 19 125 -1 -1 -1 -1 -1 105 -1 54 10 1 36 159 -1 75 13 1 33 167 -1 64 6 1 50
2014-10-11T17:00:00Z 283 -1 102 6 2 25 -1.000000 -1.000000 -1.000000 -1.000000 -1.000000 -1.000000 -1.000000 275 -1 97 6 2 46 319 -1 97 8 2 17 297 -1 -1 -1 -1 -1 214 -1 83 8 2 54 240 -1 108 11 1 48 231 -1 75 5 2 79
2014-10-11T16:00:00Z 283 -1 102 6 2 25 -1.000000 -1.000000 -1.000000 -1.000000 -1.000000 -1.000000 -1.000000 -1 -1 -1 -1 -1 -1 -1 -1 -1 -1 -1 -1 -1 -1 -1 -1 -1 -1 -1 -1 -1 -1 -1 -1 -1 -1 -1 -1 -1 -1 -1 -1 -1 -1 -1 -1
2014-10-11T15:00:00Z 246 -1 75 9 2 53 -1.000000 -1.000000 -1.000000 -1.000000 -1.000000 -1.000000 -1.000000 273 -1 89 6 2 52 316 -1 79 10 1 27 248 -1 -1 -1 -1 -1 185 -1 65 12 1 79 227 -1 77 16 1 88 212 -1 70 10 1 99
