   1.0000000e+00   9.4013668e-01   1.3369441e-01   1.1904762e-01   0.0000000e+00   1.1363636e-01   2.7187755e-01   5.5011045e-02   6.8306011e-01   2.8225806e-01   5.1351351e-01   3.7209302e-01   3.3333333e-01   1.8867925e-01   1.1032028e-01   8.3333333e-02   2.2666667e-01   2.0000000e-01   3.0281690e-01   3.5209618e-01   8.0726180e-01   0.0000000e+00   2.8571429e-02   3.6101083e-03   2.7187755e-01   0.0000000e+00   2.1693439e-02
   1.0000000e+00   8.8591709e-01   1.9438745e-01   9.5238095e-02   0.0000000e+00   9.0909091e-02   2.1142857e-01   5.6591285e-02   2.8961749e-01   2.3387097e-01   2.4324324e-01   3.4883721e-01   3.8888889e-01   1.5094340e-01   2.2064057e-01   0.0000000e+00   2.2666667e-01   8.0000000e-02   1.7605634e-01   8.4276630e-01   3.7959119e-01   1.2396694e-02   1.4285714e-02   1.2635379e-02   2.1142857e-01   2.8524363e-02   1.3947876e-02
   1.0000000e+00   8.7317776e-01   2.0864778e-01   9.5238095e-02   0.0000000e+00   9.0909091e-02   2.1559184e-01   5.5498458e-02   1.7668488e-01   1.2096774e-01   2.2972973e-01   1.6279070e-01   1.1111111e-01   2.4528302e-01   6.0498221e-02   0.0000000e+00   1.4666667e-01   4.0000000e-02   1.7605634e-01   8.1529844e-01   4.0353232e-01   3.9256198e-02   5.7142857e-02   4.1516245e-02   2.1559184e-01   8.8582853e-02   5.4714123e-02
   0.0000000e+00   0.0000000e+00   0.0000000e+00   0.0000000e+00   0.0000000e+00   0.0000000e+00   0.0000000e+00   0.0000000e+00   4.0072860e-02   7.2580645e-02   5.4054054e-02   1.6279070e-01   0.0000000e+00   0.0000000e+00   7.8291815e-02   0.0000000e+00   6.6666667e-02   8.0000000e-02   7.0422535e-03   0.0000000e+00   0.0000000e+00   0.0000000e+00   0.0000000e+00   0.0000000e+00   0.0000000e+00   0.0000000e+00   0.0000000e+00
   1.0000000e+00   8.3824338e-01   2.4775309e-01   1.6666667e-01   0.0000000e+00   1.5909091e-01   6.3861224e-01   3.2787933e-02   1.7486339e-01   3.4677419e-01   8.1081081e-02   4.6511628e-02   1.6666667e-01   2.2641509e-01   3.9145907e-02   8.3333333e-02   1.8666667e-01   0.0000000e+00   1.8309859e-01   7.6846503e-01   4.4435256e-01   4.1322314e-02   1.0000000e-01   4.8736462e-02   6.3861224e-01   3.1479015e-02   3.2324556e-02
   1.0000000e+00   7.9760069e-01   2.9324824e-01   4.0476190e-01   1.0000000e-01   4.0909091e-01   7.8608163e-01   6.4689607e-02   2.3132969e-01   2.9838710e-01   4.7297297e-01   3.7209302e-01   2.2222222e-01   2.0754717e-01   5.6939502e-02   8.3333333e-02   2.6666667e-01   8.0000000e-02   1.9718310e-01   7.0278544e-01   5.0159923e-01   6.6115702e-02   2.7142857e-01   9.2057762e-02   7.8608163e-01   4.0917652e-02   7.1278363e-02
   1.0000000e+00   0.0000000e+00   0.0000000e+00   0.0000000e+00   0.0000000e+00   0.0000000e+00   1.6326531e-04   0.0000000e+00   4.3533698e-01   2.7419355e-01   4.3243243e-01   4.4186047e-01   3.8888889e-01   2.6415094e-01   5.9786477e-01   3.3333333e-01   4.5333333e-01   1.2000000e-01   4.0845070e-01   0.0000000e+00   0.0000000e+00   0.0000000e+00   0.0000000e+00   0.0000000e+00   1.6326531e-04   0.0000000e+00   0.0000000e+00
   0.0000000e+00   6.5255356e-01   4.5561303e-01   1.9047619e-01   3.0000000e-01   2.5000000e-01   2.9073469e-01   8.2308819e-02   2.3132969e-01   2.0967742e-01   1.2162162e-01   2.0930233e-01   3.3333333e-01   1.8867925e-01   1.1743772e-01   8.3333333e-02   3.2000000e-01   0.0000000e+00   2.0422535e-01   8.5534136e-01   3.6863070e-01   7.6446281e-02   5.7142857e-02   7.4007220e-02   2.9073469e-01   1.2791846e-01   4.0572792e-02
   1.0000000e+00   7.7568925e-01   3.1777576e-01   4.5238095e-01   1.0000000e-01   4.5454545e-01   5.3440816e-01   1.0634909e-01   2.8961749e-01   2.9838710e-01   7.7027027e-01   1.6279070e-01   1.6666667e-01   1.8867925e-01   2.1352313e-01   8.3333333e-02   3.6000000e-01   8.0000000e-02   1.9014085e-01   7.9790231e-01   4.1869487e-01   7.1487603e-01   8.0000000e-01   7.2563177e-01   5.3440816e-01   6.5077579e-01   3.0902009e-01
   0.0000000e+00   0.0000000e+00   0.0000000e+00   0.0000000e+00   0.0000000e+00   0.0000000e+00   1.8151020e-01   0.0000000e+00   2.1857923e-02   8.0645161e-02   5.4054054e-02   2.3255814e-02   0.0000000e+00   0.0000000e+00   1.0676157e-02   0.0000000e+00   5.3333333e-02   4.0000000e-02   3.5211268e-02   9.9867503e-01   2.4370033e-01   8.2644628e-03   0.0000000e+00   7.2202166e-03   1.8151020e-01   2.2150693e-02   0.0000000e+00
   1.0000000e+00   6.9193020e-01   4.1153508e-01   9.5238095e-02   1.0000000e-01   1.1363636e-01   4.9163265e-01   2.4337307e-02   1.8214936e-01   3.0645161e-01   3.6486486e-01   2.0930233e-01   5.5555556e-02   2.0754717e-01   7.8291815e-02   0.0000000e+00   1.3333333e-01   1.6000000e-01   2.4647887e-01   7.3054298e-01   4.7740561e-01   3.9256198e-02   1.2857143e-01   5.0541516e-02   4.9163265e-01   3.8845548e-02   5.3985056e-02
   0.0000000e+00   8.7357845e-01   2.0819924e-01   2.1428571e-01   0.0000000e+00   2.0454545e-01   7.8326531e-01   3.4370580e-02   2.6775956e-01   3.5483871e-01   6.7567568e-01   2.0930233e-01   6.1111111e-01   1.3207547e-01   1.7081851e-01   8.3333333e-02   2.4000000e-01   8.0000000e-02   3.0281690e-01   7.6121693e-01   4.5067004e-01   2.2727273e-01   4.7142857e-01   2.5812274e-01   7.8326531e-01   1.4116017e-01   1.2424440e-01
   1.0000000e+00   7.3797594e-01   3.5999179e-01   2.3809524e-02   0.0000000e+00   2.2727273e-02   4.8420408e-01   6.1776713e-03   3.2240437e-01   2.9032258e-01   2.4324324e-01   1.8604651e-01   5.5555556e-01   2.2641509e-01   2.7046263e-01   8.3333333e-02   4.0000000e-01   2.0000000e-01   3.5915493e-01   4.6855955e-01   7.0575172e-01   2.0661157e-03   4.2857143e-02   7.2202166e-03   4.8420408e-01   2.0758689e-03   1.8271095e-02
   0.0000000e+00   6.6548037e-01   4.4114284e-01   2.3809524e-02   0.0000000e+00   2.2727273e-02   1.1661224e-01   2.5651283e-02   2.1493625e-01   1.9354839e-01   1.4864865e-01   1.1627907e-01   1.6666667e-01   7.5471698e-02   1.9572954e-01   2.5000000e-01   2.1333333e-01   4.0000000e-02   1.5492958e-01   3.4551878e-01   8.1299469e-01   0.0000000e+00   7.1428571e-02   9.0252708e-03   1.1661224e-01   0.0000000e+00   1.2644382e-01
   1.0000000e+00   7.5167687e-01   3.4465505e-01   1.4285714e-01   0.0000000e+00   1.3636364e-01   3.6857143e-02   4.8694827e-01   2.0036430e-01   2.5000000e-01   1.4864865e-01   2.0930233e-01   1.1111111e-01   1.5094340e-01   1.1032028e-01   0.0000000e+00   2.5333333e-01   1.6000000e-01   2.3239437e-01   0.0000000e+00   0.0000000e+00   0.0000000e+00   0.0000000e+00   0.0000000e+00   3.6857143e-02   0.0000000e+00   0.0000000e+00
   1.0000000e+00   9.2619582e-01   1.4929971e-01   4.7619048e-02   0.0000000e+00   4.5454545e-02   1.9510204e-01   3.0663479e-02   2.5500911e-01   2.3387097e-01   5.8108108e-01   2.0930233e-01   2.2222222e-01   3.7735849e-02   1.6725979e-01   0.0000000e+00   2.0000000e-01   1.2000000e-01   2.6056338e-01   6.6519632e-01   5.3436209e-01   4.1322314e-03   2.8571429e-02   7.2202166e-03   1.9510204e-01   1.0303780e-02   3.0230126e-02
   0.0000000e+00   0.0000000e+00   0.0000000e+00   0.0000000e+00   0.0000000e+00   0.0000000e+00   4.0816327e-05   0.0000000e+00   9.1074681e-03   7.2580645e-02   1.0810811e-01   0.0000000e+00   0.0000000e+00   3.7735849e-02   1.4234875e-02   0.0000000e+00   1.3333333e-02   0.0000000e+00   4.2253521e-02   0.0000000e+00   0.0000000e+00   0.0000000e+00   0.0000000e+00   0.0000000e+00   4.0816327e-05   0.0000000e+00   0.0000000e+00
   1.0000000e+00   0.0000000e+00   0.0000000e+00   0.0000000e+00   0.0000000e+00   0.0000000e+00   0.0000000e+00   0.0000000e+00   6.5573770e-02   1.2096774e-01   1.0810811e-01   4.6511628e-02   5.5555556e-02   1.1320755e-01   8.5409253e-02   1.6666667e-01   6.6666667e-02   4.0000000e-02   7.7464789e-02   0.0000000e+00   0.0000000e+00   0.0000000e+00   0.0000000e+00   0.0000000e+00   0.0000000e+00   0.0000000e+00   0.0000000e+00
   0.0000000e+00   9.2988138e-01   1.4517412e-01   2.3809524e-02   0.0000000e+00   2.2727273e-02   1.1967347e-01   2.4995128e-02   2.5683060e-01   2.7419355e-01   4.7297297e-01   1.1627907e-01   2.2222222e-01   1.3207547e-01   2.1352313e-01   1.6666667e-01   3.4666667e-01   2.0000000e-01   2.3239437e-01   9.1665535e-01   3.1518911e-01   4.1322314e-03   0.0000000e+00   3.6101083e-03   1.1967347e-01   1.6798113e-02   0.0000000e+00
   0.0000000e+00   6.5154567e-01   4.5674126e-01   2.3809524e-02   0.0000000e+00   2.2727273e-02   1.2971429e-01   2.3060325e-02   2.3132969e-01   2.4193548e-01   5.0000000e-01   1.1627907e-01   3.3333333e-01   1.6981132e-01   1.9217082e-01   1.6666667e-01   3.7333333e-01   1.6000000e-01   2.7464789e-01   9.1665535e-01   3.1518911e-01   4.1322314e-03   0.0000000e+00   3.6101083e-03   1.2971429e-01   1.5497818e-02   0.0000000e+00
   1.0000000e+00   0.0000000e+00   0.0000000e+00   0.0000000e+00   0.0000000e+00   0.0000000e+00   1.7020408e-02   0.0000000e+00   6.9216758e-02   6.4516129e-02   8.1081081e-02   2.3255814e-02   1.1111111e-01   0.0000000e+00   1.7793594e-02   0.0000000e+00   5.3333333e-02   0.0000000e+00   2.8169014e-02   0.0000000e+00   0.0000000e+00   0.0000000e+00   0.0000000e+00   0.0000000e+00   1.7020408e-02   0.0000000e+00   0.0000000e+00
   0.0000000e+00   7.5909998e-01   3.3634568e-01   1.1904762e-01   0.0000000e+00   1.1363636e-01   2.3722449e-01   6.3046898e-02   8.5610200e-02   8.8709677e-02   1.2162162e-01   2.3255814e-02   0.0000000e+00   1.8867925e-02   3.2028470e-02   8.3333333e-02   6.6666667e-02   4.0000000e-02   7.0422535e-02   7.7538217e-01   4.3832354e-01   2.0661157e-02   4.2857143e-02   2.3465704e-02   2.3722449e-01   4.2371014e-02   3.7293531e-02
   1.0000000e+00   7.8183173e-01   3.1089991e-01   4.5238095e-01   1.0000000e-01   4.5454545e-01   5.2938776e-01   1.0735764e-01   1.8214936e-01   1.7741935e-01   3.6486486e-01   3.4883721e-01   1.6666667e-01   1.6981132e-01   5.6939502e-02   0.0000000e+00   2.8000000e-01   4.0000000e-02   1.4084507e-01   8.5648857e-01   3.6763078e-01   1.4462810e-02   1.4285714e-02   1.4440433e-02   5.2938776e-01   1.3290843e-02   5.5705474e-03
   1.0000000e+00   9.4138655e-01   1.3229532e-01   4.7619048e-02   0.0000000e+00   4.5454545e-02   7.7053061e-01   7.7641397e-03   2.0947177e-01   3.5483871e-01   4.5945946e-01   2.0930233e-01   1.6666667e-01   1.6981132e-01   6.0498221e-02   2.5000000e-01   2.4000000e-01   1.6000000e-01   2.8873239e-01   8.4197877e-01   3.8027760e-01   1.8595041e-02   2.8571429e-02   1.9855596e-02   7.7053061e-01   1.1740348e-02   7.6544125e-03
   0.0000000e+00   6.7379634e-01   4.3183400e-01   2.3809524e-02   0.0000000e+00   2.2727273e-02   7.2751020e-01   4.1116312e-03   1.4754098e-01   2.8225806e-01   5.0000000e-01   1.8604651e-01   1.6666667e-01   2.6415094e-01   4.2704626e-02   0.0000000e+00   2.4000000e-01   0.0000000e+00   2.4647887e-01   8.2697234e-01   3.9335729e-01   1.0123967e-01   1.2857143e-01   1.0469314e-01   7.2751020e-01   6.7699485e-02   3.6481710e-02
   0.0000000e+00   0.0000000e+00   0.0000000e+00   0.0000000e+00   0.0000000e+00   0.0000000e+00   4.0816327e-05   0.0000000e+00   6.1930783e-02   1.2096774e-01   6.7567568e-02   9.3023256e-02   0.0000000e+00   1.5094340e-01   6.4056940e-02   4.1666667e-01   8.0000000e-02   4.0000000e-02   7.7464789e-02   0.0000000e+00   0.0000000e+00   0.0000000e+00   0.0000000e+00   0.0000000e+00   4.0816327e-05   0.0000000e+00   0.0000000e+00
   0.0000000e+00   0.0000000e+00   0.0000000e+00   0.0000000e+00   0.0000000e+00   0.0000000e+00   6.5551020e-02   0.0000000e+00   2.4043716e-01   2.4193548e-01   2.2972973e-01   3.0232558e-01   2.7777778e-01   1.3207547e-01   2.4555160e-01   2.5000000e-01   2.9333333e-01   4.0000000e-02   2.2535211e-01   0.0000000e+00   0.0000000e+00   0.0000000e+00   0.0000000e+00   0.0000000e+00   6.5551020e-02   0.0000000e+00   0.0000000e+00
   0.0000000e+00   8.6749828e-01   2.1500535e-01   1.1904762e-01   0.0000000e+00   1.1363636e-01   2.8751020e-01   5.2019956e-02   1.6393443e-01   1.6129032e-01   2.4324324e-01   4.6511628e-02   1.1111111e-01   1.1320755e-01   6.0498221e-02   0.0000000e+00   1.7333333e-01   1.2000000e-01   1.4084507e-01   8.0915800e-01   4.0888435e-01   5.5785124e-02   1.0000000e-01   6.1371841e-02   2.8751020e-01   9.4392801e-02   7.1798694e-02
   1.0000000e+00   0.0000000e+00   0.0000000e+00   0.0000000e+00   0.0000000e+00   0.0000000e+00   2.0408163e-04   0.0000000e+00   4.4626594e-01   3.3064516e-01   4.7297297e-01   8.6046512e-01   2.2222222e-01   4.7169811e-01   8.7188612e-01   2.5000000e-01   4.6666667e-01   2.0000000e-01   5.0704225e-01   0.0000000e+00   0.0000000e+00   0.0000000e+00   0.0000000e+00   0.0000000e+00   2.0408163e-04   0.0000000e+00   0.0000000e+00
   1.0000000e+00   7.8705125e-01   3.0505721e-01   1.1904762e-01   0.0000000e+00   1.1363636e-01   3.7648980e-01   3.9725561e-02   1.9125683e-01   2.9032258e-01   5.2702703e-01   1.6279070e-01   2.2222222e-01   5.6603774e-02   9.9644128e-02   8.3333333e-02   1.6000000e-01   1.2000000e-01   2.4647887e-01   8.9512542e-01   3.3395471e-01   1.4462810e-02   0.0000000e+00   1.2635379e-02   3.7648980e-01   1.8688447e-02   0.0000000e+00
   0.0000000e+00   8.1677024e-01   2.7178997e-01   2.3809524e-01   0.0000000e+00   2.2727273e-01   6.5257143e-01   4.5837950e-02   1.9672131e-01   3.2258065e-01   9.4594595e-02   2.0930233e-01   6.1111111e-01   3.2075472e-01   4.2704626e-02   0.0000000e+00   2.0000000e-01   4.0000000e-02   1.6901408e-01   4.1731171e-01   7.5041960e-01   4.1322314e-03   1.2857143e-01   1.9855596e-02   6.5257143e-01   3.0805646e-03   4.0671128e-02
   1.0000000e+00   0.0000000e+00   0.0000000e+00   0.0000000e+00   0.0000000e+00   0.0000000e+00   1.2244898e-04   0.0000000e+00   1.9854281e-01   1.9354839e-01   3.1081081e-01   3.7209302e-01   1.1111111e-01   3.2075472e-01   3.5231317e-01   6.6666667e-01   2.5333333e-01   8.0000000e-02   2.3239437e-01   0.0000000e+00   0.0000000e+00   0.0000000e+00   0.0000000e+00   0.0000000e+00   1.2244898e-04   0.0000000e+00   0.0000000e+00
   1.0000000e+00   0.0000000e+00   0.0000000e+00   0.0000000e+00   0.0000000e+00   0.0000000e+00   2.0408163e-04   0.0000000e+00   4.0619308e-01   3.4677419e-01   3.3783784e-01   7.4418605e-01   3.3333333e-01   5.8490566e-01   8.7544484e-01   1.6666667e-01   4.6666667e-01   2.8000000e-01   5.2816901e-01   0.0000000e+00   0.0000000e+00   0.0000000e+00   0.0000000e+00   0.0000000e+00   2.0408163e-04   0.0000000e+00   0.0000000e+00
   1.0000000e+00   0.0000000e+00   0.0000000e+00   0.0000000e+00   0.0000000e+00   0.0000000e+00   0.0000000e+00   0.0000000e+00   1.0382514e-01   1.3709677e-01   1.6216216e-01   9.3023256e-02   1.1111111e-01   1.1320755e-01   1.1743772e-01   2.5000000e-01   1.4666667e-01   4.0000000e-02   9.8591549e-02   0.0000000e+00   0.0000000e+00   0.0000000e+00   0.0000000e+00   0.0000000e+00   0.0000000e+00   0.0000000e+00   0.0000000e+00
   0.0000000e+00   0.0000000e+00   0.0000000e+00   0.0000000e+00   0.0000000e+00   0.0000000e+00   4.0816327e-05   0.0000000e+00   1.2750455e-01   3.9516129e-01   3.7837838e-01   1.8604651e-01   1.1111111e-01   2.0754717e-01   9.9644128e-02   4.1666667e-01   1.0666667e-01   4.0000000e-02   1.5492958e-01   0.0000000e+00   0.0000000e+00   0.0000000e+00   0.0000000e+00   0.0000000e+00   4.0816327e-05   0.0000000e+00   0.0000000e+00
   1.0000000e+00   0.0000000e+00   0.0000000e+00   0.0000000e+00   0.0000000e+00   0.0000000e+00   2.0653061e-02   0.0000000e+00   2.5683060e-01   1.5322581e-01   2.8378378e-01   1.1627907e-01   5.5555556e-02   1.3207547e-01   1.2099644e-01   1.6666667e-01   2.2666667e-01   1.2000000e-01   1.6197183e-01   3.2052222e-01   8.3478182e-01   0.0000000e+00   2.8571429e-02   3.6101083e-03   2.0653061e-02   0.0000000e+00   2.8557312e-01
   0.0000000e+00   8.5402070e-01   2.3009206e-01   1.9047619e-01   0.0000000e+00   1.8181818e-01   3.6155102e-01   6.6187143e-02   3.1876138e-01   3.7096774e-01   5.0000000e-01   3.2558140e-01   4.4444444e-01   1.6981132e-01   3.6654804e-01   3.3333333e-01   2.4000000e-01   2.0000000e-01   4.0845070e-01   7.7781282e-01   4.3620497e-01   4.3388430e-02   8.5714286e-02   4.8736462e-02   3.6155102e-01   5.8381880e-02   4.8938812e-02
   0.0000000e+00   7.0280529e-01   3.9936158e-01   7.1428571e-02   0.0000000e+00   6.8181818e-02   7.9146939e-01   1.1338102e-02   2.9872495e-01   3.3064516e-01   1.7567568e-01   3.0232558e-01   3.8888889e-01   2.0754717e-01   1.8861210e-01   8.3333333e-02   2.8000000e-01   2.8000000e-01   2.0422535e-01   8.0292093e-01   4.1432062e-01   2.0661157e-01   3.4285714e-01   2.2382671e-01   7.9146939e-01   1.2699723e-01   8.9422928e-02
   0.0000000e+00   0.0000000e+00   0.0000000e+00   0.0000000e+00   0.0000000e+00   0.0000000e+00   2.0040816e-02   0.0000000e+00   3.0965392e-02   2.4193548e-02   0.0000000e+00   0.0000000e+00   0.0000000e+00   1.8867925e-02   1.4234875e-02   0.0000000e+00   1.3333333e-02   0.0000000e+00   2.1126761e-02   0.0000000e+00   0.0000000e+00   0.0000000e+00   0.0000000e+00   0.0000000e+00   2.0040816e-02   0.0000000e+00   0.0000000e+00
   0.0000000e+00   9.1242278e-01   1.6471717e-01   1.4285714e-01   0.0000000e+00   1.3636364e-01   1.7457143e-01   1.0280905e-01   1.0564663e-01   1.4516129e-01   2.1621622e-01   6.9767442e-02   1.1111111e-01   1.5094340e-01   6.7615658e-02   1.6666667e-01   1.8666667e-01   0.0000000e+00   1.0563380e-01   8.6667712e-01   3.5875040e-01   2.6859504e-02   2.8571429e-02   2.7075812e-02   1.7457143e-01   7.4851164e-02   3.3785364e-02
   0.0000000e+00   6.1567056e-01   4.9689961e-01   1.1904762e-01   2.0000000e-01   1.5909091e-01   3.8600000e-01   3.8746809e-02   9.4717668e-02   1.2096774e-01   1.3513514e-01   6.9767442e-02   5.5555556e-02   1.8867925e-02   4.2704626e-02   0.0000000e+00   5.3333333e-02   4.0000000e-02   9.1549296e-02   7.4820622e-01   4.6201024e-01   1.0330579e-02   2.8571429e-02   1.2635379e-02   3.8600000e-01   1.3020003e-02   1.5279687e-02
   0.0000000e+00   7.8779071e-01   3.0422947e-01   1.6666667e-01   0.0000000e+00   1.5909091e-01   2.0820408e-01   1.0056852e-01   1.1293260e-01   1.3709677e-01   2.0270270e-01   2.3255814e-02   0.0000000e+00   5.6603774e-02   7.4733096e-02   8.3333333e-02   1.2000000e-01   4.0000000e-02   1.3380282e-01   7.8133012e-01   4.3313928e-01   3.3057851e-02   5.7142857e-02   3.6101083e-02   2.0820408e-01   7.7242997e-02   5.6655558e-02
   1.0000000e+00   6.6337211e-01   4.4350281e-01   7.1428571e-02   1.0000000e-01   9.0909091e-02   1.9424490e-01   4.6198181e-02   2.0582878e-01   1.5322581e-01   2.1621622e-01   9.3023256e-02   1.6666667e-01   5.6603774e-02   2.4911032e-01   1.6666667e-01   3.4666667e-01   2.0000000e-01   2.4647887e-01   4.8509619e-01   6.9133830e-01   0.0000000e+00   1.4285714e-02   1.8050542e-03   1.9424490e-01   0.0000000e+00   1.5181761e-02
   1.0000000e+00   0.0000000e+00   0.0000000e+00   0.0000000e+00   0.0000000e+00   0.0000000e+00   6.1346939e-02   0.0000000e+00   2.4225865e-01   1.9354839e-01   3.1081081e-01   1.1627907e-01   1.6666667e-01   5.0943396e-01   1.3879004e-01   1.6666667e-01   3.3333333e-01   0.0000000e+00   6.4788732e-01   0.0000000e+00   0.0000000e+00   0.0000000e+00   0.0000000e+00   0.0000000e+00   6.1346939e-02   0.0000000e+00   0.0000000e+00
   1.0000000e+00   9.3546801e-01   1.3892048e-01   7.1428571e-02   0.0000000e+00   6.8181818e-02   4.4775510e-02   2.0041672e-01   2.4772313e-01   3.5483871e-01   2.5675676e-01   3.2558140e-01   5.5555556e-01   3.0188679e-01   3.2740214e-01   0.0000000e+00   2.4000000e-01   4.0000000e-02   2.3943662e-01   0.0000000e+00   0.0000000e+00   0.0000000e+00   0.0000000e+00   0.0000000e+00   4.4775510e-02   0.0000000e+00   0.0000000e+00
   1.0000000e+00   8.9132568e-01   1.8833312e-01   2.3809524e-02   0.0000000e+00   2.2727273e-02   1.7179592e-01   1.7411669e-02   2.6229508e-01   3.3064516e-01   3.9189189e-01   3.2558140e-01   3.8888889e-01   1.5094340e-01   2.1352313e-01   8.3333333e-02   2.1333333e-01   1.2000000e-01   3.0281690e-01   3.6380934e-01   7.9705254e-01   0.0000000e+00   1.4285714e-02   1.8050542e-03   1.7179592e-01   0.0000000e+00   1.7165598e-02
   1.0000000e+00   8.8784507e-01   1.9222929e-01   2.3809524e-02   0.0000000e+00   2.2727273e-02   4.4644898e-01   6.7001019e-03   1.6393443e-02   5.6451613e-02   6.7567568e-02   2.3255814e-02   5.5555556e-02   1.8867925e-02   1.0676157e-02   0.0000000e+00   0.0000000e+00   4.0000000e-02   4.9295775e-02   7.5890658e-01   4.5268375e-01   1.6528926e-02   2.8571429e-02   1.8050542e-02   4.4644898e-01   1.8011361e-02   1.3210825e-02
   0.0000000e+00   8.1437202e-01   2.7447453e-01   2.3809524e-02   0.0000000e+00   2.2727273e-02   2.2032653e-01   1.3576457e-02   2.5318761e-01   2.3387097e-01   2.1621622e-01   2.0930233e-01   2.7777778e-01   1.8867925e-01   2.7046263e-01   4.1666667e-01   4.0000000e-01   1.2000000e-01   2.4647887e-01   3.5288036e-01   8.0657829e-01   0.0000000e+00   5.7142857e-02   7.2202166e-03   2.2032653e-01   0.0000000e+00   5.3538348e-02
   1.0000000e+00   8.0028698e-01   2.9024122e-01   7.1428571e-02   0.0000000e+00   6.8181818e-02   5.1967347e-01   1.7268076e-02   5.1001821e-02   1.3709677e-01   4.0540541e-02   9.3023256e-02   0.0000000e+00   7.5471698e-02   1.0676157e-02   0.0000000e+00   6.6666667e-02   1.2000000e-01   2.8169014e-02   5.8611364e-01   6.0329097e-01   2.0661157e-03   2.8571429e-02   5.4151625e-03   5.1967347e-01   1.9341842e-03   1.1349356e-02
   1.0000000e+00   8.0150330e-01   2.8887969e-01   1.4285714e-01   0.0000000e+00   1.3636364e-01   5.8024490e-01   3.0930943e-02   1.8032787e-01   2.9032258e-01   2.4324324e-01   1.3953488e-01   1.6666667e-01   7.5471698e-02   1.0676157e-01   0.0000000e+00   1.8666667e-01   1.2000000e-01   1.2676056e-01   7.4354880e-01   4.6606967e-01   1.4462810e-02   2.8571429e-02   1.6245487e-02   5.8024490e-01   1.2125931e-02   1.0164603e-02
   1.0000000e+00   8.2703550e-01   2.6029912e-01   2.8571429e-01   0.0000000e+00   2.7272727e-01   2.4726531e-01   1.4516814e-01   1.3843352e-01   1.1290323e-01   6.7567568e-02   1.1627907e-01   1.1111111e-01   3.7735849e-02   8.5409253e-02   0.0000000e+00   1.7333333e-01   2.0000000e-01   9.1549296e-02   7.6140062e-01   4.5050994e-01   1.0330579e-02   2.8571429e-02   1.2635379e-02   2.4726531e-01   2.0325217e-02   2.3852757e-02
   1.0000000e+00   0.0000000e+00   0.0000000e+00   0.0000000e+00   0.0000000e+00   0.0000000e+00   4.0816327e-05   0.0000000e+00   1.6393443e-01   1.6935484e-01   2.9729730e-01   1.6279070e-01   5.5555556e-02   1.8867925e-01   2.3131673e-01   2.5000000e-01   1.7333333e-01   4.0000000e-02   1.5492958e-01   0.0000000e+00   0.0000000e+00   0.0000000e+00   0.0000000e+00   0.0000000e+00   4.0816327e-05   0.0000000e+00   0.0000000e+00
   0.0000000e+00   5.3515602e-01   5.8702705e-01   7.1428571e-02   1.0000000e-01   9.0909091e-02   3.4200000e-01   2.6239067e-02   1.9307832e-01   3.0645161e-01   3.2432432e-01   1.8604651e-01   1.1111111e-01   2.2641509e-01   5.3380783e-02   2.5000000e-01   1.7333333e-01   8.0000000e-02   2.1830986e-01   7.6780156e-01   4.4493085e-01   1.2809917e-01   2.5714286e-01   1.4440433e-01   3.4200000e-01   1.8221913e-01   1.5520945e-01
   0.0000000e+00   6.9840376e-01   4.0428862e-01   2.3809524e-02   0.0000000e+00   2.2727273e-02   4.7306122e-02   6.3231850e-02   2.3497268e-01   1.6935484e-01   4.3243243e-01   2.5581395e-01   3.8888889e-01   1.5094340e-01   6.0498221e-02   4.1666667e-01   2.8000000e-01   8.0000000e-02   2.1126761e-01   0.0000000e+00   0.0000000e+00   0.0000000e+00   0.0000000e+00   0.0000000e+00   4.7306122e-02   0.0000000e+00   0.0000000e+00
   0.0000000e+00   6.8082848e-01   4.2396227e-01   2.3809524e-02   0.0000000e+00   2.2727273e-02   5.2910204e-01   5.6534532e-03   8.3788707e-02   1.1290323e-01   3.6486486e-01   9.3023256e-02   5.5555556e-02   1.1320755e-01   5.6939502e-02   8.3333333e-02   1.4666667e-01   0.0000000e+00   1.3380282e-01   7.4001918e-01   4.6914611e-01   1.6528926e-02   5.7142857e-02   2.1660650e-02   5.2910204e-01   1.5197737e-02   2.2294222e-02
   0.0000000e+00   8.4611189e-01   2.3894513e-01   7.1428571e-02   0.0000000e+00   6.8181818e-02   5.5510204e-02   1.6165966e-01   4.2440801e-01   2.4193548e-01   3.1081081e-01   5.5813953e-01   5.5555556e-01   1.3207547e-01   4.1992883e-01   0.0000000e+00   4.0000000e-01   8.0000000e-02   3.4507042e-01   0.0000000e+00   0.0000000e+00   0.0000000e+00   0.0000000e+00   0.0000000e+00   5.5510204e-02   0.0000000e+00   0.0000000e+00
   1.0000000e+00   7.7011283e-01   3.2401797e-01   7.1428571e-02   0.0000000e+00   6.8181818e-02   3.7979592e-01   2.3627850e-02   2.7140255e-01   1.4516129e-01   4.3243243e-01   9.3023256e-02   5.5555556e-02   3.5849057e-01   1.0676157e-01   3.3333333e-01   2.2666667e-01   0.0000000e+00   4.2957746e-01   8.4430004e-01   3.7825437e-01   2.0661157e-02   0.0000000e+00   1.8050542e-02   3.7979592e-01   2.6465377e-02   0.0000000e+00
   1.0000000e+00   0.0000000e+00   0.0000000e+00   0.0000000e+00   0.0000000e+00   0.0000000e+00   4.0816327e-05   0.0000000e+00   1.1657559e-01   1.6935484e-01   2.5675676e-01   4.6511628e-02   0.0000000e+00   1.1320755e-01   1.3879004e-01   3.3333333e-01   2.0000000e-01   4.0000000e-02   9.8591549e-02   0.0000000e+00   0.0000000e+00   0.0000000e+00   0.0000000e+00   0.0000000e+00   4.0816327e-05   0.0000000e+00   0.0000000e+00
   0.0000000e+00   7.3049297e-01   3.6836818e-01   7.1428571e-02   0.0000000e+00   6.8181818e-02   2.7028571e-01   3.3201018e-02   1.1475410e-01   1.2096774e-01   1.8918919e-01   2.3255814e-02   1.1111111e-01   0.0000000e+00   6.7615658e-02   8.3333333e-02   8.0000000e-02   8.0000000e-02   1.3380282e-01   7.9376622e-01   4.2229991e-01   4.5454545e-02   5.7142857e-02   4.6931408e-02   2.7028571e-01   8.1814063e-02   4.3642404e-02
   1.0000000e+00   8.8177912e-01   1.9901947e-01   1.6666667e-01   0.0000000e+00   1.5909091e-01   2.9387755e-01   7.1250000e-02   2.0036430e-01   2.0161290e-01   2.7027027e-01   2.7906977e-01   3.3333333e-01   1.1320755e-01   1.2811388e-01   2.5000000e-01   2.8000000e-01   0.0000000e+00   2.2535211e-01   5.1649559e-01   6.6397042e-01   6.1983471e-03   1.1428571e-01   1.9855596e-02   2.9387755e-01   1.0260847e-02   8.0277778e-02
   0.0000000e+00   4.7372853e-01   6.5578857e-01   2.3809524e-02   1.0000000e-01   4.5454545e-02   3.8444898e-01   7.7806258e-03   3.4608379e-02   3.2258065e-02   5.4054054e-02   6.9767442e-02   0.0000000e+00   0.0000000e+00   1.4234875e-02   0.0000000e+00   0.0000000e+00   4.0000000e-02   7.0422535e-03   8.5533721e-01   3.6863431e-01   1.2396694e-02   1.4285714e-02   1.2635379e-02   3.8444898e-01   1.5687037e-02   7.6706657e-03
   0.0000000e+00   0.0000000e+00   0.0000000e+00   0.0000000e+00   0.0000000e+00   0.0000000e+00   4.4910204e-01   0.0000000e+00   2.0765027e-01   3.2258065e-01   1.2162162e-01   1.1627907e-01   0.0000000e+00   1.5094340e-01   4.9822064e-02   1.6666667e-01   2.1333333e-01   2.8000000e-01   1.3380282e-01   5.7289126e-01   6.1481567e-01   2.0661157e-03   2.8571429e-02   5.4151625e-03   4.4910204e-01   2.2381199e-03   1.3132782e-02
   0.0000000e+00   8.9579192e-01   1.8333364e-01   1.9047619e-01   0.0000000e+00   1.8181818e-01   6.4122449e-02   3.7319269e-01   6.5573770e-01   3.5483871e-01   2.1621622e-01   5.5813953e-01   3.8888889e-01   3.3962264e-01   7.3665480e-01   8.3333333e-02   6.4000000e-01   8.0000000e-02   6.8309859e-01   7.4769289e-01   4.6245767e-01   1.4462810e-02   2.8571429e-02   1.6245487e-02   6.4122449e-02   1.0972771e-01   9.1979631e-02
   1.0000000e+00   0.0000000e+00   0.0000000e+00   0.0000000e+00   0.0000000e+00   0.0000000e+00   4.0816327e-05   0.0000000e+00   4.7358834e-02   8.8709677e-02   1.6216216e-01   0.0000000e+00   0.0000000e+00   3.7735849e-02   4.2704626e-02   1.6666667e-01   8.0000000e-02   4.0000000e-02   3.5211268e-02   0.0000000e+00   0.0000000e+00   0.0000000e+00   0.0000000e+00   0.0000000e+00   4.0816327e-05   0.0000000e+00   0.0000000e+00
   0.0000000e+00   8.6508997e-01   2.1770119e-01   6.1904762e-01   0.0000000e+00   5.9090909e-01   8.1518367e-01   9.5404996e-02   2.8961749e-01   3.3064516e-01   2.2972973e-01   4.4186047e-01   3.8888889e-01   3.5849057e-01   2.1708185e-01   0.0000000e+00   4.1333333e-01   1.2000000e-01   3.8028169e-01   6.5697348e-01   5.4152917e-01   2.8925620e-02   1.5714286e-01   4.5126354e-02   8.1518367e-01   1.7262390e-02   3.9793210e-02
   0.0000000e+00   6.9171917e-01   4.1177131e-01   2.3809524e-02   0.0000000e+00   2.2727273e-02   2.5020408e-01   1.1955255e-02   1.2932605e-01   3.0645161e-01   4.8648649e-01   1.3953488e-01   2.2222222e-01   7.5471698e-02   7.1174377e-02   8.3333333e-02   2.0000000e-01   8.0000000e-02   2.3239437e-01   4.6902820e-01   7.0534324e-01   2.0661157e-03   7.1428571e-02   1.0830325e-02   2.5020408e-01   4.0172974e-03   5.8931485e-02
   1.0000000e+00   8.5952255e-01   2.2393333e-01   2.3809524e-01   0.0000000e+00   2.2727273e-01   3.3379592e-01   8.9613248e-02   2.7504554e-01   2.7419355e-01   9.4594595e-02   2.0930233e-01   2.2222222e-01   2.4528302e-01   1.5302491e-01   0.0000000e+00   3.0666667e-01   2.0000000e-01   3.1690141e-01   7.1100485e-01   4.9443515e-01   1.2396694e-02   4.2857143e-02   1.6245487e-02   3.3379592e-01   1.8067522e-02   2.6504035e-02
   0.0000000e+00   0.0000000e+00   0.0000000e+00   0.0000000e+00   0.0000000e+00   0.0000000e+00   4.0816327e-05   0.0000000e+00   5.1001821e-02   8.8709677e-02   9.4594595e-02   4.6511628e-02   0.0000000e+00   9.4339623e-02   5.6939502e-02   8.3333333e-02   0.0000000e+00   4.0000000e-02   4.9295775e-02   0.0000000e+00   0.0000000e+00   0.0000000e+00   0.0000000e+00   0.0000000e+00   4.0816327e-05   0.0000000e+00   0.0000000e+00
   0.0000000e+00   0.0000000e+00   0.0000000e+00   0.0000000e+00   0.0000000e+00   0.0000000e+00   3.7395918e-01   0.0000000e+00   1.7486339e-01   2.3387097e-01   3.1081081e-01   1.6279070e-01   5.5555556e-02   1.8867925e-02   8.8967972e-02   1.6666667e-01   1.6000000e-01   0.0000000e+00   1.3380282e-01   7.6756370e-01   4.4513816e-01   1.0330579e-02   1.4285714e-02   1.0830325e-02   3.7395918e-01   1.3439223e-02   7.8858328e-03
   1.0000000e+00   7.7687308e-01   3.1645059e-01   4.2857143e-01   0.0000000e+00   4.0909091e-01   3.4869388e-01   1.5441213e-01   1.4936248e-01   9.6774194e-02   2.5675676e-01   9.3023256e-02   2.7777778e-01   3.7735849e-02   5.3380783e-02   0.0000000e+00   1.3333333e-01   8.0000000e-02   1.1267606e-01   6.1448905e-01   5.7855881e-01   4.1322314e-03   5.7142857e-02   1.0830325e-02   3.4869388e-01   5.7651956e-03   3.3828866e-02
   1.0000000e+00   0.0000000e+00   0.0000000e+00   0.0000000e+00   0.0000000e+00   0.0000000e+00   8.1632653e-05   0.0000000e+00   9.8360656e-02   1.5322581e-01   1.6216216e-01   1.8604651e-01   5.5555556e-02   1.1320755e-01   1.1743772e-01   8.3333333e-02   6.6666667e-02   8.0000000e-02   8.4507042e-02   0.0000000e+00   0.0000000e+00   0.0000000e+00   0.0000000e+00   0.0000000e+00   8.1632653e-05   0.0000000e+00   0.0000000e+00
   0.0000000e+00   9.3884475e-01   1.3514059e-01   1.1904762e-01   0.0000000e+00   1.1363636e-01   3.2869388e-01   4.5502120e-02   1.5846995e-01   1.9354839e-01   2.8378378e-01   1.8604651e-01   1.6666667e-01   7.5471698e-02   1.1032028e-01   1.6666667e-01   2.4000000e-01   8.0000000e-02   2.6760563e-01   8.3684704e-01   3.8475045e-01   5.7851240e-02   4.2857143e-02   5.5956679e-02   3.2869388e-01   8.5623858e-02   2.6915435e-02
   0.0000000e+00   8.4703609e-01   2.3791059e-01   4.7619048e-01   2.0000000e-01   5.0000000e-01   9.4897959e-02   6.3041475e-01   5.3369763e-01   2.9032258e-01   3.3783784e-01   8.3720930e-01   7.2222222e-01   2.6415094e-01   5.0533808e-01   3.3333333e-01   3.4666667e-01   2.4000000e-01   6.3380282e-01   6.3046940e-01   5.6463026e-01   6.1983471e-03   2.8571429e-02   9.0252708e-03   9.4897959e-02   3.1775527e-02   6.2150538e-02
   1.0000000e+00   8.8825634e-01   1.9176892e-01   1.4285714e-01   0.0000000e+00   1.3636364e-01   2.8828571e-01   6.2256022e-02   3.0601093e-01   2.3387097e-01   2.7027027e-01   1.3953488e-01   4.4444444e-01   4.5283019e-01   1.2099644e-01   8.3333333e-02   3.4666667e-01   1.6000000e-01   4.8591549e-01   3.3574642e-01   8.2151233e-01   0.0000000e+00   2.8571429e-02   3.6101083e-03   2.8828571e-01   0.0000000e+00   2.0458729e-02
   1.0000000e+00   8.3024745e-01   2.5670367e-01   2.6190476e-01   0.0000000e+00   2.5000000e-01   2.6604082e-01   1.2367948e-01   1.1657559e-01   1.1290323e-01   1.7567568e-01   1.3953488e-01   5.5555556e-02   1.6981132e-01   2.8469751e-02   0.0000000e+00   2.1333333e-01   8.0000000e-02   1.8309859e-01   7.1414300e-01   4.9169992e-01   3.5123967e-02   1.1428571e-01   4.5126354e-02   2.6604082e-01   6.4228684e-02   8.8677508e-02
   0.0000000e+00   8.5816644e-01   2.2545134e-01   1.4285714e-01   0.0000000e+00   1.3636364e-01   5.0342857e-01   3.5650583e-02   4.3351548e-01   3.0645161e-01   2.0270270e-01   3.7209302e-01   3.8888889e-01   5.2830189e-01   3.5943060e-01   1.6666667e-01   6.0000000e-01   3.2000000e-01   5.9154930e-01   5.7416167e-01   6.1370837e-01   1.2396694e-02   8.5714286e-02   2.1660650e-02   5.0342857e-01   1.1979585e-02   3.5146749e-02
   1.0000000e+00   0.0000000e+00   0.0000000e+00   0.0000000e+00   0.0000000e+00   0.0000000e+00   6.1367347e-01   0.0000000e+00   2.3315118e-01   5.3225806e-01   6.3513514e-01   2.0930233e-01   1.1111111e-01   5.6603774e-02   6.7615658e-02   0.0000000e+00   2.5333333e-01   8.0000000e-02   2.8169014e-01   6.1555150e-01   5.7763278e-01   4.1322314e-03   2.8571429e-02   7.2202166e-03   6.1367347e-01   3.2758275e-03   9.6109079e-03
   1.0000000e+00   8.4100418e-01   2.4466266e-01   1.4285714e-01   0.0000000e+00   1.3636364e-01   4.5004082e-01   3.9879765e-02   5.0819672e-01   4.0322581e-01   4.1891892e-01   5.8139535e-01   5.5555556e-01   1.6981132e-01   3.6298932e-01   5.0000000e-01   4.1333333e-01   8.0000000e-02   3.5915493e-01   4.0923473e-01   7.5745953e-01   0.0000000e+00   1.4285714e-02   1.8050542e-03   4.5004082e-01   0.0000000e+00   6.5526936e-03
   1.0000000e+00   0.0000000e+00   0.0000000e+00   0.0000000e+00   0.0000000e+00   0.0000000e+00   5.5032653e-01   0.0000000e+00   3.8069217e-01   5.4838710e-01   6.7567568e-01   2.0930233e-01   4.4444444e-01   9.4339623e-02   2.4555160e-01   1.6666667e-01   3.8666667e-01   1.6000000e-01   4.6478873e-01   6.8920073e-01   5.1343973e-01   4.1322314e-03   2.8571429e-02   7.2202166e-03   5.5032653e-01   3.6529011e-03   1.0717199e-02
   1.0000000e+00   8.3130479e-01   2.5552009e-01   7.1428571e-02   0.0000000e+00   6.8181818e-02   2.5714286e-02   3.4897959e-01   2.3132969e-01   1.3709677e-01   2.7027027e-01   1.3953488e-01   1.6666667e-01   5.6603774e-02   1.7081851e-01   1.6666667e-01   2.4000000e-01   4.0000000e-02   1.6197183e-01   5.0887111e-01   6.7061596e-01   0.0000000e+00   1.4285714e-02   1.8050542e-03   2.5714286e-02   0.0000000e+00   1.1468254e-01
   0.0000000e+00   7.4698305e-01   3.4990929e-01   2.3809524e-02   0.0000000e+00   2.2727273e-02   2.2697959e-01   1.3178514e-02   8.5610200e-02   1.3709677e-01   5.4054054e-02   0.0000000e+00   1.1111111e-01   1.8867925e-02   2.1352313e-02   8.3333333e-02   1.6000000e-01   0.0000000e+00   8.4507042e-02   4.1024010e-01   7.5658325e-01   2.0661157e-03   2.8571429e-02   5.4151625e-03   2.2697959e-01   4.4283462e-03   2.5984535e-02
   1.0000000e+00   7.7224236e-01   3.2163418e-01   1.1904762e-01   1.0000000e-01   1.3636364e-01   4.0881633e-01   3.6584322e-02   4.4262295e-01   5.4032258e-01   3.9189189e-01   5.3488372e-01   4.4444444e-01   1.5094340e-01   5.3024911e-01   8.3333333e-02   6.4000000e-01   2.8000000e-01   5.3521127e-01   6.3674408e-01   5.5916121e-01   6.1983471e-03   4.2857143e-02   1.0830325e-02   4.0881633e-01   7.3760083e-03   2.1640375e-02
   1.0000000e+00   8.0150330e-01   2.8887969e-01   2.3809524e-02   0.0000000e+00   2.2727273e-02   1.8812245e-01   1.5900567e-02   2.7504554e-01   2.7419355e-01   2.2972973e-01   3.2558140e-01   4.4444444e-01   1.3207547e-01   2.1708185e-01   0.0000000e+00   2.8000000e-01   4.0000000e-02   1.9718310e-01   7.2342664e-01   4.8360825e-01   1.6528926e-02   7.1428571e-02   2.3465704e-02   1.8812245e-01   4.2744254e-02   7.8379258e-02
   0.0000000e+00   8.0026261e-01   2.9026850e-01   2.3809524e-01   0.0000000e+00   2.2727273e-01   8.2102041e-01   3.6433365e-02   3.0054645e-01   3.9516129e-01   4.4594595e-01   2.3255814e-01   1.6666667e-01   6.2264151e-01   9.9644128e-02   0.0000000e+00   4.4000000e-01   8.0000000e-02   5.8450704e-01   7.6538304e-01   4.4703883e-01   1.6528926e-02   4.2857143e-02   1.9855596e-02   8.2102041e-01   9.7940972e-03   1.0775541e-02
   1.0000000e+00   0.0000000e+00   0.0000000e+00   0.0000000e+00   0.0000000e+00   0.0000000e+00   6.0967347e-01   0.0000000e+00   2.4590164e-01   5.1612903e-01   6.3513514e-01   2.3255814e-01   1.6666667e-01   7.5471698e-02   7.8291815e-02   8.3333333e-02   2.8000000e-01   1.2000000e-01   2.9577465e-01   6.6479253e-01   5.3471404e-01   6.1983471e-03   2.8571429e-02   9.0252708e-03   6.0967347e-01   4.9459797e-03   9.6739640e-03
   1.0000000e+00   0.0000000e+00   0.0000000e+00   0.0000000e+00   0.0000000e+00   0.0000000e+00   4.0816327e-05   0.0000000e+00   1.3661202e-01   1.1290323e-01   2.0270270e-01   1.1627907e-01   5.5555556e-02   1.3207547e-01   1.6014235e-01   1.6666667e-01   1.4666667e-01   4.0000000e-02   9.1549296e-02   0.0000000e+00   0.0000000e+00   0.0000000e+00   0.0000000e+00   0.0000000e+00   4.0816327e-05   0.0000000e+00   0.0000000e+00
   1.0000000e+00   0.0000000e+00   0.0000000e+00   0.0000000e+00   0.0000000e+00   0.0000000e+00   5.4571429e-02   0.0000000e+00   7.8324226e-02   1.8548387e-01   1.0810811e-01   2.3255814e-02   2.7777778e-01   1.5094340e-01   9.2526690e-02   0.0000000e+00   2.6666667e-02   0.0000000e+00   1.3380282e-01   0.0000000e+00   0.0000000e+00   0.0000000e+00   0.0000000e+00   0.0000000e+00   5.4571429e-02   0.0000000e+00   0.0000000e+00
   1.0000000e+00   9.5041377e-01   1.2219031e-01   7.1428571e-02   0.0000000e+00   6.8181818e-02   2.3853061e-01   3.7621003e-02   1.7486339e-01   1.2903226e-01   2.2972973e-01   2.0930233e-01   1.6666667e-01   1.8867925e-01   5.6939502e-02   0.0000000e+00   1.8666667e-01   4.0000000e-02   1.8309859e-01   8.1288815e-01   4.0563314e-01   3.0991736e-02   4.2857143e-02   3.2490975e-02   2.3853061e-01   6.3208504e-02   3.7089322e-02
   1.0000000e+00   7.9842276e-01   2.9232803e-01   2.6190476e-01   0.0000000e+00   2.5000000e-01   5.8371429e-01   5.6369684e-02   2.0218579e-01   2.5806452e-01   3.9189189e-01   1.8604651e-01   5.5555556e-02   5.6603774e-02   4.6263345e-02   2.5000000e-01   2.9333333e-01   8.0000000e-02   1.7605634e-01   7.1487007e-01   4.9106620e-01   7.4380165e-02   3.0000000e-01   1.0288809e-01   5.8371429e-01   6.1991273e-02   1.0609398e-01
   1.0000000e+00   8.1832941e-01   2.7004466e-01   1.4285714e-01   0.0000000e+00   1.3636364e-01   6.0020408e-01   2.9902366e-02   1.3479053e-01   3.2258065e-01   6.7567568e-02   4.6511628e-02   1.6666667e-01   2.2641509e-01   3.2028470e-02   0.0000000e+00   1.8666667e-01   0.0000000e+00   1.4788732e-01   8.0509028e-01   4.1242980e-01   3.9256198e-02   5.7142857e-02   4.1516245e-02   6.0020408e-01   3.1818744e-02   1.9653179e-02
   0.0000000e+00   5.8405672e-01   5.3228793e-01   4.7619048e-02   1.0000000e-01   6.8181818e-02   4.1163265e-01   1.4533607e-02   5.8287796e-02   8.8709677e-02   8.1081081e-02   4.6511628e-02   0.0000000e+00   0.0000000e+00   2.4911032e-02   0.0000000e+00   5.3333333e-02   8.0000000e-02   2.8169014e-02   8.2842928e-01   3.9208741e-01   2.4793388e-02   2.8571429e-02   2.5270758e-02   4.1163265e-01   2.9302171e-02   1.4328210e-02
   1.0000000e+00   0.0000000e+00   0.0000000e+00   0.0000000e+00   0.0000000e+00   0.0000000e+00   7.4244898e-02   0.0000000e+00   2.7140255e-01   5.0806452e-01   2.0270270e-01   2.5581395e-01   4.4444444e-01   4.1509434e-01   2.7758007e-01   8.3333333e-02   1.4666667e-01   1.2000000e-01   3.2394366e-01   6.7095198e-01   5.2934543e-01   2.0661157e-03   1.4285714e-02   3.6101083e-03   7.4244898e-02   1.3538226e-02   3.9719626e-02
   0.0000000e+00   8.8277581e-01   1.9790378e-01   4.7619048e-02   0.0000000e+00   4.5454545e-02   2.4922449e-01   2.4004492e-02   1.9307832e-01   2.0967742e-01   3.5135135e-01   1.8604651e-01   1.6666667e-01   2.4528302e-01   5.3380783e-02   0.0000000e+00   1.7333333e-01   8.0000000e-02   2.9577465e-01   7.2538082e-01   4.8190497e-01   1.0330579e-02   4.2857143e-02   1.4440433e-02   2.4922449e-01   2.0165438e-02   3.5497871e-02
   0.0000000e+00   6.9582374e-01   4.0717668e-01   1.1904762e-01   0.0000000e+00   1.1363636e-01   2.5832653e-01   5.7896756e-02   1.6939891e-01   1.6935484e-01   2.2972973e-01   4.6511628e-02   1.6666667e-01   1.8867925e-02   1.1743772e-01   8.3333333e-02   1.4666667e-01   1.2000000e-01   1.8309859e-01   7.8854193e-01   4.2685342e-01   7.8512397e-02   1.0000000e-01   8.1227437e-02   2.5832653e-01   1.4785736e-01   7.9909938e-02
   0.0000000e+00   8.1558782e-01   2.7311357e-01   7.1428571e-02   0.0000000e+00   6.8181818e-02   3.3828571e-01   2.6527165e-02   1.5846995e-01   1.6935484e-01   2.1621622e-01   1.1627907e-01   4.4444444e-01   3.2075472e-01   7.8291815e-02   8.3333333e-02   1.3333333e-01   8.0000000e-02   2.3943662e-01   6.6849436e-01   5.3148751e-01   2.4793388e-02   1.1428571e-01   3.6101083e-02   3.3828571e-01   3.5655453e-02   6.9739382e-02
   0.0000000e+00   8.9204827e-01   1.8752425e-01   4.0476190e-01   0.0000000e+00   3.8636364e-01   3.8200000e-01   1.3311862e-01   3.2786885e-01   2.4193548e-01   2.7027027e-01   6.0465116e-01   6.1111111e-01   3.2075472e-01   3.9857651e-01   8.3333333e-02   5.3333333e-01   8.0000000e-02   3.3098592e-01   7.8140375e-01   4.3307511e-01   8.8842975e-02   1.4285714e-01   9.5667870e-02   3.8200000e-01   1.1314450e-01   7.7198419e-02
   1.0000000e+00   0.0000000e+00   0.0000000e+00   0.0000000e+00   0.0000000e+00   0.0000000e+00   1.2971429e-01   0.0000000e+00   7.2859745e-02   1.4516129e-01   6.7567568e-02   6.9767442e-02   0.0000000e+00   1.8867925e-02   8.1850534e-02   0.0000000e+00   5.3333333e-02   4.0000000e-02   9.8591549e-02   0.0000000e+00   0.0000000e+00   0.0000000e+00   0.0000000e+00   0.0000000e+00   1.2971429e-01   0.0000000e+00   0.0000000e+00
   1.0000000e+00   6.4802161e-01   4.6068606e-01   7.1428571e-02   1.0000000e-01   9.0909091e-02   3.5755102e-02   2.5097847e-01   4.1530055e-01   3.4677419e-01   3.7837838e-01   3.9534884e-01   3.3333333e-01   7.5471698e-02   3.1672598e-01   8.3333333e-02   3.2000000e-01   1.6000000e-01   4.0140845e-01   5.3427481e-01   6.4847396e-01   2.0661157e-03   4.2857143e-02   7.2202166e-03   3.5755102e-02   2.8111910e-02   2.4743151e-01
   0.0000000e+00   7.2589188e-01   3.7351860e-01   1.4285714e-01   0.0000000e+00   1.3636364e-01   2.3995918e-01   7.4794061e-02   2.2950820e-01   2.0967742e-01   3.7837838e-01   1.3953488e-01   2.7777778e-01   3.7735849e-02   1.6370107e-01   1.6666667e-01   2.1333333e-01   1.2000000e-01   2.7464789e-01   7.8903617e-01   4.2642264e-01   1.0743802e-01   1.5714286e-01   1.1371841e-01   2.3995918e-01   2.1781829e-01   1.3518456e-01
   0.0000000e+00   7.9354931e-01   2.9778333e-01   2.8571429e-01   1.0000000e-01   2.9545455e-01   6.4542857e-01   5.5614278e-02   6.7395264e-02   8.0645161e-02   2.7027027e-02   4.6511628e-02   5.5555556e-02   5.6603774e-02   1.4234875e-02   0.0000000e+00   6.6666667e-02   4.0000000e-02   4.9295775e-02   8.3605123e-01   3.8544408e-01   1.3016529e-01   1.4285714e-01   1.3176895e-01   6.4542857e-01   9.8111685e-02   4.5690255e-02
   0.0000000e+00   6.8174504e-01   4.2293629e-01   4.7619048e-02   0.0000000e+00   4.5454545e-02   3.2832653e-01   1.8221212e-02   8.1967213e-02   8.0645161e-02   6.7567568e-02   6.9767442e-02   5.5555556e-02   1.3207547e-01   1.7793594e-02   0.0000000e+00   1.0666667e-01   4.0000000e-02   5.6338028e-02   8.3362668e-01   3.8755733e-01   4.7520661e-02   7.1428571e-02   5.0541516e-02   3.2832653e-01   7.0412576e-02   4.4909249e-02
   1.0000000e+00   0.0000000e+00   0.0000000e+00   0.0000000e+00   0.0000000e+00   0.0000000e+00   2.0424490e-01   0.0000000e+00   5.8287796e-02   0.0000000e+00   8.1081081e-02   6.9767442e-02   0.0000000e+00   5.6603774e-02   3.5587189e-02   0.0000000e+00   8.0000000e-02   0.0000000e+00   4.9295775e-02   8.0310695e-01   4.1415849e-01   1.4462810e-02   2.8571429e-02   1.6245487e-02   2.0424490e-01   3.4448887e-02   2.8876898e-02
   0.0000000e+00   8.2259924e-01   2.6526503e-01   5.0000000e-01   1.0000000e-01   5.0000000e-01   6.1040816e-01   1.0290873e-01   5.6466302e-02   9.6774194e-02   1.0810811e-01   0.0000000e+00   0.0000000e+00   3.7735849e-02   0.0000000e+00   0.0000000e+00   4.0000000e-02   0.0000000e+00   5.6338028e-02   8.4890055e-01   3.7424454e-01   6.4049587e-02   7.1428571e-02   6.4981949e-02   6.1040816e-01   5.1046942e-02   2.4155801e-02
   0.0000000e+00   9.9270156e-01   7.4853633e-02   2.3809524e-02   0.0000000e+00   2.2727273e-02   5.8489796e-02   5.1141461e-02   2.5683060e-01   2.5806452e-01   1.8918919e-01   2.0930233e-01   2.7777778e-01   1.3207547e-01   2.2775801e-01   2.5000000e-01   2.4000000e-01   1.2000000e-01   2.6760563e-01   8.5990900e-01   3.6464952e-01   2.0661157e-03   0.0000000e+00   1.8050542e-03   5.8489796e-02   1.7184950e-02   0.0000000e+00
   1.0000000e+00   8.5198896e-01   2.3236637e-01   9.7619048e-01   2.0000000e-01   9.7727273e-01   6.3212245e-01   1.9401526e-01   2.3497268e-01   2.0967742e-01   3.3783784e-01   1.1627907e-01   1.6666667e-01   2.8301887e-01   5.3380783e-02   0.0000000e+00   3.3333333e-01   2.0000000e-01   3.8028169e-01   7.2743104e-01   4.8011799e-01   5.7851240e-02   1.8571429e-01   7.4007220e-02   6.3212245e-01   4.4523079e-02   6.0647640e-02
   1.0000000e+00   7.4529608e-01   3.5179767e-01   7.1428571e-02   1.0000000e-01   9.0909091e-02   2.3428571e-01   3.8302638e-02   2.0400729e-01   1.2903226e-01   2.5675676e-01   1.6279070e-01   1.1111111e-01   1.6981132e-01   1.6370107e-01   2.5000000e-01   2.5333333e-01   8.0000000e-02   1.7605634e-01   3.2658434e-01   8.2949804e-01   0.0000000e+00   4.2857143e-02   5.4151625e-03   2.3428571e-01   0.0000000e+00   3.7761324e-02
   1.0000000e+00   9.3231027e-01   1.4245524e-01   7.1428571e-02   0.0000000e+00   6.8181818e-02   1.2755102e-01   7.0354286e-02   3.9890710e-01   3.3064516e-01   2.5675676e-01   5.3488372e-01   4.4444444e-01   2.6415094e-01   4.1992883e-01   8.3333333e-02   5.8666667e-01   4.0000000e-02   3.9436620e-01   4.5504741e-01   7.1752897e-01   2.0661157e-03   5.7142857e-02   9.0252708e-03   1.2755102e-01   7.8803306e-03   9.2480000e-02
   0.0000000e+00   8.1883363e-01   2.6948023e-01   3.3333333e-01   0.0000000e+00   3.1818182e-01   3.4934694e-01   1.1987382e-01   1.9307832e-01   1.5322581e-01   1.6216216e-01   1.1627907e-01   2.2222222e-01   1.8867925e-01   1.3523132e-01   2.5000000e-01   2.1333333e-01   8.0000000e-02   1.3380282e-01   8.5263046e-01   3.7099354e-01   2.6859504e-02   2.8571429e-02   2.7075812e-02   3.4934694e-01   3.7403719e-02   1.6882813e-02
   1.0000000e+00   9.1850736e-01   1.5790613e-01   9.5238095e-02   0.0000000e+00   9.0909091e-02   4.3224490e-02   2.7681101e-01   2.3315118e-01   3.1451613e-01   2.7027027e-01   2.5581395e-01   3.8888889e-01   2.6415094e-01   3.6654804e-01   0.0000000e+00   2.8000000e-01   4.0000000e-02   3.3098592e-01   0.0000000e+00   0.0000000e+00   0.0000000e+00   0.0000000e+00   0.0000000e+00   4.3224490e-02   0.0000000e+00   0.0000000e+00
   1.0000000e+00   8.1257737e-01   2.7648345e-01   9.5238095e-02   0.0000000e+00   9.0909091e-02   7.5783673e-01   1.5788380e-02   4.7358834e-01   5.3225806e-01   2.9729730e-01   3.7209302e-01   2.7777778e-01   2.0754717e-01   4.4839858e-01   0.0000000e+00   4.9333333e-01   8.0000000e-02   4.5774648e-01   3.5658365e-01   8.0335049e-01   2.0661157e-03   1.2857143e-01   1.8050542e-02   7.5783673e-01   1.3263334e-03   3.5021813e-02
   1.0000000e+00   0.0000000e+00   0.0000000e+00   0.0000000e+00   0.0000000e+00   0.0000000e+00   8.4816327e-02   0.0000000e+00   2.3861566e-01   3.9516129e-01   6.3513514e-01   2.7906977e-01   2.2222222e-01   1.5094340e-01   1.1387900e-01   1.6666667e-01   1.7333333e-01   8.0000000e-02   3.3802817e-01   0.0000000e+00   0.0000000e+00   0.0000000e+00   0.0000000e+00   0.0000000e+00   8.4816327e-02   0.0000000e+00   0.0000000e+00
   1.0000000e+00   7.4421795e-01   3.5300452e-01   4.7619048e-02   0.0000000e+00   4.5454545e-02   3.6473469e-01   1.6402353e-02   3.8251366e-02   9.6774194e-02   1.3513514e-01   0.0000000e+00   5.5555556e-02   0.0000000e+00   1.0676157e-02   0.0000000e+00   2.6666667e-02   0.0000000e+00   3.5211268e-02   8.8639379e-01   3.4156525e-01   4.1322314e-03   0.0000000e+00   3.6101083e-03   3.6473469e-01   5.5116457e-03   0.0000000e+00
   1.0000000e+00   6.5984778e-01   4.4744793e-01   4.7619048e-02   1.0000000e-01   6.8181818e-02   2.0257143e-01   2.9532829e-02   2.2040073e-01   1.5322581e-01   2.9729730e-01   2.0930233e-01   5.5555556e-02   1.5094340e-01   1.6014235e-01   1.6666667e-01   1.6000000e-01   4.0000000e-02   1.4788732e-01   4.1097030e-01   7.5594681e-01   0.0000000e+00   5.7142857e-02   7.2202166e-03   2.0257143e-01   0.0000000e+00   5.8230909e-02
   1.0000000e+00   6.4947904e-01   4.5905462e-01   4.7619048e-02   1.0000000e-01   6.8181818e-02   2.4714286e-01   2.4206677e-02   2.0218579e-01   2.8225806e-01   2.1621622e-01   2.3255814e-01   1.6666667e-01   2.2641509e-01   1.0676157e-01   0.0000000e+00   2.0000000e-01   2.0000000e-01   2.1126761e-01   8.6922962e-01   3.5652562e-01   4.7520661e-02   7.1428571e-02   5.0541516e-02   2.4714286e-01   9.3542322e-02   5.9661437e-02
   1.0000000e+00   8.4839643e-01   2.3638784e-01   8.5714286e-01   2.0000000e-01   8.6363636e-01   6.2616327e-01   1.7197612e-01   2.0218579e-01   1.5322581e-01   2.9729730e-01   6.9767442e-02   5.5555556e-02   2.2641509e-01   3.2028470e-02   0.0000000e+00   2.4000000e-01   1.6000000e-01   2.1126761e-01   7.4459897e-01   4.6515434e-01   4.9586777e-02   1.4285714e-01   6.1371841e-02   6.2616327e-01   3.8525832e-02   4.7096017e-02
   1.0000000e+00   0.0000000e+00   0.0000000e+00   0.0000000e+00   0.0000000e+00   0.0000000e+00   2.0244898e-02   0.0000000e+00   2.0036430e-01   1.9354839e-01   5.2702703e-01   9.3023256e-02   1.6666667e-01   5.6603774e-02   1.3523132e-01   8.3333333e-02   2.6666667e-01   8.0000000e-02   1.6901408e-01   4.9988924e-01   6.7844460e-01   2.0661157e-03   5.7142857e-02   9.0252708e-03   2.0244898e-02   4.9649260e-02   5.8266129e-01
   1.0000000e+00   0.0000000e+00   0.0000000e+00   0.0000000e+00   0.0000000e+00   0.0000000e+00   2.0408163e-04   0.0000000e+00   4.4262295e-01   3.2258065e-01   3.7837838e-01   7.6744186e-01   2.2222222e-01   6.2264151e-01   9.7864769e-01   2.5000000e-01   4.1333333e-01   3.2000000e-01   4.8591549e-01   0.0000000e+00   0.0000000e+00   0.0000000e+00   0.0000000e+00   0.0000000e+00   2.0408163e-04   0.0000000e+00   0.0000000e+00
   0.0000000e+00   8.2606813e-01   2.6138198e-01   2.3809524e-02   0.0000000e+00   2.2727273e-02   3.0040816e-02   9.9572981e-02   2.3315118e-01   8.0645161e-02   1.8918919e-01   3.2558140e-01   2.2222222e-01   1.3207547e-01   1.1032028e-01   4.1666667e-01   2.0000000e-01   0.0000000e+00   1.9014085e-01   6.2929401e-01   5.6565474e-01   2.0661157e-03   1.4285714e-02   3.6101083e-03   3.0040816e-02   3.3459284e-02   9.8165761e-02
   0.0000000e+00   7.9432631e-01   2.9691356e-01   7.1428571e-02   0.0000000e+00   6.8181818e-02   2.8338776e-01   3.1666015e-02   2.0036430e-01   2.7419355e-01   1.3513514e-02   1.3953488e-01   3.3333333e-01   1.3207547e-01   9.2526690e-02   8.3333333e-02   2.8000000e-01   0.0000000e+00   2.5352113e-01   7.2087595e-01   4.8583145e-01   6.1983471e-03   2.8571429e-02   9.0252708e-03   2.8338776e-01   1.0640660e-02   2.0812329e-02
   0.0000000e+00   1.0000000e+00   6.6683810e-02   7.1428571e-02   0.0000000e+00   6.8181818e-02   2.6081633e-02   3.4406439e-01   2.4954463e-01   1.6129032e-01   4.3243243e-01   1.3953488e-01   6.6666667e-01   1.6981132e-01   1.5302491e-01   3.3333333e-01   3.3333333e-01   1.6000000e-01   2.8169014e-01   0.0000000e+00   0.0000000e+00   0.0000000e+00   0.0000000e+00   0.0000000e+00   2.6081633e-02   0.0000000e+00   0.0000000e+00
   0.0000000e+00   0.0000000e+00   0.0000000e+00   0.0000000e+00   0.0000000e+00   0.0000000e+00   4.1020408e-02   0.0000000e+00   1.5846995e-01   1.0483871e-01   2.4324324e-01   1.8604651e-01   3.8888889e-01   9.4339623e-02   3.9145907e-02   3.3333333e-01   1.7333333e-01   4.0000000e-02   1.3380282e-01   1.3096600e-01   1.0000000e+00   0.0000000e+00   1.4285714e-02   1.8050542e-03   4.1020408e-02   0.0000000e+00   7.1890547e-02
   1.0000000e+00   7.4511369e-01   3.5200184e-01   4.7619048e-02   0.0000000e+00   4.5454545e-02   5.1314286e-01   1.1658561e-02   1.4936248e-01   2.5806452e-01   3.5135135e-01   6.9767442e-02   5.5555556e-02   1.8867925e-02   4.6263345e-02   0.0000000e+00   1.7333333e-01   8.0000000e-02   1.5492958e-01   7.3668268e-01   4.7205421e-01   4.1322314e-02   1.4285714e-01   5.4151625e-02   5.1314286e-01   3.9175999e-02   5.7468979e-02
   1.0000000e+00   7.4680577e-01   3.5010773e-01   4.7619048e-02   1.0000000e-01   6.8181818e-02   2.0261224e-01   2.9526879e-02   3.2969035e-01   2.3387097e-01   1.6216216e-01   2.5581395e-01   2.7777778e-01   3.3962264e-01   2.4555160e-01   0.0000000e+00   3.3333333e-01   4.0000000e-02   2.4647887e-01   8.0662824e-01   4.1108931e-01   1.2396694e-02   1.4285714e-02   1.2635379e-02   2.0261224e-01   2.9765552e-02   1.4554795e-02
   0.0000000e+00   9.3681544e-01   1.3741219e-01   4.7619048e-02   0.0000000e+00   4.5454545e-02   3.8040816e-02   1.5726548e-01   2.4043716e-01   2.2580645e-01   3.1081081e-01   2.0930233e-01   2.2222222e-01   1.8867925e-01   1.3167260e-01   0.0000000e+00   2.9333333e-01   2.0000000e-01   2.0422535e-01   8.0543957e-01   4.1212536e-01   2.0661157e-03   0.0000000e+00   1.8050542e-03   3.8040816e-02   2.6422782e-02   0.0000000e+00
   0.0000000e+00   0.0000000e+00   0.0000000e+00   0.0000000e+00   0.0000000e+00   0.0000000e+00   7.6869388e-01   0.0000000e+00   1.8397086e-01   2.1774194e-01   5.2702703e-01   4.6511628e-02   3.3333333e-01   1.1320755e-01   7.8291815e-02   1.6666667e-01   1.2000000e-01   0.0000000e+00   1.9014085e-01   7.6110170e-01   4.5077047e-01   1.3223140e-01   3.0000000e-01   1.5342960e-01   7.6869388e-01   8.3686408e-02   8.0563373e-02
   0.0000000e+00   0.0000000e+00   0.0000000e+00   0.0000000e+00   0.0000000e+00   0.0000000e+00   0.0000000e+00   0.0000000e+00   1.6939891e-01   1.2903226e-01   4.3243243e-01   4.6511628e-02   5.5555556e-02   1.1320755e-01   7.4733096e-02   8.3333333e-02   1.2000000e-01   4.0000000e-02   1.4788732e-01   0.0000000e+00   0.0000000e+00   0.0000000e+00   0.0000000e+00   0.0000000e+00   0.0000000e+00   0.0000000e+00   0.0000000e+00
   1.0000000e+00   0.0000000e+00   0.0000000e+00   0.0000000e+00   0.0000000e+00   0.0000000e+00   4.4583673e-01   0.0000000e+00   1.0928962e-02   1.6129032e-02   1.3513514e-02   2.3255814e-02   0.0000000e+00   1.8867925e-02   1.0676157e-02   0.0000000e+00   1.3333333e-02   0.0000000e+00   2.1126761e-02   4.3686539e-01   7.3337651e-01   0.0000000e+00   1.4285714e-02   1.8050542e-03   4.4583673e-01   0.0000000e+00   6.6144832e-03
   1.0000000e+00   7.9434973e-01   2.9688734e-01   1.6666667e-01   0.0000000e+00   1.5909091e-01   2.2808163e-01   9.1803865e-02   1.1657559e-01   1.4516129e-01   5.4054054e-02   9.3023256e-02   5.5555556e-02   3.7735849e-02   5.6939502e-02   0.0000000e+00   9.3333333e-02   4.0000000e-02   1.0563380e-01   8.2637955e-01   3.9387396e-01   3.0991736e-02   2.8571429e-02   3.0685921e-02   2.2808163e-01   6.6104240e-02   2.5858984e-02
   0.0000000e+00   0.0000000e+00   0.0000000e+00   0.0000000e+00   0.0000000e+00   0.0000000e+00   6.3302041e-01   0.0000000e+00   1.7122040e-01   3.7096774e-01   5.4054054e-01   1.8604651e-01   2.2222222e-01   7.5471698e-02   6.7615658e-02   1.6666667e-01   2.6666667e-01   1.2000000e-01   1.9718310e-01   7.8748714e-01   4.2777279e-01   1.3223140e-01   1.5714286e-01   1.3537906e-01   6.3302041e-01   1.0162268e-01   5.1244439e-02
   0.0000000e+00   0.0000000e+00   0.0000000e+00   0.0000000e+00   0.0000000e+00   0.0000000e+00   0.0000000e+00   0.0000000e+00   2.6047359e-01   3.3064516e-01   6.2162162e-01   1.6279070e-01   1.6666667e-01   3.9622642e-01   1.7793594e-01   3.3333333e-01   2.9333333e-01   0.0000000e+00   1.6901408e-01   0.0000000e+00   0.0000000e+00   0.0000000e+00   0.0000000e+00   0.0000000e+00   0.0000000e+00   0.0000000e+00   0.0000000e+00
   0.0000000e+00   7.8169158e-01   3.1105680e-01   7.1428571e-02   0.0000000e+00   6.8181818e-02   3.2632653e-01   2.7499330e-02   3.0418944e-01   2.7419355e-01   8.1081081e-02   4.4186047e-01   5.0000000e-01   2.2641509e-01   1.8861210e-01   8.3333333e-02   2.0000000e-01   8.0000000e-02   2.8873239e-01   8.7191346e-01   3.5418638e-01   7.2314050e-02   8.5714286e-02   7.4007220e-02   3.2632653e-01   1.0780627e-01   5.4221388e-02
   1.0000000e+00   9.5009122e-01   1.2255136e-01   4.7619048e-02   0.0000000e+00   4.5454545e-02   5.2359184e-01   1.1425899e-02   4.6994536e-01   5.0000000e-01   6.8918919e-01   2.7906977e-01   6.6666667e-01   1.5094340e-01   2.9893238e-01   8.3333333e-02   4.5333333e-01   1.6000000e-01   5.2112676e-01   7.7405568e-01   4.3947972e-01   6.1983471e-03   1.4285714e-02   7.2202166e-03   5.2359184e-01   5.7591284e-03   5.6322108e-03
   1.0000000e+00   8.6169293e-01   2.2150382e-01   4.7619048e-02   0.0000000e+00   4.5454545e-02   3.0257143e-01   1.9772215e-02   2.2586521e-01   1.9354839e-01   6.2162162e-01   3.0232558e-01   1.1111111e-01   1.3207547e-01   1.3879004e-01   8.3333333e-02   2.4000000e-01   8.0000000e-02   2.2535211e-01   5.6849253e-01   6.1864962e-01   4.1322314e-03   4.2857143e-02   9.0252708e-03   3.0257143e-01   6.6440127e-03   2.9239174e-02
   0.0000000e+00   0.0000000e+00   0.0000000e+00   0.0000000e+00   0.0000000e+00   0.0000000e+00   1.3914286e-01   0.0000000e+00   2.2222222e-01   1.9354839e-01   5.5405405e-01   2.0930233e-01   1.6666667e-01   7.5471698e-02   1.7437722e-01   8.3333333e-02   2.4000000e-01   8.0000000e-02   2.3239437e-01   5.5259022e-01   6.3251016e-01   6.1983471e-03   5.7142857e-02   1.2635379e-02   1.3914286e-01   2.1671487e-02   8.4775594e-02
   1.0000000e+00   0.0000000e+00   0.0000000e+00   0.0000000e+00   0.0000000e+00   0.0000000e+00   2.6200000e-01   0.0000000e+00   1.7850638e-01   1.2903226e-01   2.7027027e-01   1.8604651e-01   1.6666667e-01   2.2641509e-01   4.2704626e-02   0.0000000e+00   1.4666667e-01   4.0000000e-02   1.7605634e-01   8.3438443e-01   3.8689687e-01   2.8925620e-02   2.8571429e-02   2.8880866e-02   2.6200000e-01   5.3709996e-02   2.2511295e-02
   1.0000000e+00   6.5258395e-01   4.5557901e-01   2.3809524e-02   0.0000000e+00   2.2727273e-02   2.0485714e-01   1.4601657e-02   1.6393443e-01   2.5806452e-01   6.3513514e-01   2.5581395e-01   5.5555556e-02   7.5471698e-02   1.0676157e-01   1.6666667e-01   1.2000000e-01   4.0000000e-02   1.5492958e-01   0.0000000e+00   0.0000000e+00   0.0000000e+00   0.0000000e+00   0.0000000e+00   2.0485714e-01   0.0000000e+00   0.0000000e+00
   1.0000000e+00   8.0248731e-01   2.8777819e-01   1.1904762e-01   0.0000000e+00   1.1363636e-01   6.1175510e-01   2.4448130e-02   2.3679417e-01   3.3870968e-01   2.9729730e-01   2.0930233e-01   1.6666667e-01   1.1320755e-01   1.3879004e-01   0.0000000e+00   2.9333333e-01   8.0000000e-02   2.1126761e-01   7.7043777e-01   4.4263311e-01   1.6528926e-02   2.8571429e-02   1.8050542e-02   6.1175510e-01   1.3144400e-02   9.6410462e-03
   1.0000000e+00   0.0000000e+00   0.0000000e+00   0.0000000e+00   0.0000000e+00   0.0000000e+00   1.7163265e-01   0.0000000e+00   5.6466302e-02   1.5322581e-01   4.0540541e-01   9.3023256e-02   0.0000000e+00   3.7735849e-02   3.5587189e-02   0.0000000e+00   5.3333333e-02   0.0000000e+00   6.3380282e-02   0.0000000e+00   0.0000000e+00   0.0000000e+00   0.0000000e+00   0.0000000e+00   1.7163265e-01   0.0000000e+00   0.0000000e+00
   1.0000000e+00   0.0000000e+00   0.0000000e+00   0.0000000e+00   0.0000000e+00   0.0000000e+00   1.7248980e-01   0.0000000e+00   4.1894353e-02   9.6774194e-02   8.1081081e-02   2.3255814e-02   0.0000000e+00   1.8867925e-02   4.2704626e-02   0.0000000e+00   1.0666667e-01   0.0000000e+00   7.0422535e-03   7.1287941e-01   4.9280127e-01   2.0661157e-03   1.4285714e-02   3.6101083e-03   1.7248980e-01   5.8272676e-03   1.7096545e-02
   1.0000000e+00   9.0729062e-01   1.7046207e-01   4.7619048e-02   0.0000000e+00   4.5454545e-02   6.8040816e-01   8.7925272e-03   2.8779599e-01   3.3870968e-01   6.7567568e-02   9.3023256e-02   1.6666667e-01   3.0188679e-01   1.6014235e-01   1.6666667e-01   3.3333333e-01   2.8000000e-01   2.8169014e-01   8.7421124e-01   3.5218362e-01   1.8595041e-02   0.0000000e+00   1.6245487e-02   6.8040816e-01   1.3295399e-02   0.0000000e+00
   1.0000000e+00   9.0185431e-01   1.7654744e-01   1.4285714e-01   0.0000000e+00   1.3636364e-01   4.3428571e-01   4.1326531e-02   2.6229508e-01   3.0645161e-01   3.2432432e-01   2.7906977e-01   2.7777778e-01   2.4528302e-01   7.4733096e-02   0.0000000e+00   2.5333333e-01   1.2000000e-01   3.5915493e-01   6.4800393e-01   5.4934707e-01   8.2644628e-03   5.7142857e-02   1.4440433e-02   4.3428571e-01   9.2579072e-03   2.7161654e-02
   0.0000000e+00   8.6628643e-01   2.1636189e-01   5.7142857e-01   0.0000000e+00   5.4545455e-01   8.7367347e-01   8.2170387e-02   2.8961749e-01   3.2258065e-01   2.1621622e-01   4.1860465e-01   4.4444444e-01   4.1509434e-01   1.5302491e-01   0.0000000e+00   3.6000000e-01   1.2000000e-01   3.5211268e-01   7.1871129e-01   4.8771818e-01   3.3057851e-02   1.1428571e-01   4.3321300e-02   8.7367347e-01   1.8407686e-02   2.7003037e-02
   0.0000000e+00   8.1437202e-01   2.7447453e-01   2.3809524e-02   0.0000000e+00   2.2727273e-02   2.3085714e-01   1.2957163e-02   2.3497268e-01   2.7419355e-01   2.1621622e-01   2.5581395e-01   2.7777778e-01   1.1320755e-01   2.3131673e-01   3.3333333e-01   4.0000000e-01   1.2000000e-01   2.3239437e-01   3.5288036e-01   8.0657829e-01   0.0000000e+00   5.7142857e-02   7.2202166e-03   2.3085714e-01   0.0000000e+00   5.1096181e-02
   1.0000000e+00   7.8547784e-01   3.0681848e-01   3.3333333e-01   1.0000000e-01   3.4090909e-01   7.4159184e-01   5.6469811e-02   4.5537341e-01   4.9193548e-01   4.4594595e-01   3.9534884e-01   8.8888889e-01   1.8867925e-01   6.5836299e-01   8.3333333e-02   6.6666667e-01   2.8000000e-01   5.2816901e-01   5.0152338e-01   6.7702028e-01   8.2644628e-03   1.5714286e-01   2.7075812e-02   7.4159184e-01   5.4215495e-03   4.3742088e-02
   1.0000000e+00   0.0000000e+00   0.0000000e+00   0.0000000e+00   0.0000000e+00   0.0000000e+00   7.1142857e-02   0.0000000e+00   2.2222222e-01   2.5806452e-01   3.7837838e-01   2.0930233e-01   3.3333333e-01   2.8301887e-01   1.1743772e-01   1.6666667e-01   2.5333333e-01   4.0000000e-02   4.2253521e-01   0.0000000e+00   0.0000000e+00   0.0000000e+00   0.0000000e+00   0.0000000e+00   7.1142857e-02   0.0000000e+00   0.0000000e+00
   1.0000000e+00   7.2189910e-01   3.7798809e-01   2.3809524e-02   0.0000000e+00   2.2727273e-02   7.5551020e-02   3.9592498e-02   1.4389800e-01   1.2096774e-01   1.2162162e-01   1.3953488e-01   1.6666667e-01   1.8867925e-02   1.9928826e-01   1.6666667e-01   1.8666667e-01   4.0000000e-02   1.6197183e-01   9.0799490e-01   3.2273761e-01   2.0661157e-03   0.0000000e+00   1.8050542e-03   7.5551020e-02   1.3304178e-02   0.0000000e+00
   0.0000000e+00   7.3252095e-01   3.6609806e-01   9.5238095e-02   0.0000000e+00   9.0909091e-02   4.8604082e-01   2.4617304e-02   4.9180328e-02   6.4516129e-02   1.7567568e-01   0.0000000e+00   0.0000000e+00   3.7735849e-02   1.7793594e-02   8.3333333e-02   9.3333333e-02   0.0000000e+00   1.1267606e-01   9.0492432e-01   3.2541394e-01   2.0661157e-02   0.0000000e+00   1.8050542e-02   4.8604082e-01   2.0680243e-02   0.0000000e+00
   0.0000000e+00   8.1864544e-01   2.6969089e-01   2.3809524e-01   0.0000000e+00   2.2727273e-01   7.0408163e-01   4.2484472e-02   1.4207650e-01   2.9838710e-01   8.1081081e-02   1.6279070e-01   2.2222222e-01   1.5094340e-01   3.5587189e-02   0.0000000e+00   1.4666667e-01   4.0000000e-02   7.7464789e-02   6.6053090e-01   5.3842850e-01   1.4462810e-02   7.1428571e-02   2.1660650e-02   7.0408163e-01   9.9931728e-03   2.0942029e-02
   1.0000000e+00   8.0600177e-01   2.8384413e-01   1.4285714e-01   1.0000000e-01   1.5909091e-01   3.8236735e-01   4.6937904e-02   4.6812386e-01   4.0322581e-01   4.4594595e-01   4.8837209e-01   6.6666667e-01   2.0754717e-01   6.2989324e-01   3.3333333e-01   6.2666667e-01   8.0000000e-02   3.9436620e-01   4.2981495e-01   7.3952171e-01   2.0661157e-03   7.1428571e-02   1.0830325e-02   3.8236735e-01   2.6287397e-03   3.8562126e-02
   0.0000000e+00   8.3835136e-01   2.4763221e-01   7.1428571e-02   0.0000000e+00   6.8181818e-02   4.4395918e-01   2.0213031e-02   1.3479053e-01   1.7741935e-01   4.0540541e-01   9.3023256e-02   1.1111111e-01   3.7735849e-02   6.0498221e-02   8.3333333e-02   1.6000000e-01   0.0000000e+00   1.4084507e-01   7.9362932e-01   4.2241924e-01   2.7066116e-01   4.2857143e-01   2.9061372e-01   4.4395918e-01   2.9659008e-01   1.9927370e-01
   0.0000000e+00   7.7279827e-01   3.2101190e-01   9.5238095e-02   0.0000000e+00   9.0909091e-02   8.5314286e-01   1.4024632e-02   2.4772313e-01   3.3870968e-01   1.6216216e-01   2.0930233e-01   5.0000000e-01   1.1320755e-01   1.6014235e-01   0.0000000e+00   2.0000000e-01   2.8000000e-01   1.6197183e-01   7.9601195e-01   4.2034252e-01   1.6528926e-01   3.4285714e-01   1.8772563e-01   8.5314286e-01   9.4253308e-02   8.2958569e-02
   0.0000000e+00   0.0000000e+00   0.0000000e+00   0.0000000e+00   0.0000000e+00   0.0000000e+00   0.0000000e+00   0.0000000e+00   3.1511840e-01   4.1935484e-01   2.8378378e-01   3.9534884e-01   2.7777778e-01   5.0943396e-01   2.6690391e-01   4.1666667e-01   1.8666667e-01   8.0000000e-02   2.4647887e-01   0.0000000e+00   0.0000000e+00   0.0000000e+00   0.0000000e+00   0.0000000e+00   0.0000000e+00   0.0000000e+00   0.0000000e+00
   0.0000000e+00   7.2126533e-01   3.7869753e-01   4.7619048e-02   0.0000000e+00   4.5454545e-02   2.1269388e-01   2.8127313e-02   2.0036430e-02   3.2258065e-02   2.7027027e-02   0.0000000e+00   0.0000000e+00   1.8867925e-02   3.5587189e-03   0.0000000e+00   1.3333333e-02   0.0000000e+00   7.7464789e-02   8.1177272e-01   4.0660535e-01   2.0661157e-02   4.2857143e-02   2.3465704e-02   2.1269388e-01   4.7257787e-02   4.1594704e-02
   0.0000000e+00   0.0000000e+00   0.0000000e+00   0.0000000e+00   0.0000000e+00   0.0000000e+00   4.0816327e-05   0.0000000e+00   2.8051002e-01   3.5483871e-01   3.9189189e-01   4.8837209e-01   2.2222222e-01   5.2830189e-01   1.8505338e-01   1.6666667e-01   3.2000000e-01   2.8000000e-01   2.4647887e-01   0.0000000e+00   0.0000000e+00   0.0000000e+00   0.0000000e+00   0.0000000e+00   4.0816327e-05   0.0000000e+00   0.0000000e+00
   0.0000000e+00   0.0000000e+00   0.0000000e+00   0.0000000e+00   0.0000000e+00   0.0000000e+00   1.6326531e-04   0.0000000e+00   6.5573770e-02   8.0645161e-02   1.8918919e-01   1.1627907e-01   1.6666667e-01   1.5094340e-01   9.2526690e-02   8.3333333e-02   5.3333333e-02   0.0000000e+00   8.4507042e-02   0.0000000e+00   0.0000000e+00   0.0000000e+00   0.0000000e+00   0.0000000e+00   1.6326531e-04   0.0000000e+00   0.0000000e+00
   0.0000000e+00   0.0000000e+00   0.0000000e+00   0.0000000e+00   0.0000000e+00   0.0000000e+00   4.0816327e-05   0.0000000e+00   2.2950820e-01   2.9032258e-01   3.7837838e-01   3.7209302e-01   1.6666667e-01   4.5283019e-01   1.4946619e-01   1.6666667e-01   2.5333333e-01   2.4000000e-01   1.9718310e-01   0.0000000e+00   0.0000000e+00   0.0000000e+00   0.0000000e+00   0.0000000e+00   4.0816327e-05   0.0000000e+00   0.0000000e+00
   0.0000000e+00   7.4080344e-01   3.5682670e-01   2.1428571e-01   0.0000000e+00   2.0454545e-01   2.2367347e-01   1.2035975e-01   2.8051002e-01   2.7419355e-01   5.2702703e-01   2.3255814e-01   3.8888889e-01   9.4339623e-02   2.5266904e-01   3.3333333e-01   2.6666667e-01   1.2000000e-01   3.8028169e-01   7.9213497e-01   4.2372172e-01   1.2190083e-01   1.7142857e-01   1.2815884e-01   2.2367347e-01   2.6513430e-01   1.5821168e-01
   1.0000000e+00   5.7947610e-01   5.3741544e-01   2.3809524e-02   1.0000000e-01   4.5454545e-02   2.0106122e-01   1.4877327e-02   1.0018215e-01   8.0645161e-02   8.1081081e-02   4.6511628e-02   1.1111111e-01   1.8867925e-02   1.0320285e-01   8.3333333e-02   9.3333333e-02   2.0000000e-01   1.3380282e-01   0.0000000e+00   0.0000000e+00   0.0000000e+00   0.0000000e+00   0.0000000e+00   2.0106122e-01   0.0000000e+00   0.0000000e+00
   0.0000000e+00   8.2476306e-01   2.6284287e-01   5.2380952e-01   0.0000000e+00   5.0000000e-01   3.5861224e-01   1.8350623e-01   4.4080146e-01   3.1451613e-01   3.5135135e-01   3.7209302e-01   2.2222222e-01   1.6981132e-01   4.2704626e-01   3.3333333e-01   4.9333333e-01   1.2000000e-01   3.9436620e-01   6.9186460e-01   5.1111789e-01   1.4462810e-02   5.7142857e-02   1.9855596e-02   3.5861224e-01   1.9620104e-02   3.2893239e-02
   0.0000000e+00   7.0815852e-01   3.9336921e-01   4.7619048e-02   0.0000000e+00   4.5454545e-02   4.8530612e-02   1.2327286e-01   2.8779599e-01   2.2580645e-01   3.3783784e-01   2.3255814e-01   1.6666667e-01   9.4339623e-02   8.1850534e-02   1.6666667e-01   2.5333333e-01   4.0000000e-02   2.5352113e-01   8.4499122e-01   3.7765194e-01   8.2644628e-03   0.0000000e+00   7.2202166e-03   4.8530612e-02   8.2846200e-02   0.0000000e+00
   0.0000000e+00   7.7530962e-01   3.1820071e-01   2.8571429e-01   1.0000000e-01   2.9545455e-01   5.0375510e-01   7.1254948e-02   3.7340619e-01   3.9516129e-01   5.6756757e-01   5.8139535e-01   2.2222222e-01   2.0754717e-01   4.0569395e-01   2.5000000e-01   3.8666667e-01   1.2000000e-01   4.1549296e-01   5.9711354e-01   5.9370340e-01   1.0330579e-02   8.5714286e-02   1.9855596e-02   5.0375510e-01   9.9765164e-03   3.5123967e-02
   1.0000000e+00   0.0000000e+00   0.0000000e+00   0.0000000e+00   0.0000000e+00   0.0000000e+00   1.7510204e-02   0.0000000e+00   1.9489982e-01   1.2096774e-01   2.0270270e-01   6.9767442e-02   0.0000000e+00   1.1320755e-01   5.6939502e-02   1.6666667e-01   1.7333333e-01   1.2000000e-01   1.3380282e-01   3.9836949e-01   7.6692974e-01   0.0000000e+00   4.2857143e-02   5.4151625e-03   1.7510204e-02   0.0000000e+00   5.0524476e-01
   0.0000000e+00   0.0000000e+00   0.0000000e+00   0.0000000e+00   0.0000000e+00   0.0000000e+00   0.0000000e+00   0.0000000e+00   4.0072860e-02   1.7741935e-01   2.4324324e-01   0.0000000e+00   5.5555556e-02   1.3207547e-01   7.1174377e-02   8.3333333e-02   1.3333333e-01   0.0000000e+00   6.3380282e-02   0.0000000e+00   0.0000000e+00   0.0000000e+00   0.0000000e+00   0.0000000e+00   0.0000000e+00   0.0000000e+00   0.0000000e+00
   0.0000000e+00   0.0000000e+00   0.0000000e+00   0.0000000e+00   0.0000000e+00   0.0000000e+00   3.2897959e-02   0.0000000e+00   2.2586521e-01   2.0161290e-01   2.1621622e-01   1.8604651e-01   1.1111111e-01   1.3207547e-01   8.5409253e-02   1.6666667e-01   1.3333333e-01   8.0000000e-02   1.9718310e-01   0.0000000e+00   0.0000000e+00   0.0000000e+00   0.0000000e+00   0.0000000e+00   3.2897959e-02   0.0000000e+00   0.0000000e+00
   1.0000000e+00   8.2187967e-01   2.6607051e-01   2.3809524e-02   0.0000000e+00   2.2727273e-02   7.6224490e-01   3.9242685e-03   1.0000000e+00   1.0000000e+00   1.7567568e-01   2.5581395e-01   3.8888889e-01   1.0000000e+00   2.1352313e-01   2.5000000e-01   1.0000000e+00   1.0000000e+00   1.0000000e+00   8.4022044e-01   3.8181017e-01   3.0991736e-02   1.4285714e-02   2.8880866e-02   7.6224490e-01   1.9779946e-02   3.8688086e-03
   1.0000000e+00   0.0000000e+00   0.0000000e+00   0.0000000e+00   0.0000000e+00   0.0000000e+00   6.0448980e-02   0.0000000e+00   1.2932605e-01   3.5483871e-01   1.3513514e-01   1.3953488e-01   3.3333333e-01   2.0754717e-01   1.4234875e-01   0.0000000e+00   4.0000000e-02   8.0000000e-02   1.8309859e-01   0.0000000e+00   0.0000000e+00   0.0000000e+00   0.0000000e+00   0.0000000e+00   6.0448980e-02   0.0000000e+00   0.0000000e+00
   1.0000000e+00   8.9965661e-01   1.7900753e-01   1.1904762e-01   0.0000000e+00   1.1363636e-01   1.8432653e-01   8.1140073e-02   2.9143898e-02   1.6129032e-02   2.0270270e-01   0.0000000e+00   1.1111111e-01   1.8867925e-02   4.6263345e-02   0.0000000e+00   5.3333333e-02   0.0000000e+00   3.5211268e-02   4.8663668e-01   6.8999560e-01   2.0661157e-03   1.7142857e-01   2.3465704e-02   1.8432653e-01   5.4530631e-03   1.9198406e-01
   0.0000000e+00   0.0000000e+00   0.0000000e+00   0.0000000e+00   0.0000000e+00   0.0000000e+00   0.0000000e+00   0.0000000e+00   2.6411658e-01   2.7419355e-01   4.7297297e-01   3.0232558e-01   2.2222222e-01   2.4528302e-01   2.0996441e-01   2.5000000e-01   3.3333333e-01   8.0000000e-02   2.8169014e-01   0.0000000e+00   0.0000000e+00   0.0000000e+00   0.0000000e+00   0.0000000e+00   0.0000000e+00   0.0000000e+00   0.0000000e+00
   0.0000000e+00   6.4848846e-01   4.6016347e-01   1.1904762e-01   3.0000000e-01   1.8181818e-01   2.6240816e-01   5.6996200e-02   2.3132969e-01   1.9354839e-01   1.0810811e-01   2.3255814e-01   3.3333333e-01   1.8867925e-01   1.2099644e-01   1.6666667e-01   2.8000000e-01   0.0000000e+00   1.6197183e-01   8.6459230e-01   3.6056753e-01   7.6446281e-02   4.2857143e-02   7.2202166e-02   2.6240816e-01   1.4172705e-01   3.3714419e-02
   1.0000000e+00   6.7568241e-01   4.2972275e-01   7.1428571e-02   1.0000000e-01   9.0909091e-02   6.9555102e-01   1.2901657e-02   1.0018215e-01   1.4516129e-01   4.3243243e-01   1.6279070e-01   1.6666667e-01   9.4339623e-02   2.4911032e-02   8.3333333e-02   2.5333333e-01   0.0000000e+00   1.1971831e-01   7.1638403e-01   4.8974663e-01   2.2727273e-02   8.5714286e-02   3.0685921e-02   6.9555102e-01   1.5896154e-02   2.5438648e-02
   0.0000000e+00   8.6512266e-01   2.1766460e-01   2.3809524e-01   1.0000000e-01   2.5000000e-01   2.4208163e-01   1.2356384e-01   2.1311475e-01   1.3709677e-01   3.3783784e-01   1.6279070e-01   1.1111111e-01   3.7735849e-02   7.8291815e-02   1.6666667e-01   2.0000000e-01   0.0000000e+00   1.5492958e-01   7.2515555e-01   4.8210132e-01   8.2644628e-03   4.2857143e-02   1.2635379e-02   2.4208163e-01   1.6608351e-02   3.6545271e-02
   1.0000000e+00   8.5869129e-01   2.2486383e-01   2.1428571e-01   0.0000000e+00   2.0454545e-01   6.6436735e-01   4.0521683e-02   2.0765027e-01   4.0322581e-01   9.4594595e-02   1.1627907e-01   1.6666667e-01   2.6415094e-01   4.6263345e-02   8.3333333e-02   2.0000000e-01   0.0000000e+00   2.2535211e-01   7.5955240e-01   4.5212085e-01   4.5454545e-02   1.1428571e-01   5.4151625e-02   6.6436735e-01   3.3284557e-02   3.5510229e-02
   0.0000000e+00   9.3282000e-01   1.4188465e-01   4.7619048e-02   0.0000000e+00   4.5454545e-02   1.8800000e-01   3.1821847e-02   2.1493625e-01   2.0967742e-01   6.7567568e-02   3.7209302e-01   1.1111111e-01   2.2641509e-01   1.3167260e-01   0.0000000e+00   3.8666667e-01   1.2000000e-01   3.3802817e-01   5.9402910e-01   5.9639181e-01   8.2644628e-03   4.2857143e-02   1.2635379e-02   1.8800000e-01   2.1386047e-02   4.7058185e-02
   1.0000000e+00   8.0403906e-01   2.8604117e-01   3.3333333e-01   1.0000000e-01   3.4090909e-01   6.1293878e-01   6.8322568e-02   4.7358834e-01   4.0322581e-01   4.0540541e-01   4.8837209e-01   8.3333333e-01   2.4528302e-01   8.0071174e-01   2.5000000e-01   5.6000000e-01   2.4000000e-01   5.4929577e-01   5.3272287e-01   6.4982664e-01   8.2644628e-03   1.1428571e-01   2.1660650e-02   6.1293878e-01   6.5595080e-03   3.8489712e-02
   1.0000000e+00   0.0000000e+00   0.0000000e+00   0.0000000e+00   0.0000000e+00   0.0000000e+00   6.7551020e-02   0.0000000e+00   1.9672131e-01   4.5161290e-01   1.7567568e-01   2.0930233e-01   3.3333333e-01   2.6415094e-01   1.9217082e-01   8.3333333e-02   9.3333333e-02   1.2000000e-01   2.8169014e-01   9.3312047e-01   3.0083803e-01   2.0661157e-03   0.0000000e+00   1.8050542e-03   6.7551020e-02   1.4879778e-02   0.0000000e+00
   0.0000000e+00   9.4943016e-01   1.2329136e-01   7.1428571e-02   0.0000000e+00   6.8181818e-02   4.0420408e-01   2.2201065e-02   3.0054645e-01   2.5000000e-01   2.8378378e-01   4.6511628e-01   2.7777778e-01   1.8867925e-01   1.8861210e-01   8.3333333e-02   4.5333333e-01   4.0000000e-02   2.7464789e-01   7.9919308e-01   4.1756983e-01   7.2314050e-02   1.1428571e-01   7.7617329e-02   4.0420408e-01   8.7035359e-02   5.8366152e-02
   0.0000000e+00   9.9270156e-01   7.4853633e-02   2.3809524e-02   0.0000000e+00   2.2727273e-02   2.7469388e-01   1.0889408e-02   2.6593807e-01   2.3387097e-01   3.1081081e-01   1.8604651e-01   1.6666667e-01   9.4339623e-02   1.5658363e-01   8.3333333e-02   2.2666667e-01   8.0000000e-02   3.2394366e-01   8.3069378e-01   3.9011366e-01   8.2644628e-03   0.0000000e+00   7.2202166e-03   2.7469388e-01   1.4636572e-02   0.0000000e+00
   1.0000000e+00   0.0000000e+00   0.0000000e+00   0.0000000e+00   0.0000000e+00   0.0000000e+00   2.7563265e-01   0.0000000e+00   1.9307832e-01   2.2580645e-01   5.9459459e-01   1.6279070e-01   5.5555556e-02   5.6603774e-02   1.4946619e-01   0.0000000e+00   1.7333333e-01   0.0000000e+00   2.3943662e-01   8.1287131e-01   4.0564782e-01   7.0247934e-02   1.0000000e-01   7.4007220e-02   2.7563265e-01   1.2398714e-01   7.4892640e-02
   1.0000000e+00   0.0000000e+00   0.0000000e+00   0.0000000e+00   0.0000000e+00   0.0000000e+00   5.9812245e-01   0.0000000e+00   2.0036430e-01   4.4354839e-01   6.4864865e-01   1.6279070e-01   5.5555556e-02   3.7735849e-02   6.0498221e-02   0.0000000e+00   2.1333333e-01   4.0000000e-02   2.3943662e-01   5.4116980e-01   6.4246425e-01   2.0661157e-03   2.8571429e-02   5.4151625e-03   5.9812245e-01   1.6804990e-03   9.8607889e-03
   1.0000000e+00   8.0738496e-01   2.8229580e-01   1.1904762e-01   0.0000000e+00   1.1363636e-01   6.2342857e-01   2.3990348e-02   1.6757741e-01   2.7419355e-01   1.4864865e-01   2.0930233e-01   0.0000000e+00   1.5094340e-01   3.9145907e-02   1.6666667e-01   1.6000000e-01   1.2000000e-01   1.0563380e-01   6.0279953e-01   5.8874746e-01   6.1983471e-03   7.1428571e-02   1.4440433e-02   6.2342857e-01   4.8368534e-03   2.3651303e-02
   1.0000000e+00   8.0600177e-01   2.8384413e-01   1.4285714e-01   1.0000000e-01   1.5909091e-01   3.9310204e-01   4.5656140e-02   4.5719490e-01   4.2741935e-01   4.4594595e-01   4.1860465e-01   5.0000000e-01   1.8867925e-01   5.7295374e-01   4.1666667e-01   5.8666667e-01   1.2000000e-01   4.1549296e-01   4.6246004e-01   7.1106808e-01   2.0661157e-03   4.2857143e-02   7.2202166e-03   3.9310204e-01   2.5569549e-03   2.2505451e-02
   1.0000000e+00   8.5616030e-01   2.2769700e-01   2.1428571e-01   0.0000000e+00   2.0454545e-01   6.6885714e-01   4.0249675e-02   1.9125683e-01   2.0967742e-01   2.9729730e-01   2.7906977e-01   2.7777778e-01   7.5471698e-02   8.8967972e-02   8.3333333e-02   2.1333333e-01   1.6000000e-01   2.8169014e-01   8.9750291e-01   3.3188248e-01   1.8595041e-02   0.0000000e+00   1.6245487e-02   6.6885714e-01   1.3525007e-02   0.0000000e+00
   0.0000000e+00   0.0000000e+00   0.0000000e+00   0.0000000e+00   0.0000000e+00   0.0000000e+00   4.0816327e-05   0.0000000e+00   4.1894353e-02   1.2903226e-01   1.6216216e-01   2.3255814e-02   5.5555556e-02   9.4339623e-02   3.5587189e-02   8.3333333e-02   1.3333333e-02   4.0000000e-02   6.3380282e-02   0.0000000e+00   0.0000000e+00   0.0000000e+00   0.0000000e+00   0.0000000e+00   4.0816327e-05   0.0000000e+00   0.0000000e+00
   1.0000000e+00   0.0000000e+00   0.0000000e+00   0.0000000e+00   0.0000000e+00   0.0000000e+00   0.0000000e+00   0.0000000e+00   2.3497268e-01   2.4193548e-01   3.7837838e-01   1.8604651e-01   0.0000000e+00   1.5094340e-01   3.0604982e-01   5.0000000e-01   2.8000000e-01   1.2000000e-01   2.4647887e-01   0.0000000e+00   0.0000000e+00   0.0000000e+00   0.0000000e+00   0.0000000e+00   0.0000000e+00   0.0000000e+00   0.0000000e+00
   0.0000000e+00   0.0000000e+00   0.0000000e+00   0.0000000e+00   0.0000000e+00   0.0000000e+00   1.2244898e-04   0.0000000e+00   6.5573770e-02   1.2096774e-01   3.2432432e-01   9.3023256e-02   5.5555556e-02   9.4339623e-02   3.9145907e-02   3.3333333e-01   9.3333333e-02   0.0000000e+00   4.2253521e-02   0.0000000e+00   0.0000000e+00   0.0000000e+00   0.0000000e+00   0.0000000e+00   1.2244898e-04   0.0000000e+00   0.0000000e+00
   1.0000000e+00   0.0000000e+00   0.0000000e+00   0.0000000e+00   0.0000000e+00   0.0000000e+00   2.8334694e-01   0.0000000e+00   1.9854281e-01   2.7419355e-01   5.8108108e-01   1.8604651e-01   0.0000000e+00   5.6603774e-02   1.5658363e-01   0.0000000e+00   2.1333333e-01   0.0000000e+00   2.3239437e-01   7.8768513e-01   4.2760022e-01   6.6115702e-02   1.1428571e-01   7.2202166e-02   2.8334694e-01   1.1351672e-01   8.3261308e-02
   0.0000000e+00   8.6941838e-01   2.1285600e-01   1.4285714e-01   0.0000000e+00   1.3636364e-01   5.4844898e-01   3.2724141e-02   4.2987250e-01   3.0645161e-01   2.4324324e-01   3.7209302e-01   5.5555556e-01   5.6603774e-01   3.5943060e-01   1.6666667e-01   5.3333333e-01   2.8000000e-01   6.1971831e-01   6.3459375e-01   5.6103545e-01   1.0330579e-02   4.2857143e-02   1.4440433e-02   5.4844898e-01   9.1635161e-03   1.6130833e-02
   1.0000000e+00   8.1506187e-01   2.7370231e-01   1.1904762e-01   0.0000000e+00   1.1363636e-01   5.5934694e-01   2.6738804e-02   8.0145719e-02   2.7419355e-01   4.0540541e-02   4.6511628e-02   1.6666667e-01   1.5094340e-01   2.8469751e-02   0.0000000e+00   1.2000000e-01   0.0000000e+00   1.1971831e-01   8.4061684e-01   3.8146467e-01   3.3057851e-02   2.8571429e-02   3.2490975e-02   5.5934694e-01   2.8751936e-02   1.0544367e-02
   0.0000000e+00   0.0000000e+00   0.0000000e+00   0.0000000e+00   0.0000000e+00   0.0000000e+00   3.8204082e-02   0.0000000e+00   2.5683060e-01   4.6774194e-01   2.2972973e-01   4.4186047e-01   1.1111111e-01   4.5283019e-01   1.7081851e-01   8.3333333e-02   2.4000000e-01   4.0000000e-02   2.4647887e-01   2.9621475e-01   8.5596834e-01   0.0000000e+00   1.4285714e-02   1.8050542e-03   3.8204082e-02   0.0000000e+00   7.7190171e-02
   0.0000000e+00   7.6718853e-01   3.2729141e-01   1.1904762e-01   0.0000000e+00   1.1363636e-01   5.3142857e-01   2.8143515e-02   2.1129326e-01   1.9354839e-01   2.5675676e-01   2.7906977e-01   1.1111111e-01   2.0754717e-01   6.0498221e-02   3.3333333e-01   1.6000000e-01   4.0000000e-02   2.0422535e-01   8.3617155e-01   3.8533920e-01   7.6446281e-02   1.1428571e-01   8.1227437e-02   5.3142857e-01   6.9981814e-02   4.4393241e-02
   1.0000000e+00   0.0000000e+00   0.0000000e+00   0.0000000e+00   0.0000000e+00   0.0000000e+00   1.2253061e-01   0.0000000e+00   2.4954463e-01   2.1774194e-01   1.6216216e-01   1.3953488e-01   5.5555556e-02   7.5471698e-02   1.8861210e-01   8.3333333e-02   2.1333333e-01   8.0000000e-02   1.2676056e-01   3.7430322e-01   7.8790602e-01   0.0000000e+00   2.8571429e-02   3.6101083e-03   1.2253061e-01   0.0000000e+00   4.8134577e-02
   1.0000000e+00   8.3130479e-01   2.5552009e-01   7.1428571e-02   0.0000000e+00   6.8181818e-02   2.7795918e-02   3.2284456e-01   2.3861566e-01   1.3709677e-01   2.7027027e-01   6.9767442e-02   1.1111111e-01   3.7735849e-02   1.5302491e-01   1.6666667e-01   2.6666667e-01   4.0000000e-02   1.6901408e-01   5.0887111e-01   6.7061596e-01   0.0000000e+00   1.4285714e-02   1.8050542e-03   2.7795918e-02   0.0000000e+00   1.0609398e-01
   0.0000000e+00   0.0000000e+00   0.0000000e+00   0.0000000e+00   0.0000000e+00   0.0000000e+00   3.2612245e-02   0.0000000e+00   3.9708561e-01   2.2580645e-01   2.5675676e-01   5.3488372e-01   2.2222222e-01   9.4339623e-02   3.8078292e-01   2.5000000e-01   2.8000000e-01   4.0000000e-02   3.1690141e-01   4.7392793e-01   7.0107261e-01   2.0661157e-03   2.8571429e-02   5.4151625e-03   3.2612245e-02   3.0821068e-02   1.8085106e-01
   1.0000000e+00   8.4090957e-01   2.4476858e-01   2.1428571e-01   0.0000000e+00   2.0454545e-01   6.0710204e-01   4.4343917e-02   1.7304189e-01   1.6129032e-01   2.2972973e-01   2.3255814e-01   2.2222222e-01   7.5471698e-02   9.2526690e-02   1.6666667e-01   3.2000000e-01   8.0000000e-02   2.1830986e-01   8.2623987e-01   3.9399571e-01   1.0330579e-02   1.4285714e-02   1.0830325e-02   6.0710204e-01   8.2782147e-03   4.8574694e-03
   0.0000000e+00   9.1911811e-01   1.5722246e-01   4.7619048e-02   0.0000000e+00   4.5454545e-02   4.7130612e-01   1.2693464e-02   3.7340619e-01   5.2419355e-01   8.2432432e-01   4.4186047e-01   1.6666667e-01   1.3207547e-01   2.7046263e-01   3.3333333e-01   4.6666667e-01   1.2000000e-01   5.0000000e-01   7.9814393e-01   4.1848428e-01   4.1322314e-02   5.7142857e-02   4.3321300e-02   4.7130612e-01   4.2653560e-02   2.5028146e-02
   0.0000000e+00   0.0000000e+00   0.0000000e+00   0.0000000e+00   0.0000000e+00   0.0000000e+00   3.2448980e-02   0.0000000e+00   3.0054645e-01   3.7096774e-01   1.7567568e-01   2.5581395e-01   2.7777778e-01   2.8301887e-01   5.5160142e-01   2.5000000e-01   3.3333333e-01   1.2000000e-01   3.5211268e-01   4.2040416e-01   7.4772421e-01   2.0661157e-03   4.2857143e-02   7.2202166e-03   3.2448980e-02   3.0976142e-02   2.7264151e-01
   1.0000000e+00   8.0388107e-01   2.8621803e-01   1.9047619e-01   0.0000000e+00   1.8181818e-01   3.2808163e-01   7.2939253e-02   4.6630237e-01   3.3870968e-01   3.1081081e-01   6.9767442e-01   4.4444444e-01   1.8867925e-01   7.7935943e-01   8.3333333e-02   7.6000000e-01   2.0000000e-01   4.5774648e-01   5.0278579e-01   6.7591995e-01   8.2644628e-03   1.2857143e-01   2.3465704e-02   3.2808163e-01   1.2254806e-02   8.0896989e-02
   1.0000000e+00   7.0400723e-01   3.9801613e-01   1.1904762e-01   1.0000000e-01   1.3636364e-01   4.4926531e-01   3.3290503e-02   1.8579235e-01   2.4193548e-01   2.9729730e-01   1.3953488e-01   5.5555556e-02   1.6981132e-01   7.8291815e-02   0.0000000e+00   1.2000000e-01   2.0000000e-01   2.0422535e-01   7.1520939e-01   4.9077045e-01   4.1322314e-02   1.4285714e-01   5.4151625e-02   4.4926531e-01   4.4746131e-02   6.5640047e-02
   0.0000000e+00   7.0815852e-01   3.9336921e-01   4.7619048e-02   0.0000000e+00   4.5454545e-02   5.1673469e-02   1.1577522e-01   2.6958106e-01   2.3387097e-01   4.4594595e-01   2.3255814e-01   3.8888889e-01   1.6981132e-01   5.6939502e-02   2.5000000e-01   3.0666667e-01   4.0000000e-02   2.6056338e-01   8.4335373e-01   3.7907918e-01   2.0661157e-03   0.0000000e+00   1.8050542e-03   5.1673469e-02   1.9451843e-02   0.0000000e+00
   0.0000000e+00   7.6681852e-01   3.2770560e-01   2.3809524e-02   0.0000000e+00   2.2727273e-02   2.8938776e-02   1.0336490e-01   4.5537341e-02   1.0483871e-01   1.2162162e-01   9.3023256e-02   0.0000000e+00   1.8867925e-02   1.7793594e-02   0.0000000e+00   4.0000000e-02   8.0000000e-02   2.1126761e-02   0.0000000e+00   0.0000000e+00   0.0000000e+00   0.0000000e+00   0.0000000e+00   2.8938776e-02   0.0000000e+00   0.0000000e+00
   1.0000000e+00   8.9135638e-01   1.8829875e-01   4.7619048e-02   0.0000000e+00   4.5454545e-02   1.0546939e-01   5.6722689e-02   1.4571949e-01   2.2580645e-01   2.1621622e-01   1.6279070e-01   1.1111111e-01   7.5471698e-02   1.6014235e-01   0.0000000e+00   1.8666667e-01   4.0000000e-02   1.5492958e-01   0.0000000e+00   0.0000000e+00   0.0000000e+00   0.0000000e+00   0.0000000e+00   1.0546939e-01   0.0000000e+00   0.0000000e+00
   1.0000000e+00   6.8107543e-01   4.2368584e-01   2.3809524e-02   0.0000000e+00   2.2727273e-02   5.8979592e-02   5.0716757e-02   7.0127505e-01   1.9354839e-01   4.3243243e-01   6.0465116e-01   2.2222222e-01   3.3962264e-01   8.9679715e-01   8.3333333e-02   8.8000000e-01   1.2000000e-01   4.2957746e-01   3.6404568e-01   7.9684655e-01   2.0661157e-03   2.8571429e-01   3.7906137e-02   5.8979592e-02   1.7042237e-02   1.0000000e+00
   1.0000000e+00   7.8606751e-01   3.0615840e-01   1.6666667e-01   0.0000000e+00   1.5909091e-01   4.3134694e-01   4.8542771e-02   3.4061931e-01   3.9516129e-01   5.9459459e-01   5.5813953e-01   3.8888889e-01   1.8867925e-01   1.5658363e-01   1.6666667e-01   2.6666667e-01   1.6000000e-01   3.9436620e-01   8.2747362e-01   3.9292037e-01   4.1322314e-02   1.4285714e-02   3.7906137e-02   4.3134694e-01   4.6604907e-02   6.8366768e-03
   0.0000000e+00   7.5786834e-01   3.3772437e-01   4.7619048e-01   2.0000000e-01   5.0000000e-01   4.5497959e-01   1.3148957e-01   1.1657559e-01   8.8709677e-02   8.1081081e-02   9.3023256e-02   0.0000000e+00   1.8867925e-02   6.4056940e-02   8.3333333e-02   1.4666667e-01   8.0000000e-02   1.2676056e-01   8.0222620e-01   4.1492615e-01   1.0537190e-01   1.2857143e-01   1.0830325e-01   4.5497959e-01   1.1266957e-01   5.8334081e-02
   0.0000000e+00   0.0000000e+00   0.0000000e+00   0.0000000e+00   0.0000000e+00   0.0000000e+00   2.7934694e-01   0.0000000e+00   1.8761384e-01   2.6612903e-01   2.7027027e-01   6.9767442e-02   1.1111111e-01   2.2641509e-01   4.6263345e-02   8.3333333e-02   1.6000000e-01   1.2000000e-01   3.0985915e-01   8.5045311e-01   3.7289133e-01   1.6528926e-02   1.4285714e-02   1.6245487e-02   2.7934694e-01   2.8785544e-02   1.0556692e-02
   1.0000000e+00   7.6999308e-01   3.2415202e-01   1.1904762e-01   1.0000000e-01   1.3636364e-01   2.4632653e-01   6.0717245e-02   2.2040073e-01   2.9838710e-01   2.2972973e-01   2.7906977e-01   1.6666667e-01   2.8301887e-01   1.0676157e-01   0.0000000e+00   2.4000000e-01   2.0000000e-01   2.1830986e-01   8.8995391e-01   3.3846223e-01   5.1652893e-02   5.7142857e-02   5.2346570e-02   2.4632653e-01   1.0201339e-01   4.7887324e-02
   1.0000000e+00   0.0000000e+00   0.0000000e+00   0.0000000e+00   0.0000000e+00   0.0000000e+00   2.0408163e-04   0.0000000e+00   3.6065574e-01   3.7096774e-01   3.1081081e-01   6.9767442e-01   3.8888889e-01   5.6603774e-01   7.9003559e-01   2.5000000e-01   4.6666667e-01   2.4000000e-01   5.0000000e-01   0.0000000e+00   0.0000000e+00   0.0000000e+00   0.0000000e+00   0.0000000e+00   2.0408163e-04   0.0000000e+00   0.0000000e+00
   0.0000000e+00   8.4486989e-01   2.4033542e-01   1.9047619e-01   0.0000000e+00   1.8181818e-01   1.6922449e-01   1.4140996e-01   6.1930783e-02   5.6451613e-02   1.4864865e-01   4.6511628e-02   1.1111111e-01   1.8867925e-02   1.0676157e-02   0.0000000e+00   2.6666667e-02   0.0000000e+00   8.4507042e-02   9.1579320e-01   3.1594056e-01   8.2644628e-02   1.4285714e-02   7.4007220e-02   1.6922449e-01   2.3758836e-01   1.7426435e-02
   1.0000000e+00   8.0120933e-01   2.8920875e-01   1.6666667e-01   0.0000000e+00   1.5909091e-01   6.0453061e-01   3.4636419e-02   1.9854281e-01   3.3870968e-01   3.1081081e-01   1.6279070e-01   1.6666667e-01   1.1320755e-01   1.3167260e-01   0.0000000e+00   2.4000000e-01   1.2000000e-01   1.4788732e-01   7.4354880e-01   4.6606967e-01   1.4462810e-02   2.8571429e-02   1.6245487e-02   6.0453061e-01   1.1638798e-02   9.7562622e-03
   1.0000000e+00   8.4708496e-01   2.3785588e-01   1.1904762e-01   0.0000000e+00   1.1363636e-01   2.9102041e-02   5.1392507e-01   1.7668488e-01   8.8709677e-02   1.4864865e-01   2.3255814e-01   1.6666667e-01   7.5471698e-02   1.3167260e-01   0.0000000e+00   8.0000000e-02   0.0000000e+00   1.1971831e-01   3.1718804e-01   8.3768791e-01   0.0000000e+00   2.8571429e-02   3.6101083e-03   2.9102041e-02   0.0000000e+00   2.0266480e-01
   0.0000000e+00   7.1960072e-01   3.8056089e-01   4.7619048e-02   0.0000000e+00   4.5454545e-02   2.6228571e-01   2.2809124e-02   1.8761384e-01   2.9032258e-01   5.4054054e-02   4.6511628e-02   1.6666667e-01   9.4339623e-02   7.8291815e-02   0.0000000e+00   2.4000000e-01   0.0000000e+00   2.1830986e-01   5.2522462e-01   6.5636215e-01   4.1322314e-03   4.2857143e-02   9.0252708e-03   2.6228571e-01   7.6644983e-03   3.3730159e-02
   0.0000000e+00   8.1165442e-01   2.7751659e-01   9.5238095e-02   0.0000000e+00   9.0909091e-02   3.8991837e-01   3.0685948e-02   1.8214936e-01   2.2580645e-01   5.5405405e-01   1.1627907e-01   2.2222222e-01   5.6603774e-02   1.2455516e-01   1.6666667e-01   2.6666667e-01   0.0000000e+00   1.6901408e-01   7.8600523e-01   4.2906443e-01   2.6033058e-01   4.2857143e-01   2.8158845e-01   3.8991837e-01   3.2480688e-01   2.2689208e-01
   0.0000000e+00   8.3693872e-01   2.4921351e-01   1.4285714e-01   0.0000000e+00   1.3636364e-01   3.7265306e-02   4.8161477e-01   2.0765027e-01   1.2096774e-01   8.1081081e-02   1.1627907e-01   1.1111111e-01   1.8867925e-02   9.9644128e-02   8.3333333e-02   9.3333333e-02   4.0000000e-02   2.0422535e-01   7.9618543e-01   4.2019131e-01   8.2644628e-03   1.4285714e-02   9.0252708e-03   3.7265306e-02   1.0789062e-01   7.9134721e-02
   0.0000000e+00   6.8061917e-01   4.2419658e-01   1.6666667e-01   1.0000000e-01   1.8181818e-01   5.4032653e-01   3.8752077e-02   1.8943534e-01   1.7741935e-01   1.6216216e-01   1.1627907e-01   3.3333333e-01   9.4339623e-02   9.6085409e-02   8.3333333e-02   2.1333333e-01   1.6000000e-01   1.8309859e-01   7.0529546e-01   4.9941148e-01   4.1322314e-03   1.4285714e-02   5.4151625e-03   5.4032653e-01   3.7205066e-03   5.4577731e-03
