2014-01-04T11:00:00Z 98 36 25 139 -2 0
2014-01-04T10:00:00Z 98 49 15 81 -8 0
2014-01-04T09:00:00Z 98 36 5 29 -15 0
2014-01-04T08:00:00Z 98 22 3 39 9 0
2014-01-04T07:00:00Z 98 -30 0 21 -26 0
2014-01-04T06:00:00Z 98 -16 2 30 -13 0
2014-01-06T11:00:00Z 109 3 0 -4 -4 0
2014-01-06T10:00:00Z 109 14 76 -7 -6 0
2014-01-06T09:00:00Z 109 0 75 -8 -11 0
2014-01-06T08:00:00Z 109 13 58 -4 42 0
2014-01-06T07:00:00Z 109 21 40 -5 17 0
2014-01-06T06:00:00Z 109 -4 30 -8 12 0
2014-01-13T16:00:00Z 61 177 -5 -106 0 -118
2014-01-13T15:00:00Z -1 0 0 0 0 0
2014-01-13T14:00:00Z 61 83 20 -52 0 51
2014-01-13T13:00:00Z -1 0 0 0 0 0
2014-01-13T12:00:00Z 61 73 40 22 0 267
2014-01-13T11:00:00Z 61 76 48 104 0 138
2014-01-14T21:00:00Z 106 0 0 0 0 0
2014-01-14T20:00:00Z 106 -19 -20 171 45 86
2014-01-14T19:00:00Z 106 -55 -34 49 67 98
2014-01-14T18:00:00Z 106 -32 -26 -6 22 127
2014-01-14T17:00:00Z 106 -1 -17 -52 2 88
2014-01-14T16:00:00Z -1 0 0 0 0 0
2014-01-15T17:00:00Z 78 -8 -68 131 0 260
2014-01-15T16:00:00Z 78 1 -82 120 0 392
2014-01-15T15:00:00Z 78 36 14 100 0 360
2014-01-15T14:00:00Z 78 49 83 163 0 320
2014-01-15T13:00:00Z 78 69 125 220 0 295
2014-01-15T12:00:00Z 78 55 131 148 0 271
2014-01-22T16:00:00Z 92 4 55 33 -74 -77
2014-01-22T15:00:00Z 92 26 50 -21 46 14
2014-01-22T14:00:00Z 92 66 49 -63 -40 38
2014-01-22T13:00:00Z 92 43 47 -34 14 105
2014-01-22T12:00:00Z 92 38 47 -8 20 99
2014-01-22T11:00:00Z 92 18 34 4 14 79
2014-01-29T11:00:00Z 95 69 0 3 13 21
2014-01-29T10:00:00Z 95 34 0 72 48 62
2014-01-29T09:00:00Z 95 14 0 106 7 94
2014-01-29T08:00:00Z 95 11 0 153 -4 62
2014-01-29T07:00:00Z 95 28 0 106 -6 55
2014-01-29T06:00:00Z 95 34 0 78 -13 59
2014-01-30T18:00:00Z 71 -3 9 13 -9 -63
2014-01-30T17:00:00Z 71 -14 14 -72 -30 -70
2014-01-30T16:00:00Z 71 -17 -6 -122 -95 -67
2014-01-30T15:00:00Z 71 -39 -82 -127 -44 -93
2014-01-30T14:00:00Z 71 -39 -150 -80 -29 -108
2014-01-30T13:00:00Z 71 -75 -216 -78 -30 1
2014-01-31T16:00:00Z 106 -63 -21 -144 -22 -98
2014-01-31T15:00:00Z 106 0 0 0 0 0
2014-01-31T14:00:00Z 106 50 -10 -177 -96 -60
2014-01-31T13:00:00Z 106 9 -21 -102 145 -36
2014-01-31T12:00:00Z 106 -72 -66 23 123 -48
2014-01-31T11:00:00Z 106 -72 12 25 144 -57
2014-02-05T22:00:00Z 112 77 12 24 117 -21
2014-02-05T21:00:00Z 112 58 1 58 149 -6
2014-02-05T20:00:00Z 112 45 10 55 128 -8
2014-02-05T19:00:00Z 112 18 5 41 122 23
2014-02-05T18:00:00Z 112 12 -3 32 73 18
2014-02-05T17:00:00Z 112 -12 -5 1 27 26
2014-02-11T14:00:00Z 96 -17 -17 -36 4 77
2014-02-11T13:00:00Z 96 35 0 -28 -15 164
2014-02-11T12:00:00Z 96 84 10 25 -12 154
2014-02-11T11:00:00Z 96 59 53 30 2 174
2014-02-11T10:00:00Z 96 47 48 44 34 32
2014-02-11T09:00:00Z 96 43 49 22 -9 15
2014-02-19T22:00:00Z 112 52 -13 84 0 16
2014-02-19T21:00:00Z 112 71 -19 80 94 12
2014-02-19T20:00:00Z 112 50 -17 22 96 14
2014-02-19T19:00:00Z 112 0 0 0 0 0
2014-02-19T18:00:00Z 112 33 -5 -11 -4 -22
2014-02-19T17:00:00Z 112 -41 -20 -14 -36 16
2014-03-01T22:00:00Z 102 54 93 95 -2 39
2014-03-01T21:00:00Z 102 46 76 97 0 11
2014-03-01T20:00:00Z 102 41 -1 39 -4 -18
2014-03-01T19:00:00Z 102 25 -11 28 -5 -34
2014-03-01T18:00:00Z 102 -19 -42 -139 -11 -56
2014-03-01T17:00:00Z 102 -93 -69 -262 111 -91
2014-03-16T16:00:00Z 104 35 -11 33 -5 17
2014-03-16T15:00:00Z 104 15 -15 12 -9 -4
2014-03-16T14:00:00Z 104 19 -6 -167 -9 -46
2014-03-16T13:00:00Z 104 -7 -8 -72 -6 -65
2014-03-16T12:00:00Z 104 -25 -9 -32 4 -38
2014-03-16T11:00:00Z 104 -39 -16 -69 9 -33
2014-03-23T08:00:00Z 113 54 87 -9 27 -13
2014-03-23T07:00:00Z 113 55 87 7 9 -8
2014-03-23T06:00:00Z 113 23 75 5 -6 -11
2014-03-23T05:00:00Z 113 -32 66 33 5 30
2014-03-23T04:00:00Z 113 -28 33 -1 7 75
2014-03-23T03:00:00Z 113 48 -21 34 13 48
2014-03-31T02:00:00Z 81 72 57 92 6 44
2014-03-31T01:00:00Z 81 104 52 80 5 -2
2014-03-31T00:00:00Z 81 131 52 65 0 84
2014-03-30T23:00:00Z 81 118 34 70 -2 104
2014-03-30T22:00:00Z 81 74 30 37 -3 64
2014-03-30T21:00:00Z 81 54 24 14 0 20
2014-03-31T23:00:00Z 105 -84 66 -12 44 12
2014-03-31T22:00:00Z 105 -110 31 -78 46 -10
2014-03-31T21:00:00Z -1 0 0 0 0 0
2014-03-31T20:00:00Z -1 -122 -18 -52 -10 -3
2014-03-31T19:00:00Z 105 -72 -7 -44 -22 -7
2014-03-31T18:00:00Z 105 -87 -38 -60 -23 -13
2014-04-17T21:00:00Z 110 6 20 27 -60 18
2014-04-17T20:00:00Z 110 -23 12 25 0 16
2014-04-17T19:00:00Z 110 -15 19 18 52 32
2014-04-17T18:00:00Z 110 5 53 -19 -22 37
2014-04-17T17:00:00Z 110 9 30 -7 14 29
2014-04-17T16:00:00Z 110 14 7 4 -23 23
2014-04-23T07:00:00Z 113 57 50 95 11 47
2014-04-23T06:00:00Z 113 45 51 53 3 85
2014-04-23T05:00:00Z 113 37 51 65 12 63
2014-04-23T04:00:00Z 113 25 41 35 15 20
2014-04-23T03:00:00Z 113 17 37 42 12 64
2014-04-23T02:00:00Z 113 25 41 28 19 61
2014-04-24T07:00:00Z 106 55 -6 8 -59 45
2014-04-24T06:00:00Z 106 21 8 7 33 55
2014-04-24T05:00:00Z 106 20 16 13 29 30
2014-04-24T04:00:00Z 106 28 22 51 49 31
2014-04-24T03:00:00Z 106 7 26 32 66 34
2014-04-24T02:00:00Z 106 23 30 2 131 52
2014-05-01T02:00:00Z 109 28 4 54 24 40
2014-05-01T01:00:00Z 109 29 3 63 30 68
2014-05-01T00:00:00Z 109 0 0 0 0 0
2014-04-30T23:00:00Z 109 22 6 58 11 48
2014-04-30T22:00:00Z 109 0 0 0 0 0
2014-04-30T21:00:00Z 109 0 0 0 0 0
2014-05-15T13:00:00Z 64 -31 0 -24 48 -20
2014-05-15T12:00:00Z 64 -8 0 -20 69 -6
2014-05-15T11:00:00Z 64 -10 14 -26 -6 14
2014-05-15T10:00:00Z 64 13 12 -27 7 23
2014-05-15T09:00:00Z 64 32 17 -7 20 13
2014-05-15T08:00:00Z 64 45 6 5 22 4
2014-05-21T14:00:00Z 109 15 0 0 -5 -29
2014-05-21T13:00:00Z 109 30 0 0 -10 -12
2014-05-21T12:00:00Z -1 0 0 0 0 0
2014-05-21T11:00:00Z 109 15 0 6 -2 -65
2014-05-21T10:00:00Z 109 25 -20 79 -2 -101
2014-05-21T09:00:00Z 109 -8 -43 50 2 -50
2014-06-16T05:00:00Z 102 -6 -13 84 1 30
2014-06-16T04:00:00Z -1 8 -3 0 0 -1
2014-06-16T03:00:00Z 102 9 7 -31 -38 -7
2014-06-16T02:00:00Z -1 9 15 -44 -7 23
2014-06-16T01:00:00Z 102 27 8 -19 -12 7
2014-06-16T00:00:00Z 102 -22 15 -8 -8 -21
2014-07-01T09:00:00Z 104 -15 0 25 11 21
2014-07-01T08:00:00Z 104 -2 0 48 4 6
2014-07-01T07:00:00Z 104 2 0 28 3 23
2014-07-01T06:00:00Z 104 19 0 0 0 0
2014-07-01T05:00:00Z 104 18 0 60 -12 -23
2014-07-01T04:00:00Z 104 26 0 34 -12 63
2014-07-02T21:00:00Z 104 13 37 0 -5 109
2014-07-02T20:00:00Z 104 22 3 0 -8 73
2014-07-02T19:00:00Z 104 32 -24 0 -7 37
2014-07-02T18:00:00Z 104 24 -13 0 0 23
2014-07-02T17:00:00Z -1 45 34 0 36 41
2014-07-02T16:00:00Z 104 61 0 0 9 -14
2014-07-05T18:00:00Z 53 0 0 0 0 0
2014-07-05T17:00:00Z 53 -2 -13 17 -6 -6
2014-07-05T16:00:00Z 53 16 -10 -6 -3 38
2014-07-05T15:00:00Z -1 -4 -21 -26 -4 -5
2014-07-05T14:00:00Z 53 14 25 -32 -8 4
2014-07-05T13:00:00Z 53 0 39 -96 -11 -38
2014-07-30T08:00:00Z 113 0 29 32 -6 -22
2014-07-30T07:00:00Z -1 0 33 -10 -11 40
2014-07-30T06:00:00Z 113 0 13 -11 11 42
2014-07-30T05:00:00Z 113 0 2 -16 7 33
2014-07-30T04:00:00Z -1 0 -19 -5 13 73
2014-07-30T03:00:00Z 113 0 -36 -45 6 90
2014-08-20T02:00:00Z 97 4 21 -4 13 49
2014-08-20T01:00:00Z -1 6 19 -14 20 40
2014-08-20T00:00:00Z 97 16 14 10 46 70
2014-08-19T23:00:00Z 97 12 -6 -8 69 37
2014-08-19T22:00:00Z 97 22 -15 9 58 27
2014-08-19T21:00:00Z 97 12 -26 14 32 17
2014-08-21T01:00:00Z 111 0 0 0 0 0
2014-08-21T00:00:00Z 111 35 48 35 17 68
2014-08-20T23:00:00Z -1 30 35 25 4 1
2014-08-20T22:00:00Z 111 34 9 11 -2 -46
2014-08-20T21:00:00Z 111 -10 2 -16 -4 -47
2014-08-20T20:00:00Z 111 -15 4 -3 -11 -66
2014-08-30T02:00:00Z 96 20 26 48 0 -14
2014-08-30T01:00:00Z -1 31 41 51 0 -23
2014-08-30T00:00:00Z 96 30 42 49 0 -34
2014-08-29T23:00:00Z 96 0 33 50 1 -2
2014-08-29T22:00:00Z 96 -7 31 33 17 8
2014-08-29T21:00:00Z 96 0 0 0 0 0
2014-09-22T09:00:00Z 86 14 27 19 -27 0
2014-09-22T08:00:00Z -1 -3 16 8 -12 0
2014-09-22T07:00:00Z 86 4 15 -20 9 0
2014-09-22T06:00:00Z 86 0 15 -5 -8 0
2014-09-22T05:00:00Z 86 -7 -10 -13 -9 0
2014-09-22T04:00:00Z 86 -13 -21 -66 0 0
2014-09-25T08:00:00Z 83 -11 -43 -9 -11 121
2014-09-25T07:00:00Z -1 7 0 -2 -12 12
2014-09-25T06:00:00Z 83 0 -3 0 0 0
2014-09-25T05:00:00Z 83 -23 -8 -38 -10 9
2014-09-25T04:00:00Z 83 10 8 -15 -10 -49
2014-09-25T03:00:00Z 83 -18 0 7 -3 -33
2014-09-26T08:00:00Z 112 19 -4 -10 15 40
2014-09-26T07:00:00Z 112 0 34 0 0 0
2014-09-26T06:00:00Z 112 15 22 -1 -1 74
2014-09-26T05:00:00Z 112 19 9 15 -6 71
2014-09-26T04:00:00Z 112 -5 18 33 -1 69
2014-09-26T03:00:00Z 112 57 9 48 12 44
2014-10-07T13:00:00Z 106 21 48 56 2 52
2014-10-07T12:00:00Z 106 12 61 17 2 154
2014-10-07T11:00:00Z 106 12 69 60 4 194
2014-10-07T10:00:00Z 106 3 48 37 2 190
2014-10-07T09:00:00Z 106 2 36 12 7 170
2014-10-07T08:00:00Z 106 -5 42 19 13 123
