2013-06-13T01:00:00 0 0 0 0 0
2013-06-13T00:00:00 0 0 0 0 0
2013-06-12T23:00:00 0 0 0 0 0
2013-06-12T22:00:00 0 0 0 0 0
2013-06-12T21:00:00 0 0 0 0 0
2013-06-12T20:00:00 0 0 0 0 0
2013-06-12T19:00:00 0 0 0 0 0
2013-06-12T18:00:00 0 0 0 0 0
2013-06-12T17:00:00 0 0 0 0 0
2013-06-12T16:00:00 0 0 0 0 0
2013-06-12T15:00:00 0 0 0 0 0
2013-06-12T14:00:00 0 0 0 0 0
2013-07-27T17:00:00 0.308033836876 0.691966163124 0 3 3
2013-07-27T18:00:00 0.299594205131 0.700405794868 0 4 4
2013-11-08T21:00:00 0.554589311773 0.445410688227 3 2 5
2013-11-08T20:00:00 0.578458496794 0.421541503206 2 1 3
2013-11-08T19:00:00 0.578458496794 0.421541503206 2 1 3
2013-11-08T18:00:00 0.488272389817 0.511727610183 1 1 2
2013-11-08T17:00:00 0.488272389817 0.511727610183 1 1 2
2013-11-08T16:00:00 0 0 0 0 0
2013-11-08T15:00:00 0.45463741448 0.54536258552 1 1 2
2013-11-08T14:00:00 0.45463741448 0.54536258552 1 1 2
2013-11-08T13:00:00 0.45463741448 0.54536258552 1 1 2
2013-11-08T12:00:00 0.45463741448 0.54536258552 1 1 2
2013-11-08T11:00:00 0.45463741448 0.54536258552 1 1 2
2013-11-08T10:00:00 0.45463741448 0.54536258552 1 1 2
2013-11-17T11:00:00 0.323481671628 0.676518328372 0 5 5
2013-11-17T10:00:00 0.35351884939 0.64648115061 0 3 3
2013-11-17T09:00:00 0.380789903968 0.619210096032 0 2 2
2013-11-17T08:00:00 0.375688313494 0.624311686506 0 1 1
2013-11-17T07:00:00 0.375688313494 0.624311686506 0 1 1
2013-11-17T06:00:00 0 0 0 0 0
2013-11-17T05:00:00 0.306785872131 0.693214127869 0 2 2
2013-11-17T04:00:00 0.306785872131 0.693214127869 0 2 2
2013-11-17T03:00:00 0.320700168693 0.679299831307 0 3 3
2013-11-17T02:00:00 0.386695374666 0.613304625334 1 5 6
2013-11-17T01:00:00 0.386695374666 0.613304625334 1 5 6
2013-11-17T00:00:00 0.456959928417 0.543040071583 3 5 8
2013-11-21T13:00:00 0.461545272638 0.538454727362 7 9 16
2013-11-21T12:00:00 0.468757897816 0.531242102184 6 7 13
2013-11-21T11:00:00 0.409695154203 0.590304845797 3 7 10
2013-11-21T10:00:00 0.390186873753 0.609813126247 2 6 8
2013-11-21T09:00:00 0.354441606445 0.645558393555 1 5 6
2013-11-21T08:00:00 0.448138246178 0.551861753822 2 3 5
2013-11-21T07:00:00 0.550593746258 0.449406253742 2 1 3
2013-11-21T06:00:00 0.643690192874 0.356309807126 1 0 1
2013-11-21T05:00:00 0.643690192874 0.356309807126 1 0 1
2013-11-21T04:00:00 0.643690192874 0.356309807126 1 0 1
2013-11-21T03:00:00 0.476646968429 0.523353031571 1 1 2
2013-11-21T02:00:00 0.463260437474 0.536739562526 1 1 2
2013-11-26T22:00:00 0.366767457989 0.633232542011 1 3 4
2013-11-26T23:00:00 0.410168300389 0.589831699611 2 4 6
2013-11-27T00:00:00 0.399730349391 0.600269650609 3 6 9
2013-11-27T01:00:00 0.395152135679 0.604847864321 3 6 9
2013-11-27T02:00:00 0.395152135679 0.604847864321 3 6 9
2013-11-27T03:00:00 0.431739240166 0.568260759834 3 5 8
2013-11-27T04:00:00 0.41086559679 0.58913440321 3 6 9
2013-11-27T05:00:00 0.343655850197 0.656344149803 1 6 7
2013-12-10T11:00:00 0.500030188988 0.499969811012 13 8 21
2013-12-10T10:00:00 0.503649246017 0.496350753983 12 7 19
2013-12-10T09:00:00 0.460444066878 0.539555933122 7 6 13
2013-12-10T08:00:00 0.450066598166 0.549933401834 4 4 8
2013-12-10T07:00:00 0.568435583692 0.431564416308 5 2 7
2013-12-10T06:00:00 0.55576870996 0.44423129004 7 3 10
2013-12-10T05:00:00 0.553953704693 0.446046295307 12 5 17
2013-12-10T04:00:00 0.523116542679 0.476883457321 12 7 19
2013-12-10T03:00:00 0.543630042004 0.456369957996 17 8 25
2013-12-10T02:00:00 0.52906257315 0.47093742685 20 12 32
2013-12-10T01:00:00 0.506744228118 0.493255771882 20 15 35
2013-12-10T00:00:00 0.505602785274 0.494397214726 18 14 32
2013-12-25T17:00:00 0.638276787716 0.361723212284 50 12 62
2013-12-25T16:00:00 0.632831317196 0.367168682804 61 14 75
2013-12-25T15:00:00 0.635786276026 0.364213723974 82 19 101
2013-12-25T14:00:00 0.632616733094 0.367383266906 93 20 113
2013-12-25T13:00:00 0.652794067343 0.347205932657 101 16 117
2013-12-25T12:00:00 0.664774785634 0.335225214366 100 14 114
2013-12-25T11:00:00 0.663437010015 0.336562989985 90 12 102
2013-12-25T10:00:00 0.670072204897 0.329927795103 76 10 86
2013-12-25T09:00:00 0.678769588296 0.321230411704 51 5 56
2013-12-25T08:00:00 0.68120835932 0.31879164068 31 4 35
2013-12-25T07:00:00 0.656080038383 0.343919961617 11 3 14
2013-12-25T06:00:00 0.583103777132 0.416896222868 5 2 7
2013-12-27T11:00:00 0.348322854381 0.651677145619 3 14 17
2013-12-31T11:00:00 0.563875648182 0.436124351818 9 4 13
2013-12-31T10:00:00 0.616273013519 0.383726986481 9 2 11
2013-12-31T09:00:00 0.578237893114 0.421762106886 7 2 9
2013-12-31T08:00:00 0.579685134709 0.420314865291 7 2 9
2013-12-31T07:00:00 0.656252848793 0.343747151207 7 0 7
2013-12-31T06:00:00 0.611115458467 0.388884541533 9 2 11
2013-12-31T05:00:00 0.596195760972 0.403804239028 11 3 14
2013-12-31T04:00:00 0.61422857067 0.38577142933 14 3 17
2013-12-31T03:00:00 0.60157426093 0.39842573907 14 4 18
2013-12-31T02:00:00 0.572830132625 0.427169867375 15 6 21
2014-01-04T07:00:00 0.341761799772 0.658238200228 0 1 1
2014-01-04T06:00:00 0 0 0 0 0
2014-01-04T05:00:00 0 0 0 0 0
2014-01-04T04:00:00 0.208091092357 0.791908907643 0 1 1
2014-01-04T03:00:00 0.208091092357 0.791908907643 0 1 1
2014-01-04T02:00:00 0.208091092357 0.791908907643 0 1 1
2014-01-04T01:00:00 0.208091092357 0.791908907643 0 1 1
2014-01-04T00:00:00 0.559210154361 0.440789845639 2 1 3
2014-01-03T23:00:00 0.559210154361 0.440789845639 2 1 3
2014-01-03T22:00:00 0.618785528743 0.381214471257 2 1 3
2014-01-13T02:00:00 0.464554022937 0.535445977063 4 4 8
2014-01-13T01:00:00 0.464554022937 0.535445977063 4 4 8
2014-01-13T00:00:00 0.453876125323 0.546123874677 5 6 11
2014-01-12T23:00:00 0.424183044311 0.575816955689 4 6 10
2014-01-12T22:00:00 0.411170021165 0.588829978835 3 5 8
2014-01-12T21:00:00 0.324333267243 0.675666732757 1 5 6
2014-01-12T20:00:00 0.336558589008 0.663441410992 1 5 6
2014-01-12T19:00:00 0.323318283404 0.676681716596 1 6 7
2014-01-20T20:00:00 0.364872139103 0.635127860897 1 6 7
2014-01-20T19:00:00 0.291787389726 0.708212610274 0 11 11
2014-01-20T18:00:00 0.30136917263 0.69863082737 1 12 13
2014-01-20T17:00:00 0.297094214059 0.702905785941 1 14 15
2014-01-20T16:00:00 0.298144103122 0.701855896878 1 14 15
2014-01-20T15:00:00 0.336917353876 0.663082646124 2 14 16
2014-01-20T14:00:00 0.324046764389 0.675953235611 3 21 24
2014-01-20T13:00:00 0.333734522333 0.666265477667 3 19 22
2014-01-20T12:00:00 0.346619445112 0.653380554888 3 19 22
2014-01-20T11:00:00 0.354350691288 0.645649308711 3 17 20
2014-01-20T10:00:00 0.352894227569 0.647105772431 3 16 19
2014-01-20T09:00:00 0.330690036125 0.669309963875 2 14 16
2014-01-31T11:00:00 0.601894073122 0.398105926878 6 2 8
2014-01-31T10:00:00 0.601894073122 0.398105926878 6 2 8
2014-01-31T09:00:00 0.634535088513 0.365464911487 6 1 7
2014-01-31T08:00:00 0.758022938447 0.241977061554 2 0 2
2014-01-31T07:00:00 0.715793294417 0.284206705583 3 0 3
2014-01-31T06:00:00 0.683899462021 0.316100537979 9 0 9
2014-01-31T05:00:00 0.673154554355 0.326845445645 13 0 13
2014-01-31T04:00:00 0.681966803133 0.318033196867 14 0 14
2014-01-31T03:00:00 0.681966803133 0.318033196867 14 0 14
2014-01-31T02:00:00 0.657308305771 0.342691694228 15 1 16
2014-01-31T01:00:00 0.655202456219 0.344797543781 13 1 14
2014-01-31T00:00:00 0.618302654925 0.381697345075 7 2 9
2014-02-02T17:00:00 0.385788280031 0.614211719969 4 8 12
2014-02-02T16:00:00 0.457290014197 0.542709985803 7 7 14
2014-02-02T15:00:00 0.457203901016 0.542796098984 7 8 15
2014-02-02T14:00:00 0.471953448128 0.528046551872 8 7 15
2014-02-02T13:00:00 0.519793666424 0.480206333576 11 7 18
2014-02-02T12:00:00 0.545562170932 0.454437829068 10 5 15
2014-02-02T11:00:00 0.551800643276 0.448199356724 9 5 14
2014-02-02T10:00:00 0.541708380276 0.458291619724 6 4 10
2014-02-02T09:00:00 0.5963045885 0.4036954115 5 2 7
2014-02-02T08:00:00 0.663794446979 0.336205553021 4 1 5
2014-02-02T07:00:00 0.364799722238 0.635200277762 0 2 2
2014-02-02T06:00:00 0.43940017288 0.56059982712 2 3 5
2014-03-10T23:00:00 0.567468744652 0.432531255348 5 3 8
2014-03-10T22:00:00 0.520954100152 0.479045899849 3 3 6
2014-03-10T21:00:00 0.5392589207 0.4607410793 4 3 7
2014-03-10T20:00:00 0.512673925021 0.487326074979 3 3 6
2014-03-10T19:00:00 0.512673925021 0.487326074979 3 3 6
2014-03-10T18:00:00 0.54800430226 0.45199569774 4 2 6
2014-03-10T17:00:00 0.586393901275 0.413606098725 5 1 6
2014-03-10T16:00:00 0.522495138716 0.477504861284 5 3 8
2014-03-10T15:00:00 0.508267467746 0.491732532254 4 3 7
2014-03-10T14:00:00 0.520635085802 0.479364914198 5 3 8
2014-03-10T13:00:00 0.520635085802 0.479364914198 5 3 8
2014-03-10T12:00:00 0.519158084032 0.480841915968 4 3 7
2014-03-19T06:00:00 0.602098638855 0.397901361145 8 1 9
2014-03-19T05:00:00 0.557888306224 0.442111693776 9 3 12
2014-03-19T04:00:00 0.551443674711 0.448556325289 10 4 14
2014-03-19T03:00:00 0.526480471867 0.473519528133 10 6 16
2014-03-19T02:00:00 0.495940259659 0.504059740341 9 8 17
2014-03-19T01:00:00 0.474079984111 0.525920015889 9 9 18
2014-03-19T00:00:00 0.492409011973 0.507590988027 9 9 18
2014-03-18T23:00:00 0.511855069639 0.488144930361 9 7 16
2014-03-18T22:00:00 0.479995141328 0.520004858672 8 8 16
2014-03-18T21:00:00 0.453644527764 0.546355472236 6 7 13
2014-03-18T20:00:00 0.415991641756 0.584008358244 5 8 13
2014-03-18T19:00:00 0.443605520273 0.556394479727 8 9 17
2014-04-18T04:00:00 0.253835546017 0.746164453983 0 2 2
2014-04-18T03:00:00 0.253835546017 0.746164453983 0 2 2
2014-04-18T02:00:00 0.241677450175 0.758322549825 0 3 3
2014-04-18T01:00:00 0.241677450175 0.758322549825 0 3 3
2014-04-18T00:00:00 0.21736125849 0.78263874151 0 1 1
2014-04-17T23:00:00 0.21736125849 0.78263874151 0 1 1
2014-04-17T22:00:00 0.45583626142 0.544163738581 1 1 2
2014-04-17T21:00:00 0.45583626142 0.544163738581 1 1 2
2014-04-17T20:00:00 0.694311264349 0.305688735651 1 0 1
2014-04-17T19:00:00 0.694311264349 0.305688735651 1 0 1
2014-04-17T18:00:00 0.694311264349 0.305688735651 1 0 1
2014-04-17T17:00:00 0.509846161616 0.490153838384 1 1 2
2014-05-20T07:00:00 0.341761799772 0.658238200228 0 1 1
2014-05-20T08:00:00 0.341761799772 0.658238200228 0 1 1
2014-05-22T04:00:00 0.377548850103 0.622451149897 1 4 5
2014-05-22T03:00:00 0.377548850103 0.622451149897 1 4 5
2014-05-22T02:00:00 0.366922914132 0.633077085868 1 5 6
2014-05-22T01:00:00 0.3939101217 0.6060898783 1 3 4
2014-05-22T00:00:00 0.296589992754 0.703410007246 0 3 3
2014-05-21T23:00:00 0.322946764239 0.677053235761 0 2 2
2014-05-21T22:00:00 0.313793234278 0.686206765722 0 1 1
2014-05-21T21:00:00 0.313793234278 0.686206765722 0 1 1
2014-05-21T20:00:00 0.0 0.0 0 0 0
2014-05-21T19:00:00 0.360644911639 0.639355088361 1 9 10
2014-05-21T18:00:00 0.371345689067 0.628654310933 2 10 12
2014-05-21T17:00:00 0.371345689067 0.628654310933 2 10 12
2014-05-30T03:00:00 0.417758949124 0.582241050876 3 4 7
2014-05-30T04:00:00 0.226349341862 0.773650658138 0 3 3
2014-05-30T05:00:00 0.266510527995 0.733489472005 0 3 3
2014-05-30T06:00:00 0.298029468675 0.701970531325 0 3 3
2014-05-30T07:00:00 0.281534590421 0.718465409579 0 3 3
2014-05-30T08:00:00 0.281534590421 0.718465409579 0 3 3
2014-05-30T09:00:00 0.281534590421 0.718465409579 0 3 3
2014-06-14T13:00:00 0.37495140477 0.62504859523 0 3 3
2014-06-14T14:00:00 0.329547890727 0.670452109273 0 5 5
2014-06-14T15:00:00 0.272361091561 0.727638908439 0 5 5
2014-06-14T16:00:00 0.251262795471 0.748737204529 0 4 4
2014-06-28T20:00:00 0.257191817603 0.742808182397 0 17 17
2014-06-28T19:00:00 0.258212277992 0.741787722008 0 22 22
2014-06-28T18:00:00 0.257382301191 0.742617698809 0 24 24
2014-06-28T17:00:00 0.26468021949 0.735319780511 0 22 22
2014-06-28T16:00:00 0.273291986177 0.726708013823 0 22 22
2014-06-28T15:00:00 0.258971686049 0.741028313951 0 19 19
2014-06-28T14:00:00 0.258225582015 0.741774417985 0 16 16
2014-06-28T13:00:00 0.246644581975 0.753355418025 0 10 10
2014-06-28T12:00:00 0.246242588374 0.753757411626 0 8 8
2014-06-29T13:00:00 0.429552506536 0.570447493464 2 2 4
2014-06-29T14:00:00 0.368886985173 0.631113014827 1 2 3
2014-06-29T15:00:00 0.302279063826 0.697720936174 1 3 4
2014-06-29T16:00:00 0.249365495113 0.750634504887 1 5 6
2014-06-29T17:00:00 0.261512924877 0.738487075123 1 4 5
2014-06-29T18:00:00 0.254154313812 0.745845686188 1 5 6
2014-07-03T07:00:00 0.669765963792 0.330234036208 3 0 3
2014-07-03T08:00:00 0.669765963792 0.330234036208 3 0 3
2014-07-03T09:00:00 0.641485431237 0.358514568762 5 1 6
2014-07-03T10:00:00 0.626691774375 0.373308225625 7 2 9
2014-07-03T11:00:00 0.628800519263 0.371199480737 7 2 9
2014-07-11T13:00:00 0.22865029042 0.77134970958 1 18 19
2014-07-11T14:00:00 0.239191740108 0.760808259892 1 24 25
2014-07-11T15:00:00 0.227879830267 0.772120169733 1 27 28
2014-07-11T16:00:00 0.242660141537 0.757339858463 2 33 35
2014-07-11T17:00:00 0.237970865784 0.762029134216 1 36 37
2014-07-11T18:00:00 0.250191380087 0.749808619913 1 41 42
2014-07-11T19:00:00 0.255557205079 0.744442794921 1 40 41
2014-07-11T20:00:00 0.25250467403 0.74749532597 1 39 40
2014-10-16T08:00:00 0.470176237305 0.529823762695 1 1 2
2014-10-16T09:00:00 0.394742974798 0.605257025202 1 2 3
2014-10-16T10:00:00 0.333320304936 0.666679695064 1 4 5
2014-10-16T11:00:00 0.327768846805 0.672231153195 1 8 9
2014-10-16T12:00:00 0.320388825618 0.679611174382 1 10 11
2014-10-16T16:00:00 0.382711780818 0.617288219182 5 15 20
2014-10-16T17:00:00 0.404426581551 0.595573418449 6 13 19
2014-10-16T18:00:00 0.437817540339 0.562182459661 7 11 18
2014-10-21T11:00:00 0.516125738527 0.483874261473 11 7 18
2014-10-21T12:00:00 0.516125738527 0.483874261473 11 7 18
2014-10-21T13:00:00 0.52125018398 0.47874981602 12 7 19
2014-10-21T14:00:00 0.564821466935 0.435178533065 11 3 14
2014-10-21T15:00:00 0.535745820414 0.464254179586 9 4 13
2014-10-21T16:00:00 0.455382090816 0.544617909184 4 4 8
2014-10-21T17:00:00 0.479480759363 0.520519240637 4 3 7
2014-11-07T01:00:00 0 0 0 0 0
2014-11-07T00:00:00 0 0 0 0 0
2014-11-06T23:00:00 0 0 0 0 0
2014-11-06T22:00:00 0 0 0 0 0
2014-11-06T21:00:00 0 0 0 0 0
2014-11-06T20:00:00 0 0 0 0 0
2014-11-06T19:00:00 0 0 0 0 0
2014-11-06T18:00:00 0 0 0 0 0
2014-11-06T17:00:00 0 0 0 0 0
2014-11-06T16:00:00 0 0 0 0 0
2014-11-06T15:00:00 0 0 0 0 0
2014-11-06T14:00:00 0 0 0 0 0
2014-11-12T15:00:00 0 0 0 0 0
2014-11-12T14:00:00 0 0 0 0 0
2014-11-12T13:00:00 0 0 0 0 0
2014-11-12T12:00:00 0 0 0 0 0
2014-11-12T11:00:00 0 0 0 0 0
2014-11-12T10:00:00 0 0 0 0 0
2014-11-12T09:00:00 0 0 0 0 0
2014-11-12T08:00:00 0 0 0 0 0
2014-11-12T07:00:00 0 0 0 0 0
2014-11-12T06:00:00 0 0 0 0 0
2014-11-12T05:00:00 0 0 0 0 0
2014-11-12T04:00:00 0 0 0 0 0
2014-11-17T13:00:00 0 0 0 0 0
2014-11-17T12:00:00 0 0 0 0 0
2014-11-17T11:00:00 0 0 0 0 0
2014-11-17T10:00:00 0 0 0 0 0
2014-11-17T09:00:00 0 0 0 0 0
2014-11-17T08:00:00 0 0 0 0 0
2014-11-17T07:00:00 0 0 0 0 0
2014-11-17T06:00:00 0 0 0 0 0
2014-11-17T05:00:00 0 0 0 0 0
2014-11-17T04:00:00 0 0 0 0 0
2014-12-08T06:00:00 0 0 0 0 0
2014-12-08T07:00:00 0 0 0 0 0
2014-12-08T08:00:00 0 0 0 0 0
2014-12-08T09:00:00 0 0 0 0 0
2014-12-11T06:00:00 0 0 0 0 0
2014-12-11T07:00:00 0 0 0 0 0
2014-12-11T08:00:00 0 0 0 0 0
2014-12-11T09:00:00 0 0 0 0 0
2014-12-25T00:00:00 0 0 0 0 0
2014-12-25T01:00:00 0 0 0 0 0
2014-12-25T02:00:00 0 0 0 0 0
2014-12-25T03:00:00 0 0 0 0 0
2014-12-25T04:00:00 0 0 0 0 0
