2013-06-11T23:00:00 0 0 0 0 0
2013-06-12T00:00:00 0 0 0 0 0
2013-06-12T01:00:00 0 0 0 0 0
2013-06-12T02:00:00 0 0 0 0 0
2013-06-12T03:00:00 0 0 0 0 0
2013-06-12T04:00:00 0 0 0 0 0
2013-06-12T05:00:00 0 0 0 0 0
2013-06-12T06:00:00 0 0 0 0 0
2013-06-12T07:00:00 0 0 0 0 0
2013-06-12T08:00:00 0 0 0 0 0
2013-06-12T09:00:00 0 0 0 0 0
2013-06-12T10:00:00 0 0 0 0 0
2013-06-12T11:00:00 0 0 0 0 0
2013-06-12T12:00:00 0 0 0 0 0
2013-06-12T13:00:00 0 0 0 0 0
2013-11-07T08:00:00 0.347531016438 0.652468983562 0 2 2
2013-11-07T09:00:00 0.31297949422 0.68702050578 0 3 3
2013-11-07T10:00:00 0.321921920282 0.678078079718 0 4 4
2013-11-07T11:00:00 0.321921920282 0.678078079718 0 4 4
2013-11-07T12:00:00 0.307505988721 0.692494011279 0 6 6
2013-11-07T13:00:00 0.307345136757 0.692654863243 0 6 6
2013-11-07T14:00:00 0.363209477531 0.636790522469 1 5 6
2013-11-07T15:00:00 0.38707608308 0.61292391692 1 4 5
2013-11-07T16:00:00 0.396657804233 0.603342195767 1 3 4
2013-11-07T17:00:00 0.396657804233 0.603342195767 1 3 4
2013-11-07T18:00:00 0.514641482868 0.485358517132 1 1 2
2013-11-07T19:00:00 0.688486277746 0.311513722254 1 0 1
2013-11-07T20:00:00 0 0 0 0 0
2013-11-07T21:00:00 0 0 0 0 0
2013-11-07T22:00:00 0 0 0 0 0
2013-11-07T23:00:00 0.664151714556 0.335848285444 2 0 2
2013-11-08T00:00:00 0.664151714556 0.335848285444 2 0 2
2013-11-08T03:00:00 0.664151714556 0.335848285444 2 0 2
2013-11-08T04:00:00 0.664151714556 0.335848285444 2 0 2
2013-11-08T05:00:00 0 0 0 0 0
2013-11-08T06:00:00 0 0 0 0 0
2013-11-08T07:00:00 0 0 0 0 0
2013-11-08T08:00:00 0 0 0 0 0
2013-11-08T09:00:00 0 0 0 0 0
2013-11-15T08:00:00 0.643507979003 0.356492020997 6 0 6
2013-11-15T09:00:00 0.638618774746 0.361381225254 4 0 4
2013-11-16T13:00:00 0.193387121641 0.806612878359 0 16 16
2013-11-16T14:00:00 0.191400469514 0.808599530486 0 21 21
2013-11-16T15:00:00 0.194697397966 0.805302602034 0 22 22
2013-11-16T16:00:00 0.188950211498 0.811049788502 0 21 21
2013-11-16T17:00:00 0.194534050269 0.805465949731 0 19 19
2013-11-16T18:00:00 0.20070153523 0.79929846477 0 18 18
2013-11-16T19:00:00 0.271803769925 0.728196230075 2 12 14
2013-11-16T20:00:00 0.320004096157 0.679995903843 2 7 9
2013-11-16T21:00:00 0.378818869157 0.621181130843 3 7 10
2013-11-16T22:00:00 0.389284100361 0.610715899639 3 7 10
2013-11-16T23:00:00 0.458983094412 0.541016905588 3 4 7
2013-11-20T22:00:00 0.541657555049 0.458342444951 2 1 3
2013-11-20T23:00:00 0.541657555049 0.458342444951 2 1 3
2013-11-21T00:00:00 0.463260437474 0.536739562526 1 1 2
2013-11-21T01:00:00 0.463260437474 0.536739562526 1 1 2
2013-11-26T06:00:00 0.333756846129 0.666243153871 0 2 2
2013-11-26T07:00:00 0.411656864113 0.588343135887 1 2 3
2013-11-26T08:00:00 0.358259654291 0.641740345709 1 5 6
2013-11-26T09:00:00 0.365182897476 0.634817102524 2 9 11
2013-11-26T10:00:00 0.360118911018 0.639881088982 4 14 18
2013-11-26T11:00:00 0.352942228943 0.647057771057 4 17 21
2013-11-26T12:00:00 0.368830635833 0.631169364167 6 19 25
2013-11-26T13:00:00 0.358466747792 0.641533252208 5 23 28
2013-11-26T14:00:00 0.378996635463 0.621003364537 8 25 33
2013-11-26T15:00:00 0.379568545417 0.620431454583 7 23 30
2013-11-26T16:00:00 0.382147041755 0.617852958245 6 20 26
2013-11-26T17:00:00 0.400940715484 0.599059284516 7 17 24
2013-11-26T18:00:00 0.391683301067 0.608316698933 5 15 20
2013-11-26T19:00:00 0.40690865535 0.59309134465 5 11 16
2013-12-01T11:00:00 0.441667392964 0.558332607036 1 2 3
2013-12-01T12:00:00 0.545973222927 0.454026777073 3 2 5
2013-12-01T13:00:00 0.545973222927 0.454026777073 3 2 5
2013-12-01T14:00:00 0.545973222927 0.454026777073 3 2 5
2013-12-01T15:00:00 0.497743549551 0.50225645045 3 3 6
2013-12-01T16:00:00 0.570176981537 0.429823018462 3 1 4
2013-12-01T17:00:00 0.458645307909 0.541354692091 3 3 6
2013-12-01T18:00:00 0.411093025138 0.588906974862 2 3 5
2013-12-01T19:00:00 0.447249955693 0.552750044307 3 4 7
2013-12-01T20:00:00 0.435824374173 0.564175625827 4 5 9
2013-12-01T21:00:00 0.458228023111 0.541771976889 4 4 8
2013-12-01T22:00:00 0.435225053878 0.564774946122 3 4 7
2013-12-01T23:00:00 0.454340669709 0.545659330291 3 3 6
2013-12-02T00:00:00 0.446889654747 0.553110345253 3 4 7
2013-12-02T01:00:00 0.506276379534 0.493723620466 5 3 8
2013-12-02T02:00:00 0.543090226429 0.456909773571 4 2 6
2013-12-02T03:00:00 0.543090226429 0.456909773571 4 2 6
2013-12-02T04:00:00 0.543090226429 0.456909773571 4 2 6
2013-12-02T05:00:00 0.621581759232 0.378418240768 4 1 5
2013-12-02T06:00:00 0.638240533355 0.361759466645 5 1 6
2013-12-02T07:00:00 0.543484245673 0.456515754326 2 2 4
2013-12-02T08:00:00 0.52995532854 0.47004467146 3 3 6
2013-12-02T09:00:00 0.529205975294 0.470794024707 8 6 14
2013-12-02T10:00:00 0.539015407814 0.460984592186 9 6 15
2013-12-02T11:00:00 0.539015407814 0.460984592186 9 6 15
2013-12-02T12:00:00 0.540818171472 0.459181828528 9 5 14
2013-12-02T13:00:00 0.553658702699 0.446341297301 11 5 16
2013-12-02T14:00:00 0.565901262934 0.434098737066 11 4 15
2013-12-02T15:00:00 0.545785456748 0.454214543252 6 3 9
2013-12-02T16:00:00 0.508110649848 0.491889350152 5 4 9
2013-12-02T17:00:00 0.508110649848 0.491889350152 5 4 9
2013-12-02T18:00:00 0.464942483187 0.535057516813 3 4 7
2013-12-02T19:00:00 0.406437684989 0.593562315011 1 3 4
2013-12-02T20:00:00 0.329992016861 0.670007983139 0 3 3
2013-12-02T21:00:00 0.296831461912 0.703168538088 0 2 2
2013-12-02T22:00:00 0.256388722834 0.743611277166 0 1 1
2013-12-02T23:00:00 0.391316568472 0.608683431528 1 2 3
2013-12-03T00:00:00 0.442995657609 0.557004342391 3 3 6
2013-12-03T01:00:00 0.487568208255 0.512431791745 5 3 8
2013-12-03T02:00:00 0.487568208255 0.512431791745 5 3 8
2013-12-03T03:00:00 0.52059384903 0.47940615097 5 2 7
2013-12-03T04:00:00 0.52059384903 0.47940615097 5 2 7
2013-12-03T05:00:00 0.545319192125 0.454680807875 4 1 5
2013-12-04T00:00:00 0.509311682699 0.490688317301 4 3 7
2013-12-04T01:00:00 0.505871430463 0.494128569537 4 3 7
2013-12-04T02:00:00 0.552389118968 0.447610881032 5 2 7
2013-12-04T03:00:00 0.613069935118 0.386930064882 5 1 6
2013-12-04T04:00:00 0.613069935118 0.386930064882 5 1 6
2013-12-04T05:00:00 0.507050719849 0.492949280151 1 1 2
2013-12-04T06:00:00 0.587369513835 0.412630486165 2 1 3
2013-12-04T07:00:00 0.597757622889 0.40224237711 3 1 4
2013-12-04T08:00:00 0.570656153086 0.429343846914 3 2 5
2013-12-04T09:00:00 0.602993072668 0.397006927332 4 2 6
2013-12-04T10:00:00 0.569690088122 0.430309911878 8 5 13
2013-12-04T11:00:00 0.59138703093 0.40861296907 10 5 15
2013-12-04T12:00:00 0.601793981526 0.398206018474 12 5 17
2013-12-04T13:00:00 0.601723308888 0.398276691112 12 5 17
2013-12-05T00:00:00 0.668498489312 0.331501510688 8 1 9
2013-12-05T01:00:00 0.671242419942 0.328757580058 9 1 10
2013-12-05T02:00:00 0.718021170502 0.281978829498 8 0 8
2013-12-05T03:00:00 0.718021170502 0.281978829498 8 0 8
2013-12-05T04:00:00 0.747529526851 0.252470473149 6 0 6
2013-12-05T05:00:00 0.749002835485 0.250997164515 5 0 5
2013-12-05T06:00:00 0.733962491125 0.266037508875 4 0 4
2013-12-05T07:00:00 0.645418492164 0.354581507836 3 1 4
2013-12-05T08:00:00 0.645418492164 0.354581507836 3 1 4
2013-12-05T09:00:00 0.565110083688 0.434889916312 3 2 5
2013-12-05T10:00:00 0.461577929056 0.538422070944 2 4 6
2013-12-05T11:00:00 0.293618696865 0.706381303135 0 5 5
2013-12-05T12:00:00 0.353026657545 0.646973342455 1 5 6
2013-12-05T13:00:00 0.403452288751 0.596547711249 3 6 9
2013-12-05T17:00:00 0.497644423195 0.502355576805 7 6 13
2013-12-05T18:00:00 0.466372704915 0.533627295085 6 7 13
2013-12-05T19:00:00 0.501126967644 0.498873032356 5 5 10
2013-12-05T20:00:00 0.531010932342 0.468989067658 7 5 12
2013-12-05T21:00:00 0.517915632445 0.482084367555 6 4 10
2013-12-05T22:00:00 0.542872534203 0.457127465797 5 3 8
2013-12-05T23:00:00 0.539561216811 0.460438783189 8 5 13
2013-12-06T00:00:00 0.54261143407 0.45738856593 10 7 17
2013-12-06T01:00:00 0.535331796262 0.464668203738 11 8 19
2013-12-06T02:00:00 0.519929283849 0.480070716151 10 9 19
2013-12-06T03:00:00 0.519929283849 0.480070716151 10 9 19
2013-12-06T04:00:00 0.544657328273 0.455342671727 10 7 17
2013-12-06T05:00:00 0.527185317536 0.472814682464 5 5 10
2013-12-06T06:00:00 0.563644098283 0.436355901717 3 2 5
2013-12-06T09:00:00 0.587344039271 0.412655960729 3 1 4
2013-12-06T10:00:00 0.626631836658 0.373368163342 6 1 7
2013-12-06T11:00:00 0.641929579727 0.358070420273 8 1 9
2013-12-06T12:00:00 0.651831796818 0.348168203182 10 1 11
2013-12-06T13:00:00 0.610445163378 0.389554836622 13 3 16
2013-12-06T14:00:00 0.610158393678 0.389841606322 12 3 15
2013-12-06T15:00:00 0.599700447825 0.400299552175 13 4 17
2013-12-06T16:00:00 0.610896332578 0.389103667422 13 4 17
2013-12-06T17:00:00 0.583865107355 0.416134892645 13 6 19
2013-12-06T18:00:00 0.591868807221 0.408131192779 14 6 20
2013-12-06T19:00:00 0.653511252052 0.346488747948 15 3 18
2013-12-06T20:00:00 0.631058576219 0.368941423781 15 4 19
2013-12-06T21:00:00 0.650438320506 0.349561679494 16 3 19
2013-12-06T22:00:00 0.631754482435 0.368245517565 19 4 23
2013-12-06T23:00:00 0.639417874551 0.360582125449 19 3 22
2013-12-07T00:00:00 0.660040324978 0.339959675022 22 3 25
2013-12-07T01:00:00 0.666004470763 0.333995529237 25 3 28
2013-12-07T02:00:00 0.667946862907 0.332053137093 23 3 26
2013-12-07T03:00:00 0.664827982762 0.335172017238 21 3 24
2013-12-07T04:00:00 0.686327385648 0.313672614352 20 2 22
2013-12-07T05:00:00 0.708892109408 0.291107890592 22 1 23
2013-12-07T06:00:00 0.695032279517 0.304967720483 18 1 19
2013-12-07T07:00:00 0.658573530386 0.341426469614 22 3 25
2013-12-07T08:00:00 0.639565622747 0.360434377253 32 6 38
2013-12-07T09:00:00 0.649205492767 0.350794507233 47 6 53
2013-12-07T10:00:00 0.627585234407 0.372414765593 51 9 60
2013-12-07T11:00:00 0.603024493425 0.396975506575 55 16 71
2013-12-07T12:00:00 0.603978687553 0.396021312447 61 17 78
2013-12-07T13:00:00 0.599336433133 0.400663566867 59 17 76
2013-12-07T14:00:00 0.605343130445 0.394656869555 56 15 71
2013-12-07T15:00:00 0.584352829866 0.415647170134 45 17 62
2013-12-07T16:00:00 0.587751073035 0.412248926965 41 16 57
2013-12-07T17:00:00 0.611295733137 0.388704266863 43 10 53
2013-12-07T18:00:00 0.600956014197 0.399043985803 39 11 50
2013-12-07T19:00:00 0.605500249481 0.394499750519 36 10 46
2013-12-07T20:00:00 0.608537486704 0.391462513296 32 8 40
2013-12-07T21:00:00 0.625212414751 0.374787585249 35 8 43
2013-12-07T22:00:00 0.651283267432 0.348716732568 44 8 52
2013-12-07T23:00:00 0.645702811623 0.354297188377 46 11 57
2013-12-08T00:00:00 0.658665423283 0.341334576717 49 9 58
2013-12-08T01:00:00 0.655204260789 0.344795739211 49 10 59
2013-12-08T02:00:00 0.652063899156 0.347936100844 53 11 64
2013-12-08T03:00:00 0.654364772313 0.345635227687 47 9 56
2013-12-08T04:00:00 0.640849963642 0.359150036358 34 7 41
2013-12-08T05:00:00 0.657549262727 0.342450737273 22 3 25
2013-12-08T06:00:00 0.647458754849 0.352541245151 17 4 21
2013-12-08T07:00:00 0.669659872274 0.330340127726 17 2 19
2013-12-08T18:00:00 0.590041788768 0.409958211232 87 34 121
2013-12-08T19:00:00 0.571672681361 0.428327318639 76 34 110
2013-12-08T20:00:00 0.556309774665 0.443690225335 66 37 103
2013-12-08T21:00:00 0.539556828337 0.460443171663 57 39 96
2013-12-08T22:00:00 0.534035226527 0.465964773473 55 42 97
2013-12-08T23:00:00 0.554257826255 0.445742173745 48 29 77
2013-12-09T08:00:00 0.412425273522 0.587574726478 2 5 7
2013-12-09T09:00:00 0.447665427358 0.552334572642 7 11 18
2013-12-09T10:00:00 0.455434870254 0.544565129746 12 16 28
2013-12-09T11:00:00 0.452535959275 0.547464040725 13 19 32
2013-12-09T12:00:00 0.450768548342 0.549231451658 14 20 34
2013-12-09T13:00:00 0.472206881251 0.527793118749 18 21 39
2013-12-09T14:00:00 0.463017003927 0.536982996073 18 22 40
2013-12-09T15:00:00 0.450044822547 0.549955177453 13 18 31
2013-12-09T16:00:00 0.442445258356 0.557554741644 9 14 23
2013-12-09T17:00:00 0.428694439114 0.571305560886 8 13 21
2013-12-09T18:00:00 0.426507347427 0.573492652573 7 13 20
2013-12-09T19:00:00 0.389488079518 0.610511920482 4 11 15
2013-12-09T20:00:00 0.439889571843 0.560110428157 6 10 16
2013-12-09T21:00:00 0.454233435411 0.545766564589 9 13 22
2013-12-09T22:00:00 0.489447007704 0.510552992296 13 13 26
2013-12-09T23:00:00 0.488165650867 0.511834349133 13 13 26
2013-12-26T07:00:00 0.482893501004 0.517106498996 2 3 5
2013-12-26T08:00:00 0.508507422677 0.491492577323 6 5 11
2013-12-26T09:00:00 0.48396997218 0.51603002782 9 12 21
2013-12-26T10:00:00 0.497568296503 0.502431703497 11 13 24
2013-12-26T11:00:00 0.488205584356 0.511794415644 12 15 27
2013-12-26T12:00:00 0.487713441098 0.512286558902 13 16 29
2013-12-26T13:00:00 0.488449444634 0.511550555366 14 16 30
2013-12-26T14:00:00 0.485896158203 0.514103841797 11 15 26
2013-12-26T15:00:00 0.464590907068 0.535409092932 8 12 20
2013-12-26T16:00:00 0.410588601837 0.589411398163 7 18 25
2013-12-26T17:00:00 0.408897232316 0.591102767684 9 22 31
2013-12-26T18:00:00 0.379492479208 0.620507520792 8 28 36
2013-12-26T19:00:00 0.347929914193 0.652070085807 6 30 36
2013-12-26T20:00:00 0.347820049593 0.652179950407 7 32 39
2013-12-26T21:00:00 0.352476461135 0.647523538865 7 28 35
2013-12-26T22:00:00 0.356267526527 0.643732473473 7 28 35
2013-12-26T23:00:00 0.339282056691 0.660717943309 4 26 30
2013-12-27T00:00:00 0.381977843977 0.618022156023 6 19 25
2013-12-27T01:00:00 0.42217932484 0.57782067516 7 15 22
2013-12-27T02:00:00 0.417029953214 0.582970046786 5 12 17
2013-12-27T03:00:00 0.417029953214 0.582970046786 5 12 17
2013-12-27T04:00:00 0.448531289926 0.551468710074 3 5 8
2013-12-29T13:00:00 0.529259347924 0.470740652076 4 2 6
2013-12-29T14:00:00 0.512945122926 0.487054877074 4 2 6
2013-12-29T15:00:00 0.413804555918 0.586195444082 3 5 8
2013-12-29T16:00:00 0.393745336818 0.606254663182 3 7 10
2013-12-29T17:00:00 0.353541834156 0.646458165844 2 8 10
2013-12-29T18:00:00 0.356810782505 0.643189217495 2 9 11
2013-12-29T19:00:00 0.353015768805 0.646984231195 2 10 12
2013-12-29T20:00:00 0.36293752508 0.63706247492 2 9 11
2013-12-29T21:00:00 0.426544078219 0.573455921781 3 6 9
2014-01-30T02:00:00 0.61751297727 0.38248702273 2 1 3
2014-01-30T03:00:00 0.61751297727 0.38248702273 2 1 3
2014-01-30T04:00:00 0.546383410904 0.453616589096 1 1 2
2014-01-30T05:00:00 0.721139818756 0.278860181244 1 0 1
2014-01-30T06:00:00 0.721139818756 0.278860181244 1 0 1
2014-01-30T07:00:00 0.0 0.0 0 0 0
2014-01-30T08:00:00 0.682211662541 0.317788337459 2 0 2
2014-01-30T09:00:00 0.682211662541 0.317788337459 2 0 2
2013-12-30T10:00:00 0.416973788366 0.583026211634 1 2 3
2013-12-30T11:00:00 0.464151005627 0.535848994373 2 2 4
2013-12-30T12:00:00 0.464151005627 0.535848994373 2 2 4
2013-12-30T13:00:00 0.504947407579 0.495052592421 2 1 3
2013-12-30T14:00:00 0.451621217026 0.548378782975 1 1 2
2013-12-30T15:00:00 0.60568265741 0.39431734259 1 0 1
2013-12-30T16:00:00 0.675939799886 0.324060200114 2 0 2
2013-12-30T17:00:00 0.746196942363 0.253803057637 1 0 1
2013-12-30T18:00:00 0.746196942363 0.253803057637 1 0 1
2014-01-03T08:00:00 0.479277348034 0.520722651965 1 1 2
2014-01-03T09:00:00 0.379340648305 0.620659351695 1 3 4
2014-01-03T10:00:00 0.352247808601 0.647752191399 1 4 5
2014-01-03T11:00:00 0.333081364585 0.666918635415 1 5 6
2014-01-03T12:00:00 0.335497835701 0.664502164299 1 7 8
2014-01-03T13:00:00 0.323262166952 0.676737833048 1 7 8
2014-01-03T14:00:00 0.281329205617 0.718670794383 0 7 7
2014-01-03T15:00:00 0.282106305968 0.717893694032 0 8 8
2014-01-03T16:00:00 0.287567713995 0.712432286005 0 7 7
2014-01-03T17:00:00 0.30893458128 0.69106541872 0 7 7
2014-01-03T18:00:00 0.295409514173 0.704590485827 0 5 5
2014-01-03T19:00:00 0.450451748635 0.549548251366 2 4 6
2014-01-17T20:00:00 0.4909838863 0.5090161137 7 7 14
2014-01-17T21:00:00 0.592603955922 0.407396044078 16 7 23
2014-01-17T22:00:00 0.578812372993 0.421187627007 20 9 29
2014-01-17T23:00:00 0.635428873252 0.364571126748 22 5 27
2014-01-18T00:00:00 0.641884723337 0.358115276663 25 6 31
2014-01-18T01:00:00 0.647403413914 0.352596586086 24 6 30
2014-01-18T02:00:00 0.655879456229 0.344120543771 26 6 32
2014-01-18T03:00:00 0.644186998968 0.355813001032 18 5 23
2014-01-18T04:00:00 0.688196943469 0.311803056531 12 3 15
2014-01-18T05:00:00 0.693789757058 0.306210242942 9 2 11
2014-01-18T06:00:00 0.700753226415 0.299246773585 6 1 7
2014-01-18T07:00:00 0.701002422744 0.298997577256 6 1 7
2014-01-18T08:00:00 0.700178142695 0.299821857305 9 2 11
2014-01-18T09:00:00 0.668566896091 0.331433103909 18 4 22
2014-01-18T10:00:00 0.681763492029 0.318236507971 24 5 29
2014-01-18T11:00:00 0.671916780863 0.328083219137 27 6 33
2014-01-18T12:00:00 0.663430791164 0.336569208836 26 7 33
2014-01-18T13:00:00 0.663078003374 0.336921996626 28 7 35
2014-01-18T14:00:00 0.609204840357 0.390795159643 23 9 32
2014-01-18T15:00:00 0.57441132094 0.42558867906 13 8 21
2014-01-18T16:00:00 0.5171801102 0.4828198898 9 8 17
2014-01-18T17:00:00 0.491534567213 0.508465432787 6 7 13
2014-01-18T18:00:00 0.536617466564 0.463382533436 8 6 14
2014-01-18T19:00:00 0.497934792024 0.502065207976 6 6 12
2014-01-18T20:00:00 0.537658087967 0.462341912033 5 5 10
2014-01-18T21:00:00 0.584245569517 0.415754430483 8 4 12
2014-01-18T22:00:00 0.569022676423 0.430977323577 7 4 11
2014-01-20T06:00:00 0.733469147101 0.266530852899 1 0 1
2014-01-20T07:00:00 0.575025135143 0.424974864857 2 1 3
2014-01-20T08:00:00 0.427857665076 0.572142334924 2 5 7
2014-01-20T09:00:00 0.330690036125 0.669309963875 2 14 16
2014-01-20T10:00:00 0.352894227569 0.647105772431 3 16 19
2014-01-20T11:00:00 0.354350691288 0.645649308711 3 17 20
2014-01-30T05:00:00 0.721139818756 0.278860181244 1 0 1
2014-01-30T06:00:00 0.721139818756 0.278860181244 1 0 1
2014-01-30T07:00:00 0.0 0.0 0 0 0
2014-01-30T08:00:00 0.682211662541 0.317788337459 2 0 2
2014-01-30T09:00:00 0.682211662541 0.317788337459 2 0 2
2014-01-30T10:00:00 0.567269195465 0.432730804535 2 1 3
2014-01-30T11:00:00 0.54154715966 0.45845284034 3 2 5
2014-01-30T12:00:00 0.431534591528 0.568465408472 3 5 8
2014-01-30T13:00:00 0.386142986364 0.613857013636 3 8 11
2014-01-30T14:00:00 0.344525674175 0.655474325825 2 9 11
2014-01-30T15:00:00 0.338331951797 0.661668048203 2 10 12
2014-01-30T16:00:00 0.338418105478 0.661581894522 2 9 11
2014-01-30T17:00:00 0.298840614036 0.701159385964 1 10 11
2014-01-30T18:00:00 0.317838227559 0.682161772441 1 7 8
2014-01-30T19:00:00 0.357835747482 0.642164252518 1 5 6
2014-01-30T20:00:00 0.310095398473 0.689904601527 0 4 4
2014-01-30T21:00:00 0.387915647347 0.612084352653 1 4 5
2014-01-30T22:00:00 0.387915647347 0.612084352653 1 4 5
2014-01-30T23:00:00 0.541382116982 0.458617883018 2 2 4
2014-01-31T00:00:00 0.618302654925 0.381697345075 7 2 9
2014-02-01T22:00:00 0.435186881852 0.564813118148 2 3 5
2014-02-01T23:00:00 0.485024011921 0.514975988079 3 3 6
2014-02-02T00:00:00 0.683305758656 0.316694241344 2 0 2
2014-02-02T01:00:00 0.566802587447 0.433197412553 4 1 5
2014-02-02T02:00:00 0.528727657863 0.471272342137 4 2 6
2014-02-02T03:00:00 0.528727657863 0.471272342137 4 2 6
2014-02-02T04:00:00 0.507992818427 0.492007181573 3 2 5
2014-02-02T05:00:00 0.451438607467 0.548561392533 2 2 4
2014-03-09T20:00:00 0.289591589273 0.710408410727 0 3 3
2014-03-09T21:00:00 0.467905686203 0.532094313797 1 1 2
2014-03-09T22:00:00 0.467905686203 0.532094313797 1 1 2
2014-03-09T23:00:00 0.517930401615 0.482069598385 2 1 3
2014-03-10T00:00:00 0.68263248501 0.31736751499 2 0 2
2014-03-10T01:00:00 0.68263248501 0.31736751499 2 0 2
2014-03-10T02:00:00 0.68263248501 0.31736751499 2 0 2
2014-03-10T03:00:00 0.617979832438 0.382020167562 1 0 1
2014-03-10T04:00:00 0.617979832438 0.382020167562 1 0 1
2014-03-10T05:00:00 0.0 0.0 0 0 0
2014-03-10T06:00:00 0 0 0 0 0
2014-03-10T07:00:00 0.373203086029 0.626796913971 0 1 1
2014-03-10T08:00:00 0.373203086029 0.626796913971 0 1 1
2014-03-10T09:00:00 0.490205749111 0.509794250889 1 1 2
2014-03-10T10:00:00 0.575898878601 0.424101121399 2 1 3
2014-03-10T11:00:00 0.503514209081 0.496485790919 3 3 6
2014-03-18T08:00:00 0.429876630944 0.570123369056 1 2 3
2014-03-18T09:00:00 0.403054873715 0.596945126285 2 4 6
2014-03-18T10:00:00 0.437490767234 0.562509232766 3 4 7
2014-03-18T11:00:00 0.416209259151 0.583790740849 3 5 8
2014-03-18T12:00:00 0.479823245154 0.520176754846 6 6 12
2014-03-18T13:00:00 0.479823245154 0.520176754846 6 6 12
2014-03-18T14:00:00 0.478864775044 0.521135224956 8 6 14
2014-03-18T15:00:00 0.470414897276 0.529585102724 8 7 15
2014-03-18T16:00:00 0.445343689594 0.554656310406 7 8 15
2014-11-06T05:00:00 0 0 0 0 0
2014-11-06T06:00:00 0 0 0 0 0
2014-11-06T07:00:00 0 0 0 0 0
2014-11-06T08:00:00 0 0 0 0 0
2014-11-06T09:00:00 0 0 0 0 0
2014-11-06T10:00:00 0 0 0 0 0
2014-11-06T11:00:00 0 0 0 0 0
2014-11-06T12:00:00 0 0 0 0 0
2014-11-06T13:00:00 0 0 0 0 0
2014-11-12T00:00:00 0 0 0 0 0
2014-11-12T01:00:00 0 0 0 0 0
2014-12-28T22:00:00 0 0 0 0 0
2014-12-28T23:00:00 0 0 0 0 0
2014-12-29T00:00:00 0 0 0 0 0
2014-12-29T01:00:00 0 0 0 0 0
2014-12-29T02:00:00 0 0 0 0 0
2014-12-29T03:00:00 0 0 0 0 0
2014-12-29T04:00:00 0 0 0 0 0
2014-12-29T05:00:00 0 0 0 0 0
2014-12-29T06:00:00 0 0 0 0 0
2014-12-29T07:00:00 0 0 0 0 0
2014-12-29T08:00:00 0 0 0 0 0
2014-12-29T09:00:00 0 0 0 0 0
2014-12-29T10:00:00 0 0 0 0 0
2014-12-29T11:00:00 0 0 0 0 0
2014-12-29T12:00:00 0 0 0 0 0
2014-12-29T13:00:00 0 0 0 0 0
2014-12-29T14:00:00 0 0 0 0 0
2014-12-29T15:00:00 0 0 0 0 0
2014-12-29T16:00:00 0 0 0 0 0
2014-12-29T17:00:00 0 0 0 0 0
2014-12-29T18:00:00 0 0 0 0 0
2014-12-29T19:00:00 0 0 0 0 0
