2013-06-12T07:00:00 197 0 0 0 0 0
2013-06-12T08:00:00 199 0 0 0 0 0
2013-06-12T09:00:00 201 0 0 0 0 0
2013-06-12T10:00:00 202 0 0 0 0 0
2013-06-12T11:00:00 203 0 0 0 0 0
2013-06-12T12:00:00 203 0 0 0 0 0
2013-06-12T13:00:00 203 0 0 0 0 0
2013-06-12T14:00:00 203 0 0 0 0 0
2013-06-12T15:00:00 203 0 0 0 0 0
2013-06-12T16:00:00 202 0 0 0 0 0
2013-06-12T17:00:00 201 0 0 0 0 0
2013-06-12T18:00:00 198 0 0 0 0 0
2013-06-12T19:00:00 192 0 0 0 0 0
2013-06-12T20:00:00 187 0 0 0 0 0
2013-06-12T21:00:00 181 0 0 0 0 0
2013-06-12T22:00:00 173 0 0 0 0 0
2013-06-12T23:00:00 165 0 0 0 0 0
2013-06-13T00:00:00 157 0 0 0 0 0
2013-06-13T01:00:00 152 0 0 0 0 0
2013-06-13T02:00:00 146 0 0 0 0 0
2013-06-13T03:00:00 141 0 0 0 0 0
2013-11-07T21:00:00 233 0 0 0 0 0
2013-11-07T22:00:00 234 0 0 0 0 0
2013-11-07T23:00:00 236 0.664151714556 0.335848285444 2 0 2
2013-11-08T00:00:00 238 0.664151714556 0.335848285444 2 0 2
2013-11-08T03:00:00 236 0.664151714556 0.335848285444 2 0 2
2013-11-08T04:00:00 233 0.664151714556 0.335848285444 2 0 2
2013-11-08T05:00:00 231 0 0 0 0 0
2013-11-08T06:00:00 230 0 0 0 0 0
2013-11-08T07:00:00 229 0 0 0 0 0
2013-11-08T08:00:00 228 0 0 0 0 0
2013-11-08T09:00:00 226 0 0 0 0 0
2013-11-08T10:00:00 224 0.45463741448 0.54536258552 1 1 2
2013-11-08T11:00:00 215 0.45463741448 0.54536258552 1 1 2
2013-11-08T12:00:00 206 0.45463741448 0.54536258552 1 1 2
2013-11-08T13:00:00 198 0.45463741448 0.54536258552 1 1 2
2013-11-08T14:00:00 192 0.45463741448 0.54536258552 1 1 2
2013-11-08T15:00:00 188 0.45463741448 0.54536258552 1 1 2
2013-11-08T16:00:00 183 0 0 0 0 0
2013-11-08T17:00:00 178 0.488272389817 0.511727610183 1 1 2
2013-11-08T18:00:00 173 0.488272389817 0.511727610183 1 1 2
2013-11-08T19:00:00 165 0.578458496794 0.421541503206 2 1 3
2013-11-08T20:00:00 156 0.578458496794 0.421541503206 2 1 3
2013-11-08T21:00:00 150 0.554589311773 0.445410688227 3 2 5
2013-11-08T22:00:00 143 0.571288083261 0.428711916739 4 2 6
2013-11-16T18:00:00 201 0.20070153523 0.79929846477 0 18 18
2013-11-16T19:00:00 197 0.271803769925 0.728196230075 2 12 14
2013-11-16T20:00:00 194 0.320004096157 0.679995903843 2 7 9
2013-11-16T21:00:00 189 0.378818869157 0.621181130843 3 7 10
2013-11-16T22:00:00 184 0.389284100361 0.610715899639 3 7 10
2013-11-16T23:00:00 180 0.458983094412 0.541016905588 3 4 7
2013-11-17T00:00:00 174 0.456959928417 0.543040071583 3 5 8
2013-11-17T01:00:00 169 0.386695374666 0.613304625334 1 5 6
2013-11-17T02:00:00 165 0.386695374666 0.613304625334 1 5 6
2013-11-17T03:00:00 162 0.320700168693 0.679299831307 0 3 3
2013-11-17T04:00:00 160 0.306785872131 0.693214127869 0 2 2
2013-11-17T05:00:00 159 0.306785872131 0.693214127869 0 2 2
2013-11-17T06:00:00 157 0 0 0 0 0
2013-11-17T07:00:00 157 0.375688313494 0.624311686506 0 1 1
2013-11-17T08:00:00 156 0.375688313494 0.624311686506 0 1 1
2013-11-17T09:00:00 155 0.380789903968 0.619210096032 0 2 2
2013-11-17T10:00:00 154 0.35351884939 0.64648115061 0 3 3
2013-11-17T11:00:00 151 0.323481671628 0.676518328372 0 5 5
2013-11-17T12:00:00 148 0.277926146307 0.722073853693 0 8 8
2013-11-17T13:00:00 145 0.21064422873 0.78935577127 0 14 14
2013-11-17T14:00:00 142 0.235405030923 0.764594969077 0 18 18
2013-11-20T22:00:00 152 0.541657555049 0.458342444951 2 1 3
2013-11-20T23:00:00 156 0.541657555049 0.458342444951 2 1 3
2013-11-21T00:00:00 159 0.463260437474 0.536739562526 1 1 2
2013-11-21T01:00:00 162 0.463260437474 0.536739562526 1 1 2
2013-11-21T02:00:00 166 0.463260437474 0.536739562526 1 1 2
2013-11-21T03:00:00 168 0.476646968429 0.523353031571 1 1 2
2013-11-21T04:00:00 170 0.643690192874 0.356309807126 1 0 1
2013-11-21T05:00:00 172 0.643690192874 0.356309807126 1 0 1
2013-11-21T06:00:00 175 0.643690192874 0.356309807126 1 0 1
2013-11-21T07:00:00 175 0.550593746258 0.449406253742 2 1 3
2013-11-21T08:00:00 175 0.448138246178 0.551861753822 2 3 5
2013-11-21T09:00:00 174 0.354441606445 0.645558393555 1 5 6
2013-11-21T10:00:00 172 0.390186873753 0.609813126247 2 6 8
2013-11-21T11:00:00 167 0.409695154203 0.590304845797 3 7 10
2013-11-21T12:00:00 164 0.468757897816 0.531242102184 6 7 13
2013-11-21T13:00:00 156 0.461545272638 0.538454727362 7 9 16
2013-11-21T14:00:00 148 0.48541531215 0.51458468785 7 7 14
2013-11-21T15:00:00 145 0.522400376064 0.477599623936 9 7 16
2013-11-21T16:00:00 143 0.507162474363 0.492837525637 8 7 15
2013-11-21T17:00:00 141 0.493403775431 0.506596224569 8 9 17
2013-11-21T18:00:00 139 0.444914753398 0.555085246602 5 10 15
2013-11-26T12:00:00 168 0.368830635833 0.631169364167 6 19 25
2013-11-26T13:00:00 167 0.358466747792 0.641533252208 5 23 28
2013-11-26T14:00:00 166 0.378996635463 0.621003364537 8 25 33
2013-11-26T15:00:00 163 0.379568545417 0.620431454583 7 23 30
2013-11-26T16:00:00 160 0.382147041755 0.617852958245 6 20 26
2013-11-26T17:00:00 159 0.400940715484 0.599059284516 7 17 24
2013-11-26T18:00:00 158 0.391683301067 0.608316698933 5 15 20
2013-11-26T19:00:00 158 0.40690865535 0.59309134465 5 11 16
2013-11-26T20:00:00 156 0.390766390013 0.609233609987 2 6 8
2013-11-26T21:00:00 156 0.354423583021 0.645576416979 2 5 7
2013-11-26T22:00:00 154 0.366767457989 0.633232542011 1 3 4
2013-11-26T23:00:00 153 0.410168300389 0.589831699611 2 4 6
2013-11-27T00:00:00 148 0.399730349391 0.600269650609 3 6 9
2013-11-27T01:00:00 152 0.395152135679 0.604847864321 3 6 9
2013-11-27T02:00:00 148 0.395152135679 0.604847864321 3 6 9
2013-11-27T03:00:00 146 0.431739240166 0.568260759834 3 5 8
2013-11-27T04:00:00 143 0.41086559679 0.58913440321 3 6 9
2013-11-27T05:00:00 140 0.343655850197 0.656344149803 1 6 7
2013-11-27T06:00:00 138 0.304693457184 0.695306542816 0 4 4
2013-11-27T07:00:00 136 0.308513678799 0.691486321201 0 4 4
2013-11-27T08:00:00 134 0.335538684491 0.664461315509 1 6 7
2013-11-27T09:00:00 132 0.339137427734 0.660862572266 1 8 9
2013-11-27T10:00:00 129 0.384851168084 0.615148831916 2 8 10
2013-12-09T13:00:00 210 0.472206881251 0.527793118749 18 21 39
2013-12-09T14:00:00 216 0.463017003927 0.536982996073 18 22 40
2013-12-09T15:00:00 221 0.450044822547 0.549955177453 13 18 31
2013-12-09T16:00:00 222 0.442445258356 0.557554741644 9 14 23
2013-12-09T17:00:00 222 0.428694439114 0.571305560886 8 13 21
2013-12-09T18:00:00 222 0.426507347427 0.573492652573 7 13 20
2013-12-09T19:00:00 221 0.389488079518 0.610511920482 4 11 15
2013-12-09T20:00:00 222 0.439889571843 0.560110428157 6 10 16
2013-12-09T21:00:00 222 0.454233435411 0.545766564589 9 13 22
2013-12-09T22:00:00 222 0.489447007704 0.510552992296 13 13 26
2013-12-09T23:00:00 222 0.488165650867 0.511834349133 13 13 26
2013-12-10T00:00:00 222 0.505602785274 0.494397214726 18 14 32
2013-12-10T01:00:00 222 0.506744228118 0.493255771882 20 15 35
2013-12-10T02:00:00 220 0.52906257315 0.47093742685 20 12 32
2013-12-10T03:00:00 218 0.543630042004 0.456369957996 17 8 25
2013-12-10T04:00:00 216 0.523116542679 0.476883457321 12 7 19
2013-12-10T05:00:00 214 0.553953704693 0.446046295307 12 5 17
2013-12-10T06:00:00 209 0.55576870996 0.44423129004 7 3 10
2013-12-10T07:00:00 198 0.568435583692 0.431564416308 5 2 7
2013-12-10T08:00:00 188 0.450066598166 0.549933401834 4 4 8
2013-12-10T09:00:00 180 0.460444066878 0.539555933122 7 6 13
2013-12-10T10:00:00 171 0.503649246017 0.496350753983 12 7 19
2013-12-10T11:00:00 159 0.500030188988 0.499969811012 13 8 21
2013-12-10T12:00:00 146 0.508497168086 0.491502831914 15 9 24
2013-12-26T09:00:00 177 0.48396997218 0.51603002782 9 12 21
2013-12-26T10:00:00 190 0.497568296503 0.502431703497 11 13 24
2013-12-26T11:00:00 202 0.488205584356 0.511794415644 12 15 27
2013-12-26T12:00:00 213 0.487713441098 0.512286558902 13 16 29
2013-12-26T13:00:00 223 0.488449444634 0.511550555366 14 16 30
2013-12-26T14:00:00 235 0.485896158203 0.514103841797 11 15 26
2013-12-26T15:00:00 247 0.464590907068 0.535409092932 8 12 20
2013-12-26T16:00:00 259 0.410588601837 0.589411398163 7 18 25
2013-12-26T17:00:00 265 0.408897232316 0.591102767684 9 22 31
2013-12-26T18:00:00 267 0.379492479208 0.620507520792 8 28 36
2013-12-26T19:00:00 267 0.347929914193 0.652070085807 6 30 36
2013-12-26T20:00:00 264 0.347820049593 0.652179950407 7 32 39
2013-12-26T21:00:00 263 0.352476461135 0.647523538865 7 28 35
2013-12-26T22:00:00 260 0.356267526527 0.643732473473 7 28 35
2013-12-26T23:00:00 257 0.339282056691 0.660717943309 4 26 30
2013-12-27T00:00:00 256 0.381977843977 0.618022156023 6 19 25
2013-12-27T01:00:00 254 0.42217932484 0.57782067516 7 15 22
2013-12-27T02:00:00 252 0.417029953214 0.582970046786 5 12 17
2013-12-27T03:00:00 249 0.417029953214 0.582970046786 5 12 17
2013-12-27T04:00:00 243 0.448531289926 0.551468710074 3 5 8
2013-12-27T05:00:00 238 0.55703530742 0.44296469258 3 1 4
2013-12-27T06:00:00 229 0.454551383549 0.545448616451 1 1 2
2013-12-27T11:00:00 154 0.348322854381 0.651677145619 3 14 17
2013-12-27T12:00:00 140 0.324019789752 0.675980210248 3 17 20
2013-12-30T15:00:00 182 0.60568265741 0.39431734259 1 0 1
2013-12-30T16:00:00 181 0.675939799886 0.324060200114 2 0 2
2013-12-30T17:00:00 179 0.746196942363 0.253803057637 1 0 1
2013-12-30T18:00:00 177 0.746196942363 0.253803057637 1 0 1
2013-12-30T19:00:00 176 0.746196942363 0.253803057637 1 0 1
2013-12-30T20:00:00 174 0.472391979452 0.527608020548 1 1 2
2013-12-30T21:00:00 172 0.498559053433 0.501440946567 4 3 7
2013-12-30T22:00:00 170 0.497133417081 0.502866582919 5 4 9
2013-12-30T23:00:00 167 0.55544754432 0.44455245568 9 4 13
2013-12-31T00:00:00 165 0.552830542914 0.447169457086 11 5 16
2013-12-31T01:00:00 162 0.551264167954 0.448735832046 14 7 21
2013-12-31T02:00:00 160 0.572830132625 0.427169867375 15 6 21
2013-12-31T03:00:00 159 0.60157426093 0.39842573907 14 4 18
2013-12-31T04:00:00 158 0.61422857067 0.38577142933 14 3 17
2013-12-31T05:00:00 157 0.596195760972 0.403804239028 11 3 14
2013-12-31T06:00:00 156 0.611115458467 0.388884541533 9 2 11
2013-12-31T07:00:00 155 0.656252848793 0.343747151207 7 0 7
2013-12-31T08:00:00 154 0.579685134709 0.420314865291 7 2 9
2013-12-31T09:00:00 154 0.578237893114 0.421762106886 7 2 9
2013-12-31T10:00:00 153 0.616273013519 0.383726986481 9 2 11
2013-12-31T11:00:00 151 0.563875648182 0.436124351818 9 4 13
2013-12-31T12:00:00 149 0.590181911947 0.409818088053 13 4 17
2013-12-31T13:00:00 147 0.589395860267 0.410604139733 12 4 16
2013-12-31T14:00:00 144 0.627343478369 0.372656521631 11 2 13
2014-01-03T08:00:00 153 0.479277348034 0.520722651965 1 1 2
2014-01-03T09:00:00 180 0.379340648305 0.620659351695 1 3 4
2014-01-03T10:00:00 210 0.352247808601 0.647752191399 1 4 5
2014-01-03T11:00:00 227 0.333081364585 0.666918635415 1 5 6
2014-01-03T12:00:00 225 0.335497835701 0.664502164299 1 7 8
2014-01-03T13:00:00 231 0.323262166952 0.676737833048 1 7 8
2014-01-03T14:00:00 209 0.281329205617 0.718670794383 0 7 7
2014-01-03T15:00:00 163 0.282106305968 0.717893694032 0 8 8
2014-01-03T16:00:00 129 0.287567713995 0.712432286005 0 7 7
2014-01-03T17:00:00 139 0.30893458128 0.69106541872 0 7 7
2014-01-03T18:00:00 155 0.295409514173 0.704590485827 0 5 5
2014-01-03T19:00:00 191 0.450451748635 0.549548251366 2 4 6
2014-01-03T20:00:00 227 0.450451748635 0.549548251366 2 4 6
2014-01-03T21:00:00 251 0.618785528743 0.381214471257 2 1 3
2014-01-03T22:00:00 282 0.618785528743 0.381214471257 2 1 3
2014-01-03T23:00:00 244 0.559210154361 0.440789845639 2 1 3
2014-01-04T00:00:00 220 0.559210154361 0.440789845639 2 1 3
2014-01-04T01:00:00 211 0.208091092357 0.791908907643 0 1 1
2014-01-04T02:00:00 229 0.208091092357 0.791908907643 0 1 1
2014-01-04T03:00:00 296 0.208091092357 0.791908907643 0 1 1
2014-01-04T04:00:00 288 0.208091092357 0.791908907643 0 1 1
2014-01-04T05:00:00 217 0 0 0 0 0
2014-01-04T06:00:00 222 0 0 0 0 0
2014-01-04T07:00:00 175 0.341761799772 0.658238200228 0 1 1
2014-01-19T22:00:00 161 0.558734517632 0.441265482368 9 4 13
2014-01-19T23:00:00 162 0.550991480731 0.449008519269 8 4 12
2014-01-20T00:00:00 153 0.500046342283 0.499953657717 9 7 16
2014-01-20T01:00:00 154 0.488722220583 0.511277779417 8 7 15
2014-01-20T02:00:00 172 0.52632343078 0.47367656922 8 5 13
2014-01-20T03:00:00 202 0.524199916762 0.475800083238 7 4 11
2014-01-20T04:00:00 232 0.501235931238 0.498764068762 4 3 7
2014-01-20T05:00:00 249 0.471442125577 0.528557874423 3 3 6
2014-01-20T06:00:00 257 0.733469147101 0.266530852899 1 0 1
2014-01-20T07:00:00 256 0.575025135143 0.424974864857 2 1 3
2014-01-20T08:00:00 267 0.427857665076 0.572142334924 2 5 7
2014-01-20T09:00:00 253 0.330690036125 0.669309963875 2 14 16
2014-01-20T10:00:00 295 0.352894227569 0.647105772431 3 16 19
2014-01-20T11:00:00 301 0.354350691288 0.645649308711 3 17 20
2014-01-20T12:00:00 308 0.346619445112 0.653380554888 3 19 22
2014-01-20T13:00:00 293 0.333734522333 0.666265477667 3 19 22
2014-01-20T14:00:00 290 0.324046764389 0.675953235611 3 21 24
2014-01-20T15:00:00 275 0.336917353876 0.663082646124 2 14 16
2014-01-20T16:00:00 191 0.298144103122 0.701855896878 1 14 15
2014-01-20T17:00:00 170 0.297094214059 0.702905785941 1 14 15
2014-01-20T18:00:00 238 0.30136917263 0.69863082737 1 12 13
2014-01-20T19:00:00 239 0.291787389726 0.708212610274 0 11 11
2014-01-20T20:00:00 180 0.364872139103 0.635127860897 1 6 7
2014-01-20T21:00:00 143 0.382208717494 0.617791282506 1 4 5
2014-01-30T15:00:00 214 0.338331951797 0.661668048203 2 10 12
2014-01-30T16:00:00 199 0.338418105478 0.661581894522 2 9 11
2014-01-30T17:00:00 207 0.298840614036 0.701159385964 1 10 11
2014-01-30T18:00:00 250 0.317838227559 0.682161772441 1 7 8
2014-01-30T19:00:00 260 0.357835747482 0.642164252518 1 5 6
2014-01-30T20:00:00 274 0.310095398473 0.689904601527 0 4 4
2014-01-30T21:00:00 287 0.387915647347 0.612084352653 1 4 5
2014-01-30T22:00:00 275 0.387915647347 0.612084352653 1 4 5
2014-01-30T23:00:00 263 0.541382116982 0.458617883018 2 2 4
2014-01-31T00:00:00 270 0.618302654925 0.381697345075 7 2 9
2014-01-31T01:00:00 323 0.655202456219 0.344797543781 13 1 14
2014-01-31T02:00:00 287 0.657308305771 0.342691694228 15 1 16
2014-01-31T03:00:00 250 0.681966803133 0.318033196867 14 0 14
2014-01-31T04:00:00 238 0.681966803133 0.318033196867 14 0 14
2014-01-31T05:00:00 218 0.673154554355 0.326845445645 13 0 13
2014-01-31T06:00:00 196 0.683899462021 0.316100537979 9 0 9
2014-01-31T07:00:00 186 0.715793294417 0.284206705583 3 0 3
2014-01-31T08:00:00 192 0.758022938447 0.241977061554 2 0 2
2014-01-31T09:00:00 186 0.634535088513 0.365464911487 6 1 7
2014-01-31T10:00:00 181 0.601894073122 0.398105926878 6 2 8
2014-01-31T11:00:00 161 0.601894073122 0.398105926878 6 2 8
2014-02-02T13:00:00 262 0.519793666424 0.480206333576 11 7 18
2014-02-02T14:00:00 237 0.471953448128 0.528046551872 8 7 15
2014-02-02T15:00:00 202 0.457203901016 0.542796098984 7 8 15
2014-02-02T16:00:00 180 0.457290014197 0.542709985803 7 7 14
2014-02-02T17:00:00 163 0.385788280031 0.614211719969 4 8 12
2014-02-02T18:00:00 147 0.38304720272 0.61695279728 4 10 14
2014-02-20T12:00:00 203 0.654149203284 0.345850796716 12 3 15
2014-02-20T13:00:00 195 0.691717893164 0.308282106836 18 2 20
2014-02-20T14:00:00 172 0.65676633832 0.34323366168 13 3 16
2014-02-20T15:00:00 160 0.663472847218 0.336527152782 13 3 16
2014-02-20T16:00:00 163 0.648360636642 0.351639363358 13 3 16
2014-02-21T09:00:00 110 0.632895393989 0.367104606011 20 5 25
2014-02-21T13:00:00 133 0.658325469584 0.341674530416 44 5 49
2014-02-21T14:00:00 130 0.664546938626 0.335453061374 45 3 48
2014-02-21T15:00:00 128 0.680047659712 0.319952340288 46 2 48
2014-03-10T01:00:00 173 0.68263248501 0.31736751499 2 0 2
2014-03-10T02:00:00 184 0.68263248501 0.31736751499 2 0 2
2014-03-10T03:00:00 189 0.617979832438 0.382020167562 1 0 1
2014-03-10T04:00:00 197 0.617979832438 0.382020167562 1 0 1
2014-03-10T05:00:00 195 0.0 0.0 0 0 0
2014-03-10T06:00:00 191 0 0 0 0 0
2014-03-10T07:00:00 186 0.373203086029 0.626796913971 0 1 1
2014-03-10T08:00:00 187 0.373203086029 0.626796913971 0 1 1
2014-03-10T09:00:00 189 0.490205749111 0.509794250889 1 1 2
2014-03-10T10:00:00 193 0.575898878601 0.424101121399 2 1 3
2014-03-10T11:00:00 195 0.503514209081 0.496485790919 3 3 6
2014-03-10T12:00:00 202 0.519158084032 0.480841915968 4 3 7
2014-03-10T13:00:00 206 0.520635085802 0.479364914198 5 3 8
2014-03-10T14:00:00 196 0.520635085802 0.479364914198 5 3 8
2014-03-10T15:00:00 193 0.508267467746 0.491732532254 4 3 7
2014-03-10T16:00:00 200 0.522495138716 0.477504861284 5 3 8
2014-03-10T17:00:00 199 0.586393901275 0.413606098725 5 1 6
2014-03-10T18:00:00 196 0.54800430226 0.45199569774 4 2 6
2014-03-10T19:00:00 191 0.512673925021 0.487326074979 3 3 6
2014-03-10T20:00:00 199 0.512673925021 0.487326074979 3 3 6
2014-03-10T21:00:00 195 0.5392589207 0.4607410793 4 3 7
2014-03-10T22:00:00 183 0.520954100152 0.479045899849 3 3 6
2014-03-10T23:00:00 164 0.567468744652 0.432531255348 5 3 8
2014-03-18T09:00:00 183 0.403054873715 0.596945126285 2 4 6
2014-03-18T10:00:00 186 0.437490767234 0.562509232766 3 4 7
2014-03-18T11:00:00 195 0.416209259151 0.583790740849 3 5 8
2014-03-18T12:00:00 226 0.479823245154 0.520176754846 6 6 12
2014-03-18T13:00:00 215 0.479823245154 0.520176754846 6 6 12
2014-03-18T14:00:00 200 0.478864775044 0.521135224956 8 6 14
2014-03-18T15:00:00 214 0.470414897276 0.529585102724 8 7 15
2014-03-18T16:00:00 211 0.445343689594 0.554656310406 7 8 15
2014-03-18T17:00:00 206 0.460493563536 0.539506436464 9 9 18
2014-03-18T18:00:00 199 0.430851339914 0.569148660086 7 8 15
2014-03-18T19:00:00 193 0.443605520273 0.556394479727 8 9 17
2014-03-18T20:00:00 190 0.415991641756 0.584008358244 5 8 13
2014-03-18T21:00:00 180 0.453644527764 0.546355472236 6 7 13
2014-03-18T22:00:00 179 0.479995141328 0.520004858672 8 8 16
2014-03-18T23:00:00 185 0.511855069639 0.488144930361 9 7 16
2014-03-19T00:00:00 192 0.492409011973 0.507590988027 9 9 18
2014-03-19T01:00:00 183 0.474079984111 0.525920015889 9 9 18
2014-03-19T02:00:00 174 0.495940259659 0.504059740341 9 8 17
2014-03-19T03:00:00 163 0.526480471867 0.473519528133 10 6 16
2014-03-19T04:00:00 153 0.551443674711 0.448556325289 10 4 14
2014-03-19T05:00:00 153 0.557888306224 0.442111693776 9 3 12
2014-03-19T06:00:00 155 0.602098638855 0.397901361145 8 1 9
2014-03-19T07:00:00 146 0.626506038131 0.373493961869 7 1 8
2014-04-17T09:00:00 150 0.375334842062 0.624665157938 1 5 6
2014-04-17T10:00:00 165 0.376842935259 0.623157064741 1 6 7
2014-04-17T11:00:00 190 0.325578007945 0.674421992055 0 5 5
2014-04-17T12:00:00 205 0.325545183101 0.674454816898 0 6 6
2014-04-17T13:00:00 209 0.33586782143 0.66413217857 0 4 4
2014-04-17T14:00:00 219 0.33586782143 0.66413217857 0 4 4
2014-04-17T15:00:00 227 0.355636276662 0.644363723338 0 2 2
2014-04-17T16:00:00 243 0.325381058883 0.674618941117 0 1 1
2014-04-17T17:00:00 252 0.509846161616 0.490153838384 1 1 2
2014-04-17T18:00:00 259 0.694311264349 0.305688735651 1 0 1
2014-04-17T19:00:00 249 0.694311264349 0.305688735651 1 0 1
2014-04-17T20:00:00 230 0.694311264349 0.305688735651 1 0 1
2014-04-17T21:00:00 220 0.45583626142 0.544163738581 1 1 2
2014-04-17T22:00:00 213 0.45583626142 0.544163738581 1 1 2
2014-04-17T23:00:00 208 0.21736125849 0.78263874151 0 1 1
2014-04-18T00:00:00 207 0.21736125849 0.78263874151 0 1 1
2014-04-18T01:00:00 208 0.241677450175 0.758322549825 0 3 3
2014-04-18T02:00:00 208 0.241677450175 0.758322549825 0 3 3
2014-04-18T03:00:00 187 0.253835546017 0.746164453983 0 2 2
2014-04-18T04:00:00 154 0.253835546017 0.746164453983 0 2 2
2014-05-21T11:00:00 151 0.345847863446 0.654152136554 0 26 26
2014-05-21T12:00:00 155 0.345847863446 0.654152136554 0 26 26
2014-05-21T13:00:00 160 0.354967384048 0.645032615952 1 24 25
2014-05-21T14:00:00 178 0.361392286434 0.638607713566 2 23 25
2014-05-21T15:00:00 190 0.361710335051 0.638289664949 2 22 24
2014-05-21T16:00:00 188 0.369863326911 0.630136673089 2 11 13
2014-05-21T17:00:00 187 0.371345689067 0.628654310933 2 10 12
2014-05-21T18:00:00 187 0.371345689067 0.628654310933 2 10 12
2014-05-21T19:00:00 188 0.360644911639 0.639355088361 1 9 10
2014-05-21T20:00:00 183 0.0 0.0 0 0 0
2014-05-21T21:00:00 163 0.313793234278 0.686206765722 0 1 1
2014-05-21T22:00:00 165 0.313793234278 0.686206765722 0 1 1
2014-05-21T23:00:00 171 0.322946764239 0.677053235761 0 2 2
2014-05-22T00:00:00 182 0.296589992754 0.703410007246 0 3 3
2014-05-22T01:00:00 177 0.3939101217 0.6060898783 1 3 4
2014-05-22T02:00:00 171 0.366922914132 0.633077085868 1 5 6
2014-05-22T03:00:00 156 0.377548850103 0.622451149897 1 4 5
2014-05-22T04:00:00 153 0.377548850103 0.622451149897 1 4 5
2014-05-22T05:00:00 147 0.388910989079 0.611089010921 1 3 4
2014-05-22T06:00:00 146 0.437255835511 0.562744164489 1 2 3
2014-05-22T07:00:00 140 0.358157630053 0.641842369947 0 5 5
2014-05-22T08:00:00 140 0.392085504544 0.607914495456 0 5 5
2014-05-27T23:00:00 252 0.240923889577 0.759076110423 0 2 2
2014-05-28T00:00:00 248 0.301623377586 0.698376622415 0 2 2
2014-05-28T01:00:00 245 0.301623377586 0.698376622415 0 2 2
2014-05-28T02:00:00 258 0.301623377586 0.698376622415 0 2 2
2014-05-28T03:00:00 247 0.301623377586 0.698376622415 0 2 2
2014-05-28T04:00:00 237 0.243876449783 0.756123550217 0 1 1
2014-05-28T05:00:00 211 0.243876449783 0.756123550217 0 1 1
2014-05-28T06:00:00 196 0 0 0 0 0
2014-05-28T07:00:00 171 0.243876449783 0.756123550217 0 1 1
2014-05-28T08:00:00 168 0.249177864023 0.750822135977 0 2 2
2014-05-28T09:00:00 166 0.369425585021 0.630574414979 1 2 3
2014-05-28T10:00:00 171 0.444971430137 0.555028569863 2 2 4
2014-05-29T13:00:00 151 0.292524976375 0.707475023625 0 3 3
2014-05-29T14:00:00 155 0.289484054895 0.710515945105 0 4 4
2014-05-29T17:00:00 170 0.265958124314 0.734041875686 1 16 17
2014-05-29T18:00:00 181 0.283921538333 0.716078461667 2 18 20
2014-05-29T19:00:00 194 0.275313752075 0.724686247925 2 17 19
2014-05-29T20:00:00 204 0.275033333276 0.724966666724 2 16 18
2014-05-29T21:00:00 221 0.317122827528 0.682877172472 2 9 11
2014-05-29T22:00:00 230 0.381619346574 0.618380653426 5 8 13
2014-05-29T23:00:00 228 0.400748482643 0.599251517357 4 6 10
2014-05-30T00:00:00 174 0.370396457653 0.629603542347 3 5 8
2014-05-30T01:00:00 207 0.417758949124 0.582241050876 3 4 7
2014-05-30T02:00:00 192 0.417758949124 0.582241050876 3 4 7
2014-05-30T03:00:00 181 0.417758949124 0.582241050876 3 4 7
2014-05-30T04:00:00 181 0.226349341862 0.773650658138 0 3 3
2014-05-30T05:00:00 178 0.266510527995 0.733489472005 0 3 3
2014-05-30T06:00:00 177 0.298029468675 0.701970531325 0 3 3
2014-05-30T07:00:00 168 0.281534590421 0.718465409579 0 3 3
2014-05-30T08:00:00 159 0.281534590421 0.718465409579 0 3 3
2014-05-30T09:00:00 147 0.281534590421 0.718465409579 0 3 3
2014-11-06T15:00:00 187 0 0 0 0 0
2014-11-06T16:00:00 185 0 0 0 0 0
2014-11-06T17:00:00 185 0 0 0 0 0
2014-11-06T18:00:00 189 0 0 0 0 0
2014-11-06T19:00:00 196 0 0 0 0 0
2014-11-06T20:00:00 200 0 0 0 0 0
2014-11-06T21:00:00 188 0 0 0 0 0
2014-11-06T22:00:00 177 0 0 0 0 0
2014-11-06T23:00:00 184 0 0 0 0 0
2014-11-07T00:00:00 182 0 0 0 0 0
2014-11-07T01:00:00 169 0 0 0 0 0
2014-11-07T02:00:00 148 0 0 0 0 0
2014-11-11T23:00:00 154 0 0 0 0 0
2014-11-12T00:00:00 180 0 0 0 0 0
2014-11-12T01:00:00 205 0 0 0 0 0
2014-11-12T02:00:00 227 0 0 0 0 0
2014-11-12T03:00:00 234 0 0 0 0 0
2014-11-12T04:00:00 236 0 0 0 0 0
2014-11-12T05:00:00 238 0 0 0 0 0
2014-11-12T06:00:00 240 0 0 0 0 0
2014-11-12T07:00:00 242 0 0 0 0 0
2014-11-12T08:00:00 248 0 0 0 0 0
2014-11-12T09:00:00 256 0 0 0 0 0
2014-11-12T10:00:00 264 0 0 0 0 0
2014-11-12T11:00:00 274 0 0 0 0 0
2014-11-12T12:00:00 252 0 0 0 0 0
2014-11-12T13:00:00 225 0 0 0 0 0
2014-11-12T14:00:00 198 0 0 0 0 0
2014-11-12T15:00:00 153 0 0 0 0 0
2014-12-28T21:00:00 151 0 0 0 0 0
2014-12-28T22:00:00 163 0 0 0 0 0
2014-12-28T23:00:00 180 0 0 0 0 0
2014-12-29T00:00:00 196 0 0 0 0 0
2014-12-29T01:00:00 208 0 0 0 0 0
2014-12-29T02:00:00 214 0 0 0 0 0
