2013-06-11T23:00:00 156 0 0 0 0 0
2013-06-12T00:00:00 164 0 0 0 0 0
2013-06-12T01:00:00 171 0 0 0 0 0
2013-06-12T02:00:00 177 0 0 0 0 0
2013-06-12T03:00:00 183 0 0 0 0 0
2013-06-12T04:00:00 187 0 0 0 0 0
2013-06-12T05:00:00 191 0 0 0 0 0
2013-06-12T06:00:00 195 0 0 0 0 0
2013-11-07T08:00:00 209 0.347531016438 0.652468983562 0 2 2
2013-11-07T09:00:00 213 0.31297949422 0.68702050578 0 3 3
2013-11-07T10:00:00 217 0.321921920282 0.678078079718 0 4 4
2013-11-07T11:00:00 229 0.321921920282 0.678078079718 0 4 4
2013-11-07T12:00:00 227 0.307505988721 0.692494011279 0 6 6
2013-11-07T13:00:00 225 0.307345136757 0.692654863243 0 6 6
2013-11-07T14:00:00 225 0.363209477531 0.636790522469 1 5 6
2013-11-07T15:00:00 226 0.38707608308 0.61292391692 1 4 5
2013-11-07T16:00:00 226 0.396657804233 0.603342195767 1 3 4
2013-11-07T17:00:00 227 0.396657804233 0.603342195767 1 3 4
2013-11-07T18:00:00 228 0.514641482868 0.485358517132 1 1 2
2013-11-07T19:00:00 230 0.688486277746 0.311513722254 1 0 1
2013-11-07T20:00:00 233 0 0 0 0 0
2013-11-15T08:00:00 154 0.643507979003 0.356492020997 6 0 6
2013-11-15T09:00:00 163 0.638618774746 0.361381225254 4 0 4
2013-11-16T13:00:00 214 0.193387121641 0.806612878359 0 16 16
2013-11-16T14:00:00 211 0.191400469514 0.808599530486 0 21 21
2013-11-16T15:00:00 209 0.194697397966 0.805302602034 0 22 22
2013-11-16T16:00:00 206 0.188950211498 0.811049788502 0 21 21
2013-11-16T17:00:00 204 0.194534050269 0.805465949731 0 19 19
2013-12-08T18:00:00 150 0.590041788768 0.409958211232 87 34 121
2013-12-08T19:00:00 152 0.571672681361 0.428327318639 76 34 110
2013-12-08T20:00:00 151 0.556309774665 0.443690225335 66 37 103
2013-12-08T21:00:00 151 0.539556828337 0.460443171663 57 39 96
2013-12-08T22:00:00 151 0.534035226527 0.465964773473 55 42 97
2013-12-08T23:00:00 151 0.554257826255 0.445742173745 48 29 77
2013-12-09T00:00:00 152 0.541661885865 0.458338114135 37 25 62
2013-12-09T01:00:00 153 0.559246130295 0.440753869705 36 21 57
2013-12-09T02:00:00 153 0.547699224491 0.452300775509 26 17 43
2013-12-09T03:00:00 152 0.57631024147 0.42368975853 20 10 30
2013-12-09T04:00:00 152 0.600919151988 0.399080848012 14 4 18
2013-12-09T05:00:00 153 0.526710066448 0.473289933552 7 4 11
2013-12-09T06:00:00 156 0.693429924292 0.306570075709 2 0 2
2013-12-09T07:00:00 168 0.292819124777 0.707180875222 0 2 2
2013-12-09T08:00:00 181 0.412425273522 0.587574726478 2 5 7
2013-12-09T09:00:00 188 0.447665427358 0.552334572642 7 11 18
2013-12-09T10:00:00 194 0.455434870254 0.544565129746 12 16 28
2013-12-09T11:00:00 199 0.452535959275 0.547464040725 13 19 32
2013-12-09T12:00:00 204 0.450768548342 0.549231451658 14 20 34
2013-12-05T00:00:00 150 0.668498489312 0.331501510688 8 1 9
2013-12-05T01:00:00 153 0.671242419942 0.328757580058 9 1 10
2013-12-05T02:00:00 155 0.718021170502 0.281978829498 8 0 8
2013-12-05T03:00:00 158 0.718021170502 0.281978829498 8 0 8
2013-12-05T04:00:00 160 0.747529526851 0.252470473149 6 0 6
2013-12-05T05:00:00 162 0.749002835485 0.250997164515 5 0 5
2013-12-05T06:00:00 164 0.733962491125 0.266037508875 4 0 4
2013-12-05T07:00:00 165 0.645418492164 0.354581507836 3 1 4
2013-12-05T08:00:00 166 0.645418492164 0.354581507836 3 1 4
2013-12-05T09:00:00 167 0.565110083688 0.434889916312 3 2 5
2013-12-05T10:00:00 171 0.461577929056 0.538422070944 2 4 6
2013-12-05T11:00:00 177 0.293618696865 0.706381303135 0 5 5
2013-12-05T12:00:00 183 0.353026657545 0.646973342455 1 5 6
2013-12-05T13:00:00 188 0.403452288751 0.596547711249 3 6 9
2013-12-05T17:00:00 218 0.497644423195 0.502355576805 7 6 13
2013-12-05T18:00:00 226 0.466372704915 0.533627295085 6 7 13
2013-12-05T19:00:00 234 0.501126967644 0.498873032356 5 5 10
2013-12-05T20:00:00 242 0.531010932342 0.468989067658 7 5 12
2013-12-05T21:00:00 251 0.517915632445 0.482084367555 6 4 10
2013-12-05T22:00:00 260 0.542872534203 0.457127465797 5 3 8
2013-12-05T23:00:00 270 0.539561216811 0.460438783189 8 5 13
2013-12-06T00:00:00 281 0.54261143407 0.45738856593 10 7 17
2013-12-06T01:00:00 293 0.535331796262 0.464668203738 11 8 19
2013-12-06T02:00:00 305 0.519929283849 0.480070716151 10 9 19
2013-12-06T03:00:00 317 0.519929283849 0.480070716151 10 9 19
2013-12-06T04:00:00 326 0.544657328273 0.455342671727 10 7 17
2013-12-06T05:00:00 335 0.527185317536 0.472814682464 5 5 10
2013-12-06T06:00:00 344 0.563644098283 0.436355901717 3 2 5
2013-12-06T09:00:00 372 0.587344039271 0.412655960729 3 1 4
2013-12-06T10:00:00 380 0.626631836658 0.373368163342 6 1 7
2013-12-06T11:00:00 390 0.641929579727 0.358070420273 8 1 9
2013-12-06T12:00:00 399 0.651831796818 0.348168203182 10 1 11
2013-12-06T13:00:00 409 0.610445163378 0.389554836622 13 3 16
2013-12-06T14:00:00 417 0.610158393678 0.389841606322 12 3 15
2013-12-06T15:00:00 425 0.599700447825 0.400299552175 13 4 17
2013-12-06T16:00:00 431 0.610896332578 0.389103667422 13 4 17
2013-12-06T17:00:00 436 0.583865107355 0.416134892645 13 6 19
2013-12-06T18:00:00 439 0.591868807221 0.408131192779 14 6 20
2013-12-06T19:00:00 441 0.653511252052 0.346488747948 15 3 18
2013-12-06T20:00:00 442 0.631058576219 0.368941423781 15 4 19
2013-12-06T21:00:00 440 0.650438320506 0.349561679494 16 3 19
2013-12-06T22:00:00 437 0.631754482435 0.368245517565 19 4 23
2013-12-06T23:00:00 432 0.639417874551 0.360582125449 19 3 22
2013-12-07T00:00:00 427 0.660040324978 0.339959675022 22 3 25
2013-12-07T01:00:00 421 0.666004470763 0.333995529237 25 3 28
2013-12-07T02:00:00 415 0.667946862907 0.332053137093 23 3 26
2013-12-07T03:00:00 409 0.664827982762 0.335172017238 21 3 24
2013-12-07T04:00:00 405 0.686327385648 0.313672614352 20 2 22
2013-12-07T05:00:00 401 0.708892109408 0.291107890592 22 1 23
2013-12-07T06:00:00 396 0.695032279517 0.304967720483 18 1 19
2013-12-07T07:00:00 395 0.658573530386 0.341426469614 22 3 25
2013-12-07T08:00:00 399 0.639565622747 0.360434377253 32 6 38
2013-12-07T09:00:00 376 0.649205492767 0.350794507233 47 6 53
2013-12-07T10:00:00 361 0.627585234407 0.372414765593 51 9 60
2013-12-07T11:00:00 348 0.603024493425 0.396975506575 55 16 71
2013-12-07T12:00:00 333 0.603978687553 0.396021312447 61 17 78
2013-12-07T13:00:00 315 0.599336433133 0.400663566867 59 17 76
2013-12-07T14:00:00 300 0.605343130445 0.394656869555 56 15 71
2013-12-07T15:00:00 284 0.584352829866 0.415647170134 45 17 62
2013-12-07T16:00:00 268 0.587751073035 0.412248926965 41 16 57
2013-12-07T17:00:00 255 0.611295733137 0.388704266863 43 10 53
2013-12-07T18:00:00 240 0.600956014197 0.399043985803 39 11 50
2013-12-01T06:00:00 152 0.336456643546 0.663543356454 1 2 3
2013-12-01T07:00:00 155 0.453457315424 0.546542684575 1 1 2
2013-12-01T08:00:00 158 0.243876449783 0.756123550217 0 1 1
2013-12-01T09:00:00 161 0.0 0.0 0 0 0
2013-12-01T10:00:00 167 0.441667392964 0.558332607036 1 2 3
2013-12-01T11:00:00 174 0.441667392964 0.558332607036 1 2 3
2013-12-01T12:00:00 183 0.545973222927 0.454026777073 3 2 5
2013-12-01T13:00:00 190 0.545973222927 0.454026777073 3 2 5
2013-12-01T14:00:00 196 0.545973222927 0.454026777073 3 2 5
2013-12-01T15:00:00 201 0.497743549551 0.50225645045 3 3 6
2013-12-01T16:00:00 206 0.570176981537 0.429823018462 3 1 4
2013-12-01T17:00:00 212 0.458645307909 0.541354692091 3 3 6
2013-12-01T18:00:00 218 0.411093025138 0.588906974862 2 3 5
2013-12-01T19:00:00 225 0.447249955693 0.552750044307 3 4 7
2013-12-01T20:00:00 231 0.435824374173 0.564175625827 4 5 9
2013-12-01T21:00:00 237 0.458228023111 0.541771976889 4 4 8
2013-12-01T22:00:00 243 0.435225053878 0.564774946122 3 4 7
2013-12-01T23:00:00 248 0.454340669709 0.545659330291 3 3 6
2013-12-02T00:00:00 253 0.446889654747 0.553110345253 3 4 7
2013-12-02T01:00:00 258 0.506276379534 0.493723620466 5 3 8
2013-12-02T02:00:00 262 0.543090226429 0.456909773571 4 2 6
2013-12-02T03:00:00 266 0.543090226429 0.456909773571 4 2 6
2013-12-02T04:00:00 269 0.543090226429 0.456909773571 4 2 6
2013-12-02T05:00:00 273 0.621581759232 0.378418240768 4 1 5
2013-12-02T06:00:00 277 0.638240533355 0.361759466645 5 1 6
2013-12-02T07:00:00 282 0.543484245673 0.456515754326 2 2 4
2013-12-02T08:00:00 286 0.52995532854 0.47004467146 3 3 6
2013-12-02T09:00:00 290 0.529205975294 0.470794024707 8 6 14
2013-12-02T10:00:00 293 0.539015407814 0.460984592186 9 6 15
2013-12-02T11:00:00 293 0.539015407814 0.460984592186 9 6 15
2013-12-02T12:00:00 294 0.540818171472 0.459181828528 9 5 14
2013-12-02T13:00:00 294 0.553658702699 0.446341297301 11 5 16
2013-12-02T14:00:00 293 0.565901262934 0.434098737066 11 4 15
2013-12-02T15:00:00 292 0.545785456748 0.454214543252 6 3 9
2013-12-02T16:00:00 290 0.508110649848 0.491889350152 5 4 9
2013-12-02T17:00:00 288 0.508110649848 0.491889350152 5 4 9
2013-12-02T18:00:00 286 0.464942483187 0.535057516813 3 4 7
2013-12-02T19:00:00 285 0.406437684989 0.593562315011 1 3 4
2013-12-02T20:00:00 284 0.329992016861 0.670007983139 0 3 3
2013-12-02T21:00:00 283 0.296831461912 0.703168538088 0 2 2
2013-12-02T22:00:00 282 0.256388722834 0.743611277166 0 1 1
2013-12-02T23:00:00 279 0.391316568472 0.608683431528 1 2 3
2013-12-03T00:00:00 275 0.442995657609 0.557004342391 3 3 6
2013-12-03T01:00:00 271 0.487568208255 0.512431791745 5 3 8
2013-12-03T02:00:00 267 0.487568208255 0.512431791745 5 3 8
2013-12-03T03:00:00 261 0.52059384903 0.47940615097 5 2 7
2013-12-03T04:00:00 256 0.52059384903 0.47940615097 5 2 7
2013-12-03T05:00:00 251 0.545319192125 0.454680807875 4 1 5
2013-12-03T06:00:00 246 0.66558131862 0.33441868138 3 0 3
2013-12-03T07:00:00 241 0.648404154196 0.351595845804 3 1 4
2013-12-03T08:00:00 236 0.681318870139 0.318681129861 4 1 5
2013-12-03T09:00:00 231 0.679635258307 0.320364741693 5 1 6
2013-12-03T10:00:00 227 0.582802720287 0.417197279713 5 3 8
2013-12-03T11:00:00 223 0.552278640443 0.447721359557 6 4 10
2013-12-03T12:00:00 220 0.529846018773 0.470153981227 5 4 9
2013-12-03T13:00:00 217 0.507096327594 0.492903672406 4 3 7
2013-12-03T14:00:00 214 0.399973905952 0.600026094048 3 6 9
2013-12-03T15:00:00 210 0.38188170406 0.61811829594 3 9 12
2013-12-03T16:00:00 208 0.382738994495 0.617261005505 3 9 12
2013-12-03T17:00:00 205 0.39821558297 0.60178441703 3 8 11
2013-12-03T18:00:00 202 0.417817043731 0.582182956269 4 9 13
2013-12-03T19:00:00 198 0.396296217358 0.603703782642 3 10 13
2013-12-03T20:00:00 194 0.423691623135 0.576308376865 3 8 11
2013-12-03T21:00:00 189 0.399359947781 0.600640052219 2 6 8
2013-12-03T22:00:00 185 0.433330314095 0.566669685905 2 4 6
2013-12-03T23:00:00 181 0.512936881636 0.487063118364 5 4 9
2013-12-04T00:00:00 178 0.509311682699 0.490688317301 4 3 7
2013-12-29T08:00:00 151 0.341761799772 0.658238200228 0 1 1
2013-12-29T09:00:00 154 0.471718442144 0.528281557856 1 1 2
2013-12-29T10:00:00 158 0.558562952709 0.44143704729 3 1 4
2013-12-29T11:00:00 161 0.529259347924 0.470740652076 4 2 6
2013-12-29T12:00:00 166 0.529259347924 0.470740652076 4 2 6
2013-12-29T13:00:00 170 0.529259347924 0.470740652076 4 2 6
2013-12-29T14:00:00 172 0.512945122926 0.487054877074 4 2 6
2013-12-29T15:00:00 173 0.413804555918 0.586195444082 3 5 8
2013-12-29T16:00:00 174 0.393745336818 0.606254663182 3 7 10
2013-12-29T17:00:00 175 0.353541834156 0.646458165844 2 8 10
2013-12-29T18:00:00 175 0.356810782505 0.643189217495 2 9 11
2013-12-29T19:00:00 176 0.353015768805 0.646984231195 2 10 12
2013-12-29T20:00:00 177 0.36293752508 0.63706247492 2 9 11
2013-12-29T21:00:00 179 0.426544078219 0.573455921781 3 6 9
2013-12-29T22:00:00 180 0.359295113266 0.640704886734 1 5 6
2013-12-29T23:00:00 182 0.433931377322 0.566068622678 2 4 6
2013-12-30T00:00:00 183 0.442817599587 0.557182400413 2 3 5
2013-12-30T01:00:00 184 0.515889815437 0.484110184563 3 2 5
2013-12-30T02:00:00 185 0.515889815437 0.484110184563 3 2 5
2013-12-30T03:00:00 186 0.504576820417 0.495423179583 3 2 5
2013-12-30T04:00:00 187 0.572044569768 0.427955430232 3 1 4
2013-12-30T05:00:00 188 0.650545722324 0.349454277675 2 0 2
2013-12-30T06:00:00 188 0.650545722324 0.349454277675 2 0 2
2013-12-30T07:00:00 188 0.483110773533 0.516889226467 1 1 2
2013-12-30T08:00:00 188 0.52594044525 0.47405955475 2 1 3
2013-12-30T09:00:00 188 0.416973788366 0.583026211634 1 2 3
2013-12-30T10:00:00 186 0.416973788366 0.583026211634 1 2 3
2013-12-30T11:00:00 186 0.464151005627 0.535848994373 2 2 4
2013-12-30T12:00:00 184 0.464151005627 0.535848994373 2 2 4
2013-12-30T13:00:00 183 0.504947407579 0.495052592421 2 1 3
2013-12-30T14:00:00 182 0.451621217026 0.548378782975 1 1 2
2014-01-19T19:00:00 179 0.641556545797 0.358443454203 6 1 7
2014-01-19T20:00:00 187 0.532754416773 0.467245583227 4 2 6
2014-01-19T21:00:00 173 0.556222351499 0.443777648501 6 3 9
2014-01-18T07:00:00 158 0.701002422744 0.298997577256 6 1 7
2014-01-18T08:00:00 200 0.700178142695 0.299821857305 9 2 11
2014-01-18T09:00:00 217 0.668566896091 0.331433103909 18 4 22
2014-01-18T10:00:00 220 0.681763492029 0.318236507971 24 5 29
2014-01-18T11:00:00 224 0.671916780863 0.328083219137 27 6 33
2014-01-18T12:00:00 233 0.663430791164 0.336569208836 26 7 33
2014-01-18T13:00:00 243 0.663078003374 0.336921996626 28 7 35
2014-01-18T14:00:00 250 0.609204840357 0.390795159643 23 9 32
2014-01-18T15:00:00 250 0.57441132094 0.42558867906 13 8 21
2014-01-18T16:00:00 243 0.5171801102 0.4828198898 9 8 17
2014-01-18T17:00:00 215 0.491534567213 0.508465432787 6 7 13
2014-01-18T18:00:00 188 0.536617466564 0.463382533436 8 6 14
2014-01-18T19:00:00 192 0.497934792024 0.502065207976 6 6 12
2014-01-18T20:00:00 197 0.537658087967 0.462341912033 5 5 10
2014-01-18T21:00:00 203 0.584245569517 0.415754430483 8 4 12
2014-01-18T22:00:00 204 0.569022676423 0.430977323577 7 4 11
2014-01-18T23:00:00 197 0.581931202929 0.418068797071 8 4 12
2014-01-19T00:00:00 185 0.55194021768 0.44805978232 6 4 10
2014-01-19T01:00:00 172 0.569392730393 0.430607269607 5 3 8
2014-01-30T00:00:00 152 0.63478822947 0.36521177053 4 1 5
2014-01-30T01:00:00 163 0.654367188921 0.345632811079 4 1 5
2014-01-30T02:00:00 171 0.61751297727 0.38248702273 2 1 3
2014-01-30T03:00:00 180 0.61751297727 0.38248702273 2 1 3
2014-01-30T04:00:00 180 0.546383410904 0.453616589096 1 1 2
2014-01-30T05:00:00 180 0.721139818756 0.278860181244 1 0 1
2014-01-30T06:00:00 198 0.721139818756 0.278860181244 1 0 1
2014-01-30T07:00:00 203 0.0 0.0 0 0 0
2014-01-30T08:00:00 207 0.682211662541 0.317788337459 2 0 2
2014-01-30T09:00:00 211 0.682211662541 0.317788337459 2 0 2
2014-01-30T10:00:00 223 0.567269195465 0.432730804535 2 1 3
2014-01-30T11:00:00 234 0.54154715966 0.45845284034 3 2 5
2014-01-30T12:00:00 243 0.431534591528 0.568465408472 3 5 8
2014-01-30T13:00:00 220 0.386142986364 0.613857013636 3 8 11
2014-01-30T14:00:00 216 0.344525674175 0.655474325825 2 9 11
2014-05-26T06:00:00 168 0 0 0 0 0
2014-05-26T07:00:00 185 0.177581646226 0.822418353774 0 1 1
2014-05-26T08:00:00 209 0.177581646226 0.822418353774 0 1 1
2014-05-26T09:00:00 223 0.273194953901 0.726805046099 0 2 2
2014-05-26T10:00:00 223 0.273194953901 0.726805046099 0 2 2
2014-05-26T11:00:00 199 0.254583722097 0.745416277903 0 3 3
2014-05-26T12:00:00 167 0.254583722097 0.745416277903 0 3 3
2014-05-26T13:00:00 135 0.293084760033 0.706915239968 0 2 2
2014-05-26T14:00:00 133 0.293084760033 0.706915239968 0 2 2
2014-05-26T15:00:00 143 0.21736125849 0.78263874151 0 2 2
2014-05-26T16:00:00 153 0.21736125849 0.78263874151 0 2 2
2014-05-26T17:00:00 161 0.299460891137 0.700539108863 0 3 3
2014-05-26T18:00:00 192 0.299460891137 0.700539108863 0 3 3
2014-05-26T19:00:00 200 0.299460891137 0.700539108863 0 3 3
2014-05-26T20:00:00 223 0.299460891137 0.700539108863 0 3 3
2014-05-26T21:00:00 192 0.340510707461 0.659489292539 0 2 2
2014-05-26T22:00:00 181 0.464371294468 0.535628705532 1 2 3
2014-07-10T18:00:00 156 0.303316831208 0.696683168792 1 17 18
2014-07-10T19:00:00 178 0.317240984945 0.682759015055 1 16 17
2014-07-10T20:00:00 227 0.361572769132 0.638427230868 1 10 11
2014-07-10T21:00:00 243 0.323877086714 0.676122913286 0 7 7
2013-12-01T06:00:00 152 0.336456643546 0.663543356454 1 2 3
2013-12-01T07:00:00 155 0.453457315424 0.546542684575 1 1 2
2013-12-01T08:00:00 158 0.243876449783 0.756123550217 0 1 1
2013-12-01T09:00:00 161 0.0 0.0 0 0 0
2013-12-01T10:00:00 167 0.441667392964 0.558332607036 1 2 3
2013-12-01T11:00:00 174 0.441667392964 0.558332607036 1 2 3
2013-12-01T12:00:00 183 0.545973222927 0.454026777073 3 2 5
2013-12-01T13:00:00 190 0.545973222927 0.454026777073 3 2 5
2013-12-01T14:00:00 196 0.545973222927 0.454026777073 3 2 5
2013-12-01T15:00:00 201 0.497743549551 0.50225645045 3 3 6
2013-12-01T16:00:00 206 0.570176981537 0.429823018462 3 1 4
2013-12-01T17:00:00 212 0.458645307909 0.541354692091 3 3 6
2013-12-01T18:00:00 218 0.411093025138 0.588906974862 2 3 5
2013-12-01T19:00:00 225 0.447249955693 0.552750044307 3 4 7
2013-12-01T20:00:00 231 0.435824374173 0.564175625827 4 5 9
2013-12-01T21:00:00 237 0.458228023111 0.541771976889 4 4 8
2013-12-01T22:00:00 243 0.435225053878 0.564774946122 3 4 7
2013-12-01T23:00:00 248 0.454340669709 0.545659330291 3 3 6
2013-12-02T00:00:00 253 0.446889654747 0.553110345253 3 4 7
2013-12-02T01:00:00 258 0.506276379534 0.493723620466 5 3 8
2013-12-02T02:00:00 262 0.543090226429 0.456909773571 4 2 6
2013-12-02T03:00:00 266 0.543090226429 0.456909773571 4 2 6
2013-12-02T04:00:00 269 0.543090226429 0.456909773571 4 2 6
2013-12-02T05:00:00 273 0.621581759232 0.378418240768 4 1 5
2013-12-02T06:00:00 277 0.638240533355 0.361759466645 5 1 6
2013-12-02T07:00:00 282 0.543484245673 0.456515754326 2 2 4
2013-12-02T08:00:00 286 0.52995532854 0.47004467146 3 3 6
2013-12-02T09:00:00 290 0.529205975294 0.470794024707 8 6 14
2013-12-02T10:00:00 293 0.539015407814 0.460984592186 9 6 15
2013-12-02T11:00:00 293 0.539015407814 0.460984592186 9 6 15
2013-12-02T12:00:00 294 0.540818171472 0.459181828528 9 5 14
2013-12-02T13:00:00 294 0.553658702699 0.446341297301 11 5 16
2013-12-02T14:00:00 293 0.565901262934 0.434098737066 11 4 15
2013-12-02T15:00:00 292 0.545785456748 0.454214543252 6 3 9
2013-12-02T16:00:00 290 0.508110649848 0.491889350152 5 4 9
2013-12-02T17:00:00 288 0.508110649848 0.491889350152 5 4 9
2013-12-02T18:00:00 286 0.464942483187 0.535057516813 3 4 7
2013-12-02T19:00:00 285 0.406437684989 0.593562315011 1 3 4
2013-12-02T20:00:00 284 0.329992016861 0.670007983139 0 3 3
2013-12-02T21:00:00 283 0.296831461912 0.703168538088 0 2 2
2013-12-02T22:00:00 282 0.256388722834 0.743611277166 0 1 1
2013-12-02T23:00:00 279 0.391316568472 0.608683431528 1 2 3
2013-12-03T00:00:00 275 0.442995657609 0.557004342391 3 3 6
2013-12-03T01:00:00 271 0.487568208255 0.512431791745 5 3 8
2013-12-03T02:00:00 267 0.487568208255 0.512431791745 5 3 8
2013-12-03T03:00:00 261 0.52059384903 0.47940615097 5 2 7
2013-12-03T04:00:00 256 0.52059384903 0.47940615097 5 2 7
2013-12-03T05:00:00 251 0.545319192125 0.454680807875 4 1 5
2013-12-03T06:00:00 246 0.66558131862 0.33441868138 3 0 3
2013-12-03T07:00:00 241 0.648404154196 0.351595845804 3 1 4
2013-12-03T08:00:00 236 0.681318870139 0.318681129861 4 1 5
2013-12-03T09:00:00 231 0.679635258307 0.320364741693 5 1 6
2013-12-03T10:00:00 227 0.582802720287 0.417197279713 5 3 8
2013-12-03T11:00:00 223 0.552278640443 0.447721359557 6 4 10
2013-12-03T12:00:00 220 0.529846018773 0.470153981227 5 4 9
2013-12-05T02:00:00 155 0.718021170502 0.281978829498 8 0 8
2013-12-05T03:00:00 158 0.718021170502 0.281978829498 8 0 8
2013-12-05T04:00:00 160 0.747529526851 0.252470473149 6 0 6
2013-12-05T05:00:00 162 0.749002835485 0.250997164515 5 0 5
2013-12-05T06:00:00 164 0.733962491125 0.266037508875 4 0 4
2013-12-05T07:00:00 165 0.645418492164 0.354581507836 3 1 4
2013-12-05T08:00:00 166 0.645418492164 0.354581507836 3 1 4
2013-12-05T09:00:00 167 0.565110083688 0.434889916312 3 2 5
2013-12-05T10:00:00 171 0.461577929056 0.538422070944 2 4 6
2013-12-05T11:00:00 177 0.293618696865 0.706381303135 0 5 5
2013-12-05T12:00:00 183 0.353026657545 0.646973342455 1 5 6
2013-12-05T13:00:00 188 0.403452288751 0.596547711249 3 6 9
2013-12-05T17:00:00 218 0.497644423195 0.502355576805 7 6 13
2013-12-05T18:00:00 226 0.466372704915 0.533627295085 6 7 13
2013-12-05T19:00:00 234 0.501126967644 0.498873032356 5 5 10
2013-12-05T20:00:00 242 0.531010932342 0.468989067658 7 5 12
2013-12-05T21:00:00 251 0.517915632445 0.482084367555 6 4 10
2013-12-05T22:00:00 260 0.542872534203 0.457127465797 5 3 8
2013-12-05T23:00:00 270 0.539561216811 0.460438783189 8 5 13
2013-12-06T00:00:00 281 0.54261143407 0.45738856593 10 7 17
2013-12-06T01:00:00 293 0.535331796262 0.464668203738 11 8 19
2013-12-06T02:00:00 305 0.519929283849 0.480070716151 10 9 19
2013-12-06T03:00:00 317 0.519929283849 0.480070716151 10 9 19
2013-12-06T04:00:00 326 0.544657328273 0.455342671727 10 7 17
2013-12-06T05:00:00 335 0.527185317536 0.472814682464 5 5 10
2013-12-06T06:00:00 344 0.563644098283 0.436355901717 3 2 5
2013-12-06T09:00:00 372 0.587344039271 0.412655960729 3 1 4
2013-12-06T10:00:00 380 0.626631836658 0.373368163342 6 1 7
2013-12-06T11:00:00 390 0.641929579727 0.358070420273 8 1 9
2013-12-06T12:00:00 399 0.651831796818 0.348168203182 10 1 11
2013-12-06T13:00:00 409 0.610445163378 0.389554836622 13 3 16
2013-12-06T14:00:00 417 0.610158393678 0.389841606322 12 3 15
2013-12-06T15:00:00 425 0.599700447825 0.400299552175 13 4 17
2013-12-06T16:00:00 431 0.610896332578 0.389103667422 13 4 17
2013-12-06T17:00:00 436 0.583865107355 0.416134892645 13 6 19
2013-12-06T18:00:00 439 0.591868807221 0.408131192779 14 6 20
2013-12-06T19:00:00 441 0.653511252052 0.346488747948 15 3 18
2013-12-06T20:00:00 442 0.631058576219 0.368941423781 15 4 19
2013-12-06T21:00:00 440 0.650438320506 0.349561679494 16 3 19
2013-12-06T22:00:00 437 0.631754482435 0.368245517565 19 4 23
2013-12-06T23:00:00 432 0.639417874551 0.360582125449 19 3 22
2013-12-07T00:00:00 427 0.660040324978 0.339959675022 22 3 25
2013-12-07T01:00:00 421 0.666004470763 0.333995529237 25 3 28
2013-12-07T02:00:00 415 0.667946862907 0.332053137093 23 3 26
2013-12-07T03:00:00 409 0.664827982762 0.335172017238 21 3 24
2013-12-07T04:00:00 405 0.686327385648 0.313672614352 20 2 22
2013-12-07T05:00:00 401 0.708892109408 0.291107890592 22 1 23
2013-12-07T06:00:00 396 0.695032279517 0.304967720483 18 1 19
2013-12-07T07:00:00 395 0.658573530386 0.341426469614 22 3 25
2013-12-07T08:00:00 399 0.639565622747 0.360434377253 32 6 38
2013-12-07T09:00:00 376 0.649205492767 0.350794507233 47 6 53
2013-12-07T10:00:00 361 0.627585234407 0.372414765593 51 9 60
2013-12-07T11:00:00 348 0.603024493425 0.396975506575 55 16 71
