2013-05-28T00:00:00 49 0 0 0 0 0
2013-05-28T01:00:00 52 0 0 0 0 0
2013-05-28T02:00:00 52 0 0 0 0 0
2013-05-28T03:00:00 54 0 0 0 0 0
2013-05-28T04:00:00 55 0 0 0 0 0
2013-05-28T05:00:00 56 0 0 0 0 0
2013-05-28T06:00:00 57 0 0 0 0 0
2013-05-28T07:00:00 58 0 0 0 0 0
2013-05-28T08:00:00 60 0 0 0 0 0
2013-05-28T09:00:00 60 0 0 0 0 0
2013-05-28T10:00:00 61 0 0 0 0 0
2013-05-28T11:00:00 61 0 0 0 0 0
2013-05-28T12:00:00 62 0 0 0 0 0
2013-05-28T13:00:00 62 0 0 0 0 0
2013-05-28T14:00:00 64 0 0 0 0 0
2013-05-28T15:00:00 66 0 0 0 0 0
2013-05-28T16:00:00 68 0 0 0 0 0
2013-05-28T17:00:00 71 0 0 0 0 0
2013-05-28T18:00:00 76 0 0 0 0 0
2013-05-28T19:00:00 81 0 0 0 0 0
2013-05-28T20:00:00 81 0 0 0 0 0
2013-05-28T21:00:00 81 0 0 0 0 0
2013-05-28T22:00:00 80 0 0 0 0 0
2013-05-28T23:00:00 83 0 0 0 0 0
2013-05-30T10:00:00 115 0 0 0 0 0
2013-05-30T11:00:00 110 0 0 0 0 0
2013-05-30T12:00:00 105 0 0 0 0 0
2013-05-30T13:00:00 100 0 0 0 0 0
2013-05-30T14:00:00 95 0 0 0 0 0
2013-05-30T15:00:00 90 0 0 0 0 0
2013-05-30T16:00:00 86 0 0 0 0 0
2013-05-30T17:00:00 81 0 0 0 0 0
2013-05-30T18:00:00 77 0 0 0 0 0
2013-05-30T19:00:00 73 0 0 0 0 0
2013-05-30T20:00:00 69 0 0 0 0 0
2013-05-30T21:00:00 66 0 0 0 0 0
2013-05-30T22:00:00 63 0 0 0 0 0
2013-05-30T23:00:00 60 0 0 0 0 0
2013-05-31T00:00:00 58 0 0 0 0 0
2013-05-31T01:00:00 56 0 0 0 0 0
2013-05-31T02:00:00 54 0 0 0 0 0
2013-05-31T03:00:00 51 0 0 0 0 0
2013-05-31T04:00:00 49 0 0 0 0 0
2013-05-31T05:00:00 47 0 0 0 0 0
2013-05-31T06:00:00 47 0 0 0 0 0
2013-05-31T07:00:00 47 0 0 0 0 0
2013-05-31T08:00:00 47 0 0 0 0 0
2013-05-31T09:00:00 46 0 0 0 0 0
2013-05-31T10:00:00 45 0 0 0 0 0
2013-05-31T11:00:00 44 0 0 0 0 0
2013-05-31T12:00:00 42 0 0 0 0 0
2013-05-31T13:00:00 42 0 0 0 0 0
2013-05-31T14:00:00 43 0 0 0 0 0
2013-05-31T15:00:00 43 0 0 0 0 0
2013-05-31T16:00:00 43 0 0 0 0 0
2013-05-31T17:00:00 44 0 0 0 0 0
2013-05-31T18:00:00 45 0 0 0 0 0
2013-05-31T19:00:00 46 0 0 0 0 0
2013-05-31T20:00:00 48 0 0 0 0 0
2013-05-31T21:00:00 52 0 0 0 0 0
2013-05-31T22:00:00 57 0 0 0 0 0
2013-05-31T23:00:00 60 0 0 0 0 0
2013-06-01T00:00:00 63 0 0 0 0 0
2013-06-01T01:00:00 65 0 0 0 0 0
2013-06-01T02:00:00 67 0 0 0 0 0
2013-06-01T03:00:00 69 0 0 0 0 0
2013-06-01T04:00:00 72 0 0 0 0 0
2013-06-01T05:00:00 75 0 0 0 0 0
2013-06-01T06:00:00 78 0 0 0 0 0
2013-06-01T07:00:00 82 0 0 0 0 0
2013-06-01T08:00:00 85 0 0 0 0 0
2013-06-01T09:00:00 89 0 0 0 0 0
2013-06-01T10:00:00 92 0 0 0 0 0
2013-06-01T11:00:00 94 0 0 0 0 0
2013-06-01T12:00:00 96 0 0 0 0 0
2013-06-01T13:00:00 98 0 0 0 0 0
2013-06-01T14:00:00 101 0 0 0 0 0
2013-06-01T15:00:00 105 0 0 0 0 0
2013-06-01T16:00:00 109 0 0 0 0 0
2013-06-01T17:00:00 114 0 0 0 0 0
2013-06-01T18:00:00 119 0 0 0 0 0
2013-06-01T19:00:00 122 0 0 0 0 0
2013-06-01T20:00:00 124 0 0 0 0 0
2013-06-05T09:00:00 51 0 0 0 0 0
2013-06-05T10:00:00 52 0 0 0 0 0
2013-06-05T11:00:00 51 0 0 0 0 0
2013-06-05T12:00:00 52 0 0 0 0 0
2013-06-05T13:00:00 52 0 0 0 0 0
2013-06-05T14:00:00 52 0 0 0 0 0
2013-06-05T15:00:00 51 0 0 0 0 0
2013-06-05T16:00:00 50 0 0 0 0 0
2013-06-05T17:00:00 49 0 0 0 0 0
2013-06-05T18:00:00 48 0 0 0 0 0
2013-06-05T19:00:00 48 0 0 0 0 0
2013-06-05T20:00:00 47 0 0 0 0 0
2013-06-05T21:00:00 45 0 0 0 0 0
2013-06-05T22:00:00 44 0 0 0 0 0
2013-06-05T23:00:00 43 0 0 0 0 0
2013-06-06T00:00:00 42 0 0 0 0 0
2013-06-06T01:00:00 44 0 0 0 0 0
2013-06-06T02:00:00 41 0 0 0 0 0
2013-06-06T03:00:00 40 0 0 0 0 0
2013-06-06T04:00:00 40 0 0 0 0 0
2013-06-06T05:00:00 40 0 0 0 0 0
2013-06-06T06:00:00 40 0 0 0 0 0
2013-06-06T07:00:00 40 0 0 0 0 0
2013-06-06T08:00:00 39 0 0 0 0 0
2013-06-06T09:00:00 38 0 0 0 0 0
2013-06-06T10:00:00 38 0 0 0 0 0
2013-06-06T11:00:00 39 0 0 0 0 0
2013-06-06T12:00:00 39 0 0 0 0 0
2013-06-06T13:00:00 39 0 0 0 0 0
2013-06-06T14:00:00 40 0 0 0 0 0
2013-06-06T15:00:00 42 0 0 0 0 0
2013-06-06T16:00:00 43 0 0 0 0 0
2013-06-06T17:00:00 44 0 0 0 0 0
2013-06-06T18:00:00 44 0 0 0 0 0
2013-06-06T19:00:00 44 0 0 0 0 0
2013-06-06T20:00:00 43 0 0 0 0 0
2013-06-06T21:00:00 41 0 0 0 0 0
2013-06-06T22:00:00 40 0 0 0 0 0
2013-06-06T23:00:00 39 0 0 0 0 0
2013-06-07T00:00:00 38 0 0 0 0 0
2013-06-07T01:00:00 39 0 0 0 0 0
2013-06-07T02:00:00 36 0 0 0 0 0
2013-06-07T03:00:00 37 0 0 0 0 0
2013-06-07T04:00:00 37 0 0 0 0 0
2013-06-07T05:00:00 37 0 0 0 0 0
2013-06-07T06:00:00 36 0 0 0 0 0
2013-06-07T07:00:00 36 0 0 0 0 0
2013-06-07T08:00:00 36 0 0 0 0 0
2013-06-07T09:00:00 36 0 0 0 0 0
2013-06-07T10:00:00 36 0 0 0 0 0
2013-06-07T11:00:00 35 0 0 0 0 0
2013-06-07T12:00:00 35 0 0 0 0 0
2013-06-07T13:00:00 35 0 0 0 0 0
2013-06-07T14:00:00 35 0 0 0 0 0
2013-06-07T15:00:00 36 0 0 0 0 0
2013-06-07T16:00:00 36 0 0 0 0 0
2013-06-07T17:00:00 37 0 0 0 0 0
2013-06-07T18:00:00 38 0 0 0 0 0
2013-06-07T19:00:00 40 0 0 0 0 0
2013-06-08T03:00:00 38 0 0 0 0 0
2013-06-08T04:00:00 36 0 0 0 0 0
2013-06-08T05:00:00 33 0 0 0 0 0
2013-06-08T06:00:00 31 0 0 0 0 0
2013-06-08T07:00:00 30 0 0 0 0 0
2013-06-08T08:00:00 29 0 0 0 0 0
2013-06-08T09:00:00 28 0 0 0 0 0
2013-06-08T10:00:00 29 0 0 0 0 0
2013-06-08T11:00:00 30 0 0 0 0 0
2013-06-08T12:00:00 31 0 0 0 0 0
2013-06-08T13:00:00 34 0 0 0 0 0
2013-06-08T14:00:00 36 0 0 0 0 0
2013-06-08T15:00:00 39 0 0 0 0 0
2013-06-08T16:00:00 41 0 0 0 0 0
2013-06-08T17:00:00 43 0 0 0 0 0
2013-06-08T18:00:00 43 0 0 0 0 0
2013-06-08T19:00:00 43 0 0 0 0 0
2013-06-08T20:00:00 43 0 0 0 0 0
2013-06-08T21:00:00 45 0 0 0 0 0
2013-06-08T22:00:00 46 0 0 0 0 0
2013-06-08T23:00:00 46 0 0 0 0 0
2013-06-09T00:00:00 47 0 0 0 0 0
2013-06-09T01:00:00 49 0 0 0 0 0
2013-06-09T02:00:00 50 0 0 0 0 0
2013-06-09T03:00:00 51 0 0 0 0 0
2013-06-09T04:00:00 52 0 0 0 0 0
2013-06-09T05:00:00 54 0 0 0 0 0
2013-06-09T06:00:00 55 0 0 0 0 0
2013-06-09T07:00:00 56 0 0 0 0 0
2013-06-09T08:00:00 57 0 0 0 0 0
2013-06-09T09:00:00 58 0 0 0 0 0
2013-06-09T10:00:00 59 0 0 0 0 0
2013-06-09T11:00:00 60 0 0 0 0 0
2013-06-15T17:00:00 44 0 0 0 0 0
2013-06-15T18:00:00 44 0.0 0.0 0 0 0
2013-06-15T19:00:00 45 0.0 0.0 0 0 0
2013-06-15T20:00:00 45 0.0 0.0 0 0 0
2013-06-15T21:00:00 45 0.0 0.0 0 0 0
2013-06-15T22:00:00 45 0.0 0.0 0 0 0
2013-06-15T23:00:00 44 0.0 0.0 0 0 0
2013-06-16T00:00:00 43 0 0 0 0 0
2013-06-16T01:00:00 45 0 0 0 0 0
2013-06-16T02:00:00 42 0 0 0 0 0
2013-06-16T03:00:00 42 0 0 0 0 0
2013-06-16T04:00:00 42 0 0 0 0 0
2013-06-16T05:00:00 42 0 0 0 0 0
2013-06-16T06:00:00 42 0 0 0 0 0
2013-06-16T07:00:00 42 0 0 0 0 0
2013-06-16T08:00:00 42 0 0 0 0 0
2013-06-16T09:00:00 43 0 0 0 0 0
2013-06-16T10:00:00 43 0 0 0 0 0
2013-06-16T11:00:00 45 0 0 0 0 0
2013-06-16T12:00:00 47 0 0 0 0 0
2013-06-16T13:00:00 49 0 0 0 0 0
2013-06-16T14:00:00 50 0 0 0 0 0
2013-06-16T15:00:00 71 0 0 0 0 0
2013-06-16T16:00:00 69 0 0 0 0 0
2013-06-16T17:00:00 61 0 0 0 0 0
2013-06-16T18:00:00 65 0 0 0 0 0
2013-06-22T21:00:00 87 0 0 0 0 0
2013-06-22T22:00:00 87 0 0 0 0 0
2013-06-22T23:00:00 87 0 0 0 0 0
2013-06-23T00:00:00 86 0 0 0 0 0
2013-06-23T01:00:00 86 0 0 0 0 0
2013-06-23T02:00:00 86 0 0 0 0 0
2013-06-23T03:00:00 86 0 0 0 0 0
2013-06-23T04:00:00 85 0 0 0 0 0
2013-06-23T05:00:00 85 0 0 0 0 0
2013-06-23T06:00:00 85 0 0 0 0 0
2013-06-23T07:00:00 86 0 0 0 0 0
2013-06-23T08:00:00 88 0 0 0 0 0
2013-06-23T09:00:00 89 0 0 0 0 0
2013-06-23T10:00:00 90 0 0 0 0 0
2013-06-23T11:00:00 92 0 0 0 0 0
2013-06-23T12:00:00 94 0 0 0 0 0
2013-06-23T13:00:00 96 0 0 0 0 0
2013-06-23T14:00:00 97 0 0 0 0 0
2013-06-23T15:00:00 99 0 0 0 0 0
2013-06-23T16:00:00 101 0 0 0 0 0
2013-06-23T17:00:00 106 0 0 0 0 0
2013-07-18T02:00:00 47 0 0 0 0 0
2013-07-18T03:00:00 47 0 0 0 0 0
2013-07-18T04:00:00 46 0 0 0 0 0
2013-07-18T05:00:00 46 0 0 0 0 0
2013-07-18T06:00:00 46 0 0 0 0 0
2013-07-18T07:00:00 45 0 0 0 0 0
2013-07-18T08:00:00 44 0 0 0 0 0
2013-07-18T09:00:00 44 0.0 0.0 0 0 0
2013-07-18T10:00:00 43 0.0 0.0 0 0 0
2013-07-18T11:00:00 42 0.0 0.0 0 0 0
2013-07-18T12:00:00 41 0.0 0.0 0 0 0
2013-07-18T13:00:00 41 0.0 0.0 0 0 0
2013-07-18T14:00:00 40 0.0 0.0 0 0 0
2013-07-18T15:00:00 41 0.0 0.0 0 0 0
2013-07-18T16:00:00 43 0 0 0 0 0
2013-07-18T17:00:00 44 0 0 0 0 0
2013-07-18T18:00:00 46 0 0 0 0 0
2013-07-18T19:00:00 46 0 0 0 0 0
2013-07-18T20:00:00 44 0.133398234385 0.866601765615 0 1 1
2013-07-18T21:00:00 43 0.133398234385 0.866601765615 0 1 1
2013-07-18T22:00:00 42 0.133398234385 0.866601765615 0 1 1
2013-07-18T23:00:00 41 0.182564195711 0.81743580429 0 2 2
2013-07-19T00:00:00 40 0.182564195711 0.81743580429 0 2 2
2013-07-19T01:00:00 40 0.182564195711 0.81743580429 0 2 2
2013-07-21T02:00:00 60 0.3513976107 0.6486023893 0 1 1
2013-07-21T03:00:00 61 0.3513976107 0.6486023893 0 1 1
2013-07-21T04:00:00 62 0 0 0 0 0
2013-07-21T05:00:00 63 0 0 0 0 0
2013-07-21T06:00:00 65 0.380811181217 0.619188818783 0 1 1
2013-07-21T07:00:00 66 0.251395950148 0.748604049852 0 2 2
2013-07-21T08:00:00 67 0.285517006637 0.714482993363 0 3 3
2013-07-21T09:00:00 67 0.299578204921 0.700421795079 0 4 4
2013-07-21T10:00:00 68 0.299578204921 0.700421795079 0 4 4
2013-07-21T11:00:00 68 0.27102442508 0.72897557492 0 7 7
2013-07-21T12:00:00 69 0.25272663239 0.74727336761 0 6 6
2013-07-21T13:00:00 78 0.278875815052 0.721124184948 0 5 5
2013-07-21T14:00:00 84 0.260154988912 0.739845011088 0 4 4
2013-07-21T15:00:00 79 0.232952718625 0.767047281375 0 3 3
2013-07-21T16:00:00 81 0.25007806391 0.74992193609 0 4 4
2013-07-21T17:00:00 86 0.301454099767 0.698545900233 0 1 1
2013-07-21T18:00:00 87 0.277966689015 0.722033310985 0 2 2
2013-07-21T19:00:00 85 0.266603275938 0.733396724062 0 3 3
2013-07-21T20:00:00 78 0.27372398706 0.72627601294 0 4 4
2013-07-21T21:00:00 73 0.239470249606 0.760529750394 0 5 5
2013-07-21T22:00:00 68 0.229549606069 0.770450393931 0 5 5
2013-07-21T23:00:00 64 0.229549606069 0.770450393931 0 5 5
2013-07-22T00:00:00 60 0.22331718802 0.77668281198 0 4 4
2013-07-22T01:00:00 58 0.216464100766 0.783535899234 0 3 3
2013-08-20T11:00:00 28 0.27761907937 0.72238092063 0 1 1
2013-08-20T12:00:00 25 0.260747764577 0.739252235424 0 2 2
2013-08-20T13:00:00 25 0.243876449783 0.756123550217 0 1 1
2013-08-20T14:00:00 25 0.243876449783 0.756123550217 0 1 1
2013-08-20T15:00:00 25 0.243876449783 0.756123550217 0 1 1
2013-08-20T16:00:00 25 0.243876449783 0.756123550217 0 1 1
2013-08-20T17:00:00 26 0.243876449783 0.756123550217 0 1 1
2013-08-20T18:00:00 25 0.280163053783 0.719836946218 0 2 2
2013-08-20T19:00:00 26 0.280163053783 0.719836946218 0 2 2
2013-08-20T20:00:00 27 0.280163053783 0.719836946218 0 2 2
2013-08-20T21:00:00 29 0.280163053783 0.719836946218 0 2 2
2013-08-20T22:00:00 29 0.280163053783 0.719836946218 0 2 2
2013-08-20T23:00:00 29 0.280163053783 0.719836946218 0 2 2
2013-08-21T00:00:00 30 0.0 0.0 0 0 0
2013-08-21T01:00:00 31 0.0 0.0 0 0 0
2013-08-21T02:00:00 32 0 0 0 0 0
2013-08-21T03:00:00 32 0 0 0 0 0
2013-08-21T04:00:00 33 0 0 0 0 0
2013-08-21T05:00:00 33 0 0 0 0 0
2013-08-21T06:00:00 34 0 0 0 0 0
2013-08-21T07:00:00 34 0 0 0 0 0
2013-08-21T10:00:00 35 0.0 0.0 0 0 0
2013-08-21T11:00:00 36 0.0 0.0 0 0 0
2013-08-21T12:00:00 37 0.348902522317 0.651097477683 0 1 1
2013-08-21T13:00:00 37 0.348902522317 0.651097477683 0 1 1
2013-08-21T14:00:00 38 0.348902522317 0.651097477683 0 1 1
2013-08-21T15:00:00 38 0.348902522317 0.651097477683 0 1 1
2013-08-21T16:00:00 39 0.348902522317 0.651097477683 0 1 1
2013-09-04T12:00:00 47 0.69669737878 0.30330262122 1 0 1
2013-09-04T13:00:00 46 0.69669737878 0.30330262122 1 0 1
2013-09-04T14:00:00 48 0 0 0 0 0
2013-09-04T15:00:00 47 0 0 0 0 0
2013-09-04T16:00:00 49 0 0 0 0 0
2013-09-04T17:00:00 50 0 0 0 0 0
2013-09-04T18:00:00 51 0 0 0 0 0
2013-09-04T19:00:00 50 0 0 0 0 0
2013-09-04T20:00:00 49 0 0 0 0 0
2013-09-04T21:00:00 47 0 0 0 0 0
2013-09-04T22:00:00 46 0 0 0 0 0
2013-09-04T23:00:00 44 0 0 0 0 0
2013-09-05T00:00:00 43 0 0 0 0 0
2013-09-05T01:00:00 43 0 0 0 0 0
2013-09-05T02:00:00 42 0 0 0 0 0
2013-09-05T03:00:00 42 0 0 0 0 0
2013-09-05T04:00:00 42 0 0 0 0 0
2013-09-05T05:00:00 42 0 0 0 0 0
2013-09-05T06:00:00 42 0 0 0 0 0
2013-09-05T07:00:00 41 0.661328569505 0.338671430495 1 0 1
2013-09-13T07:00:00 40 0 0 0 0 0
2013-09-13T08:00:00 42 0 0 0 0 0
2013-09-13T09:00:00 43 0 0 0 0 0
2013-09-13T10:00:00 43 0 0 0 0 0
2013-09-13T11:00:00 44 0 0 0 0 0
2013-09-13T12:00:00 48 0.262491173952 0.737508826048 0 1 1
2013-09-13T13:00:00 71 0.262491173952 0.737508826048 0 1 1
2013-09-13T14:00:00 68 0.262491173952 0.737508826048 0 1 1
2013-09-13T15:00:00 59 0.262491173952 0.737508826048 0 1 1
2013-09-13T16:00:00 64 0.262491173952 0.737508826048 0 1 1
2013-09-13T17:00:00 70 0.262491173952 0.737508826048 0 1 1
2013-09-13T18:00:00 69 0.0 0.0 0 0 0
2013-09-13T19:00:00 64 0.374889165531 0.625110834469 0 1 1
2013-09-13T20:00:00 56 0.374889165531 0.625110834469 0 1 1
2013-09-13T21:00:00 54 0.374889165531 0.625110834469 0 1 1
2013-09-13T22:00:00 53 0.374889165531 0.625110834469 0 1 1
2013-09-13T23:00:00 55 0.374889165531 0.625110834469 0 1 1
2013-09-14T00:00:00 55 0.374889165531 0.625110834469 0 1 1
2013-09-14T01:00:00 56 0.0 0.0 0 0 0
2013-09-14T02:00:00 56 0.0 0.0 0 0 0
2013-09-14T03:00:00 56 0.0 0.0 0 0 0
2013-09-14T04:00:00 56 0.0 0.0 0 0 0
2013-09-14T05:00:00 57 0.0 0.0 0 0 0
2013-09-14T06:00:00 57 0.0 0.0 0 0 0
2013-10-08T03:00:00 27 0.328413217531 0.671586782469 0 1 1
2013-10-08T04:00:00 28 0.328413217531 0.671586782469 0 1 1
2013-10-08T05:00:00 28 0.328413217531 0.671586782469 0 1 1
2013-10-08T06:00:00 28 0 0 0 0 0
2013-10-08T07:00:00 27 0 0 0 0 0
2013-10-08T08:00:00 25 0 0 0 0 0
2013-10-08T09:00:00 24 0 0 0 0 0
2013-10-08T10:00:00 23 0 0 0 0 0
2013-10-08T11:00:00 22 0 0 0 0 0
2013-10-08T12:00:00 22 0 0 0 0 0
2013-10-08T13:00:00 21 0.0 0.0 0 0 0
2013-10-08T14:00:00 21 0.0 0.0 0 0 0
2013-10-08T15:00:00 28 0.617467280436 0.382532719564 1 0 1
2013-10-08T16:00:00 22 0.617467280436 0.382532719564 1 0 1
2013-10-08T17:00:00 21 0.617467280436 0.382532719564 1 0 1
2013-10-08T18:00:00 22 0.617467280436 0.382532719564 1 0 1
2013-10-08T19:00:00 9 0.617467280436 0.382532719564 1 0 1
2013-10-08T20:00:00 9 0.617467280436 0.382532719564 1 0 1
2013-10-08T21:00:00 9 0 0 0 0 0
2013-10-08T22:00:00 9 0 0 0 0 0
2013-10-08T23:00:00 10 0 0 0 0 0
2013-10-17T01:00:00 47 0.755017867126 0.244982132874 1 0 1
2013-10-17T02:00:00 41 0 0 0 0 0
2013-10-17T03:00:00 43 0 0 0 0 0
2013-10-17T04:00:00 41 0 0 0 0 0
2013-10-17T05:00:00 45 0 0 0 0 0
2013-10-17T06:00:00 41 0 0 0 0 0
2013-10-17T07:00:00 42 0 0 0 0 0
2013-10-17T08:00:00 40 0 0 0 0 0
2013-10-17T09:00:00 39 0 0 0 0 0
2013-10-17T10:00:00 40 0 0 0 0 0
2013-10-17T11:00:00 41 0 0 0 0 0
2013-10-17T12:00:00 47 0 0 0 0 0
2013-10-17T13:00:00 47 0 0 0 0 0
2013-10-17T14:00:00 47 0 0 0 0 0
2013-10-17T15:00:00 47 0 0 0 0 0
2013-10-17T16:00:00 46 0 0 0 0 0
2013-10-17T17:00:00 46 0.0 0.0 0 0 0
2013-10-17T18:00:00 45 0.0 0.0 0 0 0
2014-02-11T08:00:00 53 0.417387940196 0.582612059804 2 3 5
2014-02-11T09:00:00 62 0.370506110087 0.629493889913 2 7 9
2014-02-11T10:00:00 58 0.368912714313 0.631087285687 2 8 10
2014-02-11T11:00:00 62 0.396244385902 0.603755614098 3 8 11
2014-02-11T12:00:00 55 0.388781487771 0.611218512229 3 9 12
2014-02-11T13:00:00 55 0.377539205444 0.622460794556 3 11 14
2014-02-11T14:00:00 56 0.345308051366 0.654691948634 1 9 10
2014-02-11T15:00:00 59 0.36757753731 0.63242246269 1 5 6
2014-02-11T16:00:00 62 0.427877695878 0.572122304122 2 4 6
2014-02-11T17:00:00 63 0.3479072443 0.6520927557 1 6 7
2014-02-11T18:00:00 58 0.390620537026 0.609379462974 2 5 7
2014-02-11T19:00:00 52 0.437274902882 0.562725097118 3 4 7
2014-02-11T20:00:00 47 0.467742163624 0.532257836376 3 3 6
2014-02-11T21:00:00 39 0.467742163624 0.532257836376 3 3 6
2014-02-11T22:00:00 37 0.413997634913 0.586002365087 3 6 9
2014-02-11T23:00:00 34 0.493682344719 0.506317655281 4 4 8
2014-02-12T00:00:00 34 0.438444430383 0.561555569617 3 6 9
2014-02-12T01:00:00 39 0.471572835213 0.528427164787 3 5 8
2014-02-12T02:00:00 31 0.471572835213 0.528427164787 3 5 8
2014-02-12T03:00:00 29 0.471572835213 0.528427164787 3 5 8
2014-02-12T04:00:00 28 0.534170961367 0.465829038633 2 2 4
2014-02-12T05:00:00 31 0.458519388439 0.541480611561 1 2 3
2014-02-12T06:00:00 33 0.773334392211 0.226665607789 1 0 1
2014-02-12T07:00:00 34 0.341761799772 0.658238200228 0 1 1
2014-02-12T08:00:00 39 0.636115567931 0.363884432069 3 1 4
2014-02-12T09:00:00 45 0.637293527671 0.362706472329 5 1 6
2014-02-12T10:00:00 48 0.637293527671 0.362706472329 5 1 6
2014-02-12T11:00:00 56 0.637293527671 0.362706472329 5 1 6
2014-02-13T02:00:00 26 0.532370484762 0.467629515238 8 5 13
2014-02-13T03:00:00 27 0.516736349605 0.483263650395 7 5 12
2014-02-13T04:00:00 26 0.551956374982 0.448043625018 7 4 11
2014-02-13T05:00:00 36 0.555072858389 0.444927141611 5 3 8
2014-02-13T06:00:00 50 0.656366520782 0.343633479218 6 1 7
2014-02-13T07:00:00 59 0.662703559095 0.337296440905 6 1 7
2014-02-13T08:00:00 62 0.671590574166 0.328409425834 9 2 11
2014-02-13T09:00:00 58 0.669834323687 0.330165676313 15 3 18
2014-02-13T10:00:00 48 0.662012281909 0.337987718091 19 4 23
2014-02-13T11:00:00 39 0.655606208571 0.344393791429 19 5 24
2014-02-13T12:00:00 32 0.656933096156 0.343066903844 19 5 24
2014-02-13T13:00:00 32 0.66989904593 0.33010095407 20 4 24
2014-02-13T14:00:00 29 0.665019526672 0.334980473328 17 3 20
2014-02-13T15:00:00 28 0.667016717708 0.332983282292 13 2 15
2014-02-13T16:00:00 32 0.639744027731 0.360255972269 9 3 12
2014-02-13T17:00:00 35 0.655717760017 0.344282239983 10 2 12
2014-02-13T18:00:00 38 0.646223565289 0.353776434711 12 2 14
2014-02-13T19:00:00 36 0.646858730939 0.353141269061 11 2 13
2014-02-13T20:00:00 36 0.652129619866 0.347870380134 12 2 14
2014-02-13T21:00:00 37 0.64628607795 0.35371392205 10 2 12
2014-02-13T22:00:00 40 0.682282947774 0.317717052226 8 0 8
2014-02-13T23:00:00 40 0.700522162599 0.299477837401 7 0 7
2014-02-15T09:00:00 39 0.718929850178 0.281070149821 10 0 10
2014-02-15T10:00:00 34 0.671716910779 0.328283089221 17 2 19
2014-02-15T11:00:00 31 0.692502722119 0.307497277881 29 2 31
2014-02-15T12:00:00 32 0.691154151144 0.308845848856 31 2 33
2014-02-15T13:00:00 34 0.682788779862 0.317211220138 34 3 37
2014-02-15T14:00:00 36 0.655948671013 0.344051328987 30 5 35
2014-02-15T15:00:00 37 0.653720310017 0.346279689983 28 5 33
2014-02-15T16:00:00 38 0.663117252303 0.336882747697 28 5 33
2014-02-15T17:00:00 38 0.620590770392 0.379409229608 19 7 26
2014-02-15T18:00:00 35 0.663968792202 0.336031207798 29 7 36
2014-02-15T19:00:00 39 0.682101896051 0.317898103949 35 6 41
2014-02-15T20:00:00 45 0.705730897316 0.294269102684 42 4 46
2014-02-15T21:00:00 42 0.695056060729 0.304943939271 47 4 51
2014-02-15T22:00:00 40 0.695106101562 0.304893898438 45 3 48
2014-02-15T23:00:00 40 0.705924727003 0.294075272997 56 2 58
2014-02-16T00:00:00 34 0.687224887682 0.312775112318 49 3 52
2014-02-16T01:00:00 41 0.673888454572 0.326111545428 48 4 52
2014-02-16T02:00:00 30 0.665006656446 0.334993343554 42 5 47
2014-02-16T03:00:00 28 0.668351366095 0.331648633905 35 5 40
2014-02-16T04:00:00 24 0.672429773596 0.327570226404 30 4 34
2014-02-16T05:00:00 24 0.648769327684 0.351230672316 16 3 19
2014-06-07T16:00:00 99 0.222402151368 0.777597848632 0 130 130
2014-06-07T17:00:00 91 0.223459876821 0.776540123179 1 123 124
2014-06-07T18:00:00 86 0.219522241582 0.780477758418 1 108 109
2014-06-07T19:00:00 80 0.223881560755 0.776118439245 1 92 93
2014-06-07T20:00:00 75 0.23012276986 0.76987723014 1 76 77
2014-06-07T21:00:00 71 0.246914449649 0.753085550351 1 65 66
2014-06-07T22:00:00 68 0.257668785858 0.742331214142 1 57 58
2014-06-07T23:00:00 65 0.259295734113 0.740704265887 0 52 52
2014-06-08T00:00:00 59 0.268043111255 0.731956888745 0 46 46
2014-06-08T01:00:00 59 0.263242777212 0.736757222788 0 39 39
2014-06-08T02:00:00 56 0.268371670332 0.731628329668 0 34 34
2014-06-08T03:00:00 57 0.255562061118 0.744437938882 0 28 28
2014-06-08T04:00:00 59 0.272273558608 0.727726441392 0 16 16
2014-06-08T05:00:00 58 0.247674613806 0.752325386194 0 9 9
2014-06-08T06:00:00 62 0.267208961573 0.732791038427 0 7 7
2014-06-08T07:00:00 67 0.234275072267 0.765724927733 0 9 9
2014-06-08T08:00:00 69 0.217149089321 0.782850910679 0 7 7
2014-06-08T09:00:00 69 0.232677847771 0.767322152229 0 11 11
2014-06-08T10:00:00 70 0.253439451612 0.746560548388 0 14 14
2014-06-08T11:00:00 70 0.261453471902 0.738546528098 0 19 19
2014-06-08T12:00:00 64 0.253444369204 0.746555630796 0 20 20
2014-06-08T13:00:00 67 0.287027688136 0.712972311864 0 20 20
2014-06-08T14:00:00 66 0.281928307551 0.718071692449 0 20 20
2014-06-09T23:00:00 40 0.253548340852 0.746451659148 1 15 16
2014-06-10T00:00:00 36 0.253364074143 0.746635925857 1 13 14
2014-06-10T01:00:00 33 0.179871292329 0.820128707671 0 8 8
2014-06-10T02:00:00 30 0.190930719835 0.809069280165 0 7 7
2014-06-10T03:00:00 31 0.155841287223 0.844158712777 0 5 5
2014-06-10T04:00:00 34 0.140757286022 0.859242713978 0 3 3
2014-06-10T05:00:00 37 0.140757286022 0.859242713978 0 3 3
2014-06-10T06:00:00 45 0 0 0 0 0
2014-06-10T07:00:00 47 0.35576313612 0.64423686388 0 2 2
2014-06-10T08:00:00 49 0.35576313612 0.64423686388 0 2 2
2014-06-10T09:00:00 48 0.336374362905 0.663625637095 0 3 3
2014-06-10T10:00:00 46 0.321614691672 0.678385308328 0 5 5
2014-06-10T11:00:00 45 0.291573377994 0.708426622006 0 6 6
2014-06-10T12:00:00 47 0.305747067794 0.694252932206 0 7 7
2014-06-10T13:00:00 46 0.253781977425 0.746218022575 0 7 7
2014-06-10T14:00:00 44 0.253781977425 0.746218022575 0 7 7
2014-06-10T15:00:00 43 0.238168749652 0.761831250348 0 7 7
2014-06-10T16:00:00 41 0.201625505438 0.798374494562 0 7 7
2014-06-10T17:00:00 39 0.196066718322 0.803933281678 0 7 7
2014-06-10T18:00:00 42 0.169286180678 0.830713819322 0 8 8
2014-06-10T19:00:00 41 0.167753134296 0.832246865705 0 6 6
2014-06-10T20:00:00 48 0.167753134296 0.832246865705 0 6 6
2014-06-10T21:00:00 51 0.238017771523 0.761982228477 1 6 7
2014-06-10T22:00:00 55 0.267223005161 0.732776994839 1 5 6
2014-06-11T01:00:00 49 0.307681601799 0.692318398201 1 3 4
2014-06-11T02:00:00 47 0.426292152746 0.573707847254 3 4 7
2014-06-11T03:00:00 45 0.430175030348 0.569824969652 3 4 7
2014-06-11T04:00:00 43 0.511293404727 0.488706595273 5 3 8
2014-06-11T05:00:00 43 0.586205819024 0.413794180976 6 2 8
2014-06-11T06:00:00 41 0.575212874275 0.424787125725 8 3 11
2014-06-18T17:00:00 47 0.34644945614 0.65355054386 0 1 1
2014-06-18T18:00:00 43 0.34644945614 0.65355054386 0 1 1
2014-06-18T19:00:00 40 0.0 0.0 0 0 0
2014-06-20T11:00:00 27 0.323229368377 0.676770631623 1 9 10
2014-06-20T12:00:00 35 0.309225148446 0.690774851554 1 10 11
2014-06-20T13:00:00 43 0.256177322645 0.743822677355 1 17 18
2014-06-20T14:00:00 47 0.24757677668 0.75242322332 1 18 19
2014-06-20T15:00:00 45 0.216392698223 0.783607301777 0 20 20
2014-06-20T16:00:00 45 0.2148266352 0.7851733648 0 18 18
2014-06-20T17:00:00 56 0.21635557281 0.78364442719 0 19 19
2014-06-20T18:00:00 67 0.227186477595 0.772813522405 0 19 19
2014-06-20T19:00:00 72 0.257398040964 0.742601959036 0 11 11
2014-06-20T20:00:00 73 0.266316633502 0.733683366498 0 9 9
2014-06-20T21:00:00 74 0.297560924772 0.702439075228 0 6 6
2014-06-20T22:00:00 75 0.341623593829 0.658376406171 1 6 7
2014-06-20T23:00:00 78 0.380722451448 0.619277548552 1 4 5
2014-06-21T00:00:00 78 0.390679357579 0.609320642421 1 3 4
2014-06-21T01:00:00 76 0.410523560862 0.589476439138 1 2 3
2014-06-21T02:00:00 71 0.349982300372 0.650017699628 1 3 4
2014-06-21T03:00:00 72 0.349982300372 0.650017699628 1 3 4
2014-06-21T04:00:00 74 0.264643197771 0.735356802229 0 3 3
2014-06-21T05:00:00 74 0.264643197771 0.735356802229 0 3 3
2014-06-21T06:00:00 65 0.233958553318 0.766041446682 0 2 2
2014-06-21T07:00:00 46 0.168358518902 0.831641481098 0 1 1
2014-06-21T10:00:00 25 0.341761799772 0.658238200228 0 1 1
2014-06-21T11:00:00 25 0.309986774383 0.690013225617 0 2 2
2014-06-21T12:00:00 25 0.338638946035 0.661361053965 0 3 3
2014-06-21T13:00:00 26 0.338638946035 0.661361053965 0 3 3
2014-06-21T14:00:00 29 0.350067831619 0.649932168381 0 4 4
2014-06-25T18:00:00 25 0.689057881321 0.310942118679 2 0 2
2014-06-26T08:00:00 24 0 0 0 0 0
2014-06-26T09:00:00 27 0.537788470899 0.462211529101 3 1 4
2014-06-26T10:00:00 26 0.537788470899 0.462211529101 3 1 4
2014-06-26T13:00:00 29 0.431427773599 0.5685722264 3 3 6
2014-06-26T14:00:00 30 0.419578327871 0.580421672129 3 4 7
2014-06-26T15:00:00 28 0.261964803833 0.738035196167 0 3 3
2014-06-26T16:00:00 29 0.257237750083 0.742762249917 0 5 5
2014-06-26T17:00:00 31 0.267404694116 0.732595305884 0 6 6
2014-06-26T18:00:00 39 0.291451278792 0.708548721208 0 7 7
2014-06-26T19:00:00 45 0.310250216287 0.689749783713 0 6 6
2014-06-26T20:00:00 47 0.369174698653 0.630825301347 1 5 6
2014-06-26T21:00:00 49 0.416725248515 0.583274751485 2 5 7
2014-06-26T22:00:00 50 0.452050863315 0.547949136685 2 4 6
2014-06-26T23:00:00 44 0.478813153122 0.521186846878 2 3 5
2014-06-27T00:00:00 32 0.56652662486 0.43347337514 2 1 3
2014-06-27T01:00:00 29 0.56652662486 0.43347337514 2 1 3
2014-06-27T02:00:00 25 0.498775663446 0.501224336554 1 1 2
2014-06-27T03:00:00 27 0.295522779201 0.704477220799 0 1 1
2014-06-27T04:00:00 27 0 0 0 0 0
2014-06-27T05:00:00 29 0 0 0 0 0
2014-06-27T06:00:00 29 0 0 0 0 0
2014-06-27T07:00:00 28 0.0 0.0 0 0 0
2014-06-27T08:00:00 29 0.0 0.0 0 0 0
2014-08-23T05:00:00 68 0.755100091138 0.244899908862 1 0 1
2014-08-23T06:00:00 67 0.0 0.0 0 0 0
2014-08-23T07:00:00 67 0.521853948469 0.478146051531 1 1 2
2014-08-23T08:00:00 68 0.400638416328 0.599361583672 1 2 3
2014-08-23T09:00:00 67 0.400638416328 0.599361583672 1 2 3
2014-08-23T10:00:00 72 0.385919262189 0.614080737811 1 3 4
2014-08-23T11:00:00 73 0.385919262189 0.614080737811 1 3 4
2014-08-23T12:00:00 70 0.357469525162 0.642530474838 1 5 6
2014-08-23T13:00:00 73 0.275277313509 0.724722686491 0 4 4
2014-08-23T14:00:00 76 0.314300633996 0.685699366004 0 3 3
2014-08-23T17:00:00 73 0.302754498238 0.697245501762 0 4 4
2014-08-23T18:00:00 74 0.232348502808 0.767651497192 0 4 4
2014-08-23T19:00:00 83 0.232348502808 0.767651497192 0 4 4
2014-08-23T20:00:00 88 0.272938705877 0.727061294123 1 6 7
2014-08-23T21:00:00 89 0.272938705877 0.727061294123 1 6 7
2014-08-23T22:00:00 86 0.278957027524 0.721042972476 1 9 10
2014-08-23T23:00:00 86 0.270262377576 0.729737622424 1 8 9
2014-08-24T00:00:00 86 0.310277962838 0.689722037162 1 7 8
2014-08-24T01:00:00 87 0.297969117908 0.702030882092 1 8 9
2014-08-24T02:00:00 80 0.283424188544 0.716575811456 0 6 6
2014-08-24T03:00:00 74 0.283424188544 0.716575811456 0 6 6
2014-08-24T04:00:00 71 0.273848599054 0.726151400946 0 3 3
2014-08-24T05:00:00 69 0.284438391738 0.715561608262 0 2 2
2014-08-24T06:00:00 71 0.260245609647 0.739754390353 0 3 3
2014-08-24T07:00:00 75 0.26802076647 0.73197923353 0 4 4
2014-08-24T08:00:00 88 0.228938034522 0.771061965478 0 5 5
2014-08-24T09:00:00 101 0.303818334642 0.696181665358 1 6 7
2014-08-24T10:00:00 113 0.325964484923 0.674035515077 1 12 13
2014-08-24T11:00:00 118 0.290559860888 0.709440139112 1 28 29
2014-08-24T12:00:00 106 0.282648436194 0.717351563806 2 51 53
2014-08-24T13:00:00 102 0.274395958566 0.725604041434 2 57 59
2014-08-24T14:00:00 103 0.273548165323 0.726451834677 2 63 65
2014-08-24T15:00:00 93 0.26602380691 0.73397619309 1 75 76
2014-09-09T20:00:00 51 0.253024517678 0.746975482322 0 3 3
2014-09-09T21:00:00 50 0.256058918206 0.743941081794 0 4 4
2014-09-09T22:00:00 47 0.258314493775 0.741685506225 0 3 3
2014-09-09T23:00:00 45 0.29516103287 0.70483896713 0 2 2
2014-09-10T00:00:00 46 0.321383364283 0.678616635717 0 2 2
2014-09-10T01:00:00 47 0.321383364283 0.678616635717 0 2 2
2014-09-10T02:00:00 51 0.321383364283 0.678616635717 0 2 2
2014-09-10T03:00:00 49 0.377604608774 0.622395391226 0 1 1
2014-09-10T04:00:00 50 0.377604608774 0.622395391226 0 1 1
2014-09-10T05:00:00 49 0.377604608774 0.622395391226 0 1 1
2014-09-10T06:00:00 49 0.0 0.0 0 0 0
2014-09-10T07:00:00 46 0.483516831915 0.516483168085 1 1 2
2014-09-10T08:00:00 47 0.483516831915 0.516483168085 1 1 2
2014-09-10T09:00:00 49 0.444960059426 0.555039940574 1 2 3
2014-09-10T10:00:00 69 0.444960059426 0.555039940574 1 2 3
2014-09-10T11:00:00 96 0.444960059426 0.555039940574 1 2 3
2014-09-10T12:00:00 101 0.444960059426 0.555039940574 1 2 3
2014-09-10T13:00:00 107 0.367846514448 0.632153485552 0 1 1
2014-09-10T14:00:00 113 0.367846514448 0.632153485552 0 1 1
2014-09-10T15:00:00 114 0 0 0 0 0
2014-09-10T16:00:00 115 0 0 0 0 0
2014-09-10T17:00:00 89 0 0 0 0 0
2014-09-10T18:00:00 76 0 0 0 0 0
2014-09-10T19:00:00 64 0 0 0 0 0
2014-10-08T01:00:00 53 0.527298539596 0.472701460404 10 7 17
2014-10-08T02:00:00 47 0.538162099239 0.461837900761 11 7 18
2014-10-08T03:00:00 45 0.52821431183 0.47178568817 8 6 14
2014-10-08T04:00:00 44 0.600305196892 0.399694803108 9 4 13
2014-10-08T05:00:00 44 0.612631559994 0.387368440006 7 3 10
2014-10-08T06:00:00 45 0.626841682864 0.373158317136 8 3 11
2014-10-08T07:00:00 52 0.644816460466 0.355183539534 7 2 9
2014-10-08T08:00:00 56 0.716137015559 0.283862984441 15 1 16
2014-10-08T09:00:00 52 0.71506649581 0.284933504191 19 1 20
2014-10-08T10:00:00 48 0.683115093226 0.316884906774 23 3 26
2014-10-08T11:00:00 44 0.668558455439 0.331441544561 28 5 33
2014-10-08T12:00:00 40 0.658943579039 0.341056420961 28 6 34
2014-10-08T13:00:00 42 0.659735790198 0.340264209802 29 6 35
2014-10-08T14:00:00 44 0.624276815992 0.375723184008 23 7 30
2014-10-08T15:00:00 42 0.633850653289 0.366149346711 28 8 36
2014-10-08T16:00:00 45 0.640244419951 0.359755580049 30 7 37
2014-10-08T17:00:00 45 0.648346977198 0.351653022802 38 7 45
2014-10-08T18:00:00 45 0.643090652717 0.356909347283 58 10 68
2014-10-08T19:00:00 45 0.653267894247 0.346732105753 116 11 127
2014-10-08T20:00:00 46 0.655526129398 0.344473870602 181 16 197
2014-10-08T21:00:00 43 0.651982172732 0.348017827268 206 19 225
2014-10-08T22:00:00 41 0.646066718035 0.353933281965 218 23 241
2014-10-08T23:00:00 43 0.642343230155 0.357656769845 223 24 247
2014-10-09T00:00:00 41 0.643701510406 0.356298489594 216 22 238
2014-10-09T01:00:00 41 0.635989972258 0.364010027742 163 21 184
