2013-06-10T23:00:00 54 0 0 0 0 0
2013-06-11T00:00:00 54 0 0 0 0 0
2013-06-11T01:00:00 54 0 0 0 0 0
2013-06-11T02:00:00 54 0 0 0 0 0
2013-06-11T03:00:00 55 0 0 0 0 0
2013-06-11T04:00:00 57 0 0 0 0 0
2013-06-11T05:00:00 60 0 0 0 0 0
2013-06-11T06:00:00 63 0 0 0 0 0
2013-06-11T07:00:00 67 0 0 0 0 0
2013-06-11T08:00:00 71 0 0 0 0 0
2013-06-11T09:00:00 76 0 0 0 0 0
2013-06-11T10:00:00 81 0 0 0 0 0
2013-06-11T11:00:00 85 0 0 0 0 0
2013-06-11T12:00:00 88 0 0 0 0 0
2013-06-11T13:00:00 93 0 0 0 0 0
2013-06-11T14:00:00 96 0 0 0 0 0
2013-06-11T15:00:00 101 0 0 0 0 0
2013-06-11T16:00:00 105 0 0 0 0 0
2013-06-11T17:00:00 110 0 0 0 0 0
2013-06-11T18:00:00 116 0 0 0 0 0
2013-06-11T19:00:00 123 0 0 0 0 0
2013-06-11T20:00:00 132 0 0 0 0 0
2013-06-11T21:00:00 139 0 0 0 0 0
2013-06-11T22:00:00 148 0 0 0 0 0
2013-11-14T09:00:00 45 0.54394817495 0.45605182505 4 4 8
2013-11-14T10:00:00 46 0.492421581835 0.507578418165 6 6 12
2013-11-14T11:00:00 47 0.461531821797 0.538468178203 6 8 14
2013-11-14T12:00:00 49 0.397367458309 0.602632541691 6 12 18
2013-11-14T13:00:00 49 0.385585350624 0.614414649376 6 13 19
2013-11-14T14:00:00 50 0.326536011566 0.673463988434 3 13 16
2013-11-14T15:00:00 51 0.332527635362 0.667472364638 4 11 15
2013-11-14T16:00:00 53 0.304707375711 0.695292624289 2 11 13
2013-11-14T17:00:00 56 0.302180884966 0.697819115034 2 10 12
2013-11-14T18:00:00 62 0.298425253742 0.701574746259 1 7 8
2013-11-14T19:00:00 70 0.31202213631 0.68797786369 1 5 6
2013-11-14T20:00:00 76 0.31202213631 0.68797786369 1 5 6
2013-11-14T21:00:00 82 0.330884420862 0.669115579138 1 4 5
2013-11-14T22:00:00 88 0.378383331884 0.621616668115 1 3 4
2013-11-14T23:00:00 94 0.452839742876 0.547160257124 2 3 5
2013-11-15T00:00:00 100 0.505056905248 0.494943094752 2 2 4
2013-11-15T01:00:00 106 0.539930438526 0.460069561474 3 2 5
2013-11-15T02:00:00 112 0.569025814196 0.430974185804 5 2 7
2013-11-15T03:00:00 118 0.586352395546 0.413647604454 7 2 9
2013-11-15T04:00:00 125 0.612055454554 0.387944545446 8 1 9
2013-11-15T05:00:00 132 0.650350907731 0.349649092269 8 0 8
2013-11-15T06:00:00 139 0.647111216933 0.352888783067 9 0 9
2013-11-15T07:00:00 146 0.643072047594 0.356927952406 8 0 8
2013-11-18T20:00:00 74 0.364151808269 0.635848191731 0 4 4
2013-11-18T21:00:00 74 0.343086813963 0.656913186037 0 3 3
2013-11-18T22:00:00 75 0.343086813963 0.656913186037 0 3 3
2013-11-18T23:00:00 75 0.343086813963 0.656913186037 0 3 3
2013-11-19T00:00:00 77 0.434135505872 0.565864494128 1 2 3
2013-11-19T01:00:00 78 0.406670180832 0.593329819168 1 2 3
2013-11-19T02:00:00 79 0.406670180832 0.593329819168 1 2 3
2013-11-19T03:00:00 81 0.424634459688 0.575365540312 1 1 2
2013-11-19T04:00:00 82 0.424634459688 0.575365540312 1 1 2
2013-11-19T05:00:00 84 0.424634459688 0.575365540312 1 1 2
2013-11-19T06:00:00 86 0.243876449783 0.756123550217 0 1 1
2013-11-19T07:00:00 88 0.366504117152 0.633495882847 0 2 2
2013-11-20T09:00:00 119 0.588574085189 0.411425914811 11 3 14
2013-11-20T10:00:00 119 0.580607896086 0.419392103914 9 3 12
2013-11-20T11:00:00 121 0.555618653451 0.444381346549 7 3 10
2013-11-20T12:00:00 124 0.525414929826 0.474585070174 6 4 10
2013-11-20T13:00:00 127 0.51747730444 0.48252269556 4 3 7
2013-11-20T14:00:00 129 0.411523190564 0.588476809436 2 4 6
2013-11-20T15:00:00 132 0.446809784437 0.553190215563 2 3 5
2013-11-20T16:00:00 134 0.389888651544 0.610111348456 2 5 7
2013-11-20T17:00:00 136 0.353170614562 0.646829385438 1 5 6
2013-11-20T18:00:00 139 0.367196841417 0.632803158583 1 4 5
2013-11-20T19:00:00 141 0.367196841417 0.632803158583 1 4 5
2013-11-20T20:00:00 144 0.395201474477 0.604798525524 1 3 4
2013-11-20T21:00:00 147 0.452635139947 0.547364860053 2 2 4
2013-11-25T07:00:00 70 0.364837178584 0.635162821416 0 12 12
2013-11-25T08:00:00 71 0.380140462421 0.619859537579 1 14 15
2013-11-25T09:00:00 73 0.396291162066 0.603708837934 2 15 17
2013-11-25T10:00:00 76 0.401588389247 0.598411610753 3 15 18
2013-11-25T11:00:00 80 0.422503453916 0.577496546084 7 20 27
2013-11-25T12:00:00 84 0.407095952676 0.592904047324 9 24 33
2013-11-25T13:00:00 88 0.414340611303 0.585659388697 10 22 32
2013-11-25T14:00:00 92 0.392160487148 0.607839512852 9 24 33
2013-11-25T15:00:00 96 0.376605310567 0.623394689433 8 24 32
2013-11-25T16:00:00 99 0.362676343371 0.637323656629 7 25 32
2013-11-25T17:00:00 103 0.320411271961 0.679588728039 3 18 21
2013-11-25T18:00:00 106 0.290401418235 0.709598581765 1 12 13
2013-11-25T19:00:00 110 0.251585787723 0.748414212277 0 10 10
2013-11-25T20:00:00 115 0.296324980639 0.703675019361 1 5 6
2013-11-25T21:00:00 118 0.320702882928 0.679297117071 1 3 4
2013-11-25T22:00:00 123 0.409283647726 0.590716352274 1 2 3
2013-11-25T23:00:00 129 0.458124928714 0.541875071286 2 3 5
2013-11-26T00:00:00 135 0.44425192757 0.55574807243 3 5 8
2013-11-26T01:00:00 130 0.429007538954 0.570992461046 3 6 9
2013-11-26T02:00:00 134 0.40059906261 0.59940093739 2 6 8
2013-11-26T03:00:00 138 0.40059906261 0.59940093739 2 6 8
2013-11-26T04:00:00 142 0.409088159618 0.590911840382 2 5 7
2013-11-26T05:00:00 146 0.360168683386 0.639831316614 1 4 5
2013-11-30T05:00:00 95 0.337303712389 0.662696287611 0 1 1
2013-11-30T06:00:00 96 0.337303712389 0.662696287611 0 1 1
2013-11-30T07:00:00 98 0.291737587803 0.708262412197 0 1 1
2013-11-30T08:00:00 100 0.463937637663 0.536062362337 1 1 2
2013-11-30T09:00:00 96 0.369281371022 0.630718628978 1 4 5
2013-11-30T10:00:00 101 0.369281371022 0.630718628978 1 4 5
2013-11-30T11:00:00 102 0.364546128408 0.635453871592 1 5 6
2013-11-30T12:00:00 103 0.404526417764 0.595473582236 2 5 7
2013-11-30T13:00:00 104 0.403085214394 0.596914785606 2 5 7
2013-11-30T14:00:00 106 0.423079749405 0.576920250595 3 8 11
2013-11-30T15:00:00 107 0.481991988618 0.518008011382 4 5 9
2013-11-30T18:00:00 110 0.414839781287 0.585160218713 4 12 16
2013-11-30T19:00:00 113 0.423719155759 0.576280844241 4 11 15
2013-11-30T20:00:00 116 0.388736890617 0.611263109383 2 8 10
2013-11-30T21:00:00 118 0.388666407729 0.611333592271 2 8 10
2013-11-30T22:00:00 121 0.319942100888 0.680057899112 1 5 6
2013-11-30T23:00:00 124 0.310707726541 0.689292273459 1 3 4
2013-12-01T00:00:00 128 0.294489378965 0.705510621035 1 4 5
2013-12-01T01:00:00 131 0.262483699102 0.737516300898 1 5 6
2013-12-01T02:00:00 135 0.319705767954 0.680294232046 2 5 7
2013-12-01T03:00:00 140 0.26856277435 0.73143722565 1 6 7
2013-12-01T04:00:00 144 0.296247353443 0.703752646557 1 5 6
2013-12-01T05:00:00 148 0.306721534175 0.693278465825 1 4 5
2013-12-08T08:00:00 149 0.694321320112 0.305678679888 28 2 30
2013-12-08T09:00:00 144 0.652031073193 0.347968926807 61 13 74
2013-12-08T10:00:00 141 0.655641086938 0.344358913062 95 18 113
2013-12-08T11:00:00 140 0.652835200179 0.347164799821 121 23 144
2013-12-08T12:00:00 143 0.646715415168 0.353284584832 142 27 169
2013-12-08T13:00:00 146 0.645318388619 0.354681611381 150 31 181
2013-12-08T14:00:00 147 0.641725852619 0.358274147381 152 31 183
2013-12-08T15:00:00 147 0.639047463187 0.360952536813 133 25 158
2013-12-08T16:00:00 148 0.62733525733 0.37266474267 106 23 129
2013-12-08T17:00:00 148 0.601213764401 0.398786235599 94 31 125
2013-12-04T14:00:00 149 0.605087669271 0.394912330729 12 4 16
2013-12-04T15:00:00 148 0.553913937613 0.446086062387 12 7 19
2013-12-04T16:00:00 148 0.537868774834 0.462131225166 9 6 15
2013-12-04T17:00:00 148 0.499844805403 0.500155194597 10 8 18
2013-12-04T18:00:00 148 0.470739874593 0.529260125407 8 9 17
2013-12-04T19:00:00 146 0.470547023724 0.529452976276 7 8 15
2013-12-04T20:00:00 145 0.463415876093 0.536584123907 7 9 16
2013-12-04T21:00:00 146 0.483917853382 0.516082146618 6 6 12
2013-12-04T22:00:00 146 0.542141220447 0.457858779554 8 4 12
2013-12-04T23:00:00 148 0.63203928855 0.36796071145 8 2 10
2013-12-23T21:00:00 69 0.559028540586 0.440971459414 1 1 2
2013-12-23T22:00:00 71 0.780403267333 0.219596732667 2 0 2
2013-12-23T23:00:00 74 0.611116465955 0.388883534045 4 2 6
2013-12-24T00:00:00 77 0.661150110506 0.338849889494 8 2 10
2013-12-24T01:00:00 80 0.648452025373 0.351547974627 10 3 13
2013-12-24T02:00:00 83 0.638803711616 0.361196288384 9 3 12
2013-12-24T03:00:00 86 0.638803711616 0.361196288384 9 3 12
2013-12-24T04:00:00 90 0.624460890471 0.375539109529 8 3 11
2013-12-24T05:00:00 92 0.688021755555 0.311978244445 7 1 8
2013-12-24T06:00:00 95 0.639842933779 0.360157066222 3 1 4
2013-12-24T07:00:00 99 0.630456556035 0.369543443965 2 1 3
2013-12-24T08:00:00 102 0.712047038329 0.287952961671 12 1 13
2013-12-24T09:00:00 107 0.710493942528 0.289506057472 20 1 21
2013-12-24T10:00:00 111 0.712501898408 0.287498101592 23 1 24
2013-12-24T11:00:00 116 0.711827756903 0.288172243097 25 1 26
2013-12-24T12:00:00 120 0.71878915323 0.28121084677 30 1 31
2013-12-24T13:00:00 148 0.725443730921 0.274556269079 33 0 33
2013-12-24T14:00:00 125 0.717740287918 0.282259712082 27 0 27
2013-12-24T17:00:00 135 0.710425369441 0.289574630559 29 0 29
2013-12-24T18:00:00 140 0.681262558177 0.318737441823 29 1 30
2013-12-24T19:00:00 146 0.654669273956 0.345330726044 28 3 31
2013-12-25T18:00:00 149 0.631552547776 0.368447452224 43 10 53
2013-12-25T19:00:00 146 0.628966772781 0.371033227219 37 9 46
2013-12-25T20:00:00 143 0.639550349392 0.360449650608 33 6 39
2013-12-25T21:00:00 140 0.572950632762 0.427049367238 30 13 43
2013-12-25T22:00:00 137 0.570681667547 0.429318332453 33 15 48
2013-12-25T23:00:00 134 0.561097943506 0.438902056494 34 18 52
2013-12-26T00:00:00 131 0.549792268186 0.450207731814 32 19 51
2013-12-26T01:00:00 128 0.555789229474 0.444210770526 32 18 50
2013-12-26T02:00:00 126 0.550337809901 0.449662190099 24 16 40
2013-12-26T03:00:00 125 0.569459571693 0.430540428307 17 9 26
2013-12-26T04:00:00 126 0.56043050797 0.43956949203 11 6 17
2013-12-26T05:00:00 131 0.586609186895 0.413390813105 7 2 9
2013-12-26T06:00:00 140 0.582779539991 0.417220460009 4 1 5
2013-12-28T09:00:00 95 0.389767258476 0.610232741524 1 2 3
2013-12-28T10:00:00 98 0.421613881916 0.578386118084 2 3 5
2013-12-28T11:00:00 101 0.375181328371 0.624818671629 2 4 6
2013-12-28T12:00:00 103 0.325866668055 0.674133331945 2 8 10
2013-12-28T13:00:00 104 0.291763652607 0.708236347392 2 12 14
2013-12-28T14:00:00 106 0.27398131736 0.72601868264 1 14 15
2013-12-28T15:00:00 107 0.304481411357 0.695518588643 2 13 15
2013-12-28T16:00:00 109 0.299909200654 0.700090799346 2 14 16
2013-12-28T17:00:00 112 0.31418194568 0.68581805432 2 14 16
2013-12-28T18:00:00 114 0.334944368379 0.665055631621 2 10 12
2013-12-28T19:00:00 117 0.399163495575 0.600836504425 2 6 8
2013-12-28T20:00:00 119 0.42264624761 0.57735375239 2 4 6
2013-12-28T21:00:00 123 0.402413496147 0.597586503853 2 5 7
2013-12-28T22:00:00 125 0.41170019969 0.58829980031 1 3 4
2013-12-28T23:00:00 128 0.425139439236 0.574860560764 1 2 3
2013-12-29T00:00:00 131 0.491774657702 0.508225342298 2 2 4
2013-12-29T01:00:00 134 0.491774657702 0.508225342298 2 2 4
2013-12-29T02:00:00 137 0.491774657702 0.508225342298 2 2 4
2013-12-29T03:00:00 139 0.691680313101 0.308319686899 1 0 1
2013-12-29T04:00:00 141 0.691680313101 0.308319686899 1 0 1
2013-12-29T05:00:00 143 0.691680313101 0.308319686899 1 0 1
2013-12-29T06:00:00 145 0 0 0 0 0
2013-12-29T07:00:00 147 0 0 0 0 0
2013-12-31T12:00:00 149 0.590181911947 0.409818088053 13 4 17
2013-12-31T13:00:00 147 0.589395860267 0.410604139733 12 4 16
2013-12-31T14:00:00 144 0.627343478369 0.372656521631 11 2 13
2013-12-31T15:00:00 93 0.571704694334 0.428295305666 9 4 13
2013-12-31T16:00:00 89 0.501473954325 0.498526045675 5 4 9
2013-12-31T17:00:00 86 0.554437202926 0.445562797074 6 3 9
2013-12-31T18:00:00 93 0.45744514992 0.54255485008 2 3 5
2013-12-31T19:00:00 112 0.45744514992 0.54255485008 2 3 5
2013-12-31T20:00:00 124 0.423012924602 0.576987075398 2 4 6
2013-12-31T21:00:00 147 0.509576312205 0.490423687795 3 2 5
2014-01-02T12:00:00 130 0.555117229778 0.444882770222 5 4 9
2014-01-02T13:00:00 112 0.581786658529 0.418213341471 5 3 8
2014-01-02T14:00:00 81 0.567292514421 0.432707485579 4 3 7
2014-01-02T15:00:00 78 0.461836952492 0.538163047508 2 4 6
2014-01-02T16:00:00 80 0.4712929992 0.5287070008 2 3 5
2014-01-02T17:00:00 92 0.429422018443 0.570577981557 1 2 3
2014-01-02T18:00:00 99 0.59783368979 0.40216631021 3 1 4
2014-01-02T19:00:00 105 0.62093708074 0.37906291926 4 1 5
2014-01-02T20:00:00 109 0.633857513002 0.366142486998 5 1 6
2014-01-02T21:00:00 110 0.711853725646 0.288146274354 5 0 5
2014-01-02T22:00:00 108 0.731431192438 0.268568807562 5 0 5
2014-01-02T23:00:00 109 0.67003493899 0.32996506101 7 1 8
2014-01-03T00:00:00 109 0.620014811843 0.379985188157 8 2 10
2014-01-03T01:00:00 103 0.586506576517 0.413493423483 7 3 10
2014-01-03T02:00:00 98 0.574067343428 0.425932656572 6 3 9
2014-01-03T03:00:00 99 0.574067343428 0.425932656572 6 3 9
2014-01-03T04:00:00 103 0.55065060955 0.44934939045 5 3 8
2014-01-03T05:00:00 107 0.540416265335 0.459583734665 3 2 5
2014-01-03T06:00:00 119 0.37826829127 0.62173170873 0 1 1
2014-01-03T07:00:00 134 0.341761799772 0.658238200228 0 1 1
2014-01-12T02:00:00 54 0.704722603295 0.295277396705 6 0 6
2014-01-12T03:00:00 52 0.704722603295 0.295277396705 6 0 6
2014-01-12T04:00:00 51 0.708647017539 0.291352982461 5 0 5
2014-01-12T05:00:00 50 0.742776312853 0.257223687147 3 0 3
2014-01-12T06:00:00 57 0.0 0.0 0 0 0
2014-01-12T07:00:00 63 0.6322068362 0.3677931638 1 0 1
2014-01-12T08:00:00 55 0.6322068362 0.3677931638 1 0 1
2014-01-12T09:00:00 48 0.6322068362 0.3677931638 1 0 1
2014-01-12T10:00:00 62 0.410472857479 0.589527142521 1 4 5
2014-01-12T11:00:00 79 0.370322790521 0.629677209478 1 5 6
2014-01-12T12:00:00 79 0.412412318013 0.587587681987 2 6 8
2014-01-12T13:00:00 85 0.350621836335 0.649378163665 1 8 9
2014-01-12T14:00:00 92 0.33994729768 0.66005270232 1 9 10
2014-01-12T15:00:00 104 0.329680736627 0.670319263373 1 10 11
2014-01-12T16:00:00 113 0.306275887686 0.693724112314 1 7 8
2014-01-12T17:00:00 133 0.325804949394 0.674195050606 1 6 7
2014-01-12T18:00:00 141 0.24592126798 0.75407873202 0 6 6
2014-01-16T19:00:00 87 0.715742928655 0.284257071345 29 2 31
2014-01-16T20:00:00 93 0.688182212358 0.311817787642 20 4 24
2014-01-16T21:00:00 93 0.692848939423 0.307151060577 21 4 25
2014-01-16T22:00:00 89 0.693292177757 0.306707822243 23 4 27
2014-01-16T23:00:00 85 0.676063829236 0.323936170764 22 5 27
2014-01-17T00:00:00 90 0.696215021232 0.303784978768 25 4 29
2014-01-17T01:00:00 87 0.68000231577 0.31999768423 23 5 28
2014-01-17T02:00:00 86 0.684562261946 0.315437738054 22 3 25
2014-01-17T03:00:00 88 0.665186952906 0.334813047094 17 3 20
2014-01-17T04:00:00 90 0.629224220019 0.370775779981 11 3 14
2014-01-17T05:00:00 92 0.628274245792 0.371725754208 7 2 9
2014-01-17T06:00:00 86 0.56696108066 0.43303891934 4 2 6
2014-01-17T07:00:00 97 0.651934597884 0.348065402116 6 1 7
2014-01-17T08:00:00 102 0.667674318501 0.332325681499 7 1 8
2014-01-17T09:00:00 110 0.691651523308 0.308348476692 8 0 8
2014-01-17T10:00:00 109 0.615771836579 0.384228163421 10 2 12
2014-01-17T11:00:00 96 0.625406774063 0.374593225937 12 3 15
2014-01-17T12:00:00 94 0.625406774063 0.374593225937 12 3 15
2014-01-17T13:00:00 101 0.58783714074 0.41216285926 10 4 14
2014-01-17T14:00:00 103 0.557887758991 0.442112241009 7 4 11
2014-01-17T15:00:00 106 0.503697854464 0.496302145536 5 5 10
2014-01-17T16:00:00 114 0.564825960723 0.435174039277 5 3 8
2014-01-17T17:00:00 122 0.44063765247 0.55936234753 4 7 11
2014-01-17T18:00:00 123 0.454391402882 0.545608597118 5 7 12
2014-01-19T10:00:00 146 0.580441868398 0.419558131602 6 2 8
2014-01-19T11:00:00 128 0.591104905665 0.408895094335 7 2 9
2014-01-19T12:00:00 120 0.606478308386 0.393521691614 10 2 12
2014-01-19T13:00:00 119 0.606478308386 0.393521691614 10 2 12
2014-01-19T14:00:00 127 0.615461781718 0.384538218282 10 2 12
2014-01-19T15:00:00 114 0.603850414387 0.396149585613 8 2 10
2014-01-19T16:00:00 101 0.631028968856 0.368971031144 6 1 7
2014-01-19T17:00:00 112 0.63405541298 0.36594458702 7 1 8
2014-01-19T18:00:00 147 0.636831275466 0.363168724534 5 1 6
2014-01-29T01:00:00 71 0.333889993652 0.666110006348 0 1 1
2014-01-29T02:00:00 68 0.333889993652 0.666110006348 0 1 1
2014-01-29T03:00:00 65 0.333889993652 0.666110006348 0 1 1
2014-01-29T04:00:00 62 0.333889993652 0.666110006348 0 1 1
2014-01-29T05:00:00 62 0.0 0.0 0 0 0
2014-01-29T06:00:00 61 0 0 0 0 0
2014-01-29T07:00:00 62 0 0 0 0 0
2014-01-29T08:00:00 65 0.557364737677 0.442635262323 2 1 3
2014-01-29T09:00:00 68 0.557364737677 0.442635262323 2 1 3
2014-01-29T10:00:00 67 0.627112747078 0.372887252922 4 1 5
2014-01-29T11:00:00 66 0.633171038779 0.366828961221 7 1 8
2014-01-29T12:00:00 63 0.633171038779 0.366828961221 7 1 8
2014-01-29T13:00:00 59 0.635877577352 0.364122422648 8 1 9
2014-01-29T14:00:00 55 0.675133997189 0.324866002811 6 0 6
2014-01-29T15:00:00 54 0.675133997189 0.324866002811 6 0 6
2014-01-29T16:00:00 60 0.652492433273 0.347507566727 5 0 5
2014-01-29T17:00:00 67 0.66632879576 0.33367120424 2 0 2
2014-01-29T18:00:00 75 0.64611341631 0.35388658369 3 0 3
2014-01-29T19:00:00 88 0.634685128165 0.365314871835 3 0 3
2014-01-29T20:00:00 108 0.664670479458 0.335329520542 5 0 5
2014-01-29T21:00:00 121 0.664670479458 0.335329520542 5 0 5
2014-01-29T22:00:00 134 0.681599360341 0.318400639659 5 0 5
2014-01-29T23:00:00 144 0.629937300793 0.370062699207 5 1 6
2014-01-31T19:00:00 109 0.529242159662 0.470757840338 1 1 2
2014-01-31T20:00:00 112 0.529242159662 0.470757840338 1 1 2
2014-01-31T21:00:00 111 0.529242159662 0.470757840338 1 1 2
2014-01-31T22:00:00 97 0.630008365402 0.369991634598 4 1 5
2014-01-31T23:00:00 89 0.630008365402 0.369991634598 4 1 5
2014-02-01T04:00:00 64 0.416569153407 0.583430846593 1 1 2
2014-02-01T05:00:00 59 0.416569153407 0.583430846593 1 1 2
2014-02-01T06:00:00 57 0.416569153407 0.583430846593 1 1 2
2014-02-01T07:00:00 52 0.730683007026 0.269316992974 2 0 2
2014-02-01T08:00:00 47 0.730683007026 0.269316992974 1 0 1
2014-02-01T09:00:00 45 0.638955217205 0.361044782795 6 2 8
2014-02-01T10:00:00 48 0.649576478894 0.350423521106 8 2 10
2014-02-01T11:00:00 49 0.649683038666 0.350316961334 9 2 11
2014-02-01T12:00:00 51 0.632621377339 0.367378622661 16 4 20
2014-02-01T13:00:00 60 0.629829896344 0.370170103656 17 4 21
2014-02-01T14:00:00 75 0.63942104857 0.36057895143 21 4 25
2014-02-01T15:00:00 83 0.645974071787 0.354025928213 17 2 19
2014-02-01T16:00:00 85 0.642162261963 0.357837738037 16 2 18
2014-02-01T17:00:00 88 0.641657181115 0.358342818885 15 2 17
2014-02-01T18:00:00 96 0.578815875977 0.421184124023 9 3 12
2014-02-01T19:00:00 105 0.564110722824 0.435889277176 7 3 10
2014-02-01T20:00:00 121 0.480334806204 0.519665193796 3 3 6
2014-02-01T21:00:00 141 0.442613791381 0.557386208619 2 3 5
2014-02-19T05:00:00 34 0.692011906999 0.307988093001 12 0 12
2014-02-19T06:00:00 38 0.695055613026 0.304944386974 12 0 12
2014-02-19T07:00:00 40 0.682547848564 0.317452151436 13 0 13
2014-02-19T08:00:00 40 0.662979385825 0.337020614175 16 1 17
2014-02-19T09:00:00 51 0.567956202292 0.432043797708 20 8 28
2014-02-19T10:00:00 58 0.511536837083 0.488463162917 20 15 35
2014-02-19T11:00:00 57 0.48033927508 0.51966072492 19 20 39
2014-02-19T12:00:00 68 0.453617554797 0.546382445203 18 23 41
2014-02-19T13:00:00 80 0.413687195024 0.586312804976 16 31 47
2014-02-19T14:00:00 92 0.363728210356 0.636271789644 11 38 49
2014-02-19T15:00:00 89 0.316643757768 0.683356242232 5 40 45
2014-02-19T16:00:00 84 0.300093805751 0.699906194249 3 38 41
2014-02-19T17:00:00 95 0.300818449944 0.699181550056 4 36 40
2014-02-19T18:00:00 113 0.292160337344 0.707839662656 3 39 42
2014-02-19T19:00:00 125 0.286370914656 0.713629085344 2 34 36
2014-02-19T20:00:00 136 0.276335244159 0.723664755841 1 27 28
2014-02-19T21:00:00 147 0.274886370608 0.725113629392 1 19 20
2014-03-08T01:00:00 111 0.495835234214 0.504164765786 13 11 24
2014-03-08T02:00:00 97 0.518502836083 0.481497163917 13 9 22
2014-03-08T03:00:00 103 0.517911208371 0.482088791629 10 6 16
2014-03-08T04:00:00 108 0.530569266008 0.469430733992 9 5 14
2014-03-08T05:00:00 105 0.502494130015 0.497505869985 6 4 10
2014-03-08T06:00:00 93 0.583773797233 0.416226202767 3 1 4
2014-03-08T07:00:00 79 0.651307815642 0.348692184358 1 0 1
2014-03-08T08:00:00 71 0.460801037051 0.539198962949 1 1 2
2014-03-08T09:00:00 49 0.529375402765 0.470624597235 2 1 3
2014-03-08T13:00:00 45 0.470142104044 0.529857895956 4 4 8
2014-03-08T14:00:00 39 0.440487315433 0.559512684567 3 4 7
2014-03-08T17:00:00 42 0.30582772309 0.69417227691 1 5 6
2014-03-08T18:00:00 45 0.307845473847 0.692154526153 1 6 7
2014-03-08T19:00:00 50 0.34173914743 0.65826085257 1 5 6
2014-03-08T20:00:00 50 0.430029048643 0.569970951357 2 4 6
2014-03-08T21:00:00 49 0.450228714189 0.549771285811 2 4 6
2014-03-09T09:00:00 110 0.590878060468 0.409121939533 3 1 4
2014-03-09T10:00:00 105 0.525235688372 0.474764311628 5 3 8
2014-03-09T11:00:00 85 0.544732635578 0.455267364422 6 3 9
2014-03-09T12:00:00 86 0.525438520088 0.474561479912 6 4 10
2014-03-09T13:00:00 89 0.505769959351 0.494230040649 7 6 13
2014-03-09T14:00:00 96 0.499262804556 0.500737195444 9 8 17
2014-03-09T15:00:00 95 0.457577665356 0.542422334644 7 10 17
2014-03-09T16:00:00 92 0.456957465073 0.543042534927 5 8 13
2014-03-16T21:00:00 70 0.533430525163 0.466569474837 6 4 10
2014-03-16T22:00:00 66 0.537944225801 0.462055774199 6 4 10
2014-03-16T23:00:00 62 0.539362511075 0.460637488925 5 3 8
2014-03-17T00:00:00 63 0.539362511075 0.460637488925 5 3 8
2014-03-17T01:00:00 66 0.524994501516 0.475005498484 4 3 7
2014-03-17T02:00:00 69 0.524994501516 0.475005498484 4 3 7
2014-03-17T03:00:00 71 0.412380186864 0.587619813136 1 2 3
2014-03-17T04:00:00 73 0.444329453547 0.555670546453 1 1 2
2014-03-17T05:00:00 73 0.0 0.0 0 0 0
2014-03-17T06:00:00 78 0.0 0.0 0 0 0
2014-03-17T07:00:00 83 0.345121726635 0.654878273365 0 2 2
2014-03-17T08:00:00 90 0.447461189437 0.552538810563 1 3 4
2014-03-17T09:00:00 102 0.499860540062 0.500139459938 7 7 14
2014-03-17T10:00:00 111 0.563432185405 0.436567814595 15 7 22
2014-03-17T11:00:00 118 0.57156542118 0.42843457882 19 9 28
2014-03-17T12:00:00 117 0.606609330688 0.393390669312 25 9 34
2014-03-17T13:00:00 106 0.650286848342 0.349713151658 34 7 41
2014-03-17T14:00:00 95 0.654412827786 0.345587172214 36 6 42
2014-03-17T15:00:00 87 0.674603558029 0.325396441971 33 4 37
2014-03-17T16:00:00 91 0.655510880961 0.344489119039 25 5 30
2014-03-17T17:00:00 90 0.670537818496 0.329462181504 23 3 26
2014-03-17T18:00:00 100 0.61477709951 0.38522290049 20 5 25
2014-03-17T19:00:00 110 0.52114716202 0.47885283798 11 6 17
2014-03-17T20:00:00 145 0.462975369246 0.537024630754 9 9 18
2014-04-16T11:00:00 45 0.487586938403 0.512413061597 1 1 2
2014-04-16T12:00:00 46 0.487586938403 0.512413061597 1 1 2
2014-04-16T13:00:00 49 0.397511711766 0.602488288234 1 2 3
2014-04-16T14:00:00 54 0.245253293803 0.754746706197 0 2 2
2014-04-16T15:00:00 56 0.245253293803 0.754746706197 0 2 2
2014-04-16T16:00:00 62 0.21736125849 0.78263874151 0 1 1
2014-04-16T17:00:00 63 0.246737385441 0.753262614559 0 3 3
2014-04-16T18:00:00 73 0.246737385441 0.753262614559 0 3 3
2014-04-16T19:00:00 78 0.261425448916 0.738574551084 0 2 2
2014-04-16T20:00:00 88 0.305935944691 0.694064055309 0 3 3
2014-04-16T21:00:00 96 0.304575718563 0.695424281437 0 4 4
2014-04-16T22:00:00 111 0.299259656831 0.700740343169 0 5 5
2014-04-16T23:00:00 122 0.412552790761 0.587447209239 1 3 4
2014-04-17T00:00:00 130 0.412552790761 0.587447209239 1 3 4
2014-04-17T01:00:00 128 0.412552790761 0.587447209239 1 3 4
2014-04-17T02:00:00 129 0.418418075601 0.581581924399 1 2 3
2014-04-17T03:00:00 128 0.477379593312 0.522620406688 1 1 2
2014-04-17T04:00:00 119 0.676763776722 0.323236223278 1 0 1
2014-04-17T05:00:00 120 0.505005253544 0.494994746456 1 1 2
2014-04-17T06:00:00 125 0.505005253544 0.494994746456 1 1 2
2014-04-17T07:00:00 131 0.404952579994 0.595047420006 1 3 4
2014-04-17T08:00:00 139 0.404952579994 0.595047420006 1 3 4
2014-05-20T16:00:00 99 0.298510845466 0.701489154534 0 14 14
2014-05-20T17:00:00 94 0.306845410648 0.693154589352 0 14 14
2014-05-20T18:00:00 93 0.299735758976 0.700264241024 0 15 15
2014-05-20T19:00:00 86 0.299735758976 0.700264241024 0 15 15
2014-05-20T20:00:00 67 0.253570159493 0.746429840507 0 9 9
2014-05-20T21:00:00 47 0.274497932256 0.725502067744 0 3 3
2014-05-20T22:00:00 42 0.297548148553 0.702451851447 0 2 2
2014-05-20T23:00:00 49 0.200200635562 0.799799364438 0 1 1
2014-05-21T00:00:00 48 0.0 0.0 0 0 0
2014-05-21T01:00:00 53 0.0 0.0 0 0 0
2014-05-21T02:00:00 57 0.0 0.0 0 0 0
2014-05-21T03:00:00 62 0.0 0.0 0 0 0
2014-05-21T04:00:00 67 0.0 0.0 0 0 0
2014-05-21T05:00:00 68 0 0 0 0 0
2014-05-21T06:00:00 79 0 0 0 0 0
2014-05-21T07:00:00 92 0.322519666932 0.677480333068 0 3 3
2014-05-21T08:00:00 95 0.339491196735 0.660508803265 0 13 13
2014-05-21T09:00:00 104 0.340510334084 0.659489665916 0 14 14
2014-05-21T10:00:00 131 0.345598778742 0.654401221258 0 25 25
2014-05-25T20:00:00 149 0.211719997731 0.788280002269 0 5 5
2014-05-25T21:00:00 133 0.234762714023 0.765237285977 0 3 3
2014-05-25T22:00:00 123 0.234762714023 0.765237285977 0 3 3
2014-05-25T23:00:00 117 0.398337608514 0.601662391486 1 3 4
2014-05-26T00:00:00 115 0.430215395829 0.569784604171 1 2 3
2014-05-26T01:00:00 117 0.430215395829 0.569784604171 1 2 3
2014-05-26T02:00:00 110 0.594095443849 0.40590455615 1 1 2
2014-05-26T03:00:00 117 0.594095443849 0.40590455615 1 1 2
2014-05-26T04:00:00 130 0.594095443849 0.40590455615 1 1 2
2014-05-26T05:00:00 149 0.0 0.0 0 0 0
2014-05-25T01:00:00 27 0.0 0.0 0 0 0
2014-05-25T02:00:00 27 0.0 0.0 0 0 0
2014-05-25T03:00:00 27 0 0 0 0 0
2014-05-25T04:00:00 25 0 0 0 0 0
2014-05-25T05:00:00 30 0 0 0 0 0
2014-05-25T06:00:00 31 0 0 0 0 0
2014-05-25T07:00:00 40 0.710328571824 0.289671428176 1 0 1
2014-05-25T08:00:00 47 0.710328571824 0.289671428176 1 0 1
2014-05-25T09:00:00 59 0.710328571824 0.289671428176 1 0 1
2014-05-25T10:00:00 75 0.710328571824 0.289671428176 1 0 1
2014-05-25T11:00:00 105 0.710328571824 0.289671428176 1 0 1
2014-05-25T12:00:00 146 0.571807186899 0.428192813101 2 1 3
2014-05-27T12:00:00 138 0.317222244159 0.682777755841 0 3 3
2014-05-27T13:00:00 119 0.32786685893 0.67213314107 1 10 11
2014-05-27T14:00:00 112 0.313237326929 0.686762673071 1 12 13
2014-05-27T15:00:00 112 0.29562865898 0.70437134102 2 16 18
2014-05-27T16:00:00 110 0.292437727386 0.707562272614 2 21 23
2014-05-27T17:00:00 108 0.289493808204 0.710506191796 2 24 26
2014-05-27T18:00:00 114 0.280640161546 0.719359838454 2 23 25
2014-05-27T19:00:00 132 0.256537371935 0.743462628065 1 16 17
2014-05-28T15:00:00 124 0.375839028481 0.624160971519 1 3 4
2014-05-28T16:00:00 120 0.277249049479 0.722750950521 0 3 3
2014-05-28T17:00:00 113 0.291278824507 0.708721175493 0 4 4
2014-05-28T18:00:00 94 0.291278824507 0.708721175493 0 4 4
2014-05-28T19:00:00 79 0.326634112005 0.673365887995 0 4 4
2014-05-28T20:00:00 75 0.226566633053 0.773433366947 0 3 3
2014-05-28T21:00:00 84 0.211516360672 0.788483639328 0 4 4
2014-05-28T22:00:00 94 0.227537286486 0.772462713514 0 5 5
2014-05-28T23:00:00 79 0.20107957071 0.79892042929 0 4 4
2014-05-29T00:00:00 70 0.181354716526 0.818645283474 0 5 5
2014-05-29T01:00:00 76 0.202623735427 0.797376264573 0 5 5
2014-05-29T02:00:00 67 0.227665844337 0.772334155663 0 4 4
2014-05-29T03:00:00 59 0.259257716146 0.740742283854 0 5 5
2014-05-29T04:00:00 59 0.251166897748 0.748833102252 0 4 4
2014-05-29T05:00:00 59 0.251166897748 0.748833102252 0 4 4
2014-05-29T06:00:00 64 0.300737430401 0.699262569599 0 3 3
2014-05-29T07:00:00 73 0.297917515562 0.702082484438 0 3 3
2014-05-29T08:00:00 83 0.297917515562 0.702082484438 0 3 3
2014-05-29T11:00:00 128 0.341761799772 0.658238200228 0 1 1
2014-05-29T12:00:00 147 0.341761799772 0.658238200228 0 1 1
2014-07-09T22:00:00 49 0.379095481466 0.620904518534 1 3 4
2014-07-09T23:00:00 47 0.379095481466 0.620904518534 1 3 4
2014-07-10T00:00:00 50 0.34815814518 0.65184185482 1 3 4
2014-07-10T01:00:00 54 0.254429196551 0.745570803449 0 4 4
2014-07-10T02:00:00 54 0.243402493902 0.756597506098 0 3 3
2014-07-10T03:00:00 60 0.243402493902 0.756597506098 0 3 3
2014-07-10T04:00:00 62 0.237341476926 0.762658523074 0 2 2
2014-07-10T05:00:00 74 0.237341476926 0.762658523074 0 2 2
2014-07-10T06:00:00 93 0.40420194826 0.59579805174 1 2 3
2014-07-10T07:00:00 105 0.367003307627 0.632996692373 1 3 4
2014-07-10T08:00:00 104 0.291151954352 0.708848045648 1 15 16
2014-07-10T09:00:00 104 0.330585262781 0.669414737219 5 22 27
2014-07-10T10:00:00 99 0.321340104847 0.678659895153 6 28 34
2014-07-10T11:00:00 112 0.319527698565 0.680472301435 6 29 35
2014-07-10T12:00:00 113 0.306306195785 0.693693804215 5 31 36
2014-07-10T13:00:00 117 0.304360261596 0.695639738404 5 31 36
2014-07-10T14:00:00 123 0.306078255398 0.693921744603 5 25 30
2014-07-10T15:00:00 132 0.28804946478 0.71195053522 2 21 23
2014-07-10T16:00:00 138 0.28899308518 0.71100691482 1 18 19
2014-07-10T17:00:00 148 0.298665997868 0.701334002132 1 20 21
2014-11-05T13:00:00 54 0 0 0 0 0
2014-11-05T14:00:00 53 0 0 0 0 0
2014-11-05T15:00:00 56 0 0 0 0 0
2014-11-05T16:00:00 55 0 0 0 0 0
2014-11-05T17:00:00 57 0 0 0 0 0
2014-11-05T18:00:00 58 0 0 0 0 0
2014-11-05T19:00:00 61 0 0 0 0 0
2014-11-05T20:00:00 54 0 0 0 0 0
2014-11-05T21:00:00 54 0 0 0 0 0
2014-11-05T22:00:00 59 0 0 0 0 0
2014-11-05T23:00:00 57 0 0 0 0 0
2014-11-06T00:00:00 54 0 0 0 0 0
2014-11-06T01:00:00 57 0 0 0 0 0
2014-11-06T02:00:00 65 0 0 0 0 0
2014-11-06T03:00:00 68 0 0 0 0 0
2014-11-06T04:00:00 115 0 0 0 0 0
2014-11-11T11:00:00 71 0 0 0 0 0
2014-11-11T12:00:00 68 0 0 0 0 0
2014-11-11T13:00:00 73 0 0 0 0 0
2014-11-11T14:00:00 75 0 0 0 0 0
2014-11-11T15:00:00 74 0 0 0 0 0
2014-11-11T16:00:00 72 0 0 0 0 0
2014-11-11T17:00:00 74 0 0 0 0 0
2014-11-11T18:00:00 82 0 0 0 0 0
2014-11-11T19:00:00 92 0 0 0 0 0
2014-11-11T20:00:00 95 0 0 0 0 0
2014-11-11T21:00:00 109 0 0 0 0 0
2014-11-11T22:00:00 125 0 0 0 0 0
2014-12-14T21:00:00 106 0 0 0 0 0
2014-12-14T22:00:00 105 0 0 0 0 0
2014-12-14T23:00:00 103 0 0 0 0 0
2014-12-15T00:00:00 88 0 0 0 0 0
2014-12-15T01:00:00 81 0 0 0 0 0
2014-12-15T02:00:00 77 0 0 0 0 0
2014-12-15T03:00:00 72 0 0 0 0 0
2014-12-15T04:00:00 68 0 0 0 0 0
2014-12-15T05:00:00 61 0 0 0 0 0
2014-12-15T06:00:00 55 0 0 0 0 0
2014-12-15T07:00:00 58 0 0 0 0 0
2014-12-15T08:00:00 65 0 0 0 0 0
2014-12-15T09:00:00 81 0 0 0 0 0
2014-12-15T10:00:00 92 0 0 0 0 0
2014-12-15T11:00:00 103 0 0 0 0 0
2014-12-15T12:00:00 108 0 0 0 0 0
2014-12-15T13:00:00 107 0 0 0 0 0
2014-12-15T14:00:00 102 0 0 0 0 0
2014-12-15T15:00:00 112 0 0 0 0 0
2014-12-15T16:00:00 127 0 0 0 0 0
2014-12-15T18:00:00 144 0 0 0 0 0
2014-12-15T19:00:00 134 0 0 0 0 0
2014-12-15T20:00:00 145 0 0 0 0 0
2014-12-30T12:00:00 141 0 0 0 0 0
2014-12-30T13:00:00 130 0 0 0 0 0
2014-12-30T14:00:00 112 0 0 0 0 0
2014-12-30T15:00:00 113 0 0 0 0 0
2014-12-30T16:00:00 119 0 0 0 0 0
2014-12-30T17:00:00 121 0 0 0 0 0
2014-12-30T18:00:00 137 0 0 0 0 0
