2013-06-11T23:00:00Z 156 201 239 59 31 1.426000 34
2013-06-12T00:00:00Z 164 190 226 48 26 1.390500 41
2013-06-12T01:00:00Z 171 173 222 43 25 2.111750 45
2013-06-12T02:00:00Z 177 172 177 46 27 1.388125 34
2013-06-12T03:00:00Z 183 171 203 52 33 1.407429 26
2013-06-12T04:00:00Z 187 167 188 54 38 1.370571 25
2013-06-12T05:00:00Z 191 161 174 56 39 1.335143 24
2013-06-12T06:00:00Z 195 159 175 55 38 1.309500 26
2013-06-12T07:00:00Z 197 156 -1 52 31 1.300250 30
2013-06-12T08:00:00Z 199 153 159 52 31 1.298125 30
2013-06-12T09:00:00Z 201 157 173 56 33 1.265750 34
2013-06-12T10:00:00Z 202 148 -1 55 27 1.087143 46
2013-06-12T11:00:00Z 203 114 -1 50 21 1.065429 56
2013-06-12T12:00:00Z 203 111 71 45 25 1.121875 80
2013-06-12T13:00:00Z 203 112 -1 42 24 1.171125 99
2013-11-07T08:00:00Z 209 217 275 113 58 2.363400 13
2013-11-07T09:00:00Z 213 228 286 125 77 2.302000 18
2013-11-07T10:00:00Z 217 232 250 132 105 2.361000 36
2013-11-07T11:00:00Z 229 220 217 103 86 1.874500 85
2013-11-07T12:00:00Z 227 174 166 86 70 1.486500 108
2013-11-07T13:00:00Z 225 156 155 80 68 1.429167 129
2013-11-07T14:00:00Z 225 149 163 84 68 1.473167 134
2013-11-07T15:00:00Z 226 143 161 98 71 1.517667 122
2013-11-07T16:00:00Z 226 147 172 117 73 1.548667 108
2013-11-07T17:00:00Z 227 149 187 159 78 1.812167 65
2013-11-07T18:00:00Z 228 180 272 172 73 2.142167 56
2013-11-07T19:00:00Z 230 246 300 118 49 1.723167 109
2013-11-07T20:00:00Z 233 269 240 103 43 1.542167 118
2013-11-07T21:00:00Z 233 212 259 94 38 1.513667 112
2013-11-07T22:00:00Z 234 238 273 113 37 1.644500 80
2013-11-07T23:00:00Z 236 275 221 102 35 1.590667 81
2013-11-08T00:00:00Z 238 256 225 81 34 1.554167 83
2013-11-08T03:00:00Z 236 182 110 44 31 1.750333 117
2013-11-08T04:00:00Z 233 172 82 48 29 1.093667 104
2013-11-08T05:00:00Z 231 171 89 56 30 1.178500 87
2013-11-08T06:00:00Z 230 179 140 69 28 1.363167 69
2013-11-08T07:00:00Z 229 190 165 85 28 1.451167 65
2013-11-08T08:00:00Z 228 194 184 115 32 1.577167 48
2013-11-08T09:00:00Z 228 -1 -1 -1 -1 -1.000000 -1
2013-11-15T08:00:00Z 154 175 198 71 76 2.590000 13
2013-11-15T09:00:00Z 163 192 224 78 86 2.678833 15
2013-11-16T13:00:00Z 214 122 274 86 74 1.050000 82
2013-11-16T14:00:00Z 211 122 269 80 64 0.979333 89
2013-11-16T15:00:00Z 209 118 260 66 54 0.923667 109
2013-11-16T16:00:00Z 206 98 228 58 36 0.832667 111
2013-11-16T17:00:00Z 204 81 221 72 31 0.871333 89
2013-11-16T18:00:00Z 201 81 230 100 33 1.078167 57
2013-11-16T19:00:00Z 197 92 238 115 35 1.261500 41
2013-11-16T20:00:00Z 194 105 243 123 39 1.283667 30
2013-11-16T21:00:00Z 189 110 238 116 50 1.237333 25
2013-11-16T22:00:00Z 189 -1 -1 -1 -1 -1.000000 -1
2013-11-16T23:00:00Z 180 101 237 78 65 1.260333 27
2013-11-20T22:00:00Z 152 183 231 154 47 1.982000 9
2013-11-20T23:00:00Z 156 193 237 151 48 2.038000 10
2013-11-21T00:00:00Z 156 -1 -1 -1 -1 -1.000000 -1
2013-11-21T01:00:00Z 162 173 204 131 40 1.463600 12
2013-11-26T06:00:00Z 150 136 341 68 42 2.081286 12
2013-11-26T07:00:00Z 155 136 341 72 47 2.323143 12
2013-11-26T08:00:00Z 159 139 379 76 54 2.477143 12
2013-11-26T09:00:00Z 164 141 393 86 66 2.004857 13
2013-11-26T10:00:00Z 169 125 372 87 67 1.474143 17
2013-11-26T11:00:00Z 170 102 323 70 57 1.076714 34
2013-11-26T12:00:00Z 168 83 250 58 44 0.861143 53
2013-11-26T13:00:00Z 168 -1 -1 -1 -1 -1.000000 -1
2013-11-26T14:00:00Z 166 71 236 57 35 0.758714 66
2013-11-26T15:00:00Z 163 67 229 62 40 0.773714 60
2013-11-26T16:00:00Z 160 68 227 69 44 0.793143 53
2013-11-26T17:00:00Z 159 71 235 93 45 0.918571 30
2013-11-26T18:00:00Z 158 81 270 107 47 1.096429 17
2013-11-26T19:00:00Z 158 107 287 108 50 1.117286 14
2013-12-01T11:00:00Z 174 246 276 97 115 2.336167 24
2013-12-01T12:00:00Z 183 246 259 93 100 1.995000 41
2013-12-01T13:00:00Z 190 220 223 82 88 1.671500 63
2013-12-01T14:00:00Z 196 196 217 77 81 1.497000 79
2013-12-01T15:00:00Z 201 195 221 84 80 1.525000 80
2013-12-01T16:00:00Z 206 209 237 101 81 1.680000 69
2013-12-01T17:00:00Z 212 229 262 125 85 1.913833 45
2013-12-01T18:00:00Z 218 250 281 148 80 2.117500 22
2013-12-01T19:00:00Z 225 267 318 152 80 2.216167 15
2013-12-01T20:00:00Z 231 286 324 150 82 2.528167 12
2013-12-01T21:00:00Z 231 -1 -1 -1 -1 -1.000000 -1
2013-12-01T22:00:00Z 243 296 324 144 84 2.815000 11
2013-12-01T23:00:00Z 248 297 324 139 83 2.847000 10
2013-12-02T00:00:00Z 253 297 312 134 86 2.721167 10
2013-12-02T01:00:00Z 258 294 313 130 85 2.637667 10
2013-12-02T02:00:00Z 262 297 316 114 80 2.578500 10
2013-12-02T03:00:00Z 266 300 310 117 78 3.170333 10
2013-12-02T04:00:00Z 269 294 301 114 71 2.622000 10
2013-12-02T05:00:00Z 273 292 317 107 65 2.704833 10
2013-12-02T06:00:00Z 277 296 313 103 60 2.729167 10
2013-12-02T07:00:00Z 282 290 306 104 63 2.925000 10
2013-12-02T08:00:00Z 286 295 317 112 73 3.321833 10
2013-12-02T09:00:00Z 290 296 330 118 107 3.173500 11
2013-12-02T10:00:00Z 293 283 327 122 163 2.637500 14
2013-12-02T11:00:00Z 293 264 289 126 166 2.333667 19
2013-12-02T12:00:00Z 294 254 265 122 145 2.006333 29
2013-12-02T13:00:00Z 294 214 220 110 127 1.736500 42
2013-12-02T14:00:00Z 293 188 212 103 112 1.577833 53
2013-12-02T15:00:00Z 292 167 177 91 96 2.628000 59
2013-12-02T16:00:00Z 290 158 203 115 88 1.424500 51
2013-12-02T17:00:00Z 288 164 217 141 84 1.676167 25
2013-12-02T18:00:00Z 286 188 263 153 91 2.315500 13
2013-12-02T19:00:00Z 285 235 309 151 97 2.471000 12
2013-12-02T20:00:00Z 284 262 314 147 91 2.499000 11
2013-12-02T21:00:00Z 283 264 308 138 83 2.336833 11
2013-12-02T22:00:00Z 282 253 261 129 74 2.182500 11
2013-12-02T23:00:00Z 279 227 220 122 66 1.977333 11
2013-12-03T00:00:00Z 275 198 182 118 59 1.780000 11
2013-12-03T01:00:00Z 271 180 174 95 85 2.089333 13
2013-12-03T02:00:00Z 267 174 168 98 55 2.534167 22
2013-12-03T03:00:00Z 261 164 145 88 52 1.391167 26
2013-12-03T04:00:00Z 256 153 141 93 54 1.303667 19
2013-12-03T05:00:00Z 251 154 151 92 54 1.348833 17
2013-12-04T00:00:00Z 178 138 172 136 27 1.588333 14
2013-12-04T01:00:00Z 177 136 154 132 25 1.591333 10
2013-12-04T02:00:00Z 175 138 159 118 29 1.475500 7
2013-12-04T03:00:00Z 174 136 162 118 30 1.973833 6
2013-12-04T04:00:00Z 173 135 143 108 33 1.191500 8
2013-12-04T05:00:00Z 172 136 133 102 34 1.181500 12
2013-12-04T06:00:00Z 171 131 115 100 32 1.195500 12
2013-12-04T07:00:00Z 169 128 133 103 31 1.618833 9
2013-12-04T08:00:00Z 168 146 163 105 30 2.026000 9
2013-12-04T09:00:00Z 167 149 146 106 34 1.842833 11
2013-12-04T10:00:00Z 163 111 103 87 56 1.453000 33
2013-12-04T11:00:00Z 159 78 150 59 47 2.789167 70
2013-12-04T12:00:00Z 154 78 115 50 40 0.796833 92
2013-12-04T13:00:00Z 151 72 98 43 43 1.393833 95
2013-12-05T00:00:00Z 150 182 188 134 32 1.697667 25
2013-12-05T01:00:00Z 153 190 190 109 50 2.380333 13
2013-12-05T02:00:00Z 155 187 173 123 29 3.559333 121
2013-12-05T03:00:00Z 158 184 164 117 28 1.939167 18
2013-12-05T04:00:00Z 160 185 164 100 25 1.910167 21
2013-12-05T05:00:00Z 162 173 171 99 23 1.909667 18
2013-12-05T06:00:00Z 164 164 153 98 20 2.006000 14
2013-12-05T07:00:00Z 165 157 171 98 19 2.163167 11
2013-12-05T08:00:00Z 165 -1 -1 -1 -1 -1.000000 -1
2013-12-05T09:00:00Z 167 161 197 118 21 2.920500 11
2013-12-05T10:00:00Z 171 189 216 132 35 2.225500 22
2013-12-05T11:00:00Z 177 195 201 125 47 1.728333 54
2013-12-05T12:00:00Z 183 210 256 115 44 1.476500 70
2013-12-05T13:00:00Z 188 205 229 100 47 1.384833 80
2013-12-05T17:00:00Z 218 282 312 144 43 1.688333 50
2013-12-05T18:00:00Z 218 -1 -1 -1 -1 -1.000000 -1
2013-12-05T19:00:00Z 234 348 377 177 38 2.275000 11
2013-12-05T20:00:00Z 242 360 382 174 35 2.485333 10
2013-12-05T21:00:00Z 251 382 414 176 33 2.960500 10
2013-12-05T22:00:00Z 260 409 446 166 32 3.015667 10
2013-12-05T23:00:00Z 270 440 459 155 34 2.943500 11
2013-12-06T00:00:00Z 281 476 496 157 38 3.050167 10
2013-12-06T01:00:00Z 293 503 517 150 39 3.035333 10
2013-12-06T02:00:00Z 305 515 498 132 37 2.847500 9
2013-12-06T03:00:00Z 317 485 441 140 62 3.320000 9
2013-12-06T04:00:00Z 326 442 415 146 78 2.898167 10
2013-12-06T05:00:00Z 335 424 382 142 79 2.982833 10
2013-12-06T06:00:00Z 344 417 386 140 80 3.123000 10
2013-12-06T09:00:00Z 372 457 461 122 91 3.312667 12
2013-12-06T10:00:00Z 380 494 515 119 88 3.180167 13
2013-12-06T11:00:00Z 390 545 574 131 86 3.524000 16
2013-12-06T12:00:00Z 399 585 590 151 109 3.963167 20
2013-12-06T13:00:00Z 409 604 623 147 98 3.735833 22
2013-12-06T14:00:00Z 417 544 615 140 96 3.918000 25
2013-12-06T15:00:00Z 425 547 534 130 85 3.838000 26
2013-12-06T16:00:00Z 431 531 489 125 81 3.457000 24
2013-12-06T17:00:00Z 436 480 436 131 73 3.200833 17
2013-12-06T18:00:00Z 439 461 428 127 66 3.083667 16
2013-12-06T19:00:00Z 441 433 412 123 55 2.821833 12
2013-12-06T20:00:00Z 442 368 391 103 44 2.331000 14
2013-12-06T21:00:00Z 440 311 433 98 39 2.056000 12
2013-12-06T22:00:00Z 437 279 385 97 35 1.994333 12
2013-12-06T23:00:00Z 432 263 444 98 35 2.058333 11
2013-12-07T00:00:00Z 427 263 403 97 33 2.072000 11
2013-12-07T01:00:00Z 421 252 363 76 50 2.204500 10
2013-12-07T02:00:00Z 415 258 338 93 28 3.814833 67
2013-12-07T03:00:00Z 409 271 306 90 29 2.363667 8
2013-12-07T04:00:00Z 405 245 209 85 29 2.104167 7
2013-12-07T05:00:00Z 401 204 235 81 28 1.844833 7
2013-12-07T06:00:00Z 396 171 141 81 27 1.806833 7
2013-12-07T07:00:00Z 395 174 108 80 26 2.126500 8
2013-12-07T08:00:00Z 399 187 177 82 27 2.463667 9
2013-12-07T09:00:00Z 376 204 167 99 32 2.392500 10
2013-12-07T10:00:00Z 361 204 140 113 36 1.974500 14
2013-12-07T11:00:00Z 348 179 108 90 41 1.397000 43
2013-12-07T12:00:00Z 333 134 42 63 41 1.128000 72
2013-12-07T13:00:00Z 315 115 82 48 39 1.033333 93
2013-12-07T14:00:00Z 300 116 85 43 37 1.032333 103
2013-12-07T15:00:00Z 284 113 86 45 34 0.999667 103
2013-12-07T16:00:00Z 268 110 92 52 32 1.041167 95
2013-12-07T17:00:00Z 255 112 104 65 31 1.150833 81
2013-12-07T18:00:00Z 240 107 128 65 30 1.242667 63
2013-12-07T19:00:00Z 227 127 137 94 31 1.401000 46
2013-12-07T20:00:00Z 218 136 110 100 32 1.364833 33
2013-12-07T21:00:00Z 210 129 104 97 32 1.265667 29
2013-12-07T22:00:00Z 204 120 69 94 29 1.203500 33
2013-12-07T23:00:00Z 198 109 82 90 26 1.158000 35
2013-12-08T00:00:00Z 192 101 61 78 24 1.112833 39
2013-12-08T01:00:00Z 185 95 54 65 23 1.052500 49
2013-12-08T02:00:00Z 178 95 59 51 21 0.960167 55
2013-12-08T03:00:00Z 171 96 44 51 21 1.648000 52
2013-12-08T04:00:00Z 163 100 14 49 21 0.911167 49
2013-12-08T05:00:00Z 158 107 9 53 22 1.004167 40
2013-12-08T06:00:00Z 155 123 101 65 22 1.255500 22
2013-12-08T07:00:00Z 153 129 105 68 21 1.475333 12
2013-12-08T18:00:00Z 150 142 152 108 26 1.456833 42
2013-12-08T19:00:00Z 152 157 173 122 25 1.591833 28
2013-12-08T20:00:00Z 151 -1 -1 -1 -1 -1.000000 -1
2013-12-08T21:00:00Z 151 -1 -1 -1 -1 -1.000000 -1
2013-12-08T22:00:00Z 151 -1 -1 -1 -1 -1.000000 -1
2013-12-08T23:00:00Z 151 104 74 61 20 0.952167 44
2013-12-09T08:00:00Z 181 374 321 79 48 2.988833 27
2013-12-09T09:00:00Z 188 266 238 60 40 2.117667 45
2013-12-09T10:00:00Z 194 265 285 61 37 1.967833 39
2013-12-09T11:00:00Z 199 288 321 73 52 2.281000 34
2013-12-09T12:00:00Z 204 313 349 77 62 2.479167 25
2013-12-09T13:00:00Z 210 329 362 81 62 2.595833 16
2013-12-09T14:00:00Z 216 301 274 81 69 2.855000 15
2013-12-09T15:00:00Z 221 259 162 72 74 2.168500 29
2013-12-09T16:00:00Z 222 167 105 61 58 1.526667 38
2013-12-09T17:00:00Z 222 122 138 72 56 1.500833 31
2013-12-09T18:00:00Z 222 138 155 84 57 1.633667 22
2013-12-09T19:00:00Z 221 153 159 87 56 1.638000 19
2013-12-09T20:00:00Z 222 158 160 84 55 1.664333 20
2013-12-09T21:00:00Z 222 148 151 76 52 1.518167 24
2013-12-09T22:00:00Z 222 123 130 70 51 1.341333 25
2013-12-09T23:00:00Z 222 111 128 63 49 1.275500 24
2013-12-26T07:00:00Z 151 306 327 81 105 2.593400 8
2013-12-26T08:00:00Z 163 335 343 83 124 2.451667 8
2013-12-26T09:00:00Z 177 360 354 88 141 2.958200 10
2013-12-26T10:00:00Z 190 378 372 88 157 2.663800 11
2013-12-26T11:00:00Z 202 383 374 94 151 3.297500 13
2013-12-26T12:00:00Z 213 362 351 93 143 2.157833 21
2013-12-26T13:00:00Z 223 353 371 103 151 2.385667 19
2013-12-26T14:00:00Z 223 -1 -1 -1 -1 -1.000000 -1
2013-12-26T15:00:00Z 247 404 473 106 149 2.385667 13
2013-12-26T16:00:00Z 259 391 380 90 100 2.260800 13
2013-12-26T17:00:00Z 265 259 285 71 53 1.608400 15
2013-12-26T18:00:00Z 267 152 214 57 38 1.162000 16
2013-12-26T19:00:00Z 267 97 118 52 34 1.014600 16
2013-12-26T20:00:00Z 264 72 114 46 33 1.010000 19
2013-12-26T21:00:00Z 263 70 135 43 32 0.947200 22
2013-12-26T22:00:00Z 260 57 88 39 30 0.759600 22
2013-12-26T23:00:00Z 257 44 73 38 32 0.776600 20
2013-12-27T00:00:00Z 256 45 77 38 38 0.754667 19
2013-12-27T01:00:00Z 254 49 87 30 80 1.111000 18
2013-12-27T02:00:00Z 252 51 87 34 39 2.404833 19
2013-12-27T03:00:00Z 249 49 76 29 35 0.811400 24
2013-12-27T04:00:00Z 249 -1 -1 -1 -1 -1.000000 -1
2013-12-29T13:00:00Z 170 155 173 70 91 1.548667 32
2013-12-29T14:00:00Z 172 126 145 62 80 1.300667 44
2013-12-29T15:00:00Z 172 -1 -1 -1 -1 -1.000000 -1
2013-12-29T16:00:00Z 174 105 133 76 81 1.319833 33
2013-12-29T17:00:00Z 175 116 142 89 83 1.375286 20
2013-12-29T18:00:00Z 175 120 149 102 79 1.671857 10
2013-12-29T19:00:00Z 176 137 177 107 78 2.122143 9
2013-12-29T20:00:00Z 177 158 184 107 80 2.499571 10
2013-12-29T21:00:00Z 179 173 224 106 80 2.313000 9
2014-01-30T02:00:00Z 171 140 127 49 23 1.850333 15
2014-01-30T03:00:00Z 180 148 129 49 25 1.274286 12
2014-01-30T04:00:00Z 180 149 115 49 26 1.386429 9
2014-01-30T05:00:00Z 180 150 127 49 30 1.536714 10
2014-01-30T06:00:00Z 198 166 140 46 32 1.617857 14
2014-01-30T07:00:00Z 203 171 135 51 31 1.646000 11
2014-01-30T08:00:00Z 207 175 148 52 28 1.690714 10
2014-01-30T09:00:00Z 211 182 147 51 26 1.711857 12
2013-12-30T10:00:00Z 186 139 224 99 129 2.071143 12
2013-12-30T11:00:00Z 186 161 195 98 110 1.800500 17
2013-12-30T12:00:00Z 184 146 165 80 75 1.573375 25
2013-12-30T13:00:00Z 184 -1 -1 -1 -1 -1.000000 -1
2013-12-30T14:00:00Z 182 114 138 69 51 1.022143 59
2013-12-30T15:00:00Z 182 109 129 67 45 0.977857 63
2013-12-30T16:00:00Z 181 100 113 62 38 0.893429 68
2013-12-30T17:00:00Z 179 92 110 80 36 0.961857 49
2013-12-30T18:00:00Z 177 94 121 107 37 1.097500 24
2014-01-03T08:00:00Z 153 124 142 92 50 1.555750 8
2014-01-03T09:00:00Z 180 146 178 102 73 2.040375 9
2014-01-03T10:00:00Z 210 175 214 115 98 2.185500 10
2014-01-03T11:00:00Z 227 193 221 120 119 1.929750 15
2014-01-03T12:00:00Z 225 188 221 121 110 1.762000 23
2014-01-03T13:00:00Z 231 197 209 111 99 1.480125 34
2014-01-03T14:00:00Z 209 172 180 86 67 1.415143 61
2014-01-03T15:00:00Z 163 129 141 60 42 0.825250 81
2014-01-03T16:00:00Z 129 102 136 67 45 0.951857 73
2014-01-03T17:00:00Z 139 113 149 80 45 1.066833 54
2014-01-03T18:00:00Z 155 136 182 119 54 1.309500 23
2014-01-03T19:00:00Z 191 152 228 134 58 1.499250 16
2014-01-17T20:00:00Z 171 138 156 125 50 1.704000 9
2014-01-17T21:00:00Z 187 153 183 126 61 1.757000 9
2014-01-17T22:00:00Z 218 184 215 130 71 1.747857 9
2014-01-17T23:00:00Z 234 200 228 103 53 1.447571 13
2014-01-18T00:00:00Z 209 173 173 66 40 1.095429 32
2014-01-18T01:00:00Z 195 156 161 52 53 1.725143 42
2014-01-18T02:00:00Z 176 140 135 49 37 1.527857 48
2014-01-18T03:00:00Z 138 110 114 42 27 0.836286 54
2014-01-18T04:00:00Z 109 86 66 34 23 0.763571 61
2014-01-18T05:00:00Z 106 84 78 36 22 0.822000 58
2014-01-18T06:00:00Z 118 95 100 41 25 0.928286 50
2014-01-18T07:00:00Z 158 128 138 44 34 1.012375 47
2014-01-18T08:00:00Z 200 165 180 50 37 1.186250 32
2014-01-18T09:00:00Z 217 182 199 52 41 1.312750 34
2014-01-18T10:00:00Z 220 185 201 52 48 1.315750 44
2014-01-18T11:00:00Z 224 189 207 51 52 1.928125 54
2014-01-18T12:00:00Z 233 200 214 50 62 1.494000 63
2014-01-18T13:00:00Z 243 210 229 48 63 1.478000 74
2014-01-18T14:00:00Z 250 216 238 53 62 1.396625 75
2014-01-18T15:00:00Z 250 216 232 57 60 1.627500 73
2014-01-18T16:00:00Z 243 207 228 61 53 1.277625 66
2014-01-18T17:00:00Z 215 174 208 63 42 1.296143 58
2014-01-18T18:00:00Z 188 149 175 69 35 1.220000 47
2014-01-18T19:00:00Z 192 150 183 77 35 1.290714 34
2014-01-18T20:00:00Z 197 158 181 66 38 1.391571 37
2014-01-18T21:00:00Z 203 163 199 62 39 1.556286 38
2014-01-18T22:00:00Z 204 164 182 62 41 1.620571 37
2014-01-20T06:00:00Z 257 228 245 89 66 2.052833 12
2014-01-20T07:00:00Z 256 230 246 84 65 2.138000 9
2014-01-20T08:00:00Z 267 240 269 83 72 2.374400 9
2014-01-20T09:00:00Z 253 225 307 81 86 2.697500 12
2014-01-20T10:00:00Z 295 266 330 76 104 3.244429 16
2014-01-20T11:00:00Z 295 -1 -1 -1 -1 -1.000000 -1
2014-01-30T05:00:00Z 180 150 127 49 30 1.536714 10
2014-01-30T06:00:00Z 198 166 140 46 32 1.617857 14
2014-01-30T07:00:00Z 203 171 135 51 31 1.646000 11
2014-01-30T08:00:00Z 207 175 148 52 28 1.690714 10
2014-01-30T09:00:00Z 211 182 147 51 26 1.711857 12
2014-01-30T10:00:00Z 223 195 160 55 29 1.801143 16
2014-01-30T11:00:00Z 234 207 180 56 33 1.787571 25
2014-01-30T12:00:00Z 243 215 190 61 37 1.716429 40
2014-01-30T13:00:00Z 220 214 185 53 40 1.638875 64
2014-01-30T14:00:00Z 216 207 160 48 36 1.349286 83
2014-01-30T15:00:00Z 214 183 88 46 31 1.213143 97
2014-01-30T16:00:00Z 199 166 81 47 26 1.171857 90
2014-01-30T17:00:00Z 207 171 197 71 29 1.491375 59
2014-01-30T18:00:00Z 250 219 229 83 30 1.789375 35
2014-01-30T19:00:00Z 260 230 215 59 22 1.720375 38
2014-01-30T20:00:00Z 274 244 220 40 18 1.643250 50
2014-01-30T21:00:00Z 287 259 240 35 19 1.507125 60
2014-01-30T22:00:00Z 275 247 217 30 19 1.489250 67
2014-01-30T23:00:00Z 263 233 233 29 18 1.751714 68
2014-01-31T00:00:00Z 270 238 275 30 25 2.137429 66
2014-02-01T22:00:00Z 158 128 146 92 21 1.384375 19
2014-02-01T23:00:00Z 164 133 150 93 23 1.394750 16
2014-02-02T00:00:00Z 175 142 161 76 27 1.566375 16
2014-02-02T01:00:00Z 212 177 214 62 31 3.321000 11
2014-02-02T02:00:00Z 248 217 232 55 25 2.279714 11
2014-02-02T03:00:00Z 243 210 223 46 20 1.600000 9
2014-02-02T04:00:00Z 231 195 208 40 16 1.752750 9
2014-02-02T05:00:00Z 255 222 247 38 12 1.977125 8
2014-03-09T20:00:00Z 154 123 160 116 31 1.236625 26
2014-03-09T21:00:00Z 159 127 149 122 29 1.240500 16
2014-03-09T22:00:00Z 163 130 151 116 29 1.297625 12
2014-03-09T23:00:00Z 163 130 156 112 28 1.407375 10
2014-03-10T00:00:00Z 168 133 159 95 61 1.621875 10
2014-03-10T01:00:00Z 173 139 163 99 24 3.151250 8
2014-03-10T02:00:00Z 184 149 165 99 23 1.751750 9
2014-03-10T03:00:00Z 189 153 169 96 22 1.713750 9
2014-03-10T04:00:00Z 197 159 172 95 22 1.651125 9
2014-03-10T05:00:00Z 195 157 172 90 22 1.603000 9
2014-03-10T06:00:00Z 191 153 166 89 24 1.546875 9
2014-03-10T07:00:00Z 186 147 164 87 25 1.361500 9
2014-03-10T08:00:00Z 187 146 169 84 28 1.252625 12
2014-03-10T09:00:00Z 189 149 163 81 34 1.218875 20
2014-03-10T10:00:00Z 193 151 171 80 42 1.163375 34
2014-03-10T11:00:00Z 195 154 173 84 57 1.151750 53
2014-03-18T08:00:00Z 166 132 193 118 28 2.080857 12
2014-03-18T09:00:00Z 183 147 216 145 43 2.130500 20
2014-03-18T10:00:00Z 186 144 208 147 48 1.853714 38
2014-03-18T11:00:00Z 195 151 267 170 58 2.272875 62
2014-03-18T12:00:00Z 226 181 254 137 75 1.773250 116
2014-03-18T13:00:00Z 215 169 211 84 87 1.600500 165
2014-03-18T14:00:00Z 200 157 197 66 78 1.631250 195
2014-03-18T15:00:00Z 214 174 213 63 46 1.380857 166
2014-03-18T16:00:00Z 211 168 223 66 33 1.204571 134
2014-11-06T05:00:00Z 199 155 194 77 30 1.255500 26
2014-11-06T06:00:00Z 254 204 236 83 37 1.594250 14
2014-11-06T07:00:00Z 235 185 198 84 36 1.576375 12
2014-11-06T08:00:00Z 215 165 183 84 33 1.515625 16
2014-11-06T09:00:00Z 198 150 164 83 32 1.361250 27
2014-11-06T10:00:00Z 181 136 178 73 44 1.704375 51
2014-11-06T11:00:00Z 195 148 182 60 38 1.213000 97
2014-11-06T12:00:00Z 195 -1 -1 -1 -1 -1.000000 -1
2014-11-06T13:00:00Z 190 143 174 47 36 1.144750 148
2014-11-12T00:00:00Z 180 136 205 107 40 1.196429 17
2014-11-12T01:00:00Z 205 157 220 91 62 1.529714 16
2014-12-28T22:00:00Z 163 124 175 112 45 1.722700 8
2014-12-28T23:00:00Z 180 137 186 109 51 1.693900 8
2014-12-29T00:00:00Z 196 149 192 108 57 1.582700 8
2014-12-29T01:00:00Z 208 160 200 102 75 1.558600 10
2014-12-29T02:00:00Z 214 165 191 103 59 1.609800 20
2014-12-29T03:00:00Z 202 153 181 92 54 1.501800 16
2014-12-29T04:00:00Z 193 145 178 82 58 1.624000 18
2014-12-29T05:00:00Z 198 149 185 83 60 1.754200 14
2014-12-29T06:00:00Z 200 151 194 85 60 1.855000 10
2014-12-29T07:00:00Z 207 158 203 87 58 2.037000 9
2014-12-29T08:00:00Z 214 165 225 89 55 2.307800 9
2014-12-29T09:00:00Z 220 171 234 90 61 2.333900 12
2014-12-29T10:00:00Z 219 170 221 86 64 2.006900 20
2014-12-29T11:00:00Z 209 160 199 89 68 1.933100 33
2014-12-29T12:00:00Z 171 124 183 74 59 1.255400 45
2014-12-29T13:00:00Z 166 125 193 71 80 1.699500 76
2014-12-29T14:00:00Z 162 123 179 70 44 1.104200 72
2014-12-29T15:00:00Z 150 114 165 67 38 1.016900 77
2014-12-29T16:00:00Z 138 105 156 72 34 0.985600 76
2014-12-29T17:00:00Z 135 103 157 94 31 1.084300 56
2014-12-29T18:00:00Z 141 107 171 130 29 1.339000 24
2014-12-29T19:00:00Z 152 116 188 148 32 1.703300 10
