2014-01-02T13:00:00Z 0.00 9 2680
2014-01-02T12:00:00Z 0.00 6 2460
2014-01-02T11:00:00Z 0.00 4 2375
2014-01-02T10:00:00Z 0.00 1 2356
2014-01-02T09:00:00Z 0.00 0 2235
2014-01-02T08:00:00Z 0.00 0 2106
2014-01-04T11:00:00Z 0.00 1 1489
2014-01-04T10:00:00Z 0.00 0 1231
2014-01-04T09:00:00Z 0.00 0 1108
2014-01-04T08:00:00Z 0.00 0 1131
2014-01-04T07:00:00Z 0.00 0 1218
2014-01-04T06:00:00Z 0.00 0 1391
2014-01-06T11:00:00Z 0.00 4 7639
2014-01-06T10:00:00Z 0.00 4 9461
2014-01-06T09:00:00Z 0.00 4 10906
2014-01-06T08:00:00Z 0.00 2 11299
2014-01-06T07:00:00Z 0.00 1 11042
2014-01-06T06:00:00Z 0.00 1 10890
2014-01-13T16:00:00Z 0.00 9 6619
2014-01-13T15:00:00Z 0.00 9 6054
2014-01-13T14:00:00Z 0.00 8 5505
2014-01-13T13:00:00Z 0.00 7 5058
2014-01-13T12:00:00Z 0.00 7 4859
2014-01-13T11:00:00Z 0.00 7 4901
2014-01-14T21:00:00Z 0.00 44 16820
2014-01-14T20:00:00Z 0.00 43 15719
2014-01-14T19:00:00Z 0.00 39 14809
2014-01-14T18:00:00Z 0.00 35 13613
2014-01-14T17:00:00Z 0.00 25 12161
2014-01-14T16:00:00Z 0.00 19 10580
2014-01-15T17:00:00Z 0.00 2 1722
2014-01-15T16:00:00Z 0.00 2 1677
2014-01-15T15:00:00Z 0.00 1 1646
2014-01-15T14:00:00Z 0.00 1 1835
2014-01-15T13:00:00Z 0.00 2 2236
2014-01-15T12:00:00Z 0.00 2 3232
2014-01-22T16:00:00Z 0.00 3 3089
2014-01-22T15:00:00Z 0.00 3 3048
2014-01-22T14:00:00Z 0.00 3 2981
2014-01-22T13:00:00Z 0.00 3 2688
2014-01-22T12:00:00Z 0.00 3 2809
2014-01-22T11:00:00Z 0.00 3 3075
2014-01-29T11:00:00Z 0.00 1 1380
2014-01-29T10:00:00Z 0.00 1 1663
2014-01-29T09:00:00Z 0.00 1 1913
2014-01-29T08:00:00Z 0.00 2 2110
2014-01-29T07:00:00Z 0.00 2 2136
2014-01-29T06:00:00Z 0.00 2 2177
2014-01-30T18:00:00Z 0.00 0 1542
2014-01-30T17:00:00Z 0.00 0 1385
2014-01-30T16:00:00Z 0.00 0 1183
2014-01-30T15:00:00Z 0.00 0 1037
2014-01-30T14:00:00Z 0.00 0 1022
2014-01-30T13:00:00Z 0.00 0 1044
2014-01-31T16:00:00Z 0.00 2 979
2014-01-31T15:00:00Z 0.00 2 908
2014-01-31T14:00:00Z 0.00 2 893
2014-01-31T13:00:00Z 0.00 2 1035
2014-01-31T12:00:00Z 0.00 2 1681
2014-01-31T11:00:00Z 0.00 2 1841
2014-02-05T22:00:00Z 0.00 5 4503
2014-02-05T21:00:00Z 0.00 4 4145
2014-02-05T20:00:00Z 0.00 4 3668
2014-02-05T19:00:00Z 0.00 2 3248
2014-02-05T18:00:00Z 0.00 2 2728
2014-02-05T17:00:00Z 0.00 2 2247
2014-02-11T14:00:00Z 0.00 3 2991
2014-02-11T13:00:00Z 0.00 3 2663
2014-02-11T12:00:00Z 0.00 3 2542
2014-02-11T11:00:00Z 0.00 3 2730
2014-02-11T10:00:00Z 0.00 3 3059
2014-02-11T09:00:00Z 0.00 3 3280
2014-02-19T22:00:00Z 0.00 7 11007
2014-02-19T21:00:00Z 0.00 17 11471
2014-02-19T20:00:00Z 0.00 29 12084
2014-02-19T19:00:00Z 0.00 43 12232
2014-02-19T18:00:00Z 0.00 43 11925
2014-02-19T17:00:00Z 0.00 41 11454
2014-03-01T22:00:00Z 0.00 25 11862
2014-03-01T21:00:00Z 0.00 23 10493
2014-03-01T20:00:00Z 0.00 22 9590
2014-03-01T19:00:00Z 0.00 22 8686
2014-03-01T18:00:00Z 0.00 17 7713
2014-03-01T17:00:00Z 0.00 13 6761
2014-03-16T16:00:00Z 0.00 4 2103
2014-03-16T15:00:00Z 0.00 4 1893
2014-03-16T14:00:00Z 0.00 3 1693
2014-03-16T13:00:00Z 0.00 3 1576
2014-03-16T12:00:00Z 0.00 3 1621
2014-03-16T11:00:00Z 0.00 2 1795
2014-03-23T08:00:00Z 0.00 0 4095
2014-03-23T07:00:00Z 0.00 1 4094
2014-03-23T06:00:00Z 0.00 2 4301
2014-03-23T05:00:00Z 0.00 3 4618
2014-03-23T04:00:00Z 0.00 4 4899
2014-03-23T03:00:00Z 0.00 6 5149
2014-03-31T02:00:00Z 0.00 11 13483
2014-03-31T01:00:00Z 0.00 13 13951
2014-03-31T00:00:00Z 0.00 16 13980
2014-03-30T23:00:00Z 0.00 17 13508
2014-03-30T22:00:00Z 0.00 17 12467
2014-03-30T21:00:00Z 0.00 18 11060
2014-03-31T23:00:00Z 0.00 5 8984
2014-03-31T22:00:00Z 0.00 7 8379
2014-03-31T21:00:00Z 0.00 7 7803
2014-03-31T20:00:00Z 0.00 12 7416
2014-03-31T19:00:00Z 0.00 16 6930
2014-03-31T18:00:00Z 0.00 15 6410
2014-04-17T21:00:00Z 0.00 3 1949
2014-04-17T20:00:00Z 0.00 6 1851
2014-04-17T19:00:00Z 0.00 6 1759
2014-04-17T18:00:00Z 0.00 6 1651
2014-04-17T17:00:00Z 0.00 5 1529
2014-04-17T16:00:00Z 0.00 5 1422
2014-04-23T07:00:00Z 0.00 4 3340
2014-04-23T06:00:00Z 0.00 5 3375
2014-04-23T05:00:00Z 0.00 5 3533
2014-04-23T04:00:00Z 0.00 5 3696
2014-04-23T03:00:00Z 0.00 5 3898
2014-04-23T02:00:00Z 0.00 5 4028
2014-04-24T07:00:00Z 0.00 9 7918
2014-04-24T06:00:00Z 0.00 8 8276
2014-04-24T05:00:00Z 0.00 8 8784
2014-04-24T04:00:00Z 0.00 11 9197
2014-04-24T03:00:00Z 0.00 11 9696
2014-04-24T02:00:00Z 0.00 12 10176
2014-05-01T02:00:00Z 0.00 3 1111
2014-05-01T01:00:00Z 0.00 3 1152
2014-05-01T00:00:00Z 0.00 3 1109
2014-04-30T23:00:00Z 0.00 3 1048
2014-04-30T22:00:00Z 0.00 3 983
2014-04-30T21:00:00Z 0.00 3 969
2014-05-15T13:00:00Z 0.00 0 132
2014-05-15T12:00:00Z 0.00 0 125
2014-05-15T11:00:00Z 0.00 0 154
2014-05-15T10:00:00Z 0.00 0 163
2014-05-15T09:00:00Z 0.00 0 169
2014-05-15T08:00:00Z 0.00 0 163
2014-05-21T14:00:00Z 0.00 1 1183
2014-05-21T13:00:00Z 0.00 1 1053
2014-05-21T12:00:00Z 0.00 1 1065
2014-05-21T11:00:00Z 0.00 1 1150
2014-05-21T10:00:00Z 0.00 1 1256
2014-05-21T09:00:00Z 0.00 1 1317
2014-06-16T05:00:00Z 0.00 2 8082
2014-06-16T04:00:00Z 0.00 2 8393
2014-06-16T03:00:00Z 0.00 2 8613
2014-06-16T02:00:00Z 0.00 2 8586
2014-06-16T01:00:00Z 0.00 1 8358
2014-06-16T00:00:00Z 0.00 0 7966
2014-07-01T09:00:00Z 0.00 0 2177
2014-07-01T08:00:00Z 0.00 0 2178
2014-07-01T07:00:00Z 0.00 0 2363
2014-07-01T06:00:00Z 0.00 0 2656
2014-07-01T05:00:00Z 0.00 1 2957
2014-07-01T04:00:00Z 0.00 1 3222
2014-07-02T21:00:00Z 0.00 3 1699
2014-07-02T20:00:00Z 0.00 2 1793
2014-07-02T19:00:00Z 0.00 1 1878
2014-07-02T18:00:00Z 0.00 1 1895
2014-07-02T17:00:00Z 0.00 1 1856
2014-07-02T16:00:00Z 0.00 1 1757
2014-07-05T18:00:00Z 0.00 0 226
2014-07-05T17:00:00Z 0.00 0 211
2014-07-05T16:00:00Z 0.00 0 194
2014-07-05T15:00:00Z 0.00 0 180
2014-07-05T14:00:00Z 0.00 0 194
2014-07-05T13:00:00Z 0.00 0 245
2014-07-30T08:00:00Z 0.00 1 2200
2014-07-30T07:00:00Z 0.00 1 2390
2014-07-30T06:00:00Z 0.00 2 2625
2014-07-30T05:00:00Z 0.00 2 2874
2014-07-30T04:00:00Z 0.00 2 3140
2014-07-30T03:00:00Z 0.00 2 3471
2014-08-20T02:00:00Z 0.00 3 10771
2014-08-20T01:00:00Z 0.00 5 10897
2014-08-20T00:00:00Z 0.00 5 10472
2014-08-19T23:00:00Z 0.00 5 9606
2014-08-19T22:00:00Z 0.00 4 8540
2014-08-19T21:00:00Z 0.00 4 7818
2014-08-21T01:00:00Z 0.00 9 18026
2014-08-21T00:00:00Z 0.00 6 17005
2014-08-20T23:00:00Z 0.00 5 15185
2014-08-20T22:00:00Z 0.00 4 13143
2014-08-20T21:00:00Z 0.00 8 11623
2014-08-20T20:00:00Z 0.00 11 10190
2014-08-30T02:00:00Z 0.00 8 9022
2014-08-30T01:00:00Z 0.00 9 9325
2014-08-30T00:00:00Z 0.00 10 9228
2014-08-29T23:00:00Z 0.00 10 8720
2014-08-29T22:00:00Z 0.00 11 8045
2014-08-29T21:00:00Z 0.00 12 7557
2014-09-22T09:00:00Z 0.00 6 3166
2014-09-22T08:00:00Z 0.00 5 3835
2014-09-22T07:00:00Z 0.00 5 4370
2014-09-22T06:00:00Z 0.00 6 4898
2014-09-22T05:00:00Z 0.00 6 5415
2014-09-22T04:00:00Z 0.00 8 5996
2014-09-25T08:00:00Z 0.00 1 1044
2014-09-25T07:00:00Z 0.00 1 1077
2014-09-25T06:00:00Z 0.00 2 1143
2014-09-25T05:00:00Z 0.00 2 1202
2014-09-25T04:00:00Z 0.00 2 1265
2014-09-25T03:00:00Z 0.00 2 1334
2014-09-26T08:00:00Z 0.00 2 1586
2014-09-26T07:00:00Z 0.00 2 1719
2014-09-26T06:00:00Z 0.00 3 1837
2014-09-26T05:00:00Z 0.00 3 1942
2014-09-26T04:00:00Z 0.00 3 2037
2014-09-26T03:00:00Z 0.00 3 2130
2014-10-07T13:00:00Z 0.00 3 4649
2014-10-07T12:00:00Z 0.00 5 4836
2014-10-07T11:00:00Z 0.00 6 5415
2014-10-07T10:00:00Z 0.00 9 6135
2014-10-07T09:00:00Z 0.00 10 6572
2014-10-07T08:00:00Z 0.00 11 7128
