2013-12-26T04:00:00Z 4 6 -1 5 0 60 23.000000 -8.350000 0.240000 -1.000000 -1.000000 18.000000 330.000000 3 16 14 4 0 54 4 6 -1 5 0 60 4 9 5 5 0 54 6 53 16 6 0 51
2013-12-26T03:00:00Z 5 6 6 5 0 71 24.890000 -7.950000 0.230000 -1.000000 -1.000000 21.780000 330.000000 7 28 12 7 0 58 5 6 6 5 0 71 9 20 11 6 0 47 7 20 16 4 0 50
2013-12-26T02:00:00Z 6 6 6 5 0 70 23.330000 -5.310000 0.270000 -1.000000 1033.520000 19.890000 327.000000 7 24 10 3 0 58 6 6 6 5 0 70 6 22 8 6 0 48 8 20 20 7 0 45
2013-12-26T01:00:00Z 7 6 7 6 0 67 24.890000 -7.950000 0.230000 -1.000000 1033.520000 24.610000 330.000000 12 31 17 5 0 49 7 -1 7 6 0 67 9 30 8 5 0 48 8 18 18 8 0 46
2014-01-02T23:00:00Z 160 213 139 79 7 16 33.890000 18.290000 0.520000 0.000000 1018.100000 10.490000 350.000000 133 201 91 79 3 10 160 213 139 79 7 16 171 265 128 105 5 1 197 299 134 140 5 1
2014-01-02T22:00:00Z 156 214 151 88 7 16 32.110000 19.160000 0.580000 0.000000 1018.100000 2.080000 357.000000 126 161 94 84 3 8 156 214 151 88 7 16 171 280 133 93 5 1 180 265 127 146 4 1
2014-01-02T21:00:00Z 163 224 144 86 7 16 32.110000 18.500000 0.570000 0.000000 1018.100000 1.890000 37.000000 118 151 90 79 2 8 163 224 144 86 7 16 192 322 135 109 5 1 181 253 127 123 4 1
2014-01-02T20:00:00Z 157 227 149 99 6 15 32.150000 17.770000 0.550000 0.020000 1017.420000 2.110000 296.000000 124 156 90 83 2 10 157 227 149 99 6 15 167 297 130 106 4 1 159 239 126 86 4 1
2014-01-05T05:00:00Z 144 152 100 24 6 11 19.250000 13.400000 0.780000 0.000000 1023.180000 7.060000 353.000000 63 -1 59 49 8 9 144 152 100 24 6 11 142 170 89 41 3 1 170 233 92 41 3 1
2014-01-05T04:00:00Z 155 165 104 21 4 11 21.000000 16.210000 0.810000 0.000000 1023.180000 4.150000 348.000000 110 -1 -1 52 -1 4 155 165 104 21 4 11 151 177 -1 47 2 1 146 180 88 47 3 1
2014-01-05T03:00:00Z 178 202 108 18 6 8 19.220000 12.620000 0.750000 0.000000 1023.180000 6.980000 359.000000 151 164 80 46 -1 11 178 202 108 18 6 8 147 173 93 58 2 1 153 193 93 56 2 1
2014-01-05T02:00:00Z 166 187 99 19 6 9 21.600000 15.550000 0.770000 0.000000 1022.330000 8.320000 355.000000 155 -1 78 44 5 9 166 187 99 19 6 9 154 196 94 51 3 1 145 188 94 63 2 1
2014-01-14T02:00:00Z 122 146 102 93 4 10 14.100000 -3.310000 0.450000 0.000000 1033.760000 7.160000 351.000000 66 74 63 51 1 12 122 146 102 93 4 10 154 -1 110 103 2 1 118 149 90 104 3 1
2014-01-14T01:00:00Z 116 122 98 69 4 13 18.170000 -0.580000 0.430000 0.000000 1033.760000 6.610000 0.000000 68 90 70 50 1 7 116 122 98 69 4 13 -1 167 119 107 3 1 125 161 97 126 3 1
2014-01-14T00:00:00Z 126 133 107 74 3 14 19.110000 17.180000 0.920000 0.000000 1033.760000 3.850000 1.000000 59 -1 66 42 1 8 126 133 107 74 3 14 -1 227 136 100 4 1 144 182 108 140 3 1
2014-01-13T23:00:00Z 164 186 115 83 5 17 19.110000 2.510000 0.480000 0.000000 1032.600000 1.890000 20.000000 120 135 87 83 3 10 164 186 115 83 5 17 -1 263 141 114 4 1 141 180 115 123 3 1
2014-01-24T15:00:00Z 134 146 110 69 3 18 49.500000 -5.710000 0.100000 0.000000 -1.000000 8.720000 20.000000 23 32 28 37 0 46 134 146 110 69 3 18 58 -1 72 26 1 14 76 92 61 38 1 18
2014-01-24T14:00:00Z 170 182 125 96 4 18 47.700000 0.360000 0.140000 0.920000 1017.280000 7.860000 13.000000 59 -1 35 35 0 38 170 182 125 96 4 18 79 -1 83 40 1 7 91 -1 71 55 1 11
2014-01-24T13:00:00Z 184 182 129 118 4 16 47.500000 25.560000 0.420000 0.000000 1017.280000 9.100000 359.000000 231 -1 106 130 3 6 184 -1 129 118 4 16 75 81 94 56 2 4 152 166 97 91 2 1
2014-01-24T12:00:00Z 197 182 129 137 4 16 42.670000 5.950000 0.210000 0.000000 1017.280000 10.990000 351.000000 292 297 126 142 5 5 197 -1 129 137 4 16 -1 6 105 72 2 5 162 174 94 94 2 1
2014-01-30T01:00:00Z 188 -1 100 77 4 13 25.170000 14.530000 0.630000 0.000000 -1.000000 4.000000 310.000000 182 205 73 80 4 10 188 -1 100 77 4 13 187 224 103 118 2 1 187 198 92 122 3 1
2014-01-30T00:00:00Z 189 189 105 85 4 12 27.170000 14.660000 0.590000 0.000000 -1.000000 4.000000 320.000000 166 204 74 82 3 9 189 189 105 85 4 12 193 230 104 130 2 1 207 220 97 138 3 1
2014-01-29T23:00:00Z 199 203 111 88 4 12 28.110000 16.630000 0.620000 0.000000 1014.100000 3.710000 87.000000 162 196 74 89 3 8 199 203 111 88 4 12 188 231 112 111 2 1 208 224 96 142 3 1
2014-01-29T22:00:00Z 181 192 117 86 3 12 28.110000 16.630000 0.620000 0.000000 1014.100000 2.230000 355.000000 147 176 75 98 2 8 181 192 117 86 3 12 192 240 122 119 3 1 216 231 105 141 3 1
2014-01-31T07:00:00Z 136 161 65 52 2 10 25.000000 18.080000 0.750000 0.000000 -1.000000 4.150000 2.000000 122 171 42 63 1 18 136 161 65 52 2 10 95 127 63 84 1 7 93 118 58 72 1 3
2014-01-31T06:00:00Z 176 200 68 52 2 7 25.000000 16.250000 0.690000 0.000000 -1.000000 4.170000 20.000000 124 169 47 61 1 14 176 200 68 52 2 7 134 167 66 86 2 4 117 140 58 76 1 3
2014-01-31T05:00:00Z 241 273 64 49 2 7 24.260000 17.530000 0.750000 0.000000 1019.790000 2.030000 2.000000 148 198 53 56 1 9 241 273 64 49 2 7 126 165 62 73 2 6 121 148 54 80 1 6
2014-01-31T04:00:00Z 265 324 64 48 1 8 26.670000 16.370000 0.650000 0.000000 1019.790000 9.000000 350.000000 150 205 45 49 1 12 265 324 -1 48 1 8 156 208 57 67 1 8 151 181 54 75 1 5
2014-02-02T09:00:00Z 147 -1 69 40 2 15 42.610000 20.580000 0.410000 0.000000 -1.000000 17.170000 10.000000 47 155 18 41 0 60 147 -1 69 40 2 15 135 -1 64 44 2 1 120 -1 54 35 2 6
2014-02-02T08:00:00Z 149 151 64 19 3 6 36.370000 27.690000 0.700000 0.120000 1013.750000 9.400000 2.000000 133 153 48 43 2 22 149 151 64 19 3 6 151 177 67 31 3 1 136 138 58 28 2 1
2014-02-02T07:00:00Z 149 151 64 19 3 6 30.220000 27.170000 0.880000 0.000000 1013.750000 7.020000 6.000000 -1 -1 -1 -1 -1 -1 -1 -1 -1 -1 -1 -1 -1 -1 -1 -1 -1 -1 -1 -1 -1 -1 -1 -1
2014-02-02T06:00:00Z 166 167 55 25 3 8 32.220000 27.410000 0.820000 0.000000 1013.750000 8.640000 8.000000 136 155 60 32 2 4 166 167 55 25 3 8 163 198 60 31 2 1 151 153 54 24 2 1
2014-02-17T05:00:00Z 119 -1 99 75 2 10 27.180000 13.320000 0.550000 0.000000 1033.400000 3.510000 29.000000 135 -1 -1 66 2 9 119 -1 99 75 2 10 -1 -1 -1 -1 -1 -1 41 -1 -1 23 1 16
2014-02-17T04:00:00Z 155 -1 102 82 3 10 27.060000 15.900000 0.620000 0.000000 1033.400000 3.890000 13.000000 191 -1 90 79 2 -1 155 -1 102 82 3 10 -1 -1 -1 -1 -1 -1 74 -1 39 23 1 -1
2014-02-17T03:00:00Z 168 -1 108 88 3 11 30.000000 15.720000 0.550000 0.000000 1033.400000 3.640000 157.000000 218 -1 93 85 -1 4 168 -1 108 88 3 11 -1 -1 -1 -1 -1 -1 81 -1 32 25 -1 15
2014-02-17T02:00:00Z 188 -1 102 87 2 13 29.740000 17.690000 0.600000 0.000000 1033.760000 1.400000 133.000000 253 -1 101 -1 3 6 188 -1 102 87 2 13 -1 -1 -1 -1 -1 -1 123 -1 60 -1 1 15
2014-03-04T04:00:00Z 187 -1 -1 88 2 8 30.330000 21.710000 0.700000 0.000000 -1.000000 4.120000 7.000000 44 -1 21 20 0 6 187 -1 -1 88 2 8 184 -1 95 92 2 -1 196 -1 86 68 2 2
2014-03-04T03:00:00Z 254 264 111 71 4 8 32.220000 19.590000 0.590000 0.000000 -1.000000 7.100000 359.000000 77 -1 33 38 1 5 254 264 111 71 4 8 243 320 99 103 -1 4 261 305 86 76 3 2
2014-03-04T02:00:00Z 241 267 107 74 4 8 32.400000 19.000000 0.570000 0.000000 1024.260000 6.620000 344.000000 245 264 80 86 4 3 241 267 107 74 4 8 256 362 102 -1 4 4 265 309 88 97 4 2
2014-03-04T01:00:00Z 236 273 103 80 3 7 36.060000 18.870000 0.490000 0.000000 1024.260000 7.100000 1.000000 250 287 83 87 3 3 236 273 103 80 3 7 251 365 104 120 4 5 274 329 109 134 4 2
2014-03-09T21:00:00Z 132 197 116 36 1 24 36.830000 19.720000 0.500000 -1.000000 -1.000000 10.990000 131.000000 150 225 101 62 2 10 132 197 116 36 1 24 82 132 56 35 1 57 77 123 71 33 1 28
2014-03-09T20:00:00Z 152 186 123 42 1 44 40.140000 12.490000 0.320000 -1.000000 1026.440000 8.540000 147.000000 143 180 89 56 2 33 152 186 123 42 1 44 116 164 82 41 1 49 103 152 97 44 1 15
2014-03-09T19:00:00Z 152 186 123 42 1 44 42.500000 10.490000 0.270000 0.000000 1026.440000 9.210000 149.000000 -1 -1 -1 -1 -1 -1 -1 -1 -1 -1 -1 -1 -1 -1 -1 -1 -1 -1 -1 -1 -1 -1 -1 -1
2014-03-09T18:00:00Z 152 186 123 42 1 44 42.500000 11.270000 0.270000 0.000000 1026.440000 4.460000 133.000000 -1 -1 -1 -1 -1 -1 -1 -1 -1 -1 -1 -1 -1 -1 -1 -1 -1 -1 -1 -1 -1 -1 -1 -1
2014-03-11T20:00:00Z 152 -1 75 52 1 56 50.430000 15.080000 0.240000 0.720000 1019.990000 15.860000 32.000000 13 31 97 30 2 2 152 -1 75 52 1 56 87 115 65 27 1 51 74 84 63 22 0 30
2014-03-11T19:00:00Z 184 -1 97 64 2 59 53.780000 11.160000 0.180000 0.000000 1019.990000 15.490000 40.000000 124 150 114 41 2 2 184 -1 97 64 2 59 158 176 104 60 1 52 164 185 100 60 1 38
2014-03-11T18:00:00Z 187 222 93 71 2 72 54.720000 12.210000 0.180000 0.000000 1019.990000 12.490000 40.000000 262 299 116 44 2 2 187 222 93 71 2 72 98 142 80 64 1 87 131 157 81 62 1 63
2014-03-11T17:00:00Z 187 222 93 71 2 72 54.410000 21.600000 0.280000 0.100000 1015.500000 6.510000 64.000000 -1 -1 -1 -1 -1 -1 -1 -1 -1 -1 -1 -1 -1 -1 -1 -1 -1 -1 -1 -1 -1 -1 -1 -1
2014-03-17T14:00:00Z 29 276 14 11 0 82 68.200000 15.780000 0.130000 0.730000 1011.360000 18.610000 286.000000 26 342 17 5 0 76 29 276 14 11 0 82 20 247 14 8 0 80 43 336 10 7 0 77
2014-03-17T13:00:00Z 29 276 14 11 0 82 67.780000 12.920000 0.120000 0.000000 1011.360000 17.500000 290.000000 -1 -1 -1 -1 -1 -1 -1 -1 -1 -1 -1 -1 -1 -1 -1 -1 -1 -1 -1 -1 -1 -1 -1 -1
2014-03-17T12:00:00Z 35 356 16 13 0 76 65.720000 13.350000 0.130000 0.000000 1011.360000 17.570000 271.000000 18 324 4 5 0 60 35 356 16 13 0 76 37 317 16 12 0 73 36 287 17 9 0 65
2014-03-17T11:00:00Z 61 533 20 16 0 71 59.730000 15.830000 0.180000 0.110000 1012.260000 10.620000 286.000000 -1 378 21 9 0 66 61 533 20 16 0 71 67 571 21 15 0 64 75 477 38 14 0 48
2014-03-28T11:00:00Z 140 -1 53 24 1 38 63.060000 46.350000 0.540000 0.110000 1007.880000 7.180000 3.000000 96 -1 26 30 0 49 140 -1 53 24 1 38 -1 85 35 35 1 53 113 129 45 24 1 49
2014-03-28T10:00:00Z 160 -1 73 12 1 14 60.890000 47.780000 0.620000 0.000000 1007.880000 8.580000 10.000000 118 132 53 9 1 8 160 -1 73 12 1 14 153 178 58 27 1 46 167 -1 62 -1 1 25
2014-03-28T09:00:00Z 167 182 81 9 2 5 59.000000 46.120000 0.620000 0.000000 1007.880000 12.710000 9.000000 110 140 63 10 2 2 167 182 81 9 2 5 139 201 67 23 1 5 117 140 70 15 1 5
2014-03-28T08:00:00Z 127 141 80 9 2 4 56.200000 48.170000 0.740000 0.120000 1008.610000 5.540000 17.000000 108 131 62 9 1 3 127 141 80 9 2 4 152 264 68 22 1 3 111 124 70 14 1 2
2014-03-29T02:00:00Z 117 -1 54 18 1 28 48.160000 42.680000 0.810000 0.000000 1011.340000 3.440000 342.000000 14 20 6 5 0 71 117 -1 54 18 1 28 90 -1 44 24 1 29 53 -1 70 19 0 7
2014-03-29T01:00:00Z 168 180 98 14 2 6 50.110000 43.620000 0.780000 0.000000 1011.340000 6.490000 333.000000 12 22 11 6 0 65 168 180 98 14 2 6 167 182 103 11 2 2 120 -1 95 26 1 2
2014-03-29T00:00:00Z 184 180 121 15 2 5 54.000000 46.280000 0.750000 0.000000 1011.340000 2.000000 140.000000 3 9 14 6 0 66 184 -1 121 15 2 5 174 190 110 16 2 2 204 249 120 23 3 2
2014-03-28T23:00:00Z 168 221 121 17 2 5 53.890000 45.640000 0.740000 0.000000 1011.500000 1.900000 133.000000 63 -1 26 20 0 58 168 221 121 17 2 5 164 203 114 20 3 2 193 251 113 25 2 2
2014-04-18T19:00:00Z 153 -1 85 9 1 64 58.780000 40.690000 0.510000 0.000000 -1.000000 7.210000 159.000000 200 -1 53 9 1 120 153 -1 85 9 1 64 121 135 74 27 1 68 141 162 90 21 1 52
2014-04-18T18:00:00Z 161 187 54 9 1 141 62.550000 45.430000 0.530000 0.000000 -1.000000 10.990000 151.000000 124 147 43 9 1 140 161 187 54 9 1 141 161 -1 44 15 1 118 165 180 68 13 1 107
2014-04-18T17:00:00Z 161 187 54 9 1 141 65.070000 49.570000 0.570000 0.090000 1018.220000 8.850000 155.000000 -1 -1 -1 -1 -1 -1 -1 -1 -1 -1 -1 -1 -1 -1 -1 -1 -1 -1 -1 -1 -1 -1 -1 -1
2014-04-18T16:00:00Z 161 187 54 9 1 141 67.500000 51.160000 0.560000 0.000000 1018.220000 13.000000 170.000000 -1 -1 -1 -1 -1 -1 -1 -1 -1 -1 -1 -1 -1 -1 -1 -1 -1 -1 -1 -1 -1 -1 -1 -1
2014-05-07T08:00:00Z 149 219 95 28 2 18 62.620000 43.610000 0.500000 0.000000 1005.660000 8.300000 343.000000 42 64 28 11 0 66 149 219 95 28 2 18 -1 -1 -1 -1 -1 -1 135 227 82 31 1 23
2014-05-07T07:00:00Z 145 222 94 23 2 8 60.890000 46.360000 0.590000 0.000000 1005.660000 11.000000 60.000000 95 124 52 30 1 52 145 222 94 23 2 8 -1 -1 -1 -1 -1 -1 123 199 103 28 1 2
2014-05-07T06:00:00Z 151 191 92 22 2 7 55.220000 46.350000 0.720000 0.000000 1005.660000 2.180000 31.000000 101 123 46 16 1 44 151 191 92 22 2 7 -1 -1 -1 -1 -1 -1 129 189 104 25 1 2
2014-05-07T05:00:00Z 135 178 85 26 2 10 53.720000 44.810000 0.720000 0.000000 1003.220000 3.140000 341.000000 95 116 50 16 1 43 135 178 85 26 2 10 -1 -1 -1 -1 -1 -1 136 194 104 29 2 2
2014-05-16T07:00:00Z 90 286 93 -1 1 12 72.500000 39.910000 0.310000 0.000000 -1.000000 7.250000 3.000000 29 76 21 4 0 67 90 286 93 -1 1 12 72 211 99 24 1 12 102 270 97 20 0 4
2014-05-16T06:00:00Z 84 263 100 -1 0 4 67.720000 46.470000 0.470000 0.000000 -1.000000 3.990000 359.000000 58 154 23 7 0 73 84 263 100 -1 0 4 69 209 106 18 1 2 106 285 107 22 0 2
2014-05-16T05:00:00Z 82 266 108 -1 1 2 58.910000 45.440000 0.610000 0.000000 1003.840000 3.430000 0.000000 72 180 32 6 0 54 82 266 108 -1 1 2 69 189 108 14 1 2 94 279 111 18 0 2
2014-05-16T04:00:00Z 84 251 111 -1 1 3 59.110000 46.340000 0.630000 0.000000 1003.840000 2.000000 30.000000 80 198 36 6 0 53 84 251 111 -1 1 3 68 178 108 14 1 2 88 272 114 19 0 2
2014-05-19T02:00:00Z 128 185 27 18 1 156 68.220000 56.910000 0.670000 0.000000 1005.900000 10.000000 10.000000 62 -1 15 3 1 130 128 185 27 18 1 156 94 163 30 19 0 135 79 128 32 17 0 128
2014-05-19T01:00:00Z 117 235 54 24 1 108 68.220000 56.910000 0.670000 0.000000 1005.900000 7.000000 190.000000 92 -1 14 6 1 137 117 235 54 24 1 108 95 177 32 21 0 148 100 234 50 22 0 124
2014-05-19T00:00:00Z 121 226 46 26 1 126 72.940000 56.690000 0.570000 0.000000 1005.900000 4.050000 146.000000 145 209 29 22 1 156 121 226 46 26 1 126 100 180 45 21 1 145 108 216 81 25 0 95
2014-05-18T23:00:00Z 130 229 48 26 1 130 76.780000 55.200000 0.470000 0.000000 1006.000000 6.940000 143.000000 140 217 33 30 1 160 130 229 48 26 1 130 99 178 38 26 1 175 110 229 62 29 0 142
2014-05-20T08:00:00Z 118 -1 58 10 1 78 73.560000 48.100000 0.410000 0.000000 1005.440000 12.920000 19.000000 13 26 17 2 0 67 118 -1 58 10 1 78 50 -1 35 10 0 74 80 185 34 11 0 64
2014-05-20T07:00:00Z 164 205 74 9 1 67 72.940000 47.150000 0.400000 0.000000 1005.440000 2.000000 200.000000 28 -1 23 3 0 60 164 205 74 9 1 67 92 -1 38 10 1 85 102 -1 39 14 0 70
2014-05-20T06:00:00Z 162 218 80 9 1 59 69.890000 52.840000 0.550000 0.000000 1005.440000 10.410000 31.000000 68 -1 26 3 1 74 162 218 80 9 1 59 158 -1 50 11 1 93 137 -1 38 14 1 90
2014-05-20T05:00:00Z 184 245 64 11 1 70 66.450000 54.160000 0.650000 0.000000 1003.970000 6.650000 20.000000 117 -1 -1 4 1 99 184 245 64 11 1 70 206 232 82 17 1 64 192 224 80 14 1 58
2014-05-25T12:00:00Z 81 321 17 2 0 87 81.830000 36.750000 0.200000 0.000000 -1.000000 27.000000 290.000000 20 61 12 2 0 88 81 321 17 2 0 87 75 286 13 2 0 92 74 269 12 2 0 87
2014-05-25T11:00:00Z 115 436 16 2 0 85 79.250000 37.880000 0.230000 0.690000 1007.080000 27.930000 301.000000 97 300 17 2 0 78 115 436 16 2 0 85 124 405 19 2 0 81 155 478 14 2 0 83
2014-05-25T10:00:00Z 132 453 34 6 0 67 78.780000 37.660000 0.230000 0.000000 1007.080000 25.880000 291.000000 155 504 16 4 0 77 132 453 34 6 0 67 130 -1 40 2 0 52 199 601 22 2 0 72
2014-05-25T09:00:00Z 132 453 34 6 0 67 75.000000 38.800000 0.270000 0.000000 1007.080000 11.000000 300.000000 -1 -1 -1 -1 -1 -1 -1 -1 -1 -1 -1 -1 -1 -1 -1 -1 -1 -1 -1 -1 -1 -1 -1 -1
2014-06-17T03:00:00Z 230 234 32 2 1 120 66.500000 63.100000 0.890000 0.000000 -1.000000 7.000000 200.000000 45 -1 9 3 0 156 230 234 32 2 1 120 216 -1 27 12 1 128 131 -1 12 5 0 128
2014-06-17T02:00:00Z 214 236 33 2 1 127 65.430000 61.580000 0.870000 0.000000 1001.850000 11.690000 181.000000 174 -1 35 4 1 110 214 236 33 2 1 127 232 -1 30 12 1 143 246 -1 16 5 1 127
2014-06-17T01:00:00Z 192 220 39 2 1 122 76.890000 67.840000 0.740000 0.000000 1001.850000 6.980000 181.000000 146 -1 44 3 1 94 192 220 39 2 1 122 222 -1 32 8 1 154 208 -1 28 3 1 138
2014-06-17T00:00:00Z 163 225 64 2 1 92 78.890000 67.720000 0.690000 0.000000 1001.850000 10.690000 171.000000 139 145 38 2 1 97 163 225 64 2 1 92 181 196 38 4 1 138 162 -1 46 2 0 114
2014-07-04T21:00:00Z 124 -1 55 2 1 80 78.890000 69.990000 0.740000 0.000000 -1.000000 6.570000 139.000000 206 -1 28 2 1 141 124 -1 55 2 1 80 132 -1 40 2 1 99 178 -1 57 2 1 100
2014-07-04T20:00:00Z 124 -1 55 2 1 80 80.370000 70.850000 0.730000 0.150000 1005.830000 5.990000 148.000000 -1 -1 -1 -1 -1 -1 -1 -1 -1 -1 -1 -1 -1 -1 -1 -1 -1 -1 -1 -1 -1 -1 -1 -1
2014-07-04T19:00:00Z 153 -1 32 2 1 138 81.720000 71.950000 0.720000 0.000000 1005.830000 3.870000 201.000000 225 251 34 4 1 176 153 -1 32 2 1 138 154 -1 30 2 1 139 206 -1 53 2 1 123
2014-07-04T18:00:00Z 153 -1 32 2 1 138 83.610000 72.980000 0.710000 0.000000 1005.830000 12.170000 180.000000 -1 -1 -1 -1 -1 -1 -1 -1 -1 -1 -1 -1 -1 -1 -1 -1 -1 -1 -1 -1 -1 -1 -1 -1
2014-07-08T10:00:00Z 122 -1 28 11 0 112 89.890000 68.460000 0.500000 0.000000 -1.000000 9.000000 0.000000 15 -1 11 2 0 76 122 -1 28 11 0 112 126 -1 32 12 1 122 157 -1 37 6 1 95
2014-07-08T09:00:00Z 208 -1 48 9 1 90 84.110000 71.750000 0.670000 0.000000 -1.000000 7.000000 260.000000 50 -1 13 2 0 76 208 -1 48 9 1 90 148 152 36 9 1 94 -1 -1 -1 -1 -1 -1
2014-07-08T08:00:00Z 168 197 50 10 1 68 80.600000 70.300000 0.710000 0.060000 1001.930000 4.920000 357.000000 190 -1 32 6 1 87 168 197 50 10 1 68 135 146 38 7 1 63 137 -1 66 2 1 45
2014-07-08T07:00:00Z 165 166 47 10 1 62 79.280000 71.850000 0.780000 0.000000 1001.930000 3.480000 14.000000 180 -1 26 4 1 85 165 166 47 10 1 62 142 -1 36 5 1 54 141 -1 71 3 0 27
2014-07-19T10:00:00Z 132 211 65 2 1 107 93.000000 72.700000 0.520000 0.000000 -1.000000 -1.000000 -1.000000 143 -1 40 5 1 121 132 211 65 2 1 107 65 81 33 2 0 118 72 -1 36 2 0 96
2014-07-19T09:00:00Z 140 247 78 2 1 52 91.000000 75.040000 0.600000 0.000000 -1.000000 -1.000000 -1.000000 148 176 45 4 1 71 140 247 78 2 1 52 81 138 48 2 0 67 87 -1 62 2 0 46
2014-07-19T08:00:00Z 159 247 72 2 1 32 86.740000 74.550000 0.670000 0.040000 1009.390000 3.740000 221.000000 146 151 36 3 1 64 159 -1 72 2 1 32 75 120 49 2 0 35 79 -1 66 2 0 19
2014-07-19T07:00:00Z 159 247 72 2 1 32 86.000000 74.930000 0.700000 0.000000 1009.390000 3.570000 81.000000 -1 -1 -1 -1 -1 -1 -1 -1 -1 -1 -1 -1 69 97 50 2 1 18 -1 -1 -1 -1 -1 -1
2014-07-28T12:00:00Z 132 142 28 8 1 225 92.890000 64.440000 0.390000 0.000000 -1.000000 -1.000000 -1.000000 -1 184 30 8 1 244 132 142 28 8 1 225 144 -1 26 29 1 216 145 -1 33 13 1 210
2014-07-28T11:00:00Z 159 142 40 2 1 210 90.180000 65.880000 0.450000 0.020000 1004.680000 6.340000 201.000000 -1 167 25 9 1 178 159 -1 40 2 1 210 144 183 33 18 1 183 173 -1 55 4 1 156
2014-07-28T10:00:00Z 159 142 40 2 1 210 88.110000 69.700000 0.550000 0.000000 1004.680000 9.000000 260.000000 -1 -1 -1 -1 -1 -1 -1 -1 -1 -1 -1 -1 -1 -1 -1 -1 -1 -1 -1 -1 -1 -1 -1 -1
2014-07-28T09:00:00Z 177 227 66 2 1 58 84.110000 71.750000 0.670000 0.000000 1004.680000 11.000000 250.000000 -1 184 92 8 1 52 177 227 66 2 1 58 148 179 50 5 1 82 179 -1 76 4 0 54
2014-08-03T13:00:00Z 129 -1 26 2 1 271 93.000000 74.820000 0.560000 0.000000 -1.000000 9.000000 120.000000 143 144 18 2 1 213 129 -1 26 2 1 271 145 148 18 2 1 270 101 -1 24 3 0 220
2014-08-03T12:00:00Z 133 -1 33 2 1 222 95.000000 74.980000 0.530000 0.000000 -1.000000 9.000000 120.000000 163 166 28 2 1 212 133 -1 33 2 1 222 131 157 23 2 1 216 106 -1 27 3 0 183
2014-08-03T11:00:00Z 147 -1 42 2 1 166 91.910000 73.980000 0.560000 0.110000 1001.090000 4.340000 1.000000 169 199 58 2 1 142 147 -1 42 2 1 166 102 125 22 2 1 163 101 -1 34 3 0 134
2014-08-03T10:00:00Z 147 -1 42 2 1 166 91.110000 75.030000 0.600000 0.000000 1001.090000 2.000000 30.000000 -1 -1 -1 -1 -1 -1 -1 -1 -1 -1 -1 -1 -1 -1 -1 -1 -1 -1 -1 -1 -1 -1 -1 -1
2014-08-31T00:00:00Z 124 -1 54 2 1 37 70.110000 67.990000 0.930000 0.000000 -1.000000 3.950000 88.000000 18 -1 12 2 0 102 124 -1 54 2 1 37 95 -1 33 2 1 92 88 -1 28 2 0 97
2014-08-30T23:00:00Z 165 -1 66 2 1 20 70.170000 67.990000 0.930000 0.000000 1013.900000 2.060000 4.000000 82 -1 27 4 1 99 165 -1 66 2 1 20 132 -1 44 2 1 64 107 -1 34 2 0 106
2014-08-30T22:00:00Z 158 -1 66 2 2 22 72.000000 69.750000 0.930000 0.000000 1013.900000 2.000000 80.000000 112 -1 27 5 1 110 158 -1 66 2 2 22 141 -1 57 2 1 52 138 -1 59 2 1 48
2014-08-30T21:00:00Z 148 158 82 2 2 16 72.000000 69.750000 0.930000 0.000000 1013.900000 2.000000 70.000000 148 -1 38 8 2 69 148 158 82 2 2 16 160 -1 84 2 1 32 142 -1 74 2 1 45
2014-09-21T07:00:00Z 131 -1 -1 12 2 -1 65.890000 55.510000 0.690000 0.000000 -1.000000 4.000000 60.000000 86 100 32 13 1 44 131 -1 -1 12 2 -1 78 -1 67 12 2 22 77 -1 57 12 2 25
2014-09-21T06:00:00Z 156 -1 -1 6 1 -1 63.940000 57.120000 0.790000 0.000000 -1.000000 2.080000 77.000000 91 97 31 14 2 44 156 -1 -1 6 1 -1 81 -1 69 13 3 19 100 -1 57 9 2 23
2014-09-21T05:00:00Z 182 -1 -1 5 1 -1 62.520000 56.040000 0.790000 0.000000 1016.030000 2.150000 23.000000 108 111 30 13 2 42 182 -1 -1 5 1 -1 122 -1 65 6 2 14 134 -1 67 6 2 9
2014-09-21T04:00:00Z 193 -1 -1 4 1 -1 65.830000 57.220000 0.740000 0.000000 1016.030000 4.000000 60.000000 118 127 35 14 2 41 193 -1 -1 4 1 -1 169 -1 55 2 1 28 142 144 73 5 2 4
2014-09-26T00:00:00Z 153 171 85 2 1 -1 59.470000 56.310000 0.890000 0.120000 1013.860000 5.180000 173.000000 130 -1 55 3 1 36 153 171 85 2 1 -1 84 -1 66 2 1 19 79 -1 67 6 0 17
2014-09-25T23:00:00Z 153 171 85 2 1 -1 60.110000 56.600000 0.880000 0.150000 1014.070000 5.370000 175.000000 -1 -1 -1 -1 -1 -1 -1 -1 -1 -1 -1 -1 -1 -1 -1 -1 -1 -1 -1 -1 -1 -1 -1 -1
2014-09-25T22:00:00Z 185 276 105 2 1 -1 61.080000 57.130000 0.870000 0.200000 1014.320000 5.240000 174.000000 131 -1 28 3 1 76 185 276 105 2 1 -1 145 -1 88 2 2 22 133 -1 88 5 1 28
2014-09-25T21:00:00Z 174 276 87 2 1 -1 62.120000 58.380000 0.880000 0.270000 1014.490000 3.650000 162.000000 127 -1 31 2 1 77 174 -1 87 2 1 -1 147 -1 90 2 1 19 139 -1 80 6 1 33
2014-09-27T00:00:00Z 150 -1 74 2 1 -1 55.640000 50.170000 0.820000 0.440000 1014.920000 3.840000 333.000000 21 -1 12 2 0 56 150 -1 74 2 1 -1 126 -1 89 2 1 2 110 -1 87 4 1 2
2014-09-26T23:00:00Z 174 -1 83 3 2 -1 57.030000 51.620000 0.820000 0.430000 1013.810000 5.780000 335.000000 58 -1 39 2 1 14 174 -1 83 3 2 -1 163 -1 99 2 2 2 126 -1 94 4 1 2
2014-09-26T22:00:00Z 193 -1 92 3 2 -1 58.190000 53.000000 0.830000 0.310000 1013.760000 4.250000 335.000000 83 -1 53 2 1 2 193 -1 92 3 2 -1 181 -1 102 2 2 2 150 -1 101 4 1 2
2014-09-26T21:00:00Z 198 -1 101 4 2 -1 59.700000 55.130000 0.850000 0.150000 1013.250000 5.190000 328.000000 100 -1 67 2 1 2 198 -1 101 4 2 -1 180 -1 99 2 2 4 172 -1 108 4 1 2
2014-10-04T01:00:00Z 140 -1 76 3 1 2 57.570000 56.700000 0.970000 1.000000 1017.550000 3.210000 160.000000 130 -1 46 2 2 11 140 -1 76 3 1 2 105 -1 42 2 1 38 113 -1 54 5 1 19
2014-10-04T00:00:00Z 125 -1 72 4 2 2 57.640000 56.300000 0.950000 1.000000 1017.530000 2.940000 160.000000 129 -1 55 2 2 3 125 -1 72 4 2 -1 137 -1 76 2 3 2 150 159 83 7 3 2
2014-10-03T23:00:00Z 125 -1 72 4 2 2 57.700000 55.880000 0.940000 1.000000 1017.520000 2.670000 159.000000 129 -1 55 2 2 3 125 -1 72 4 2 -1 137 -1 76 2 3 2 150 159 83 7 3 2
2014-10-03T22:00:00Z 125 -1 72 4 2 2 57.560000 55.020000 0.910000 0.960000 1017.590000 2.710000 147.000000 -1 -1 -1 -1 -1 -1 -1 -1 -1 -1 -1 -1 -1 -1 -1 -1 -1 -1 -1 -1 -1 -1 -1 -1
2014-10-11T18:00:00Z 228 -1 78 6 2 51 -1.000000 -1.000000 -1.000000 -1.000000 -1.000000 -1.000000 -1.000000 33 -1 37 9 0 30 228 -1 78 6 2 51 167 -1 64 6 1 50 125 -1 -1 -1 -1 -1
2014-10-11T17:00:00Z 275 -1 97 6 2 46 -1.000000 -1.000000 -1.000000 -1.000000 -1.000000 -1.000000 -1.000000 238 -1 65 6 1 24 275 -1 97 6 2 46 231 -1 75 5 2 79 297 -1 -1 -1 -1 -1
2014-10-11T16:00:00Z 275 -1 97 6 2 46 -1.000000 -1.000000 -1.000000 -1.000000 -1.000000 -1.000000 -1.000000 -1 -1 -1 -1 -1 -1 -1 -1 -1 -1 -1 -1 -1 -1 -1 -1 -1 -1 -1 -1 -1 -1 -1 -1
2014-10-11T15:00:00Z 273 -1 89 6 2 52 -1.000000 -1.000000 -1.000000 -1.000000 -1.000000 -1.000000 -1.000000 266 -1 57 9 2 53 273 -1 89 6 2 52 212 -1 70 10 1 99 248 -1 -1 -1 -1 -1
