2013-05-28T00:00:00Z 49 45 58 38 16 1.088429 44
2013-05-28T01:00:00Z 52 50 57 33 25 2.228143 46
2013-05-28T02:00:00Z 52 50 58 34 17 0.905571 42
2013-05-28T03:00:00Z 54 50 56 31 16 0.896857 45
2013-05-28T04:00:00Z 55 48 51 24 15 0.841714 54
2013-05-28T05:00:00Z 56 48 53 24 16 0.843286 55
2013-05-28T06:00:00Z 57 47 54 29 17 0.874857 49
2013-05-28T07:00:00Z 58 50 63 40 15 0.931571 40
2013-05-28T08:00:00Z 60 50 59 46 16 1.011286 38
2013-05-28T09:00:00Z 60 49 68 44 19 1.009333 46
2013-05-28T10:00:00Z 61 48 79 38 31 1.250571 60
2013-05-28T11:00:00Z 61 50 77 35 32 1.022714 71
2013-05-28T12:00:00Z 62 55 67 29 16 0.811857 92
2013-05-28T13:00:00Z 62 54 70 26 14 0.774571 118
2013-05-28T14:00:00Z 64 58 73 25 15 0.778000 138
2013-05-28T15:00:00Z 66 59 81 27 14 0.780286 145
2013-05-28T16:00:00Z 68 57 77 30 14 0.797857 157
2013-05-28T17:00:00Z 71 57 85 38 16 0.837571 159
2013-05-28T18:00:00Z 76 60 97 49 17 0.899714 153
2013-05-28T19:00:00Z 81 67 111 77 18 1.040429 125
2013-05-28T20:00:00Z 81 80 130 102 20 1.247000 88
2013-05-28T21:00:00Z 81 102 155 95 23 1.383000 82
2013-05-28T22:00:00Z 80 114 137 60 19 1.298143 61
2013-05-28T23:00:00Z 83 98 138 43 16 1.164429 64
2013-05-30T10:00:00Z 115 32 46 33 12 0.615143 78
2013-05-30T11:00:00Z 110 26 38 35 12 0.601857 71
2013-05-30T12:00:00Z 105 25 32 37 11 1.358857 71
2013-05-30T13:00:00Z 100 23 26 37 10 0.639857 76
2013-05-30T14:00:00Z 95 18 23 37 10 0.638714 79
2013-05-30T15:00:00Z 90 17 19 41 10 0.680286 74
2013-05-30T16:00:00Z 86 17 20 48 10 0.703429 68
2013-05-30T17:00:00Z 81 20 23 48 10 0.755286 70
2013-05-30T18:00:00Z 77 22 25 49 10 0.763857 74
2013-05-30T19:00:00Z 73 27 33 55 10 0.848286 68
2013-05-30T20:00:00Z 69 30 37 53 10 0.830143 68
2013-05-30T21:00:00Z 66 34 37 49 10 0.806143 63
2013-05-30T22:00:00Z 63 34 39 45 11 0.816000 62
2013-05-30T23:00:00Z 60 37 40 41 12 0.807571 66
2013-05-31T00:00:00Z 60 -1 -1 -1 -1 -1.000000 -1
2013-05-31T01:00:00Z 56 36 36 29 9 0.648714 87
2013-05-31T02:00:00Z 54 37 34 27 9 0.654857 89
2013-05-31T03:00:00Z 51 33 35 24 9 0.600000 89
2013-05-31T04:00:00Z 49 32 21 23 9 0.596857 86
2013-05-31T05:00:00Z 47 36 -1 23 9 0.602857 82
2013-05-31T06:00:00Z 47 35 -1 30 10 0.749000 79
2013-05-31T07:00:00Z 47 30 28 37 9 0.791429 76
2013-05-31T08:00:00Z 47 29 28 51 9 0.846429 63
2013-05-31T09:00:00Z 46 28 25 56 9 0.906286 56
2013-05-31T10:00:00Z 45 22 23 55 10 0.950333 58
2013-05-31T11:00:00Z 44 23 21 51 10 0.970000 61
2013-05-31T12:00:00Z 42 22 26 43 9 0.890500 70
2013-05-31T13:00:00Z 42 24 27 40 9 0.945714 74
2013-05-31T14:00:00Z 43 23 27 41 9 0.891625 73
2013-05-31T15:00:00Z 43 24 34 44 9 0.922875 72
2013-05-31T16:00:00Z 43 23 33 44 10 0.977857 75
2013-05-31T17:00:00Z 44 27 34 47 10 0.931000 70
2013-05-31T18:00:00Z 45 31 43 55 10 0.954714 62
2013-05-31T19:00:00Z 46 43 61 61 9 1.119143 54
2013-05-31T20:00:00Z 48 61 79 64 9 1.136625 44
2013-05-31T21:00:00Z 52 75 97 61 10 1.082875 43
2013-05-31T22:00:00Z 57 90 110 59 11 1.057625 43
2013-05-31T23:00:00Z 60 91 106 54 11 0.991750 47
2013-06-01T00:00:00Z 63 89 98 49 10 1.110500 43
2013-06-01T01:00:00Z 65 88 97 42 19 2.065375 47
2013-06-01T02:00:00Z 67 85 89 39 11 0.883000 39
2013-06-01T03:00:00Z 69 82 85 39 11 0.894125 36
2013-06-01T04:00:00Z 72 82 87 40 11 0.943875 29
2013-06-01T05:00:00Z 75 84 -1 50 11 1.085375 30
2013-06-01T06:00:00Z 78 86 77 56 14 1.226500 33
2013-06-01T07:00:00Z 82 96 -1 67 19 1.352750 24
2013-06-01T08:00:00Z 85 93 -1 71 18 1.450625 22
2013-06-01T09:00:00Z 89 93 -1 63 22 1.603875 33
2013-06-01T10:00:00Z 92 82 -1 56 25 1.600750 53
2013-06-01T11:00:00Z 94 83 66 55 25 1.426625 63
2013-06-01T12:00:00Z 96 78 -1 58 28 1.278750 71
2013-06-01T13:00:00Z 98 76 73 59 29 1.288000 84
2013-06-01T14:00:00Z 101 86 97 65 32 1.413000 92
2013-06-01T15:00:00Z 105 104 122 64 31 1.485625 95
2013-06-01T16:00:00Z 109 123 152 60 37 1.487500 94
2013-06-01T17:00:00Z 114 127 142 63 30 1.447125 91
2013-06-01T18:00:00Z 119 129 133 68 21 1.424750 79
2013-06-01T19:00:00Z 122 127 170 73 16 1.408750 56
2013-06-01T20:00:00Z 124 103 147 59 15 1.261500 55
2013-06-05T09:00:00Z 51 29 47 27 9 0.705143 49
2013-06-05T10:00:00Z 52 24 42 26 25 0.700667 58
2013-06-05T11:00:00Z 51 26 50 27 11 0.690333 65
2013-06-05T12:00:00Z 52 29 49 22 11 0.645714 76
2013-06-05T13:00:00Z 52 30 46 18 10 0.635857 87
2013-06-05T14:00:00Z 52 25 41 15 9 0.608000 91
2013-06-05T15:00:00Z 51 21 34 14 9 0.597714 89
2013-06-05T16:00:00Z 50 22 31 15 9 0.620571 85
2013-06-05T17:00:00Z 49 21 33 17 9 0.624143 82
2013-06-05T18:00:00Z 48 20 35 21 8 0.652125 77
2013-06-05T19:00:00Z 48 23 37 25 9 0.702500 71
2013-06-05T20:00:00Z 47 24 48 27 9 0.717000 64
2013-06-05T21:00:00Z 45 27 43 26 9 0.685875 60
2013-06-05T22:00:00Z 44 26 37 25 10 0.680625 60
2013-06-05T23:00:00Z 43 25 33 22 10 0.659875 63
2013-06-06T00:00:00Z 42 23 30 18 10 0.714750 65
2013-06-06T01:00:00Z 44 24 28 12 9 1.346500 73
2013-06-06T02:00:00Z 41 20 21 11 8 0.543750 76
2013-06-06T03:00:00Z 40 18 21 12 8 0.541750 75
2013-06-06T04:00:00Z 40 18 26 11 8 0.552125 72
2013-06-06T05:00:00Z 40 20 29 15 9 0.584500 67
2013-06-06T06:00:00Z 40 19 28 19 9 0.688625 62
2013-06-06T07:00:00Z 40 20 37 23 9 0.698875 61
2013-06-06T08:00:00Z 39 20 29 23 9 0.711250 66
2013-06-06T09:00:00Z 38 21 35 23 9 1.049750 70
2013-06-06T10:00:00Z 38 19 34 22 10 0.702429 74
2013-06-06T11:00:00Z 39 22 38 17 19 1.169125 80
2013-06-06T12:00:00Z 39 24 35 19 9 0.652375 88
2013-06-06T13:00:00Z 39 22 36 15 9 0.654250 91
2013-06-06T14:00:00Z 40 20 45 15 9 0.660875 90
2013-06-06T15:00:00Z 42 23 47 16 9 0.638875 91
2013-06-06T16:00:00Z 43 24 42 18 9 0.681875 92
2013-06-06T17:00:00Z 44 26 40 21 9 0.668750 85
2013-06-06T18:00:00Z 44 25 41 24 9 0.715125 74
2013-06-06T19:00:00Z 44 25 44 25 10 0.743000 65
2013-06-06T20:00:00Z 43 26 44 26 10 0.724714 58
2013-06-06T21:00:00Z 41 26 45 26 10 0.748875 54
2013-06-06T22:00:00Z 40 23 40 24 10 0.699000 52
2013-06-06T23:00:00Z 39 22 33 20 9 0.652625 55
2013-06-07T00:00:00Z 38 19 23 19 10 0.780125 54
2013-06-07T01:00:00Z 39 21 26 17 10 1.374875 56
2013-06-07T02:00:00Z 36 20 24 15 10 0.565000 55
2013-06-07T03:00:00Z 37 23 22 15 10 0.577625 56
2013-06-07T04:00:00Z 37 19 20 14 9 0.579625 59
2013-06-07T05:00:00Z 37 20 25 13 9 0.610500 60
2013-06-07T06:00:00Z 36 18 23 16 8 0.676000 56
2013-06-07T07:00:00Z 36 20 21 22 8 0.696750 50
2013-06-07T08:00:00Z 36 21 23 27 8 0.747000 47
2013-06-07T09:00:00Z 36 24 25 26 8 0.728500 51
2013-06-07T10:00:00Z 36 22 25 24 9 0.712625 56
2013-06-07T11:00:00Z 35 21 25 20 8 0.687125 59
2013-06-07T12:00:00Z 35 17 16 17 8 0.678625 65
2013-06-07T13:00:00Z 35 15 19 16 8 0.663125 73
2013-06-07T14:00:00Z 35 14 29 15 8 0.625625 90
2013-06-07T15:00:00Z 36 13 25 16 7 0.645000 81
2013-06-07T16:00:00Z 36 12 21 14 7 0.657000 82
2013-06-07T17:00:00Z 37 12 19 15 7 0.644750 86
2013-06-07T18:00:00Z 38 10 11 15 7 0.649375 84
2013-06-07T19:00:00Z 40 10 10 13 7 0.615000 89
2013-06-08T03:00:00Z 38 27 26 19 11 0.737375 53
2013-06-08T04:00:00Z 36 25 21 17 11 0.713625 53
2013-06-08T05:00:00Z 33 27 -1 20 11 0.701375 46
2013-06-08T06:00:00Z 31 27 18 25 12 0.718125 42
2013-06-08T07:00:00Z 30 29 -1 30 12 0.776750 42
2013-06-08T08:00:00Z 29 25 -1 38 13 0.881500 39
2013-06-08T09:00:00Z 28 25 27 41 13 0.928250 41
2013-06-08T10:00:00Z 29 28 26 38 13 0.891375 53
2013-06-08T11:00:00Z 30 29 30 39 14 0.891125 62
2013-06-08T12:00:00Z 31 34 39 38 15 0.861625 73
2013-06-08T13:00:00Z 34 41 48 42 16 0.845000 78
2013-06-08T14:00:00Z 36 49 54 40 15 0.850500 86
2013-06-08T15:00:00Z 39 48 53 40 14 0.867250 87
2013-06-08T16:00:00Z 41 45 50 44 14 0.866000 76
2013-06-08T17:00:00Z 43 36 50 49 14 0.874125 58
2013-06-08T18:00:00Z 43 37 53 59 13 0.915375 38
2013-06-08T19:00:00Z 43 40 46 51 11 0.835500 43
2013-06-08T20:00:00Z 43 42 46 46 11 0.805000 45
2013-06-08T21:00:00Z 45 40 34 42 11 0.795375 48
2013-06-08T22:00:00Z 46 33 -1 39 11 0.782750 54
2013-06-08T23:00:00Z 46 29 -1 35 12 0.774125 59
2013-06-09T00:00:00Z 47 28 -1 27 12 0.829625 66
2013-06-09T01:00:00Z 49 33 30 21 14 1.595125 71
2013-06-09T02:00:00Z 50 41 34 19 14 0.849500 70
2013-06-09T03:00:00Z 51 42 58 18 13 0.952000 68
2013-06-09T04:00:00Z 52 50 59 20 14 1.019125 62
2013-06-09T05:00:00Z 54 58 66 23 15 1.017375 55
2013-06-09T06:00:00Z 55 62 72 31 14 1.005750 45
2013-06-09T07:00:00Z 56 55 63 41 14 1.061625 34
2013-06-09T08:00:00Z 57 47 53 47 15 1.203571 30
2013-06-09T09:00:00Z 58 44 56 50 17 1.326571 29
2013-06-09T10:00:00Z 59 47 62 49 17 1.249571 31
2013-06-09T11:00:00Z 60 50 55 50 18 1.136857 37
2013-06-15T17:00:00Z 44 32 35 34 13 0.680750 53
2013-06-15T18:00:00Z 44 36 42 39 12 0.700000 48
2013-06-15T19:00:00Z 45 41 44 41 12 0.728750 39
2013-06-15T20:00:00Z 45 36 34 40 11 0.702500 31
2013-06-15T21:00:00Z 45 33 30 42 11 0.759875 21
2013-06-15T22:00:00Z 45 31 27 40 10 0.700625 16
2013-06-15T23:00:00Z 44 29 21 35 10 0.691000 16
2013-06-16T00:00:00Z 43 28 23 28 9 0.767750 19
2013-06-16T01:00:00Z 45 26 28 26 9 1.485000 18
2013-06-16T02:00:00Z 42 25 28 26 8 0.630500 15
2013-06-16T03:00:00Z 42 28 30 27 9 0.640625 14
2013-06-16T04:00:00Z 42 28 28 30 9 0.610125 12
2013-06-16T05:00:00Z 42 28 31 30 10 0.603250 10
2013-06-16T06:00:00Z 42 25 28 28 10 0.668250 11
2013-06-16T07:00:00Z 42 22 28 25 10 0.696875 14
2013-06-16T08:00:00Z 42 22 26 24 9 0.715250 14
2013-06-16T09:00:00Z 43 34 34 25 10 0.732000 18
2013-06-16T10:00:00Z 43 39 52 33 12 0.785625 26
2013-06-16T11:00:00Z 45 48 66 44 15 0.883375 42
2013-06-16T12:00:00Z 47 67 91 49 15 0.928875 67
2013-06-16T13:00:00Z 49 64 83 42 14 0.918375 85
2013-06-16T14:00:00Z 50 67 102 30 12 0.863000 100
2013-06-16T15:00:00Z 71 84 110 25 11 0.865875 167
2013-06-16T16:00:00Z 69 92 106 26 11 0.878375 163
2013-06-16T17:00:00Z 61 85 100 29 12 0.826000 118
2013-06-16T18:00:00Z 65 74 82 38 12 0.867250 77
2013-06-22T21:00:00Z 87 56 60 20 5 0.586857 96
2013-06-22T22:00:00Z 87 55 56 27 7 0.591571 76
2013-06-22T23:00:00Z 87 50 53 35 9 0.504143 53
2013-06-23T00:00:00Z 86 53 59 27 8 0.467286 55
2013-06-23T01:00:00Z 86 65 73 15 6 0.462571 63
2013-06-23T02:00:00Z 86 68 72 12 6 0.431143 64
2013-06-23T03:00:00Z 86 69 73 10 6 0.430286 60
2013-06-23T04:00:00Z 85 70 78 12 7 0.430286 52
2013-06-23T05:00:00Z 85 77 93 18 12 0.473143 40
2013-06-23T06:00:00Z 85 87 109 24 13 0.550143 30
2013-06-23T07:00:00Z 86 94 118 33 13 0.644571 20
2013-06-23T08:00:00Z 88 102 119 36 16 0.760143 26
2013-06-23T09:00:00Z 89 100 112 47 24 0.828857 37
2013-06-23T10:00:00Z 90 93 101 46 29 0.862143 76
2013-06-23T11:00:00Z 92 96 112 38 26 0.861857 126
2013-06-23T12:00:00Z 94 102 -1 28 20 0.752286 137
2013-06-23T13:00:00Z 96 82 80 27 20 0.733571 151
2013-06-23T14:00:00Z 97 85 109 30 22 0.737143 161
2013-06-23T15:00:00Z 99 90 109 40 25 0.812286 162
2013-06-23T16:00:00Z 101 115 171 53 28 0.915143 150
2013-06-23T17:00:00Z 106 135 201 48 14 0.954714 88
2013-07-18T02:00:00Z 47 20 33 24 11 0.487625 20
2013-07-18T03:00:00Z 47 18 31 23 11 0.472375 17
2013-07-18T04:00:00Z 46 16 39 19 10 0.477000 16
2013-07-18T05:00:00Z 46 16 32 20 11 0.484375 12
2013-07-18T06:00:00Z 46 15 29 18 11 0.483125 13
2013-07-18T07:00:00Z 45 13 20 14 12 0.486250 18
2013-07-18T08:00:00Z 44 13 22 13 11 0.476000 22
2013-07-18T09:00:00Z 44 10 32 12 9 0.466000 29
2013-07-18T10:00:00Z 43 11 41 13 9 0.463750 36
2013-07-18T11:00:00Z 42 13 46 13 9 0.469750 50
2013-07-18T12:00:00Z 42 -1 -1 -1 -1 -1.000000 -1
2013-07-18T13:00:00Z 41 19 45 12 9 0.462500 83
2013-07-18T14:00:00Z 40 20 52 12 9 0.469125 94
2013-07-18T15:00:00Z 41 22 61 13 10 0.473500 102
2013-07-18T16:00:00Z 43 22 68 15 9 0.482750 97
2013-07-18T17:00:00Z 44 21 59 13 9 0.467125 81
2013-07-18T18:00:00Z 46 19 51 16 9 0.478625 63
2013-07-18T19:00:00Z 46 20 57 22 12 0.486000 42
2013-07-18T20:00:00Z 44 18 57 23 11 0.494875 28
2013-07-18T21:00:00Z 43 18 52 23 10 0.486625 20
2013-07-18T22:00:00Z 42 18 41 21 10 0.487000 16
2013-07-18T23:00:00Z 41 17 34 20 10 0.484500 15
2013-07-19T00:00:00Z 40 17 34 21 10 0.477125 14
2013-07-19T01:00:00Z 40 16 31 19 10 0.470500 13
2013-07-21T02:00:00Z 60 66 90 46 12 0.811750 39
2013-07-21T03:00:00Z 61 46 55 33 12 0.701375 31
2013-07-21T04:00:00Z 62 37 63 41 14 0.765250 18
2013-07-21T05:00:00Z 63 40 71 40 13 0.758500 14
2013-07-21T06:00:00Z 65 38 70 37 12 0.750500 16
2013-07-21T07:00:00Z 66 40 59 35 12 0.745750 19
2013-07-21T08:00:00Z 67 40 56 34 13 0.763500 30
2013-07-21T09:00:00Z 67 38 49 28 15 0.734500 53
2013-07-21T10:00:00Z 68 38 57 24 14 0.711000 83
2013-07-21T11:00:00Z 68 42 61 21 14 0.692125 118
2013-07-21T12:00:00Z 69 47 67 19 14 0.696125 143
2013-07-21T13:00:00Z 78 53 69 18 14 0.691000 161
2013-07-21T14:00:00Z 84 56 72 18 14 0.679000 172
2013-07-21T15:00:00Z 79 58 73 19 14 0.641750 157
2013-07-21T16:00:00Z 81 52 59 23 12 0.634000 138
2013-07-21T17:00:00Z 86 44 71 29 10 0.665000 105
2013-07-21T18:00:00Z 87 38 70 37 14 0.686375 107
2013-07-21T19:00:00Z 85 33 68 29 10 0.608375 96
2013-07-21T20:00:00Z 78 30 65 21 8 0.544875 71
2013-07-21T21:00:00Z 78 -1 -1 -1 -1 -1.000000 -1
2013-07-21T22:00:00Z 68 19 44 17 6 0.590125 74
2013-07-21T23:00:00Z 64 12 32 28 5 0.635375 54
2013-07-22T00:00:00Z 60 12 29 30 5 0.639375 42
2013-07-22T01:00:00Z 58 15 26 24 6 0.610750 41
2013-08-20T11:00:00Z 28 11 28 10 8 1.401250 31
2013-08-20T12:00:00Z 25 12 28 9 8 0.594625 39
2013-08-20T13:00:00Z 25 12 23 8 8 0.587500 41
2013-08-20T14:00:00Z 25 12 24 9 8 0.557625 39
2013-08-20T15:00:00Z 25 11 29 9 8 0.567750 41
2013-08-20T16:00:00Z 25 13 35 10 8 0.587750 39
2013-08-20T17:00:00Z 26 12 36 10 8 0.590500 37
2013-08-20T18:00:00Z 25 15 40 13 7 0.639625 37
2013-08-20T19:00:00Z 26 15 54 17 7 0.665750 37
2013-08-20T20:00:00Z 26 -1 -1 -1 -1 -1.000000 -1
2013-08-20T21:00:00Z 29 21 50 16 8 0.633500 41
2013-08-20T22:00:00Z 29 23 37 16 9 0.603500 39
2013-08-20T23:00:00Z 29 23 40 16 9 0.591875 39
2013-08-21T00:00:00Z 30 23 40 14 9 0.576750 39
2013-08-21T01:00:00Z 31 22 35 15 10 0.572000 40
2013-08-21T02:00:00Z 32 22 30 14 10 0.579750 47
2013-08-21T03:00:00Z 32 23 32 10 9 0.580625 45
2013-08-21T04:00:00Z 33 23 32 11 9 0.592000 42
2013-08-21T05:00:00Z 33 20 29 13 9 0.602625 44
2013-08-21T06:00:00Z 34 19 26 14 8 0.625750 42
2013-08-21T07:00:00Z 34 17 28 17 9 0.658375 35
2013-08-21T10:00:00Z 35 15 46 17 10 0.741750 46
2013-08-21T11:00:00Z 36 17 49 14 9 0.733125 57
2013-08-21T12:00:00Z 37 16 37 13 10 1.035500 65
2013-08-21T13:00:00Z 37 -1 -1 -1 -1 -1.000000 -1
2013-08-21T14:00:00Z 38 17 41 11 24 0.602125 56
2013-08-21T15:00:00Z 38 14 33 10 8 0.548750 45
2013-08-21T16:00:00Z 39 15 45 10 8 0.555750 47
2013-09-04T12:00:00Z 47 15 33 16 10 0.410125 92
2013-09-04T13:00:00Z 46 18 33 15 10 0.414000 96
2013-09-04T14:00:00Z 48 15 32 14 10 1.208250 97
2013-09-04T15:00:00Z 47 16 38 17 17 0.417000 104
2013-09-04T16:00:00Z 49 19 32 18 10 0.415250 96
2013-09-04T17:00:00Z 50 17 32 22 11 0.436125 91
2013-09-04T18:00:00Z 51 16 38 25 11 0.442250 87
2013-09-04T19:00:00Z 50 18 46 28 12 0.475375 81
2013-09-04T20:00:00Z 49 19 44 27 13 0.465125 80
2013-09-04T21:00:00Z 47 19 45 27 13 0.466875 78
2013-09-04T22:00:00Z 46 19 43 28 13 0.463500 76
2013-09-04T23:00:00Z 44 22 45 27 14 0.462750 76
2013-09-05T00:00:00Z 43 21 40 28 13 0.435625 77
2013-09-05T01:00:00Z 43 22 42 21 21 0.439500 72
2013-09-05T02:00:00Z 42 19 42 19 24 0.848875 79
2013-09-05T03:00:00Z 42 19 38 24 11 0.441000 79
2013-09-05T04:00:00Z 42 19 41 21 11 0.455375 81
2013-09-05T05:00:00Z 42 21 45 22 10 0.482625 76
2013-09-05T06:00:00Z 42 21 43 28 11 0.534750 64
2013-09-05T07:00:00Z 41 22 41 34 11 0.548500 59
2013-09-13T07:00:00Z 40 26 52 30 14 0.711143 12
2013-09-13T08:00:00Z 42 31 55 34 17 0.761000 16
2013-09-13T09:00:00Z 43 38 59 40 23 0.762857 28
2013-09-13T10:00:00Z 43 41 64 41 26 0.752571 53
2013-09-13T11:00:00Z 44 49 70 39 21 0.738571 85
2013-09-13T12:00:00Z 48 55 73 32 20 0.721286 131
2013-09-13T13:00:00Z 71 59 73 32 19 0.723429 164
2013-09-13T14:00:00Z 68 62 81 39 20 0.727714 162
2013-09-13T15:00:00Z 59 70 98 42 23 1.008571 140
2013-09-13T16:00:00Z 64 78 104 52 19 0.877714 107
2013-09-13T17:00:00Z 70 36 76 25 9 0.594571 95
2013-09-13T18:00:00Z 69 18 21 46 8 0.750429 55
2013-09-13T19:00:00Z 64 18 38 83 9 1.101857 16
2013-09-13T20:00:00Z 56 25 50 80 10 1.272143 15
2013-09-13T21:00:00Z 56 -1 -1 -1 -1 -1.000000 -1
2013-09-13T22:00:00Z 53 41 68 88 14 1.336714 9
2013-09-13T23:00:00Z 55 43 67 79 11 1.281143 9
2013-09-14T00:00:00Z 55 39 69 56 10 1.060000 10
2013-09-14T01:00:00Z 56 31 35 47 10 1.619286 19
2013-09-14T02:00:00Z 56 20 18 43 9 0.672429 23
2013-09-14T03:00:00Z 56 20 19 44 13 0.669000 19
2013-09-14T04:00:00Z 56 22 19 45 17 0.672286 16
2013-09-14T05:00:00Z 57 25 33 41 16 0.673143 17
2013-09-14T06:00:00Z 57 26 41 46 15 0.746286 13
2013-10-08T03:00:00Z 27 9 19 9 10 0.547000 60
2013-10-08T04:00:00Z 28 5 16 9 10 0.528333 60
2013-10-08T05:00:00Z 28 5 9 7 9 0.443333 61
2013-10-08T06:00:00Z 28 4 8 10 9 0.422333 57
2013-10-08T07:00:00Z 27 4 8 17 10 0.478333 50
2013-10-08T08:00:00Z 25 3 4 18 10 0.492167 49
2013-10-08T09:00:00Z 24 3 14 19 10 0.482167 47
2013-10-08T10:00:00Z 23 4 6 16 10 0.427167 50
2013-10-08T11:00:00Z 22 5 6 13 10 0.423667 52
2013-10-08T12:00:00Z 22 5 9 12 11 0.391333 53
2013-10-08T13:00:00Z 21 5 7 13 11 0.410167 56
2013-10-08T14:00:00Z 21 5 8 15 11 0.500000 60
2013-10-08T15:00:00Z 28 4 8 17 22 1.911333 54
2013-10-08T16:00:00Z 22 5 10 15 13 0.768000 53
2013-10-08T17:00:00Z 21 7 14 20 10 0.531000 55
2013-10-08T18:00:00Z 22 6 17 25 10 0.525333 48
2013-10-08T19:00:00Z 9 6 12 15 10 0.561286 48
2013-10-08T20:00:00Z 9 6 13 16 10 0.566000 44
2013-10-08T21:00:00Z 9 6 13 16 11 0.571571 43
2013-10-08T22:00:00Z 9 6 14 17 11 0.579571 47
2013-10-08T23:00:00Z 10 7 15 18 11 0.586000 50
2013-10-17T01:00:00Z 47 18 39 35 20 0.027900 18
2013-10-17T02:00:00Z 41 20 35 35 13 4.709300 32
2013-10-17T03:00:00Z 43 18 40 26 16 2.379000 31
2013-10-17T04:00:00Z 41 20 40 31 12 2.123500 22
2013-10-17T05:00:00Z 45 23 43 32 18 0.898200 20
2013-10-17T06:00:00Z 41 29 48 40 17 2.206800 20
2013-10-17T07:00:00Z 42 22 48 35 18 0.300800 21
2013-10-17T08:00:00Z 40 21 41 40 14 -0.254300 18
2013-10-17T09:00:00Z 39 26 40 40 17 0.326800 19
2013-10-17T10:00:00Z 40 27 47 36 15 3.034200 26
2013-10-17T11:00:00Z 41 28 52 34 14 1.582400 34
2013-10-17T12:00:00Z 47 28 52 39 20 0.595000 54
2013-10-17T13:00:00Z 47 23 45 36 19 0.569429 57
2013-10-17T14:00:00Z 47 23 44 31 16 0.560000 62
2013-10-17T15:00:00Z 47 20 37 28 13 0.500000 66
2013-10-17T16:00:00Z 46 17 33 26 12 0.485714 64
2013-10-17T17:00:00Z 46 14 36 29 12 0.497143 60
2013-10-17T18:00:00Z 45 11 31 36 12 0.564143 52
2014-02-11T08:00:00Z 53 40 49 45 27 0.856571 26
2014-02-11T09:00:00Z 62 47 60 40 31 0.955000 33
2014-02-11T10:00:00Z 58 44 58 33 25 0.802714 34
2014-02-11T11:00:00Z 62 46 57 36 22 1.525750 60
2014-02-11T12:00:00Z 55 41 51 32 20 0.754143 50
2014-02-11T13:00:00Z 55 41 52 30 21 0.818143 55
2014-02-11T14:00:00Z 56 42 49 32 17 0.741429 59
2014-02-11T15:00:00Z 56 -1 -1 -1 -1 -1.000000 -1
2014-02-11T16:00:00Z 62 46 52 29 13 0.546000 62
2014-02-11T17:00:00Z 63 48 52 30 12 0.543875 60
2014-02-11T18:00:00Z 58 44 48 30 12 0.553250 59
2014-02-11T19:00:00Z 52 39 44 32 13 0.593125 59
2014-02-11T20:00:00Z 47 33 38 32 15 0.586500 62
2014-02-11T21:00:00Z 39 27 33 25 11 0.481750 70
2014-02-11T22:00:00Z 37 25 31 24 10 0.466625 68
2014-02-11T23:00:00Z 34 23 28 24 11 0.474625 65
2014-02-12T00:00:00Z 34 24 29 28 13 0.675125 58
2014-02-12T01:00:00Z 39 22 28 19 11 2.072500 67
2014-02-12T02:00:00Z 31 21 25 18 11 0.933125 66
2014-02-12T03:00:00Z 29 20 25 17 12 0.439500 66
2014-02-12T04:00:00Z 28 20 25 17 13 0.448625 68
2014-02-12T05:00:00Z 31 22 26 21 14 0.524000 63
2014-02-12T06:00:00Z 33 23 28 24 14 0.575857 62
2014-02-12T07:00:00Z 34 24 29 34 14 0.597250 50
2014-02-12T08:00:00Z 39 29 33 43 15 0.847286 38
2014-02-12T09:00:00Z 45 34 36 43 17 0.819625 36
2014-02-12T10:00:00Z 48 35 36 40 26 0.864714 40
2014-02-12T11:00:00Z 56 37 45 39 18 1.580500 41
2014-02-13T02:00:00Z 26 16 22 20 12 0.841250 69
2014-02-13T03:00:00Z 27 17 24 16 11 0.367500 72
2014-02-13T04:00:00Z 26 17 23 16 12 0.417000 73
2014-02-13T05:00:00Z 36 22 33 19 15 0.626250 71
2014-02-13T06:00:00Z 50 35 46 21 15 0.766250 72
2014-02-13T07:00:00Z 59 44 54 29 14 0.745500 65
2014-02-13T08:00:00Z 62 46 57 38 14 0.806250 56
2014-02-13T09:00:00Z 58 42 52 38 15 0.867143 59
2014-02-13T10:00:00Z 48 31 43 29 14 0.671143 76
2014-02-13T11:00:00Z 39 24 36 25 12 0.554143 79
2014-02-13T12:00:00Z 32 17 31 21 10 0.543286 73
2014-02-13T13:00:00Z 32 18 31 20 9 0.496429 73
2014-02-13T14:00:00Z 29 18 28 20 11 0.506143 76
2014-02-13T15:00:00Z 28 18 27 20 11 0.516143 78
2014-02-13T16:00:00Z 32 20 30 21 10 0.492429 80
2014-02-13T17:00:00Z 35 22 34 24 9 0.536143 77
2014-02-13T18:00:00Z 38 25 36 26 9 0.550857 72
2014-02-13T19:00:00Z 36 24 34 25 9 0.517286 71
2014-02-13T20:00:00Z 36 22 35 25 10 0.487500 68
2014-02-13T21:00:00Z 37 23 35 30 13 0.538750 65
2014-02-13T22:00:00Z 40 24 37 28 13 0.502125 69
2014-02-13T23:00:00Z 40 25 39 26 13 0.466875 71
2014-02-15T09:00:00Z 39 25 36 48 17 0.494250 51
2014-02-15T10:00:00Z 34 22 31 31 16 0.409000 68
2014-02-15T11:00:00Z 31 21 26 28 13 0.408625 76
2014-02-15T12:00:00Z 32 21 28 26 12 0.413500 79
2014-02-15T13:00:00Z 34 23 30 26 12 0.413500 82
2014-02-15T14:00:00Z 36 25 32 27 13 0.419375 83
2014-02-15T15:00:00Z 37 26 34 27 14 0.392857 85
2014-02-15T16:00:00Z 38 25 37 30 14 0.382714 80
2014-02-15T17:00:00Z 38 25 36 28 11 0.404714 80
2014-02-15T18:00:00Z 35 24 34 28 11 0.419857 79
2014-02-15T19:00:00Z 39 28 36 30 10 0.472875 77
2014-02-15T20:00:00Z 45 32 39 31 10 0.455875 74
2014-02-15T21:00:00Z 42 31 36 33 10 0.427250 67
2014-02-15T22:00:00Z 40 29 30 36 11 0.420750 61
2014-02-15T23:00:00Z 40 30 28 42 12 0.401875 51
2014-02-16T00:00:00Z 34 25 26 41 13 0.577250 42
2014-02-16T01:00:00Z 41 25 27 42 12 2.024750 46
2014-02-16T02:00:00Z 30 22 22 38 12 0.353500 49
2014-02-16T03:00:00Z 28 20 15 31 11 0.335500 60
2014-02-16T04:00:00Z 24 17 17 26 10 0.317875 65
2014-02-16T05:00:00Z 24 17 19 21 10 0.309375 67
2014-06-07T16:00:00Z 24 -1 -1 -1 -1 -1.000000 -1
2014-06-07T17:00:00Z 91 67 91 28 10 0.661333 157
2014-06-07T18:00:00Z 86 63 87 42 9 0.670556 133
2014-06-07T19:00:00Z 80 58 85 36 9 0.679667 114
2014-06-07T20:00:00Z 75 53 80 37 8 0.658111 93
2014-06-07T21:00:00Z 71 50 80 36 8 0.600889 79
2014-06-07T22:00:00Z 71 -1 -1 -1 -1 -1.000000 -1
2014-06-07T23:00:00Z 65 46 61 34 8 0.554222 59
2014-06-08T00:00:00Z 59 42 52 34 8 0.523667 51
2014-06-08T01:00:00Z 59 42 49 28 13 0.578444 54
2014-06-08T02:00:00Z 56 39 48 29 10 0.580333 56
2014-06-08T03:00:00Z 57 40 46 30 9 0.516778 46
2014-06-08T04:00:00Z 59 42 47 28 9 0.519778 48
2014-06-08T05:00:00Z 58 41 48 24 8 0.554125 50
2014-06-08T06:00:00Z 58 -1 -1 -1 -1 -1.000000 -1
2014-06-08T07:00:00Z 67 48 58 29 8 0.595000 58
2014-06-08T08:00:00Z 69 50 65 28 7 0.585250 68
2014-06-08T09:00:00Z 69 -1 -1 -1 -1 -1.000000 -1
2014-06-08T10:00:00Z 70 50 54 25 7 0.559375 80
2014-06-08T11:00:00Z 70 50 56 25 7 0.564625 81
2014-06-08T12:00:00Z 64 45 57 23 7 0.521375 94
2014-06-08T13:00:00Z 67 47 68 21 8 0.518000 101
2014-06-08T14:00:00Z 67 -1 -1 -1 -1 -1.000000 -1
2014-06-09T23:00:00Z 67 -1 -1 -1 -1 -1.000000 -1
2014-06-10T00:00:00Z 36 24 31 16 6 0.415375 71
2014-06-10T01:00:00Z 33 22 28 15 10 0.552125 69
2014-06-10T02:00:00Z 30 20 27 18 6 0.531750 68
2014-06-10T03:00:00Z 31 18 30 20 6 0.461375 56
2014-06-10T04:00:00Z 31 -1 -1 -1 -1 -1.000000 -1
2014-06-10T05:00:00Z 37 23 36 25 9 0.563000 49
2014-06-10T06:00:00Z 45 29 44 29 11 0.503625 47
2014-06-10T07:00:00Z 45 -1 -1 -1 -1 -1.000000 -1
2014-06-10T08:00:00Z 49 29 47 35 9 0.597875 46
2014-06-10T09:00:00Z 48 31 46 34 8 0.587625 49
2014-06-10T10:00:00Z 48 -1 -1 -1 -1 -1.000000 -1
2014-06-10T11:00:00Z 45 27 43 29 10 0.515250 60
2014-06-10T12:00:00Z 47 31 44 26 11 0.512250 66
2014-06-10T13:00:00Z 46 31 39 22 11 1.283000 76
2014-06-10T14:00:00Z 44 28 39 20 10 0.508750 81
2014-06-10T15:00:00Z 43 26 41 19 10 0.522000 82
2014-06-10T16:00:00Z 43 -1 -1 -1 -1 -1.000000 -1
2014-06-10T17:00:00Z 39 23 43 20 8 0.495750 80
2014-06-10T18:00:00Z 42 25 44 22 7 0.530500 67
2014-06-10T19:00:00Z 41 24 41 24 7 0.544750 60
2014-06-10T20:00:00Z 48 28 47 25 7 0.528250 51
2014-06-10T21:00:00Z 48 -1 -1 -1 -1 -1.000000 -1
2014-06-10T22:00:00Z 55 32 56 30 8 0.497500 35
2014-06-11T01:00:00Z 49 33 43 31 28 0.521250 36
2014-06-11T02:00:00Z 49 -1 -1 -1 -1 -1.000000 -1
2014-06-11T03:00:00Z 45 30 44 21 9 0.459875 48
2014-06-11T04:00:00Z 43 29 41 21 9 0.457750 49
2014-06-11T05:00:00Z 43 30 38 28 11 0.525750 45
2014-06-11T06:00:00Z 41 28 36 29 10 0.536125 50
2014-06-18T17:00:00Z 47 29 46 34 8 0.605333 102
2014-06-18T18:00:00Z 43 27 41 35 8 0.604000 99
2014-06-18T19:00:00Z 40 23 37 41 9 0.635000 91
2014-06-20T11:00:00Z 27 16 24 43 6 0.711111 50
2014-06-20T12:00:00Z 27 -1 -1 -1 -1 -1.000000 -1
2014-06-20T13:00:00Z 43 26 41 45 10 1.135889 44
2014-06-20T14:00:00Z 47 30 45 46 6 0.858333 45
2014-06-20T15:00:00Z 45 30 42 50 6 0.778444 46
2014-06-20T16:00:00Z 45 29 42 49 7 0.799333 52
2014-06-20T17:00:00Z 56 39 47 54 6 0.832111 54
2014-06-20T18:00:00Z 67 48 66 70 8 0.923000 37
2014-06-20T19:00:00Z 72 53 71 81 11 0.932778 23
2014-06-20T20:00:00Z 73 53 74 81 13 0.867111 14
2014-06-20T21:00:00Z 73 -1 -1 -1 -1 -1.000000 -1
2014-06-20T22:00:00Z 75 54 72 69 14 0.810222 14
2014-06-20T23:00:00Z 78 57 69 60 12 0.759778 19
2014-06-21T00:00:00Z 78 57 72 54 12 0.730667 25
2014-06-21T01:00:00Z 76 56 83 44 28 0.765778 32
2014-06-21T02:00:00Z 71 52 90 37 9 1.028333 45
2014-06-21T03:00:00Z 71 -1 -1 -1 -1 -1.000000 -1
2014-06-21T04:00:00Z 74 54 88 31 9 0.649333 43
2014-06-21T05:00:00Z 74 54 68 32 9 0.631333 39
2014-06-21T06:00:00Z 65 48 60 35 8 0.628889 31
2014-06-21T07:00:00Z 46 33 -1 40 8 0.683556 28
2014-06-21T10:00:00Z 25 12 -1 48 7 0.762556 42
2014-06-21T11:00:00Z 25 -1 -1 -1 -1 -1.000000 -1
2014-06-21T12:00:00Z 25 13 10 45 7 0.725111 47
2014-06-21T13:00:00Z 26 15 22 32 6 0.658750 66
2014-06-21T14:00:00Z 26 -1 -1 -1 -1 -1.000000 -1
2014-06-25T18:00:00Z 25 14 12 36 6 0.722778 75
2014-06-26T08:00:00Z 24 11 19 38 6 0.755667 49
2014-06-26T09:00:00Z 27 14 19 45 7 0.817778 46
2014-06-26T10:00:00Z 26 14 13 39 6 0.796000 69
2014-06-26T13:00:00Z 29 17 20 39 6 0.815778 80
2014-06-26T14:00:00Z 30 16 19 46 6 0.829556 74
2014-06-26T15:00:00Z 28 14 16 41 6 0.739333 80
2014-06-26T16:00:00Z 28 -1 -1 -1 -1 -1.000000 -1
2014-06-26T17:00:00Z 31 16 22 62 6 0.934556 55
2014-06-26T18:00:00Z 39 16 25 79 7 1.060000 40
2014-06-26T19:00:00Z 45 22 28 87 7 1.074222 33
2014-06-26T20:00:00Z 47 26 35 89 7 1.081556 24
2014-06-26T21:00:00Z 49 30 42 82 7 1.025444 25
2014-06-26T22:00:00Z 50 33 43 66 8 0.933444 39
2014-06-26T23:00:00Z 44 30 47 49 7 0.836125 53
2014-06-27T00:00:00Z 32 21 -1 39 8 0.734222 60
2014-06-27T01:00:00Z 29 16 -1 34 23 0.721889 62
2014-06-27T02:00:00Z 25 13 -1 29 8 1.024778 68
2014-06-27T03:00:00Z 27 13 17 21 8 0.618000 78
2014-06-27T04:00:00Z 27 13 10 17 7 0.608111 81
2014-06-27T05:00:00Z 29 14 11 17 7 0.600778 83
2014-06-27T06:00:00Z 29 15 13 21 8 0.628111 79
2014-06-27T07:00:00Z 28 16 16 30 8 0.657222 73
2014-06-27T08:00:00Z 29 17 17 36 8 0.757000 66
2014-08-23T05:00:00Z 68 49 59 33 11 0.566000 25
2014-08-23T06:00:00Z 68 -1 -1 -1 -1 -1.000000 -1
2014-08-23T07:00:00Z 67 47 56 42 12 0.605125 14
2014-08-23T08:00:00Z 68 49 62 40 14 0.614375 17
2014-08-23T09:00:00Z 67 48 60 41 16 0.654250 22
2014-08-23T10:00:00Z 72 52 63 42 18 0.696000 37
2014-08-23T11:00:00Z 73 53 60 40 20 0.828571 74
2014-08-23T12:00:00Z 70 51 55 36 18 0.810857 115
2014-08-23T13:00:00Z 73 51 67 30 16 0.788000 132
2014-08-23T14:00:00Z 76 52 74 27 11 0.782125 131
2014-08-23T17:00:00Z 73 51 66 34 11 0.760750 134
2014-08-23T18:00:00Z 74 47 90 38 11 0.796000 127
2014-08-23T19:00:00Z 83 59 95 37 13 0.830375 127
2014-08-23T20:00:00Z 88 66 79 41 15 0.830875 115
2014-08-23T21:00:00Z 89 66 88 40 14 0.789750 100
2014-08-23T22:00:00Z 86 64 91 48 13 0.765625 80
2014-08-23T23:00:00Z 86 64 92 46 13 0.753625 67
2014-08-24T00:00:00Z 86 -1 -1 -1 -1 -1.000000 -1
2014-08-24T01:00:00Z 87 64 83 43 39 0.828250 36
2014-08-24T02:00:00Z 87 -1 -1 -1 -1 -1.000000 -1
2014-08-24T03:00:00Z 74 54 63 46 16 0.769000 21
2014-08-24T04:00:00Z 74 -1 -1 -1 -1 -1.000000 -1
2014-08-24T05:00:00Z 69 50 55 45 16 0.787375 12
2014-08-24T06:00:00Z 71 52 56 45 16 0.862375 11
2014-08-24T07:00:00Z 75 55 69 45 17 0.876125 18
2014-08-24T08:00:00Z 75 -1 -1 -1 -1 -1.000000 -1
2014-08-24T09:00:00Z 101 76 102 53 43 0.977500 66
2014-08-24T10:00:00Z 113 90 115 44 43 0.968125 127
2014-08-24T11:00:00Z 118 91 110 32 31 0.893750 179
2014-08-24T12:00:00Z 106 75 92 27 24 0.824250 198
2014-08-24T13:00:00Z 102 63 82 22 21 0.793125 202
2014-08-24T14:00:00Z 103 75 88 23 19 0.797375 196
2014-08-24T15:00:00Z 93 60 92 24 18 0.761500 186
2014-09-09T20:00:00Z 51 31 53 29 11 0.686750 87
2014-09-09T21:00:00Z 50 30 51 25 11 0.631875 86
2014-09-09T22:00:00Z 47 29 48 24 11 0.597125 83
2014-09-09T23:00:00Z 45 30 42 24 11 0.585875 76
2014-09-10T00:00:00Z 46 30 40 25 12 0.571778 69
2014-09-10T01:00:00Z 47 30 43 28 20 0.568333 61
2014-09-10T02:00:00Z 51 33 47 29 14 0.746778 61
2014-09-10T03:00:00Z 49 31 44 28 14 0.565000 54
2014-09-10T04:00:00Z 50 33 44 28 15 0.687222 55
2014-09-10T05:00:00Z 49 34 41 27 13 0.599000 54
2014-09-10T06:00:00Z 49 33 40 30 13 0.628500 54
2014-09-10T07:00:00Z 46 32 38 30 11 0.628375 59
2014-09-10T08:00:00Z 46 -1 -1 -1 -1 -1.000000 -1
2014-09-10T09:00:00Z 49 29 50 36 13 0.727556 64
2014-09-10T10:00:00Z 69 47 77 32 14 0.827778 90
2014-09-10T11:00:00Z 96 71 106 27 15 0.852667 103
2014-09-10T12:00:00Z 96 -1 -1 -1 -1 -1.000000 -1
2014-09-10T13:00:00Z 107 79 117 22 15 0.900333 116
2014-09-10T14:00:00Z 113 84 125 25 16 0.995375 119
2014-09-10T15:00:00Z 113 -1 -1 -1 -1 -1.000000 -1
2014-09-10T16:00:00Z 115 86 116 30 14 0.904667 111
2014-09-10T17:00:00Z 89 65 99 30 13 0.900111 108
2014-09-10T18:00:00Z 89 -1 -1 -1 -1 -1.000000 -1
2014-09-10T19:00:00Z 64 41 70 31 10 0.825125 100
2014-10-08T01:00:00Z 53 26 50 63 16 1.708875 47
2014-10-08T02:00:00Z 47 26 48 56 11 0.852125 57
2014-10-08T03:00:00Z 47 -1 -1 -1 -1 -1.000000 -1
2014-10-08T04:00:00Z 44 28 42 49 12 0.705000 57
2014-10-08T05:00:00Z 44 27 45 45 12 0.688375 63
2014-10-08T06:00:00Z 45 26 46 47 14 0.682375 62
2014-10-08T07:00:00Z 52 28 53 53 16 0.699375 60
2014-10-08T08:00:00Z 56 27 62 63 15 0.813000 63
2014-10-08T09:00:00Z 56 -1 -1 -1 -1 -1.000000 -1
2014-10-08T10:00:00Z 48 23 52 42 14 0.697625 87
2014-10-08T11:00:00Z 48 -1 -1 -1 -1 -1.000000 -1
2014-10-08T12:00:00Z 40 17 37 23 15 0.762250 109
2014-10-08T13:00:00Z 42 18 40 20 11 1.131000 114
2014-10-08T14:00:00Z 44 22 41 18 11 0.571250 125
2014-10-08T15:00:00Z 42 21 42 18 19 0.607667 123
2014-10-08T16:00:00Z 45 20 45 19 10 0.960444 124
2014-10-08T17:00:00Z 45 19 46 21 10 0.592222 119
2014-10-08T18:00:00Z 45 19 46 27 11 0.655000 110
2014-10-08T19:00:00Z 45 22 46 34 11 0.689222 100
2014-10-08T20:00:00Z 46 24 46 35 11 0.701222 95
2014-10-08T21:00:00Z 43 24 42 39 14 0.658556 86
2014-10-08T22:00:00Z 41 24 40 41 14 0.659222 82
2014-10-08T23:00:00Z 43 26 42 48 10 0.661444 71
2014-10-09T00:00:00Z 41 27 40 42 14 0.645556 74
2014-10-09T01:00:00Z 41 25 39 41 31 0.878444 68
