2013-06-12T07:00:00Z 197 156 -1 52 31 1.300250 30
2013-06-12T08:00:00Z 199 153 159 52 31 1.298125 30
2013-06-12T09:00:00Z 201 157 173 56 33 1.265750 34
2013-06-12T10:00:00Z 202 148 -1 55 27 1.087143 46
2013-06-12T11:00:00Z 203 114 -1 50 21 1.065429 56
2013-06-12T12:00:00Z 203 111 71 45 25 1.121875 80
2013-06-12T13:00:00Z 203 112 -1 42 24 1.171125 99
2013-06-12T14:00:00Z 203 115 85 42 22 1.176375 106
2013-06-12T15:00:00Z 203 114 86 41 21 1.171125 110
2013-06-12T16:00:00Z 202 111 144 37 19 1.197500 109
2013-06-12T17:00:00Z 201 97 136 35 18 1.137625 104
2013-06-12T18:00:00Z 198 80 49 36 16 1.062000 102
2013-06-12T19:00:00Z 192 69 49 34 17 1.003000 99
2013-06-12T20:00:00Z 187 67 51 34 16 0.997250 94
2013-06-12T21:00:00Z 181 68 59 34 14 0.960375 88
2013-06-12T22:00:00Z 173 67 62 34 13 0.980875 83
2013-06-12T23:00:00Z 165 66 82 39 13 0.977250 72
2013-06-13T00:00:00Z 157 69 82 38 12 1.103375 62
2013-06-13T01:00:00Z 152 75 -1 30 20 1.984125 68
2013-06-13T02:00:00Z 146 76 -1 26 14 0.819125 62
2013-06-13T03:00:00Z 141 80 -1 25 14 0.853000 64
2013-11-07T21:00:00Z 233 212 259 94 38 1.513667 112
2013-11-07T22:00:00Z 234 238 273 113 37 1.644500 80
2013-11-07T23:00:00Z 236 275 221 102 35 1.590667 81
2013-11-08T00:00:00Z 238 256 225 81 34 1.554167 83
2013-11-08T03:00:00Z 236 182 110 44 31 1.750333 117
2013-11-08T04:00:00Z 233 172 82 48 29 1.093667 104
2013-11-08T05:00:00Z 231 171 89 56 30 1.178500 87
2013-11-08T06:00:00Z 230 179 140 69 28 1.363167 69
2013-11-08T07:00:00Z 229 190 165 85 28 1.451167 65
2013-11-08T08:00:00Z 228 194 184 115 32 1.577167 48
2013-11-08T09:00:00Z 228 -1 -1 -1 -1 -1.000000 -1
2013-11-08T10:00:00Z 224 150 121 63 35 1.407333 101
2013-11-08T11:00:00Z 215 108 43 46 46 1.713500 139
2013-11-08T12:00:00Z 206 73 61 27 21 0.663333 140
2013-11-08T13:00:00Z 198 57 46 28 28 0.538167 142
2013-11-08T14:00:00Z 192 46 47 32 28 0.921667 143
2013-11-08T15:00:00Z 188 46 56 27 16 0.525833 135
2013-11-08T16:00:00Z 183 39 54 27 15 0.523167 127
2013-11-08T17:00:00Z 178 40 49 34 16 0.579167 113
2013-11-08T18:00:00Z 173 40 48 38 15 0.605000 101
2013-11-08T19:00:00Z 165 52 61 48 15 0.695167 88
2013-11-08T20:00:00Z 156 67 67 45 15 0.723667 87
2013-11-08T21:00:00Z 150 70 62 39 14 0.670500 91
2013-11-08T22:00:00Z 143 60 63 40 14 0.681667 87
2013-11-16T18:00:00Z 201 81 230 100 33 1.078167 57
2013-11-16T19:00:00Z 197 92 238 115 35 1.261500 41
2013-11-16T20:00:00Z 194 105 243 123 39 1.283667 30
2013-11-16T21:00:00Z 189 110 238 116 50 1.237333 25
2013-11-16T22:00:00Z 189 -1 -1 -1 -1 -1.000000 -1
2013-11-16T23:00:00Z 180 101 237 78 65 1.260333 27
2013-11-17T00:00:00Z 174 98 247 73 65 1.200000 26
2013-11-17T01:00:00Z 169 99 302 62 72 1.520500 22
2013-11-17T02:00:00Z 165 107 325 61 63 1.123167 22
2013-11-17T03:00:00Z 162 111 332 61 61 1.150000 19
2013-11-17T04:00:00Z 160 107 314 61 57 1.109833 18
2013-11-17T05:00:00Z 159 104 288 60 58 1.095667 16
2013-11-17T06:00:00Z 157 103 272 63 58 1.159333 14
2013-11-17T07:00:00Z 157 105 269 62 55 1.185667 14
2013-11-17T08:00:00Z 156 104 265 60 61 1.221167 18
2013-11-17T09:00:00Z 155 107 264 60 66 1.240667 26
2013-11-17T10:00:00Z 154 97 210 53 59 1.063833 43
2013-11-17T11:00:00Z 151 72 172 46 46 0.854000 56
2013-11-17T12:00:00Z 148 59 149 41 41 0.750000 66
2013-11-17T13:00:00Z 145 52 128 39 40 0.747833 71
2013-11-17T14:00:00Z 142 50 115 40 45 0.916500 74
2013-11-20T22:00:00Z 152 183 231 154 47 1.982000 9
2013-11-20T23:00:00Z 156 193 237 151 48 2.038000 10
2013-11-21T00:00:00Z 156 -1 -1 -1 -1 -1.000000 -1
2013-11-21T01:00:00Z 162 173 204 131 40 1.463600 12
2013-11-21T02:00:00Z 166 156 176 124 36 1.306600 10
2013-11-21T03:00:00Z 168 150 164 112 38 1.146200 10
2013-11-21T04:00:00Z 170 156 171 103 40 1.125600 14
2013-11-21T05:00:00Z 172 156 160 103 44 1.146800 14
2013-11-21T06:00:00Z 175 148 151 114 45 1.146667 14
2013-11-21T07:00:00Z 175 -1 -1 -1 -1 -1.000000 -1
2013-11-21T08:00:00Z 175 108 142 118 40 1.389500 18
2013-11-21T09:00:00Z 174 103 133 106 43 1.157167 32
2013-11-21T10:00:00Z 172 96 122 81 45 0.935333 70
2013-11-21T11:00:00Z 167 84 113 55 42 0.767667 111
2013-11-21T12:00:00Z 164 76 111 54 41 0.705833 115
2013-11-21T13:00:00Z 164 -1 -1 -1 -1 -1.000000 -1
2013-11-21T14:00:00Z 148 74 116 45 37 0.757143 125
2013-11-21T15:00:00Z 145 64 125 54 37 0.784286 129
2013-11-21T16:00:00Z 143 76 119 60 37 0.840000 117
2013-11-21T17:00:00Z 141 79 137 74 38 0.907857 106
2013-11-21T18:00:00Z 139 85 142 94 37 1.003143 87
2013-11-26T12:00:00Z 168 83 250 58 44 0.861143 53
2013-11-26T13:00:00Z 168 -1 -1 -1 -1 -1.000000 -1
2013-11-26T14:00:00Z 166 71 236 57 35 0.758714 66
2013-11-26T15:00:00Z 163 67 229 62 40 0.773714 60
2013-11-26T16:00:00Z 160 68 227 69 44 0.793143 53
2013-11-26T17:00:00Z 159 71 235 93 45 0.918571 30
2013-11-26T18:00:00Z 158 81 270 107 47 1.096429 17
2013-11-26T19:00:00Z 158 107 287 108 50 1.117286 14
2013-11-26T20:00:00Z 156 116 260 108 48 1.190571 12
2013-11-26T21:00:00Z 156 112 261 108 47 1.438571 12
2013-11-26T22:00:00Z 154 108 242 107 47 1.588143 12
2013-11-26T23:00:00Z 153 107 243 104 44 1.528714 11
2013-11-27T00:00:00Z 148 101 255 96 46 1.548857 10
2013-11-27T01:00:00Z 152 88 264 88 55 2.445143 8
2013-11-27T02:00:00Z 148 90 231 91 47 1.016429 12
2013-11-27T03:00:00Z 146 80 221 80 36 0.870714 18
2013-11-27T04:00:00Z 143 72 201 66 36 0.831167 20
2013-11-27T05:00:00Z 140 68 184 60 37 0.790500 24
2013-11-27T06:00:00Z 138 62 171 75 33 0.808333 16
2013-11-27T07:00:00Z 136 65 184 83 41 0.970333 11
2013-11-27T08:00:00Z 134 84 217 88 68 1.329833 13
2013-11-27T09:00:00Z 132 100 222 92 76 1.373667 15
2013-11-27T10:00:00Z 129 95 240 79 85 1.615167 18
2013-12-09T13:00:00Z 210 329 362 81 62 2.595833 16
2013-12-09T14:00:00Z 216 301 274 81 69 2.855000 15
2013-12-09T15:00:00Z 221 259 162 72 74 2.168500 29
2013-12-09T16:00:00Z 222 167 105 61 58 1.526667 38
2013-12-09T17:00:00Z 222 122 138 72 56 1.500833 31
2013-12-09T18:00:00Z 222 138 155 84 57 1.633667 22
2013-12-09T19:00:00Z 221 153 159 87 56 1.638000 19
2013-12-09T20:00:00Z 222 158 160 84 55 1.664333 20
2013-12-09T21:00:00Z 222 148 151 76 52 1.518167 24
2013-12-09T22:00:00Z 222 123 130 70 51 1.341333 25
2013-12-09T23:00:00Z 222 111 128 63 49 1.275500 24
2013-12-10T00:00:00Z 222 98 105 50 43 1.028000 29
2013-12-10T01:00:00Z 222 65 76 46 41 0.878167 29
2013-12-10T02:00:00Z 220 50 60 42 40 0.771667 29
2013-12-10T03:00:00Z 218 44 57 47 42 1.448000 26
2013-12-10T04:00:00Z 216 46 61 55 51 0.847667 19
2013-12-10T05:00:00Z 214 57 66 60 56 0.923167 14
2013-12-10T06:00:00Z 209 64 72 63 63 1.003167 12
2013-12-10T07:00:00Z 209 -1 -1 -1 -1 -1.000000 -1
2013-12-10T08:00:00Z 188 81 101 67 76 1.575167 12
2013-12-10T09:00:00Z 180 93 118 65 76 1.497500 17
2013-12-10T10:00:00Z 171 92 116 57 64 1.204000 29
2013-12-10T11:00:00Z 159 68 80 53 59 1.041167 40
2013-12-10T12:00:00Z 146 46 72 52 56 0.909167 48
2013-12-26T09:00:00Z 177 360 354 88 141 2.958200 10
2013-12-26T10:00:00Z 190 378 372 88 157 2.663800 11
2013-12-26T11:00:00Z 202 383 374 94 151 3.297500 13
2013-12-26T12:00:00Z 213 362 351 93 143 2.157833 21
2013-12-26T13:00:00Z 223 353 371 103 151 2.385667 19
2013-12-26T14:00:00Z 223 -1 -1 -1 -1 -1.000000 -1
2013-12-26T15:00:00Z 247 404 473 106 149 2.385667 13
2013-12-26T16:00:00Z 259 391 380 90 100 2.260800 13
2013-12-26T17:00:00Z 265 259 285 71 53 1.608400 15
2013-12-26T18:00:00Z 267 152 214 57 38 1.162000 16
2013-12-26T19:00:00Z 267 97 118 52 34 1.014600 16
2013-12-26T20:00:00Z 264 72 114 46 33 1.010000 19
2013-12-26T21:00:00Z 263 70 135 43 32 0.947200 22
2013-12-26T22:00:00Z 260 57 88 39 30 0.759600 22
2013-12-26T23:00:00Z 257 44 73 38 32 0.776600 20
2013-12-27T00:00:00Z 256 45 77 38 38 0.754667 19
2013-12-27T01:00:00Z 254 49 87 30 80 1.111000 18
2013-12-27T02:00:00Z 252 51 87 34 39 2.404833 19
2013-12-27T03:00:00Z 249 49 76 29 35 0.811400 24
2013-12-27T04:00:00Z 249 -1 -1 -1 -1 -1.000000 -1
2013-12-27T05:00:00Z 238 43 54 28 30 0.569000 27
2013-12-27T06:00:00Z 229 40 51 30 30 0.664600 26
2013-12-27T11:00:00Z 154 59 74 41 47 1.180500 31
2013-12-27T12:00:00Z 140 58 72 38 44 1.045333 37
2013-12-30T15:00:00Z 182 109 129 67 45 0.977857 63
2013-12-30T16:00:00Z 181 100 113 62 38 0.893429 68
2013-12-30T17:00:00Z 179 92 110 80 36 0.961857 49
2013-12-30T18:00:00Z 177 94 121 107 37 1.097500 24
2013-12-30T19:00:00Z 176 107 151 119 47 1.474250 13
2013-12-30T20:00:00Z 174 121 163 118 47 1.366000 11
2013-12-30T21:00:00Z 172 126 164 118 52 1.407375 11
2013-12-30T22:00:00Z 170 129 168 115 53 1.376750 11
2013-12-30T23:00:00Z 167 130 165 111 53 1.369625 12
2013-12-31T00:00:00Z 165 126 154 101 53 1.351250 12
2013-12-31T01:00:00Z 162 121 147 92 65 1.719750 14
2013-12-31T02:00:00Z 160 118 145 97 56 1.619250 12
2013-12-31T03:00:00Z 159 124 148 98 67 1.179500 9
2013-12-31T04:00:00Z 158 123 146 98 75 1.159000 9
2013-12-31T05:00:00Z 157 121 145 97 85 1.121000 14
2013-12-31T06:00:00Z 156 122 151 96 83 1.187375 10
2013-12-31T07:00:00Z 155 133 161 98 91 1.363750 9
2013-12-31T08:00:00Z 154 143 185 101 96 1.627625 10
2013-12-31T09:00:00Z 154 152 195 102 96 1.578500 12
2013-12-31T10:00:00Z 153 123 152 104 80 1.465125 15
2013-12-31T11:00:00Z 151 124 148 96 61 1.173875 29
2013-12-31T12:00:00Z 149 113 133 79 47 0.923250 50
2013-12-31T13:00:00Z 147 77 94 53 44 0.639750 61
2013-12-31T14:00:00Z 144 70 97 47 40 1.458750 59
2014-01-03T08:00:00Z 153 124 142 92 50 1.555750 8
2014-01-03T09:00:00Z 180 146 178 102 73 2.040375 9
2014-01-03T10:00:00Z 210 175 214 115 98 2.185500 10
2014-01-03T11:00:00Z 227 193 221 120 119 1.929750 15
2014-01-03T12:00:00Z 225 188 221 121 110 1.762000 23
2014-01-03T13:00:00Z 231 197 209 111 99 1.480125 34
2014-01-03T14:00:00Z 209 172 180 86 67 1.415143 61
2014-01-03T15:00:00Z 163 129 141 60 42 0.825250 81
2014-01-03T16:00:00Z 129 102 136 67 45 0.951857 73
2014-01-03T17:00:00Z 139 113 149 80 45 1.066833 54
2014-01-03T18:00:00Z 155 136 182 119 54 1.309500 23
2014-01-03T19:00:00Z 191 152 228 134 58 1.499250 16
2014-01-03T20:00:00Z 227 189 242 139 64 1.739500 13
2014-01-03T21:00:00Z 251 217 275 143 74 2.050750 10
2014-01-03T22:00:00Z 282 250 290 125 75 2.000375 10
2014-01-03T23:00:00Z 244 235 220 109 67 1.744500 14
2014-01-04T00:00:00Z 220 204 141 107 55 1.733875 14
2014-01-04T01:00:00Z 211 194 173 105 58 2.239500 11
2014-01-04T02:00:00Z 229 215 245 122 84 2.465500 9
2014-01-04T03:00:00Z 296 270 288 118 91 2.077125 9
2014-01-04T04:00:00Z 288 261 254 104 70 1.630250 10
2014-01-04T05:00:00Z 217 204 242 84 53 1.467125 13
2014-01-04T06:00:00Z 222 189 190 59 29 1.301500 16
2014-01-04T07:00:00Z 175 140 154 54 21 1.430571 14
2014-01-19T22:00:00Z 161 130 144 78 22 1.217000 24
2014-01-19T23:00:00Z 162 131 136 90 24 1.241750 15
2014-01-20T00:00:00Z 153 123 126 79 25 1.163125 17
2014-01-20T01:00:00Z 154 123 138 77 39 1.748250 10
2014-01-20T02:00:00Z 172 136 157 83 34 1.722000 13
2014-01-20T03:00:00Z 202 165 169 85 47 1.495857 15
2014-01-20T04:00:00Z 232 199 201 91 53 1.672143 13
2014-01-20T05:00:00Z 249 218 230 93 60 1.615625 12
2014-01-20T06:00:00Z 257 228 245 89 66 2.052833 12
2014-01-20T07:00:00Z 256 230 246 84 65 2.138000 9
2014-01-20T08:00:00Z 267 240 269 83 72 2.374400 9
2014-01-20T09:00:00Z 253 225 307 81 86 2.697500 12
2014-01-20T10:00:00Z 295 266 330 76 104 3.244429 16
2014-01-20T11:00:00Z 295 -1 -1 -1 -1 -1.000000 -1
2014-01-20T12:00:00Z 308 280 328 81 114 2.519714 34
2014-01-20T13:00:00Z 293 264 318 79 104 2.393143 41
2014-01-20T14:00:00Z 290 257 321 76 95 2.110286 47
2014-01-20T15:00:00Z 275 242 332 69 83 1.720571 49
2014-01-20T16:00:00Z 191 167 283 62 60 1.424286 45
2014-01-20T17:00:00Z 170 147 274 66 60 1.544429 40
2014-01-20T18:00:00Z 238 195 320 82 64 1.669250 27
2014-01-20T19:00:00Z 239 206 309 77 44 1.537143 29
2014-01-20T20:00:00Z 180 150 215 67 35 1.318429 30
2014-01-20T21:00:00Z 143 116 187 56 31 1.200000 36
2014-01-30T15:00:00Z 214 183 88 46 31 1.213143 97
2014-01-30T16:00:00Z 199 166 81 47 26 1.171857 90
2014-01-30T17:00:00Z 207 171 197 71 29 1.491375 59
2014-01-30T18:00:00Z 250 219 229 83 30 1.789375 35
2014-01-30T19:00:00Z 260 230 215 59 22 1.720375 38
2014-01-30T20:00:00Z 274 244 220 40 18 1.643250 50
2014-01-30T21:00:00Z 287 259 240 35 19 1.507125 60
2014-01-30T22:00:00Z 275 247 217 30 19 1.489250 67
2014-01-30T23:00:00Z 263 233 233 29 18 1.751714 68
2014-01-31T00:00:00Z 270 238 275 30 25 2.137429 66
2014-01-31T01:00:00Z 323 295 356 27 41 3.420857 69
2014-01-31T02:00:00Z 287 260 270 24 21 2.232714 71
2014-01-31T03:00:00Z 250 217 235 23 19 1.681714 72
2014-01-31T04:00:00Z 238 205 208 20 17 1.377750 84
2014-01-31T05:00:00Z 218 184 165 19 16 1.164375 96
2014-01-31T06:00:00Z 196 162 87 19 16 1.160571 102
2014-01-31T07:00:00Z 186 152 73 22 16 1.173143 95
2014-01-31T08:00:00Z 192 157 73 25 17 1.199429 87
2014-01-31T09:00:00Z 192 -1 -1 -1 -1 -1.000000 -1
2014-01-31T10:00:00Z 181 147 79 29 17 0.959000 84
2014-01-31T11:00:00Z 161 130 74 27 19 0.896875 92
2014-02-02T13:00:00Z 262 261 312 47 11 1.991857 17
2014-02-02T14:00:00Z 237 230 313 40 10 1.679857 23
2014-02-02T15:00:00Z 202 190 235 36 10 1.440857 29
2014-02-02T16:00:00Z 180 165 137 36 10 1.409857 31
2014-02-02T17:00:00Z 163 143 200 36 10 1.314714 35
2014-02-02T18:00:00Z 147 128 171 34 9 1.303571 38
2014-02-20T12:00:00Z 203 168 169 66 63 1.379375 46
2014-02-20T13:00:00Z 195 161 161 58 57 1.208875 61
2014-02-20T14:00:00Z 172 138 124 48 60 1.079750 80
2014-02-20T15:00:00Z 160 128 136 37 59 0.917875 96
2014-02-20T16:00:00Z 163 131 143 40 52 0.931250 97
2014-02-21T09:00:00Z 110 89 100 73 33 1.283000 31
2014-02-21T13:00:00Z 133 107 121 35 43 0.870250 106
2014-02-21T14:00:00Z 133 -1 -1 -1 -1 -1.000000 -1
2014-02-21T15:00:00Z 128 103 115 33 38 0.790000 112
2014-03-10T01:00:00Z 173 139 163 99 24 3.151250 8
2014-03-10T02:00:00Z 184 149 165 99 23 1.751750 9
2014-03-10T03:00:00Z 189 153 169 96 22 1.713750 9
2014-03-10T04:00:00Z 197 159 172 95 22 1.651125 9
2014-03-10T05:00:00Z 195 157 172 90 22 1.603000 9
2014-03-10T06:00:00Z 191 153 166 89 24 1.546875 9
2014-03-10T07:00:00Z 186 147 164 87 25 1.361500 9
2014-03-10T08:00:00Z 187 146 169 84 28 1.252625 12
2014-03-10T09:00:00Z 189 149 163 81 34 1.218875 20
2014-03-10T10:00:00Z 193 151 171 80 42 1.163375 34
2014-03-10T11:00:00Z 195 154 173 84 57 1.151750 53
2014-03-10T12:00:00Z 202 162 175 88 61 1.109875 73
2014-03-10T13:00:00Z 206 167 185 86 60 1.058875 90
2014-03-10T14:00:00Z 196 159 177 76 54 0.993500 103
2014-03-10T15:00:00Z 193 156 182 65 47 0.983000 120
2014-03-10T16:00:00Z 200 162 183 61 42 0.947286 131
2014-03-10T17:00:00Z 199 161 172 62 39 0.939857 131
2014-03-10T18:00:00Z 196 157 161 70 36 0.952857 114
2014-03-10T19:00:00Z 191 151 172 79 33 1.029000 92
2014-03-10T20:00:00Z 199 158 182 74 29 1.082143 84
2014-03-10T21:00:00Z 195 154 181 63 25 1.109143 83
2014-03-10T22:00:00Z 183 143 167 56 23 1.042143 83
2014-03-10T23:00:00Z 164 127 174 52 22 0.934714 81
2014-03-18T09:00:00Z 183 147 216 145 43 2.130500 20
2014-03-18T10:00:00Z 186 144 208 147 48 1.853714 38
2014-03-18T11:00:00Z 195 151 267 170 58 2.272875 62
2014-03-18T12:00:00Z 226 181 254 137 75 1.773250 116
2014-03-18T13:00:00Z 215 169 211 84 87 1.600500 165
2014-03-18T14:00:00Z 200 157 197 66 78 1.631250 195
2014-03-18T15:00:00Z 214 174 213 63 46 1.380857 166
2014-03-18T16:00:00Z 211 168 223 66 33 1.204571 134
2014-03-18T17:00:00Z 206 164 223 70 38 1.256857 125
2014-03-18T18:00:00Z 199 155 220 72 28 1.111571 103
2014-03-18T19:00:00Z 193 150 216 74 23 1.127857 89
2014-03-18T20:00:00Z 190 147 230 63 23 1.133714 95
2014-03-18T21:00:00Z 180 137 256 56 24 1.152286 95
2014-03-18T22:00:00Z 179 130 280 48 20 1.049714 91
2014-03-18T23:00:00Z 185 111 316 38 14 0.851429 86
2014-03-19T00:00:00Z 192 89 328 33 12 0.706143 83
2014-03-19T01:00:00Z 183 77 315 29 26 0.610857 98
2014-03-19T02:00:00Z 174 73 298 26 11 0.623857 84
2014-03-19T03:00:00Z 163 79 276 24 10 0.687286 90
2014-03-19T04:00:00Z 153 87 255 26 11 0.703857 87
2014-03-19T05:00:00Z 153 84 255 37 14 0.657714 69
2014-03-19T06:00:00Z 155 75 260 31 11 0.619000 78
2014-03-19T07:00:00Z 146 67 241 35 11 0.654429 81
2014-04-17T09:00:00Z 150 114 135 71 31 1.022500 15
2014-04-17T10:00:00Z 165 125 147 68 32 1.157875 14
2014-04-17T11:00:00Z 190 144 168 67 30 1.373875 14
2014-04-17T12:00:00Z 205 156 186 71 23 1.456000 18
2014-04-17T13:00:00Z 209 160 180 85 24 1.375125 37
2014-04-17T14:00:00Z 219 170 189 109 24 1.379000 38
2014-04-17T15:00:00Z 227 177 182 103 25 1.407250 47
2014-04-17T16:00:00Z 243 193 211 102 32 1.562250 35
2014-04-17T17:00:00Z 252 202 198 111 39 2.082625 15
2014-04-17T18:00:00Z 259 209 208 110 39 2.261875 12
2014-04-17T19:00:00Z 249 199 214 110 38 2.407250 9
2014-04-17T20:00:00Z 230 180 196 107 38 2.404375 9
2014-04-17T21:00:00Z 220 170 188 103 41 2.263125 10
2014-04-17T22:00:00Z 213 163 175 98 42 2.127750 11
2014-04-17T23:00:00Z 208 159 175 95 42 1.988375 10
2014-04-18T00:00:00Z 207 157 165 93 44 1.915250 9
2014-04-18T01:00:00Z 208 158 163 91 49 1.846250 9
2014-04-18T02:00:00Z 208 159 163 82 42 1.540125 13
2014-04-18T03:00:00Z 187 141 148 61 28 1.219375 31
2014-04-18T04:00:00Z 154 117 -1 50 23 1.093125 37
2014-05-21T11:00:00Z 151 115 154 49 30 1.231889 171
2014-05-21T12:00:00Z 151 -1 -1 -1 -1 -1.000000 -1
2014-05-21T13:00:00Z 160 122 174 34 32 1.110111 237
2014-05-21T14:00:00Z 178 134 212 37 32 1.112444 234
2014-05-21T15:00:00Z 190 144 198 37 30 1.076222 222
2014-05-21T16:00:00Z 190 -1 -1 -1 -1 -1.000000 -1
2014-05-21T17:00:00Z 187 142 177 39 31 1.192778 212
2014-05-21T18:00:00Z 187 142 187 49 28 1.156778 194
2014-05-21T19:00:00Z 188 142 174 51 23 1.088111 173
2014-05-21T20:00:00Z 183 138 167 50 20 1.054111 155
2014-05-21T21:00:00Z 163 124 154 50 15 1.050889 117
2014-05-21T22:00:00Z 165 125 147 44 15 0.980444 124
2014-05-21T23:00:00Z 171 129 156 39 15 0.964889 127
2014-05-22T00:00:00Z 182 138 151 32 17 0.939125 132
2014-05-22T01:00:00Z 177 134 141 29 18 0.859889 122
2014-05-22T02:00:00Z 171 126 129 29 15 0.845778 154
2014-05-22T03:00:00Z 156 119 119 25 14 0.860444 114
2014-05-22T04:00:00Z 153 117 123 24 14 0.816889 109
2014-05-22T05:00:00Z 147 112 112 25 13 0.819444 101
2014-05-22T06:00:00Z 146 111 120 31 12 0.839222 89
2014-05-22T07:00:00Z 140 107 122 44 13 0.872222 79
2014-05-22T08:00:00Z 140 107 111 55 14 0.963000 80
2014-05-27T23:00:00Z 252 191 341 97 32 1.278500 91
2014-05-28T00:00:00Z 252 -1 -1 -1 -1 -1.000000 -1
2014-05-28T01:00:00Z 245 195 303 83 31 1.245375 71
2014-05-28T02:00:00Z 258 208 287 94 37 1.281750 38
2014-05-28T03:00:00Z 258 -1 -1 -1 -1 -1.000000 -1
2014-05-28T04:00:00Z 237 188 269 95 54 1.199250 20
2014-05-28T05:00:00Z 211 163 252 87 54 1.059250 24
2014-05-28T06:00:00Z 196 151 232 84 53 1.029250 28
2014-05-28T07:00:00Z 171 130 237 92 49 1.069375 33
2014-05-28T08:00:00Z 171 -1 -1 -1 -1 -1.000000 -1
2014-05-28T09:00:00Z 166 124 235 73 49 1.057500 101
2014-05-28T10:00:00Z 171 129 232 60 52 1.245250 138
2014-05-29T13:00:00Z 171 -1 -1 -1 -1 -1.000000 -1
2014-05-29T14:00:00Z 155 110 247 72 41 1.069222 185
2014-05-29T17:00:00Z 170 119 277 81 38 1.103000 200
2014-05-29T18:00:00Z 181 128 290 94 38 1.183889 186
2014-05-29T19:00:00Z 194 132 301 90 37 1.256556 184
2014-05-29T20:00:00Z 204 139 307 87 34 1.269222 160
2014-05-29T21:00:00Z 221 147 323 88 33 1.326444 127
2014-05-29T22:00:00Z 230 158 326 92 30 1.288667 95
2014-05-29T23:00:00Z 228 150 310 94 29 1.329444 76
2014-05-30T00:00:00Z 174 142 259 89 29 1.339556 70
2014-05-30T01:00:00Z 207 132 294 76 48 1.132444 52
2014-05-30T02:00:00Z 192 133 239 71 35 1.397556 76
2014-05-30T03:00:00Z 181 138 215 76 37 1.033111 36
2014-05-30T04:00:00Z 181 138 218 76 40 1.069222 28
2014-05-30T05:00:00Z 178 137 214 77 43 1.103444 24
2014-05-30T06:00:00Z 177 135 224 82 43 1.162667 23
2014-05-30T07:00:00Z 177 -1 -1 -1 -1 -1.000000 -1
2014-05-30T08:00:00Z 159 119 174 91 38 1.018444 63
2014-05-30T09:00:00Z 147 111 159 83 37 0.939333 83
2014-11-06T15:00:00Z 187 141 171 42 29 1.001750 165
2014-11-06T16:00:00Z 185 140 172 44 27 1.055625 165
2014-11-06T17:00:00Z 185 139 175 55 27 1.099500 149
2014-11-06T18:00:00Z 189 142 184 79 28 1.225250 114
2014-11-06T19:00:00Z 196 148 207 96 26 1.353750 85
2014-11-06T20:00:00Z 200 151 206 64 22 1.312625 107
2014-11-06T21:00:00Z 200 -1 -1 -1 -1 -1.000000 -1
2014-11-06T22:00:00Z 177 136 155 50 18 1.212000 111
2014-11-06T23:00:00Z 184 139 160 52 19 1.223667 101
2014-11-07T00:00:00Z 182 137 157 49 20 1.227000 98
2014-11-07T01:00:00Z 169 128 147 42 28 1.237889 101
2014-11-07T02:00:00Z 148 113 115 35 21 1.042333 117
2014-11-11T23:00:00Z 154 116 182 118 32 1.115286 14
2014-11-12T00:00:00Z 180 136 205 107 40 1.196429 17
2014-11-12T01:00:00Z 205 157 220 91 62 1.529714 16
2014-11-12T02:00:00Z 227 177 221 83 43 1.981000 26
2014-11-12T03:00:00Z 234 184 215 74 43 1.681857 23
2014-11-12T04:00:00Z 236 186 210 69 45 1.903429 24
2014-11-12T05:00:00Z 238 188 210 70 47 2.018000 19
2014-11-12T06:00:00Z 240 190 215 74 44 2.040714 15
2014-11-12T07:00:00Z 242 192 217 77 42 2.075000 13
2014-11-12T08:00:00Z 248 198 231 80 48 2.262571 14
2014-11-12T09:00:00Z 256 206 248 77 60 2.357286 20
2014-11-12T10:00:00Z 264 225 263 80 66 2.543250 30
2014-11-12T11:00:00Z 274 236 273 77 59 1.945375 47
2014-11-12T12:00:00Z 252 200 228 57 46 1.449125 74
2014-11-12T13:00:00Z 252 -1 -1 -1 -1 -1.000000 -1
2014-11-12T14:00:00Z 198 152 197 48 34 1.248125 87
2014-11-12T15:00:00Z 153 117 115 46 29 0.970000 95
2014-12-28T21:00:00Z 151 115 164 112 39 1.626600 9
2014-12-28T22:00:00Z 163 124 175 112 45 1.722700 8
2014-12-28T23:00:00Z 180 137 186 109 51 1.693900 8
2014-12-29T00:00:00Z 196 149 192 108 57 1.582700 8
2014-12-29T01:00:00Z 208 160 200 102 75 1.558600 10
2014-12-29T02:00:00Z 214 165 191 103 59 1.609800 20
