2013-06-11T23:00:00Z 156 201 239 59 31 1.426000 34
2013-06-12T00:00:00Z 164 190 226 48 26 1.390500 41
2013-06-12T01:00:00Z 171 173 222 43 25 2.111750 45
2013-06-12T02:00:00Z 177 172 177 46 27 1.388125 34
2013-06-12T03:00:00Z 183 171 203 52 33 1.407429 26
2013-06-12T04:00:00Z 187 167 188 54 38 1.370571 25
2013-06-12T05:00:00Z 191 161 174 56 39 1.335143 24
2013-06-12T06:00:00Z 195 159 175 55 38 1.309500 26
2013-11-07T08:00:00Z 209 217 275 113 58 2.363400 13
2013-11-07T09:00:00Z 213 228 286 125 77 2.302000 18
2013-11-07T10:00:00Z 217 232 250 132 105 2.361000 36
2013-11-07T11:00:00Z 229 220 217 103 86 1.874500 85
2013-11-07T12:00:00Z 227 174 166 86 70 1.486500 108
2013-11-07T13:00:00Z 225 156 155 80 68 1.429167 129
2013-11-07T14:00:00Z 225 149 163 84 68 1.473167 134
2013-11-07T15:00:00Z 226 143 161 98 71 1.517667 122
2013-11-07T16:00:00Z 226 147 172 117 73 1.548667 108
2013-11-07T17:00:00Z 227 149 187 159 78 1.812167 65
2013-11-07T18:00:00Z 228 180 272 172 73 2.142167 56
2013-11-07T19:00:00Z 230 246 300 118 49 1.723167 109
2013-11-07T20:00:00Z 233 269 240 103 43 1.542167 118
2013-11-15T08:00:00Z 154 175 198 71 76 2.590000 13
2013-11-15T09:00:00Z 163 192 224 78 86 2.678833 15
2013-11-16T13:00:00Z 214 122 274 86 74 1.050000 82
2013-11-16T14:00:00Z 211 122 269 80 64 0.979333 89
2013-11-16T15:00:00Z 209 118 260 66 54 0.923667 109
2013-11-16T16:00:00Z 206 98 228 58 36 0.832667 111
2013-11-16T17:00:00Z 204 81 221 72 31 0.871333 89
2013-12-08T18:00:00Z 150 142 152 108 26 1.456833 42
2013-12-08T19:00:00Z 152 157 173 122 25 1.591833 28
2013-12-08T20:00:00Z 151 -1 -1 -1 -1 -1.000000 -1
2013-12-08T21:00:00Z 151 -1 -1 -1 -1 -1.000000 -1
2013-12-08T22:00:00Z 151 -1 -1 -1 -1 -1.000000 -1
2013-12-08T23:00:00Z 151 104 74 61 20 0.952167 44
2013-12-09T00:00:00Z 152 97 52 65 21 1.034167 35
2013-12-09T01:00:00Z 153 94 47 50 43 1.259667 33
2013-12-09T02:00:00Z 153 92 39 61 19 2.690167 88
2013-12-09T03:00:00Z 152 93 41 69 19 1.062833 18
2013-12-09T04:00:00Z 152 101 35 72 20 1.151500 12
2013-12-09T05:00:00Z 153 117 125 75 23 1.295167 11
2013-12-09T06:00:00Z 156 182 194 99 45 2.043500 10
2013-12-09T07:00:00Z 168 341 369 96 58 3.582500 12
2013-12-09T08:00:00Z 181 374 321 79 48 2.988833 27
2013-12-09T09:00:00Z 188 266 238 60 40 2.117667 45
2013-12-09T10:00:00Z 194 265 285 61 37 1.967833 39
2013-12-09T11:00:00Z 199 288 321 73 52 2.281000 34
2013-12-09T12:00:00Z 204 313 349 77 62 2.479167 25
2013-12-05T00:00:00Z 150 182 188 134 32 1.697667 25
2013-12-05T01:00:00Z 153 190 190 109 50 2.380333 13
2013-12-05T02:00:00Z 155 187 173 123 29 3.559333 121
2013-12-05T03:00:00Z 158 184 164 117 28 1.939167 18
2013-12-05T04:00:00Z 160 185 164 100 25 1.910167 21
2013-12-05T05:00:00Z 162 173 171 99 23 1.909667 18
2013-12-05T06:00:00Z 164 164 153 98 20 2.006000 14
2013-12-05T07:00:00Z 165 157 171 98 19 2.163167 11
2013-12-05T08:00:00Z 165 -1 -1 -1 -1 -1.000000 -1
2013-12-05T09:00:00Z 167 161 197 118 21 2.920500 11
2013-12-05T10:00:00Z 171 189 216 132 35 2.225500 22
2013-12-05T11:00:00Z 177 195 201 125 47 1.728333 54
2013-12-05T12:00:00Z 183 210 256 115 44 1.476500 70
2013-12-05T13:00:00Z 188 205 229 100 47 1.384833 80
2013-12-05T17:00:00Z 218 282 312 144 43 1.688333 50
2013-12-05T18:00:00Z 218 -1 -1 -1 -1 -1.000000 -1
2013-12-05T19:00:00Z 234 348 377 177 38 2.275000 11
2013-12-05T20:00:00Z 242 360 382 174 35 2.485333 10
2013-12-05T21:00:00Z 251 382 414 176 33 2.960500 10
2013-12-05T22:00:00Z 260 409 446 166 32 3.015667 10
2013-12-05T23:00:00Z 270 440 459 155 34 2.943500 11
2013-12-06T00:00:00Z 281 476 496 157 38 3.050167 10
2013-12-06T01:00:00Z 293 503 517 150 39 3.035333 10
2013-12-06T02:00:00Z 305 515 498 132 37 2.847500 9
2013-12-06T03:00:00Z 317 485 441 140 62 3.320000 9
2013-12-06T04:00:00Z 326 442 415 146 78 2.898167 10
2013-12-06T05:00:00Z 335 424 382 142 79 2.982833 10
2013-12-06T06:00:00Z 344 417 386 140 80 3.123000 10
2013-12-06T09:00:00Z 372 457 461 122 91 3.312667 12
2013-12-06T10:00:00Z 380 494 515 119 88 3.180167 13
2013-12-06T11:00:00Z 390 545 574 131 86 3.524000 16
2013-12-06T12:00:00Z 399 585 590 151 109 3.963167 20
2013-12-06T13:00:00Z 409 604 623 147 98 3.735833 22
2013-12-06T14:00:00Z 417 544 615 140 96 3.918000 25
2013-12-06T15:00:00Z 425 547 534 130 85 3.838000 26
2013-12-06T16:00:00Z 431 531 489 125 81 3.457000 24
2013-12-06T17:00:00Z 436 480 436 131 73 3.200833 17
2013-12-06T18:00:00Z 439 461 428 127 66 3.083667 16
2013-12-06T19:00:00Z 441 433 412 123 55 2.821833 12
2013-12-06T20:00:00Z 442 368 391 103 44 2.331000 14
2013-12-06T21:00:00Z 440 311 433 98 39 2.056000 12
2013-12-06T22:00:00Z 437 279 385 97 35 1.994333 12
2013-12-06T23:00:00Z 432 263 444 98 35 2.058333 11
2013-12-07T00:00:00Z 427 263 403 97 33 2.072000 11
2013-12-07T01:00:00Z 421 252 363 76 50 2.204500 10
2013-12-07T02:00:00Z 415 258 338 93 28 3.814833 67
2013-12-07T03:00:00Z 409 271 306 90 29 2.363667 8
2013-12-07T04:00:00Z 405 245 209 85 29 2.104167 7
2013-12-07T05:00:00Z 401 204 235 81 28 1.844833 7
2013-12-07T06:00:00Z 396 171 141 81 27 1.806833 7
2013-12-07T07:00:00Z 395 174 108 80 26 2.126500 8
2013-12-07T08:00:00Z 399 187 177 82 27 2.463667 9
2013-12-07T09:00:00Z 376 204 167 99 32 2.392500 10
2013-12-07T10:00:00Z 361 204 140 113 36 1.974500 14
2013-12-07T11:00:00Z 348 179 108 90 41 1.397000 43
2013-12-07T12:00:00Z 333 134 42 63 41 1.128000 72
2013-12-07T13:00:00Z 315 115 82 48 39 1.033333 93
2013-12-07T14:00:00Z 300 116 85 43 37 1.032333 103
2013-12-07T15:00:00Z 284 113 86 45 34 0.999667 103
2013-12-07T16:00:00Z 268 110 92 52 32 1.041167 95
2013-12-07T17:00:00Z 255 112 104 65 31 1.150833 81
2013-12-07T18:00:00Z 240 107 128 65 30 1.242667 63
2013-12-01T06:00:00Z 152 183 205 86 85 1.920167 9
2013-12-01T07:00:00Z 155 179 203 81 87 2.040500 9
2013-12-01T08:00:00Z 158 181 209 78 92 2.148000 10
2013-12-01T09:00:00Z 161 193 231 81 111 2.262167 12
2013-12-01T10:00:00Z 167 218 267 89 121 2.458000 16
2013-12-01T11:00:00Z 174 246 276 97 115 2.336167 24
2013-12-01T12:00:00Z 183 246 259 93 100 1.995000 41
2013-12-01T13:00:00Z 190 220 223 82 88 1.671500 63
2013-12-01T14:00:00Z 196 196 217 77 81 1.497000 79
2013-12-01T15:00:00Z 201 195 221 84 80 1.525000 80
2013-12-01T16:00:00Z 206 209 237 101 81 1.680000 69
2013-12-01T17:00:00Z 212 229 262 125 85 1.913833 45
2013-12-01T18:00:00Z 218 250 281 148 80 2.117500 22
2013-12-01T19:00:00Z 225 267 318 152 80 2.216167 15
2013-12-01T20:00:00Z 231 286 324 150 82 2.528167 12
2013-12-01T21:00:00Z 231 -1 -1 -1 -1 -1.000000 -1
2013-12-01T22:00:00Z 243 296 324 144 84 2.815000 11
2013-12-01T23:00:00Z 248 297 324 139 83 2.847000 10
2013-12-02T00:00:00Z 253 297 312 134 86 2.721167 10
2013-12-02T01:00:00Z 258 294 313 130 85 2.637667 10
2013-12-02T02:00:00Z 262 297 316 114 80 2.578500 10
2013-12-02T03:00:00Z 266 300 310 117 78 3.170333 10
2013-12-02T04:00:00Z 269 294 301 114 71 2.622000 10
2013-12-02T05:00:00Z 273 292 317 107 65 2.704833 10
2013-12-02T06:00:00Z 277 296 313 103 60 2.729167 10
2013-12-02T07:00:00Z 282 290 306 104 63 2.925000 10
2013-12-02T08:00:00Z 286 295 317 112 73 3.321833 10
2013-12-02T09:00:00Z 290 296 330 118 107 3.173500 11
2013-12-02T10:00:00Z 293 283 327 122 163 2.637500 14
2013-12-02T11:00:00Z 293 264 289 126 166 2.333667 19
2013-12-02T12:00:00Z 294 254 265 122 145 2.006333 29
2013-12-02T13:00:00Z 294 214 220 110 127 1.736500 42
2013-12-02T14:00:00Z 293 188 212 103 112 1.577833 53
2013-12-02T15:00:00Z 292 167 177 91 96 2.628000 59
2013-12-02T16:00:00Z 290 158 203 115 88 1.424500 51
2013-12-02T17:00:00Z 288 164 217 141 84 1.676167 25
2013-12-02T18:00:00Z 286 188 263 153 91 2.315500 13
2013-12-02T19:00:00Z 285 235 309 151 97 2.471000 12
2013-12-02T20:00:00Z 284 262 314 147 91 2.499000 11
2013-12-02T21:00:00Z 283 264 308 138 83 2.336833 11
2013-12-02T22:00:00Z 282 253 261 129 74 2.182500 11
2013-12-02T23:00:00Z 279 227 220 122 66 1.977333 11
2013-12-03T00:00:00Z 275 198 182 118 59 1.780000 11
2013-12-03T01:00:00Z 271 180 174 95 85 2.089333 13
2013-12-03T02:00:00Z 267 174 168 98 55 2.534167 22
2013-12-03T03:00:00Z 261 164 145 88 52 1.391167 26
2013-12-03T04:00:00Z 256 153 141 93 54 1.303667 19
2013-12-03T05:00:00Z 251 154 151 92 54 1.348833 17
2013-12-03T06:00:00Z 246 159 157 98 50 1.396000 11
2013-12-03T07:00:00Z 241 161 165 99 49 1.685333 9
2013-12-03T08:00:00Z 236 169 176 99 47 1.958167 10
2013-12-03T09:00:00Z 231 176 187 102 54 1.943833 14
2013-12-03T10:00:00Z 227 171 185 104 63 1.697333 30
2013-12-03T11:00:00Z 223 163 176 100 68 1.464000 51
2013-12-03T12:00:00Z 220 166 168 93 64 1.328333 70
2013-12-03T13:00:00Z 217 142 70 75 59 1.083667 94
2013-12-03T14:00:00Z 214 108 67 58 49 0.905333 111
2013-12-03T15:00:00Z 210 84 128 55 41 0.856167 110
2013-12-03T16:00:00Z 208 85 105 60 38 0.905667 111
2013-12-03T17:00:00Z 205 92 124 92 36 1.113167 82
2013-12-03T18:00:00Z 202 112 159 121 35 1.383333 55
2013-12-03T19:00:00Z 198 145 187 139 34 1.655000 35
2013-12-03T20:00:00Z 194 164 175 135 34 1.609833 36
2013-12-03T21:00:00Z 189 152 161 147 32 1.663833 22
2013-12-03T22:00:00Z 185 153 161 153 30 1.789667 14
2013-12-03T23:00:00Z 181 142 158 144 28 1.808667 14
2013-12-04T00:00:00Z 178 138 172 136 27 1.588333 14
2013-12-29T08:00:00Z 151 159 193 73 83 1.895429 9
2013-12-29T09:00:00Z 154 174 206 76 95 1.842714 9
2013-12-29T10:00:00Z 158 192 234 78 102 1.908000 11
2013-12-29T11:00:00Z 161 185 198 82 125 1.993167 14
2013-12-29T12:00:00Z 166 185 203 80 106 1.886833 22
2013-12-29T13:00:00Z 170 155 173 70 91 1.548667 32
2013-12-29T14:00:00Z 172 126 145 62 80 1.300667 44
2013-12-29T15:00:00Z 172 -1 -1 -1 -1 -1.000000 -1
2013-12-29T16:00:00Z 174 105 133 76 81 1.319833 33
2013-12-29T17:00:00Z 175 116 142 89 83 1.375286 20
2013-12-29T18:00:00Z 175 120 149 102 79 1.671857 10
2013-12-29T19:00:00Z 176 137 177 107 78 2.122143 9
2013-12-29T20:00:00Z 177 158 184 107 80 2.499571 10
2013-12-29T21:00:00Z 179 173 224 106 80 2.313000 9
2013-12-29T22:00:00Z 180 177 236 106 74 2.425143 9
2013-12-29T23:00:00Z 182 182 233 103 67 2.520571 9
2013-12-30T00:00:00Z 183 178 218 101 67 2.819667 9
2013-12-30T01:00:00Z 184 170 210 99 64 2.267143 8
2013-12-30T02:00:00Z 185 158 202 92 73 1.842286 8
2013-12-30T03:00:00Z 186 149 189 88 75 1.934500 9
2013-12-30T04:00:00Z 187 147 177 86 82 1.641429 8
2013-12-30T05:00:00Z 188 148 167 85 88 1.695833 7
2013-12-30T06:00:00Z 188 146 174 85 89 1.426143 7
2013-12-30T07:00:00Z 188 148 184 86 87 1.664571 8
2013-12-30T08:00:00Z 188 157 196 88 90 1.887571 8
2013-12-30T09:00:00Z 188 168 211 94 97 1.901429 9
2013-12-30T10:00:00Z 186 139 224 99 129 2.071143 12
2013-12-30T11:00:00Z 186 161 195 98 110 1.800500 17
2013-12-30T12:00:00Z 184 146 165 80 75 1.573375 25
2013-12-30T13:00:00Z 184 -1 -1 -1 -1 -1.000000 -1
2013-12-30T14:00:00Z 182 114 138 69 51 1.022143 59
2014-01-19T19:00:00Z 179 144 163 73 31 1.336250 51
2014-01-19T20:00:00Z 187 150 168 69 28 1.360625 47
2014-01-19T21:00:00Z 173 139 153 70 24 1.220125 43
2014-01-18T07:00:00Z 158 128 138 44 34 1.012375 47
2014-01-18T08:00:00Z 200 165 180 50 37 1.186250 32
2014-01-18T09:00:00Z 217 182 199 52 41 1.312750 34
2014-01-18T10:00:00Z 220 185 201 52 48 1.315750 44
2014-01-18T11:00:00Z 224 189 207 51 52 1.928125 54
2014-01-18T12:00:00Z 233 200 214 50 62 1.494000 63
2014-01-18T13:00:00Z 243 210 229 48 63 1.478000 74
2014-01-18T14:00:00Z 250 216 238 53 62 1.396625 75
2014-01-18T15:00:00Z 250 216 232 57 60 1.627500 73
2014-01-18T16:00:00Z 243 207 228 61 53 1.277625 66
2014-01-18T17:00:00Z 215 174 208 63 42 1.296143 58
2014-01-18T18:00:00Z 188 149 175 69 35 1.220000 47
2014-01-18T19:00:00Z 192 150 183 77 35 1.290714 34
2014-01-18T20:00:00Z 197 158 181 66 38 1.391571 37
2014-01-18T21:00:00Z 203 163 199 62 39 1.556286 38
2014-01-18T22:00:00Z 204 164 182 62 41 1.620571 37
2014-01-18T23:00:00Z 197 156 170 67 44 1.608286 35
2014-01-19T00:00:00Z 185 147 153 62 43 1.411375 29
2014-01-19T01:00:00Z 172 136 145 57 41 2.861625 25
2014-01-30T00:00:00Z 152 124 116 54 19 1.198500 21
2014-01-30T01:00:00Z 163 134 118 45 37 1.895667 22
2014-01-30T02:00:00Z 171 140 127 49 23 1.850333 15
2014-01-30T03:00:00Z 180 148 129 49 25 1.274286 12
2014-01-30T04:00:00Z 180 149 115 49 26 1.386429 9
2014-01-30T05:00:00Z 180 150 127 49 30 1.536714 10
2014-01-30T06:00:00Z 198 166 140 46 32 1.617857 14
2014-01-30T07:00:00Z 203 171 135 51 31 1.646000 11
2014-01-30T08:00:00Z 207 175 148 52 28 1.690714 10
2014-01-30T09:00:00Z 211 182 147 51 26 1.711857 12
2014-01-30T10:00:00Z 223 195 160 55 29 1.801143 16
2014-01-30T11:00:00Z 234 207 180 56 33 1.787571 25
2014-01-30T12:00:00Z 243 215 190 61 37 1.716429 40
2014-01-30T13:00:00Z 220 214 185 53 40 1.638875 64
2014-01-30T14:00:00Z 216 207 160 48 36 1.349286 83
2014-05-26T06:00:00Z 168 126 145 60 29 1.501778 20
2014-05-26T07:00:00Z 185 140 162 68 36 1.578444 23
2014-05-26T08:00:00Z 209 160 181 81 51 1.745556 26
2014-05-26T09:00:00Z 223 173 215 75 52 1.774222 58
2014-05-26T10:00:00Z 223 173 211 53 40 1.450667 111
2014-05-26T11:00:00Z 199 151 202 33 28 0.957000 144
2014-05-26T12:00:00Z 199 -1 -1 -1 -1 -1.000000 -1
2014-05-26T13:00:00Z 135 93 206 27 19 0.649000 161
2014-05-26T14:00:00Z 133 91 209 29 18 0.580125 169
2014-05-26T15:00:00Z 133 -1 -1 -1 -1 -1.000000 -1
2014-05-26T16:00:00Z 153 86 255 36 18 0.547556 174
2014-05-26T17:00:00Z 161 88 272 40 17 0.510333 166
2014-05-26T18:00:00Z 192 95 321 54 15 0.557556 150
2014-05-26T19:00:00Z 200 104 337 61 16 0.644000 132
2014-05-26T20:00:00Z 223 112 359 60 17 0.793667 116
2014-05-26T21:00:00Z 192 128 306 52 21 0.814333 119
2014-05-26T22:00:00Z 181 128 293 52 20 0.845000 111
2014-07-10T18:00:00Z 156 118 187 51 16 1.210111 187
2014-07-10T19:00:00Z 178 135 203 50 15 1.220889 202
2014-07-10T20:00:00Z 227 179 238 48 15 1.265556 201
2014-07-10T21:00:00Z 243 195 244 63 14 1.188889 135
2013-12-01T06:00:00Z 152 183 205 86 85 1.920167 9
2013-12-01T07:00:00Z 155 179 203 81 87 2.040500 9
2013-12-01T08:00:00Z 158 181 209 78 92 2.148000 10
2013-12-01T09:00:00Z 161 193 231 81 111 2.262167 12
2013-12-01T10:00:00Z 167 218 267 89 121 2.458000 16
2013-12-01T11:00:00Z 174 246 276 97 115 2.336167 24
2013-12-01T12:00:00Z 183 246 259 93 100 1.995000 41
2013-12-01T13:00:00Z 190 220 223 82 88 1.671500 63
2013-12-01T14:00:00Z 196 196 217 77 81 1.497000 79
2013-12-01T15:00:00Z 201 195 221 84 80 1.525000 80
2013-12-01T16:00:00Z 206 209 237 101 81 1.680000 69
2013-12-01T17:00:00Z 212 229 262 125 85 1.913833 45
2013-12-01T18:00:00Z 218 250 281 148 80 2.117500 22
2013-12-01T19:00:00Z 225 267 318 152 80 2.216167 15
2013-12-01T20:00:00Z 231 286 324 150 82 2.528167 12
2013-12-01T21:00:00Z 231 -1 -1 -1 -1 -1.000000 -1
2013-12-01T22:00:00Z 243 296 324 144 84 2.815000 11
2013-12-01T23:00:00Z 248 297 324 139 83 2.847000 10
2013-12-02T00:00:00Z 253 297 312 134 86 2.721167 10
2013-12-02T01:00:00Z 258 294 313 130 85 2.637667 10
2013-12-02T02:00:00Z 262 297 316 114 80 2.578500 10
2013-12-02T03:00:00Z 266 300 310 117 78 3.170333 10
2013-12-02T04:00:00Z 269 294 301 114 71 2.622000 10
2013-12-02T05:00:00Z 273 292 317 107 65 2.704833 10
2013-12-02T06:00:00Z 277 296 313 103 60 2.729167 10
2013-12-02T07:00:00Z 282 290 306 104 63 2.925000 10
2013-12-02T08:00:00Z 286 295 317 112 73 3.321833 10
2013-12-02T09:00:00Z 290 296 330 118 107 3.173500 11
2013-12-02T10:00:00Z 293 283 327 122 163 2.637500 14
2013-12-02T11:00:00Z 293 264 289 126 166 2.333667 19
2013-12-02T12:00:00Z 294 254 265 122 145 2.006333 29
2013-12-02T13:00:00Z 294 214 220 110 127 1.736500 42
2013-12-02T14:00:00Z 293 188 212 103 112 1.577833 53
2013-12-02T15:00:00Z 292 167 177 91 96 2.628000 59
2013-12-02T16:00:00Z 290 158 203 115 88 1.424500 51
2013-12-02T17:00:00Z 288 164 217 141 84 1.676167 25
2013-12-02T18:00:00Z 286 188 263 153 91 2.315500 13
2013-12-02T19:00:00Z 285 235 309 151 97 2.471000 12
2013-12-02T20:00:00Z 284 262 314 147 91 2.499000 11
2013-12-02T21:00:00Z 283 264 308 138 83 2.336833 11
2013-12-02T22:00:00Z 282 253 261 129 74 2.182500 11
2013-12-02T23:00:00Z 279 227 220 122 66 1.977333 11
2013-12-03T00:00:00Z 275 198 182 118 59 1.780000 11
2013-12-03T01:00:00Z 271 180 174 95 85 2.089333 13
2013-12-03T02:00:00Z 267 174 168 98 55 2.534167 22
2013-12-03T03:00:00Z 261 164 145 88 52 1.391167 26
2013-12-03T04:00:00Z 256 153 141 93 54 1.303667 19
2013-12-03T05:00:00Z 251 154 151 92 54 1.348833 17
2013-12-03T06:00:00Z 246 159 157 98 50 1.396000 11
2013-12-03T07:00:00Z 241 161 165 99 49 1.685333 9
2013-12-03T08:00:00Z 236 169 176 99 47 1.958167 10
2013-12-03T09:00:00Z 231 176 187 102 54 1.943833 14
2013-12-03T10:00:00Z 227 171 185 104 63 1.697333 30
2013-12-03T11:00:00Z 223 163 176 100 68 1.464000 51
2013-12-03T12:00:00Z 220 166 168 93 64 1.328333 70
2013-12-05T02:00:00Z 155 187 173 123 29 3.559333 121
2013-12-05T03:00:00Z 158 184 164 117 28 1.939167 18
2013-12-05T04:00:00Z 160 185 164 100 25 1.910167 21
2013-12-05T05:00:00Z 162 173 171 99 23 1.909667 18
2013-12-05T06:00:00Z 164 164 153 98 20 2.006000 14
2013-12-05T07:00:00Z 165 157 171 98 19 2.163167 11
2013-12-05T08:00:00Z 165 -1 -1 -1 -1 -1.000000 -1
2013-12-05T09:00:00Z 167 161 197 118 21 2.920500 11
2013-12-05T10:00:00Z 171 189 216 132 35 2.225500 22
2013-12-05T11:00:00Z 177 195 201 125 47 1.728333 54
2013-12-05T12:00:00Z 183 210 256 115 44 1.476500 70
2013-12-05T13:00:00Z 188 205 229 100 47 1.384833 80
2013-12-05T17:00:00Z 218 282 312 144 43 1.688333 50
2013-12-05T18:00:00Z 218 -1 -1 -1 -1 -1.000000 -1
2013-12-05T19:00:00Z 234 348 377 177 38 2.275000 11
2013-12-05T20:00:00Z 242 360 382 174 35 2.485333 10
2013-12-05T21:00:00Z 251 382 414 176 33 2.960500 10
2013-12-05T22:00:00Z 260 409 446 166 32 3.015667 10
2013-12-05T23:00:00Z 270 440 459 155 34 2.943500 11
2013-12-06T00:00:00Z 281 476 496 157 38 3.050167 10
2013-12-06T01:00:00Z 293 503 517 150 39 3.035333 10
2013-12-06T02:00:00Z 305 515 498 132 37 2.847500 9
2013-12-06T03:00:00Z 317 485 441 140 62 3.320000 9
2013-12-06T04:00:00Z 326 442 415 146 78 2.898167 10
2013-12-06T05:00:00Z 335 424 382 142 79 2.982833 10
2013-12-06T06:00:00Z 344 417 386 140 80 3.123000 10
2013-12-06T09:00:00Z 372 457 461 122 91 3.312667 12
2013-12-06T10:00:00Z 380 494 515 119 88 3.180167 13
2013-12-06T11:00:00Z 390 545 574 131 86 3.524000 16
2013-12-06T12:00:00Z 399 585 590 151 109 3.963167 20
2013-12-06T13:00:00Z 409 604 623 147 98 3.735833 22
2013-12-06T14:00:00Z 417 544 615 140 96 3.918000 25
2013-12-06T15:00:00Z 425 547 534 130 85 3.838000 26
2013-12-06T16:00:00Z 431 531 489 125 81 3.457000 24
2013-12-06T17:00:00Z 436 480 436 131 73 3.200833 17
2013-12-06T18:00:00Z 439 461 428 127 66 3.083667 16
2013-12-06T19:00:00Z 441 433 412 123 55 2.821833 12
2013-12-06T20:00:00Z 442 368 391 103 44 2.331000 14
2013-12-06T21:00:00Z 440 311 433 98 39 2.056000 12
2013-12-06T22:00:00Z 437 279 385 97 35 1.994333 12
2013-12-06T23:00:00Z 432 263 444 98 35 2.058333 11
2013-12-07T00:00:00Z 427 263 403 97 33 2.072000 11
2013-12-07T01:00:00Z 421 252 363 76 50 2.204500 10
2013-12-07T02:00:00Z 415 258 338 93 28 3.814833 67
2013-12-07T03:00:00Z 409 271 306 90 29 2.363667 8
2013-12-07T04:00:00Z 405 245 209 85 29 2.104167 7
2013-12-07T05:00:00Z 401 204 235 81 28 1.844833 7
2013-12-07T06:00:00Z 396 171 141 81 27 1.806833 7
2013-12-07T07:00:00Z 395 174 108 80 26 2.126500 8
2013-12-07T08:00:00Z 399 187 177 82 27 2.463667 9
2013-12-07T09:00:00Z 376 204 167 99 32 2.392500 10
2013-12-07T10:00:00Z 361 204 140 113 36 1.974500 14
2013-12-07T11:00:00Z 348 179 108 90 41 1.397000 43
