2013-06-10T23:00:00Z 54 52 60 47 15 0.802875 67
2013-06-11T00:00:00Z 54 58 62 48 18 0.898000 60
2013-06-11T01:00:00Z 54 61 64 44 26 1.977125 61
2013-06-11T02:00:00Z 54 65 70 42 16 0.884000 50
2013-06-11T03:00:00Z 55 71 74 42 14 0.953250 49
2013-06-11T04:00:00Z 57 79 79 42 15 0.908000 47
2013-06-11T05:00:00Z 60 81 82 39 16 0.845125 47
2013-06-11T06:00:00Z 63 87 91 54 17 0.911000 35
2013-06-11T07:00:00Z 67 95 103 59 19 0.969750 33
2013-06-11T08:00:00Z 71 115 131 61 20 0.984000 41
2013-06-11T09:00:00Z 76 122 127 59 21 1.032375 57
2013-06-11T10:00:00Z 81 116 115 67 27 1.074875 61
2013-06-11T11:00:00Z 85 108 111 63 33 1.032750 81
2013-06-11T12:00:00Z 88 100 108 65 34 1.064500 95
2013-06-11T13:00:00Z 93 113 117 60 36 1.122000 115
2013-06-11T14:00:00Z 96 110 134 54 34 1.146125 127
2013-06-11T15:00:00Z 101 106 122 48 30 0.963000 141
2013-06-11T16:00:00Z 105 112 137 51 30 1.036500 134
2013-06-11T17:00:00Z 110 129 166 54 29 1.127125 120
2013-06-11T18:00:00Z 116 155 191 63 28 1.196750 96
2013-06-11T19:00:00Z 123 181 234 72 29 1.276500 69
2013-06-11T20:00:00Z 132 188 223 72 29 1.179625 52
2013-06-11T21:00:00Z 139 184 215 65 30 1.398250 46
2013-06-11T22:00:00Z 148 200 238 59 31 1.496000 42
2013-11-14T09:00:00Z 45 38 70 71 19 0.785000 24
2013-11-14T10:00:00Z 46 37 70 66 25 0.815667 31
2013-11-14T11:00:00Z 47 41 69 72 20 0.770333 29
2013-11-14T12:00:00Z 49 51 78 77 21 0.990500 26
2013-11-14T13:00:00Z 49 54 67 74 23 0.845167 28
2013-11-14T14:00:00Z 49 -1 -1 -1 -1 -1.000000 -1
2013-11-14T15:00:00Z 51 65 77 76 32 0.882667 20
2013-11-14T16:00:00Z 53 88 108 79 30 1.089833 12
2013-11-14T17:00:00Z 56 97 105 81 31 1.362333 12
2013-11-14T18:00:00Z 62 134 148 88 48 1.625167 12
2013-11-14T19:00:00Z 70 179 172 83 53 1.670000 12
2013-11-14T20:00:00Z 76 166 144 80 60 1.827500 12
2013-11-14T21:00:00Z 82 157 149 78 59 1.908500 12
2013-11-14T22:00:00Z 88 155 144 75 51 1.553167 13
2013-11-14T23:00:00Z 94 157 139 77 57 1.554500 13
2013-11-15T00:00:00Z 100 164 141 79 63 1.544167 12
2013-11-15T01:00:00Z 106 159 117 74 64 1.991667 12
2013-11-15T02:00:00Z 112 158 134 76 53 1.656500 13
2013-11-15T03:00:00Z 118 164 145 76 58 1.585500 13
2013-11-15T04:00:00Z 125 169 150 73 61 1.815333 12
2013-11-15T05:00:00Z 132 169 148 72 66 1.988833 12
2013-11-15T06:00:00Z 139 166 161 70 71 2.081500 12
2013-11-15T07:00:00Z 146 170 172 70 72 2.272500 12
2013-11-18T20:00:00Z 74 73 113 89 53 1.210667 17
2013-11-18T21:00:00Z 74 67 103 87 45 1.069500 16
2013-11-18T22:00:00Z 75 62 88 78 37 0.941333 21
2013-11-18T23:00:00Z 75 53 85 84 35 1.001000 16
2013-11-19T00:00:00Z 77 55 89 85 37 1.054333 15
2013-11-19T01:00:00Z 78 59 89 76 50 1.372667 14
2013-11-19T02:00:00Z 79 64 89 76 40 0.964000 18
2013-11-19T03:00:00Z 81 66 90 74 53 0.932000 18
2013-11-19T04:00:00Z 82 74 100 77 71 1.140500 15
2013-11-19T05:00:00Z 84 88 129 80 86 1.396167 13
2013-11-19T06:00:00Z 86 105 142 80 88 1.321167 14
2013-11-19T07:00:00Z 88 111 151 81 96 1.543333 14
2013-11-20T09:00:00Z 119 124 182 101 92 1.570000 18
2013-11-20T10:00:00Z 119 124 201 94 123 2.052333 42
2013-11-20T11:00:00Z 121 159 232 111 141 2.129000 35
2013-11-20T12:00:00Z 124 138 203 110 90 1.183500 58
2013-11-20T13:00:00Z 127 128 158 95 70 0.968167 81
2013-11-20T14:00:00Z 129 114 142 89 62 0.913167 92
2013-11-20T15:00:00Z 132 109 154 93 57 0.866667 99
2013-11-20T16:00:00Z 134 110 179 109 66 0.972667 80
2013-11-20T17:00:00Z 136 111 181 125 77 1.702167 47
2013-11-20T18:00:00Z 139 124 206 166 70 1.472833 15
2013-11-20T19:00:00Z 141 142 224 168 63 1.606167 12
2013-11-20T20:00:00Z 144 161 225 166 55 1.640500 12
2013-11-20T21:00:00Z 147 173 231 162 49 1.874667 9
2013-11-25T07:00:00Z 70 55 144 49 39 1.097833 12
2013-11-25T08:00:00Z 71 56 163 48 41 1.277167 15
2013-11-25T09:00:00Z 73 62 187 46 48 1.288833 21
2013-11-25T10:00:00Z 76 57 203 36 50 1.598167 29
2013-11-25T11:00:00Z 80 53 246 36 44 1.893833 55
2013-11-25T12:00:00Z 84 69 263 39 46 0.893833 65
2013-11-25T13:00:00Z 88 74 270 41 46 0.886500 56
2013-11-25T14:00:00Z 92 78 293 46 47 0.925333 60
2013-11-25T15:00:00Z 96 82 320 48 46 0.888333 62
2013-11-25T16:00:00Z 99 81 330 53 45 0.832833 57
2013-11-25T17:00:00Z 103 80 338 61 43 0.796667 47
2013-11-25T18:00:00Z 106 78 332 77 43 0.914667 28
2013-11-25T19:00:00Z 110 84 340 91 45 1.125667 14
2013-11-25T20:00:00Z 115 92 337 93 49 1.309167 12
2013-11-25T21:00:00Z 118 100 350 93 58 1.644571 11
2013-11-25T22:00:00Z 123 99 318 90 56 1.518000 11
2013-11-25T23:00:00Z 129 106 327 88 54 1.485286 11
2013-11-26T00:00:00Z 135 100 318 85 51 1.584714 11
2013-11-26T01:00:00Z 130 102 314 81 47 2.551000 11
2013-11-26T02:00:00Z 134 104 305 71 41 1.686571 11
2013-11-26T03:00:00Z 138 106 313 68 41 2.271143 11
2013-11-26T04:00:00Z 142 115 324 65 40 1.798286 11
2013-11-26T05:00:00Z 146 128 341 65 40 1.936286 11
2013-11-30T05:00:00Z 95 101 123 63 58 1.661800 11
2013-11-30T06:00:00Z 96 104 133 60 60 1.855200 11
2013-11-30T07:00:00Z 98 113 146 63 62 2.232400 12
2013-11-30T08:00:00Z 100 126 164 69 64 2.468000 13
2013-11-30T09:00:00Z 96 118 163 83 82 1.754500 14
2013-11-30T10:00:00Z 101 101 139 79 68 1.205167 22
2013-11-30T11:00:00Z 102 90 117 69 61 0.939333 42
2013-11-30T12:00:00Z 103 78 94 57 61 0.822333 60
2013-11-30T13:00:00Z 104 69 79 50 49 0.769333 73
2013-11-30T14:00:00Z 106 68 88 53 43 0.781500 80
2013-11-30T15:00:00Z 107 72 79 55 40 0.765667 80
2013-11-30T18:00:00Z 110 88 122 119 50 1.290333 23
2013-11-30T19:00:00Z 113 106 160 132 48 1.666167 14
2013-11-30T20:00:00Z 116 125 170 131 47 1.769333 11
2013-11-30T21:00:00Z 118 127 182 127 43 2.066667 12
2013-11-30T22:00:00Z 121 142 199 127 42 2.436167 12
2013-11-30T23:00:00Z 124 150 206 123 44 2.433333 11
2013-12-01T00:00:00Z 128 155 200 110 47 2.316667 11
2013-12-01T01:00:00Z 131 165 219 105 62 3.385833 45
2013-12-01T02:00:00Z 135 184 232 116 63 2.086500 12
2013-12-01T03:00:00Z 140 201 223 111 79 1.882500 12
2013-12-01T04:00:00Z 144 203 225 104 79 1.858000 11
2013-12-01T05:00:00Z 148 196 210 96 81 1.911000 10
2013-12-08T08:00:00Z 149 110 114 72 20 1.431333 15
2013-12-08T09:00:00Z 144 104 108 73 21 1.486667 18
2013-12-08T10:00:00Z 141 134 139 75 24 1.570000 27
2013-12-08T11:00:00Z 140 169 164 75 32 1.578667 40
2013-12-08T12:00:00Z 143 181 132 72 38 1.418333 66
2013-12-08T13:00:00Z 146 178 80 56 37 1.193833 98
2013-12-08T14:00:00Z 147 137 -1 47 37 0.991833 113
2013-12-08T15:00:00Z 147 113 86 50 36 0.981500 117
2013-12-08T16:00:00Z 148 119 120 60 34 1.067500 112
2013-12-08T17:00:00Z 148 131 139 77 28 1.159167 89
2013-12-04T14:00:00Z 149 74 92 43 40 0.796333 118
2013-12-04T15:00:00Z 148 74 82 50 41 0.813500 124
2013-12-04T16:00:00Z 148 79 110 62 44 0.876167 121
2013-12-04T17:00:00Z 148 87 117 83 40 1.073500 98
2013-12-04T18:00:00Z 148 109 140 117 36 1.387167 60
2013-12-04T19:00:00Z 146 127 159 127 37 1.412667 52
2013-12-04T20:00:00Z 145 138 174 142 38 1.552333 37
2013-12-04T21:00:00Z 146 153 185 142 35 1.609500 34
2013-12-04T22:00:00Z 146 164 184 143 33 1.719833 27
2013-12-04T23:00:00Z 148 177 183 131 32 1.729000 32
2013-12-23T21:00:00Z 69 87 93 60 37 0.906167 31
2013-12-23T22:00:00Z 71 88 98 58 35 0.982333 34
2013-12-23T23:00:00Z 74 92 100 48 33 1.039833 44
2013-12-24T00:00:00Z 77 99 102 35 32 0.980167 57
2013-12-24T01:00:00Z 80 104 108 38 35 1.044667 54
2013-12-24T02:00:00Z 83 109 109 41 37 1.278600 48
2013-12-24T03:00:00Z 86 111 114 42 37 1.299800 42
2013-12-24T04:00:00Z 90 114 116 43 39 1.025000 36
2013-12-24T05:00:00Z 92 109 118 44 44 0.980500 34
2013-12-24T06:00:00Z 95 113 119 57 45 1.327800 20
2013-12-24T07:00:00Z 99 129 137 65 48 1.540200 10
2013-12-24T08:00:00Z 102 146 162 66 55 1.865000 9
2013-12-24T09:00:00Z 107 161 179 64 63 1.986600 10
2013-12-24T10:00:00Z 111 146 162 51 66 1.897500 16
2013-12-24T11:00:00Z 116 136 158 40 57 1.197333 37
2013-12-24T12:00:00Z 120 116 122 48 50 2.717250 60
2013-12-24T13:00:00Z 148 114 133 -1 -1 -1.000000 -1
2013-12-24T14:00:00Z 125 110 125 43 91 1.411000 51
2013-12-24T17:00:00Z 135 127 152 62 85 1.302833 40
2013-12-24T18:00:00Z 140 162 190 79 79 1.447167 28
2013-12-24T19:00:00Z 146 183 185 70 70 1.386167 32
2013-12-25T18:00:00Z 146 -1 -1 -1 -1 -1.000000 -1
2013-12-25T19:00:00Z 146 118 140 96 47 1.583400 9
2013-12-25T20:00:00Z 143 113 139 84 44 1.347750 13
2013-12-25T21:00:00Z 140 101 129 74 33 0.867400 14
2013-12-25T22:00:00Z 137 97 111 69 30 0.889000 14
2013-12-25T23:00:00Z 134 92 104 67 29 0.841200 15
2013-12-26T00:00:00Z 131 87 103 76 33 0.855833 12
2013-12-26T01:00:00Z 128 90 112 79 34 0.928000 9
2013-12-26T02:00:00Z 126 101 126 73 32 1.069600 13
2013-12-26T03:00:00Z 125 124 157 67 44 1.002333 16
2013-12-26T04:00:00Z 126 164 194 66 61 1.149500 16
2013-12-26T05:00:00Z 131 214 258 75 95 1.581000 8
2013-12-26T06:00:00Z 140 280 298 77 93 1.906000 8
2013-12-28T09:00:00Z 95 105 118 70 96 2.058333 10
2013-12-28T10:00:00Z 98 108 123 71 103 2.030833 14
2013-12-28T11:00:00Z 101 110 124 71 85 1.889333 18
2013-12-28T12:00:00Z 103 95 104 60 62 1.349667 31
2013-12-28T13:00:00Z 104 82 99 53 52 1.007429 41
2013-12-28T14:00:00Z 106 81 93 49 52 1.035000 47
2013-12-28T15:00:00Z 107 86 107 60 58 1.186000 39
2013-12-28T16:00:00Z 109 94 127 71 62 1.377000 31
2013-12-28T17:00:00Z 112 105 132 82 65 1.416667 19
2013-12-28T18:00:00Z 114 110 137 93 65 1.314857 9
2013-12-28T19:00:00Z 117 116 145 96 66 1.498286 9
2013-12-28T20:00:00Z 119 124 150 99 67 1.658000 9
2013-12-28T21:00:00Z 123 138 156 99 67 1.925286 9
2013-12-28T22:00:00Z 125 150 198 97 72 2.198714 9
2013-12-28T23:00:00Z 128 158 179 95 74 2.177857 8
2013-12-29T00:00:00Z 131 158 187 84 67 2.038857 8
2013-12-29T01:00:00Z 134 149 152 71 69 2.511429 8
2013-12-29T02:00:00Z 137 145 157 83 71 3.030571 7
2013-12-29T03:00:00Z 139 137 167 78 62 1.672333 8
2013-12-29T04:00:00Z 141 124 149 74 63 1.524833 7
2013-12-29T05:00:00Z 143 125 163 71 77 1.452000 8
2013-12-29T06:00:00Z 145 141 178 73 87 1.830833 8
2013-12-29T07:00:00Z 147 153 180 73 84 1.700714 8
2013-12-31T12:00:00Z 149 113 133 79 47 0.923250 50
2013-12-31T13:00:00Z 147 77 94 53 44 0.639750 61
2013-12-31T14:00:00Z 144 70 97 47 40 1.458750 59
2013-12-31T15:00:00Z 93 74 86 50 30 0.660875 66
2013-12-31T16:00:00Z 89 69 95 63 29 1.089000 67
2013-12-31T17:00:00Z 86 66 97 80 27 0.855250 51
2013-12-31T18:00:00Z 93 71 113 110 32 1.055500 23
2013-12-31T19:00:00Z 112 89 124 117 35 1.219750 18
2013-12-31T20:00:00Z 124 98 144 124 41 1.445625 10
2013-12-31T21:00:00Z 147 119 159 124 49 1.607000 9
2014-01-02T12:00:00Z 130 105 126 91 38 0.900125 42
2014-01-02T13:00:00Z 112 91 102 64 31 0.711500 63
2014-01-02T14:00:00Z 81 64 79 55 27 0.633250 72
2014-01-02T15:00:00Z 78 59 82 58 30 0.597750 75
2014-01-02T16:00:00Z 80 61 80 57 28 0.655000 81
2014-01-02T17:00:00Z 92 70 94 70 26 0.783625 68
2014-01-02T18:00:00Z 99 78 101 86 25 0.852125 50
2014-01-02T19:00:00Z 105 83 100 97 23 0.913500 35
2014-01-02T20:00:00Z 109 87 94 95 23 1.052286 33
2014-01-02T21:00:00Z 110 88 86 91 22 0.958000 30
2014-01-02T22:00:00Z 108 87 85 92 23 0.943375 23
2014-01-02T23:00:00Z 109 88 87 90 23 1.013286 21
2014-01-03T00:00:00Z 109 88 82 66 22 0.902429 28
2014-01-03T01:00:00Z 103 82 76 67 23 1.796333 38
2014-01-03T02:00:00Z 98 77 77 68 22 0.851286 30
2014-01-03T03:00:00Z 99 79 82 69 22 0.799143 26
2014-01-03T04:00:00Z 103 82 81 72 23 0.794000 23
2014-01-03T05:00:00Z 107 87 80 76 27 0.869875 16
2014-01-03T06:00:00Z 119 97 102 83 32 1.080857 10
2014-01-03T07:00:00Z 134 109 119 87 39 1.188875 8
2014-01-12T02:00:00Z 54 40 43 56 16 1.046625 25
2014-01-12T03:00:00Z 52 39 43 43 16 0.574286 34
2014-01-12T04:00:00Z 51 37 40 36 15 0.633714 45
2014-01-12T05:00:00Z 50 36 39 33 15 0.752286 47
2014-01-12T06:00:00Z 57 43 45 34 16 0.746143 43
2014-01-12T07:00:00Z 63 47 50 34 16 0.531625 47
2014-01-12T08:00:00Z 63 -1 -1 -1 -1 -1.000000 -1
2014-01-12T09:00:00Z 48 35 36 48 18 0.649571 40
2014-01-12T10:00:00Z 62 47 55 51 24 0.811500 38
2014-01-12T11:00:00Z 79 61 67 53 32 0.856571 36
2014-01-12T12:00:00Z 79 65 78 46 33 0.844429 42
2014-01-12T13:00:00Z 79 -1 -1 -1 -1 -1.000000 -1
2014-01-12T14:00:00Z 92 69 82 39 34 0.890000 69
2014-01-12T15:00:00Z 104 81 93 40 37 0.892375 67
2014-01-12T16:00:00Z 113 89 109 41 35 0.947625 71
2014-01-12T17:00:00Z 133 107 125 43 30 0.944500 74
2014-01-12T18:00:00Z 141 114 133 50 30 0.958125 70
2014-01-16T19:00:00Z 87 67 84 75 19 0.853125 35
2014-01-16T20:00:00Z 93 72 90 80 19 0.911125 31
2014-01-16T21:00:00Z 93 73 81 82 19 0.957750 29
2014-01-16T22:00:00Z 89 69 74 79 19 0.912250 27
2014-01-16T23:00:00Z 85 65 75 84 19 0.975750 19
2014-01-17T00:00:00Z 90 70 72 80 20 1.196375 13
2014-01-17T01:00:00Z 87 67 74 70 20 2.695125 12
2014-01-17T02:00:00Z 86 66 74 75 19 1.414000 13
2014-01-17T03:00:00Z 88 68 73 75 19 0.956125 11
2014-01-17T04:00:00Z 90 69 79 78 20 0.995625 10
2014-01-17T05:00:00Z 92 71 86 78 21 1.005875 9
2014-01-17T06:00:00Z 86 70 79 77 23 1.499875 8
2014-01-17T07:00:00Z 97 75 92 77 23 1.277125 8
2014-01-17T08:00:00Z 102 79 101 82 27 1.706875 8
2014-01-17T09:00:00Z 110 87 102 84 31 1.598000 9
2014-01-17T10:00:00Z 109 86 89 78 33 1.023750 18
2014-01-17T11:00:00Z 96 74 86 69 31 0.816250 30
2014-01-17T12:00:00Z 94 72 77 68 31 0.844625 37
2014-01-17T13:00:00Z 101 79 82 68 30 0.984143 40
2014-01-17T14:00:00Z 101 -1 -1 -1 -1 -1.000000 -1
2014-01-17T15:00:00Z 106 83 97 79 34 0.764625 45
2014-01-17T16:00:00Z 106 -1 -1 -1 -1 -1.000000 -1
2014-01-17T17:00:00Z 122 97 100 104 45 0.957625 24
2014-01-17T18:00:00Z 123 102 119 116 48 1.244625 11
2014-01-19T10:00:00Z 146 118 116 49 40 1.138375 40
2014-01-19T11:00:00Z 128 103 114 45 36 1.182429 53
2014-01-19T12:00:00Z 120 95 100 38 33 1.071000 68
2014-01-19T13:00:00Z 119 93 101 43 32 0.960375 74
2014-01-19T14:00:00Z 127 101 105 43 31 0.928250 81
2014-01-19T15:00:00Z 127 -1 -1 -1 -1 -1.000000 -1
2014-01-19T16:00:00Z 101 80 92 38 25 0.842375 84
2014-01-19T17:00:00Z 112 89 108 53 26 0.942750 78
2014-01-19T18:00:00Z 147 120 141 69 27 1.178625 67
2014-01-29T01:00:00Z 71 54 74 27 17 2.096125 53
2014-01-29T02:00:00Z 68 49 72 30 16 1.027875 52
2014-01-29T03:00:00Z 65 47 68 25 14 0.515750 56
2014-01-29T04:00:00Z 62 45 63 23 12 0.511625 56
2014-01-29T05:00:00Z 62 45 60 25 12 0.507875 53
2014-01-29T06:00:00Z 61 46 59 33 12 0.521250 44
2014-01-29T07:00:00Z 62 46 60 46 12 0.563750 32
2014-01-29T08:00:00Z 65 49 62 56 13 0.578875 25
2014-01-29T09:00:00Z 68 52 61 56 18 0.582000 34
2014-01-29T10:00:00Z 67 51 62 45 13 0.548875 48
2014-01-29T11:00:00Z 66 47 61 34 14 0.501125 57
2014-01-29T12:00:00Z 63 45 54 29 15 0.446500 66
2014-01-29T13:00:00Z 63 -1 -1 -1 -1 -1.000000 -1
2014-01-29T14:00:00Z 55 41 45 26 15 0.477000 71
2014-01-29T15:00:00Z 54 39 49 36 15 0.466750 59
2014-01-29T16:00:00Z 60 43 55 47 16 0.630429 46
2014-01-29T17:00:00Z 67 49 61 63 16 0.698250 31
2014-01-29T18:00:00Z 75 57 65 76 16 0.911714 20
2014-01-29T19:00:00Z 88 69 75 81 16 1.022286 15
2014-01-29T20:00:00Z 108 86 88 77 15 1.056429 15
2014-01-29T21:00:00Z 121 98 95 72 15 1.106833 16
2014-01-29T22:00:00Z 134 109 106 68 16 1.135667 16
2014-01-29T23:00:00Z 144 117 115 67 17 1.004714 16
2014-01-31T19:00:00Z 109 89 40 34 13 0.653286 81
2014-01-31T20:00:00Z 112 92 29 33 13 0.573857 74
2014-01-31T21:00:00Z 111 90 32 27 12 0.606125 82
2014-01-31T22:00:00Z 97 79 24 24 12 0.633857 82
2014-01-31T23:00:00Z 89 71 30 23 12 0.523750 80
2014-02-01T04:00:00Z 64 49 43 13 11 0.400875 78
2014-02-01T05:00:00Z 59 46 38 13 10 0.431000 71
2014-02-01T06:00:00Z 57 44 34 18 10 0.443500 62
2014-02-01T07:00:00Z 57 -1 -1 -1 -1 -1.000000 -1
2014-02-01T08:00:00Z 47 35 26 29 11 0.485750 48
2014-02-01T09:00:00Z 45 34 25 30 12 0.517250 48
2014-02-01T10:00:00Z 48 35 32 35 12 0.560375 46
2014-02-01T11:00:00Z 49 36 33 32 14 0.557125 56
2014-02-01T12:00:00Z 51 37 38 27 15 0.509500 74
2014-02-01T13:00:00Z 60 46 40 25 14 0.526750 85
2014-02-01T14:00:00Z 75 58 55 28 14 0.562500 93
2014-02-01T15:00:00Z 83 65 62 28 14 0.594375 99
2014-02-01T16:00:00Z 85 67 71 32 15 0.715286 99
2014-02-01T17:00:00Z 88 70 78 41 14 0.697875 90
2014-02-01T18:00:00Z 96 77 89 67 15 0.909250 61
2014-02-01T19:00:00Z 105 84 102 74 16 0.992375 48
2014-02-01T20:00:00Z 121 97 118 81 17 1.150625 36
2014-02-01T21:00:00Z 141 114 135 89 18 1.248750 22
2014-02-19T05:00:00Z 34 24 28 28 11 0.529500 48
2014-02-19T06:00:00Z 38 27 32 33 12 0.592571 42
2014-02-19T07:00:00Z 40 29 29 39 13 0.618429 36
2014-02-19T08:00:00Z 40 29 31 53 14 0.783571 25
2014-02-19T09:00:00Z 51 38 38 54 16 0.830125 26
2014-02-19T10:00:00Z 58 44 35 51 19 1.088500 30
2014-02-19T11:00:00Z 57 42 45 53 29 1.555250 26
2014-02-19T12:00:00Z 68 51 68 54 25 1.561250 29
2014-02-19T13:00:00Z 68 -1 -1 -1 -1 -1.000000 -1
2014-02-19T14:00:00Z 92 72 80 52 28 1.062250 34
2014-02-19T15:00:00Z 89 68 76 49 27 1.097286 38
2014-02-19T16:00:00Z 84 63 79 52 31 1.143625 37
2014-02-19T17:00:00Z 95 74 97 60 34 1.392286 29
2014-02-19T18:00:00Z 113 89 114 71 36 1.470857 20
2014-02-19T19:00:00Z 125 101 124 81 35 1.386500 12
2014-02-19T20:00:00Z 136 110 131 87 37 1.668000 10
2014-02-19T21:00:00Z 147 121 138 88 40 1.768857 10
2014-03-08T01:00:00Z 111 72 87 25 20 2.239250 182
2014-03-08T02:00:00Z 97 75 93 23 21 0.678375 111
2014-03-08T03:00:00Z 103 79 94 23 22 0.682500 109
2014-03-08T04:00:00Z 108 85 96 23 21 0.669750 107
2014-03-08T05:00:00Z 105 82 90 22 21 0.643500 103
2014-03-08T06:00:00Z 93 71 78 24 20 0.615500 98
2014-03-08T07:00:00Z 79 58 70 29 19 0.602125 94
2014-03-08T08:00:00Z 71 51 66 31 17 0.535625 85
2014-03-08T09:00:00Z 49 32 41 36 15 0.495625 70
2014-03-08T13:00:00Z 45 30 39 31 12 0.486250 78
2014-03-08T14:00:00Z 39 25 37 23 11 0.462000 87
2014-03-08T17:00:00Z 42 24 40 31 11 0.493375 82
2014-03-08T18:00:00Z 45 26 41 35 11 0.518625 77
2014-03-08T19:00:00Z 50 30 46 41 11 0.542750 69
2014-03-08T20:00:00Z 50 32 46 40 11 0.553250 67
2014-03-08T21:00:00Z 49 34 43 39 10 0.553250 67
2014-03-09T09:00:00Z 110 86 103 67 40 0.990000 30
2014-03-09T10:00:00Z 105 82 93 59 37 0.847875 51
2014-03-09T11:00:00Z 85 65 77 55 29 0.799125 67
2014-03-09T12:00:00Z 86 66 79 54 31 0.736625 81
2014-03-09T13:00:00Z 89 70 80 53 36 0.721250 90
2014-03-09T14:00:00Z 96 75 84 53 39 0.750250 95
2014-03-09T15:00:00Z 95 74 79 49 39 0.756625 103
2014-03-09T16:00:00Z 92 70 100 48 40 0.840750 115
2014-03-16T21:00:00Z 70 50 71 37 11 0.517571 71
2014-03-16T22:00:00Z 66 48 59 36 11 0.505429 68
2014-03-16T23:00:00Z 62 46 53 33 10 0.495143 69
2014-03-17T00:00:00Z 63 46 51 31 31 0.596000 73
2014-03-17T01:00:00Z 66 47 55 31 27 1.444286 99
2014-03-17T02:00:00Z 69 51 58 29 13 0.519571 88
2014-03-17T03:00:00Z 71 52 61 30 14 0.528857 86
2014-03-17T04:00:00Z 73 54 61 32 16 0.527429 83
2014-03-17T05:00:00Z 73 54 63 34 17 0.557143 77
2014-03-17T06:00:00Z 78 58 72 45 18 0.601429 62
2014-03-17T07:00:00Z 83 62 80 67 19 0.743857 40
2014-03-17T08:00:00Z 90 68 97 78 21 0.890857 31
2014-03-17T09:00:00Z 102 75 123 79 25 1.041375 37
2014-03-17T10:00:00Z 111 83 143 76 36 1.036125 49
2014-03-17T11:00:00Z 118 89 147 73 46 1.027000 67
2014-03-17T12:00:00Z 117 91 125 58 42 0.980000 91
2014-03-17T13:00:00Z 117 -1 -1 -1 -1 -1.000000 -1
2014-03-17T14:00:00Z 95 72 100 49 28 0.949375 114
2014-03-17T15:00:00Z 87 66 88 45 28 0.905714 129
2014-03-17T16:00:00Z 91 70 88 42 25 0.916286 149
2014-03-17T17:00:00Z 90 69 99 50 23 0.942714 146
2014-03-17T18:00:00Z 100 79 109 68 23 1.083714 129
2014-03-17T19:00:00Z 110 86 134 118 22 1.348286 70
2014-03-17T20:00:00Z 145 112 181 161 25 1.855143 24
2014-04-16T11:00:00Z 145 -1 -1 -1 -1 -1.000000 -1
2014-04-16T12:00:00Z 46 32 32 37 8 0.566875 78
2014-04-16T13:00:00Z 49 34 36 39 9 0.574250 75
2014-04-16T14:00:00Z 54 37 46 39 10 0.581625 78
2014-04-16T15:00:00Z 56 39 50 43 11 0.592875 77
2014-04-16T16:00:00Z 62 43 57 47 12 0.620000 71
2014-04-16T17:00:00Z 63 43 65 53 12 0.644500 65
2014-04-16T18:00:00Z 73 49 81 72 14 0.742125 45
2014-04-16T19:00:00Z 78 55 90 89 15 0.840875 24
2014-04-16T20:00:00Z 88 64 103 93 15 0.973750 17
2014-04-16T21:00:00Z 96 71 116 95 15 1.106625 15
2014-04-16T22:00:00Z 111 84 125 94 19 1.027625 10
2014-04-16T23:00:00Z 122 92 133 91 22 0.984875 9
2014-04-17T00:00:00Z 130 99 127 86 34 0.941750 8
2014-04-17T01:00:00Z 128 97 121 82 37 1.773625 27
2014-04-17T02:00:00Z 129 98 113 82 20 1.051875 17
2014-04-17T03:00:00Z 128 97 113 78 19 1.023750 7
2014-04-17T04:00:00Z 119 90 103 75 19 1.018500 7
2014-04-17T05:00:00Z 120 91 105 73 21 1.050875 7
2014-04-17T06:00:00Z 125 95 113 74 28 0.992375 7
2014-04-17T07:00:00Z 131 99 121 74 29 0.976125 8
2014-04-17T08:00:00Z 139 105 126 76 29 0.987500 8
2014-05-20T16:00:00Z 99 73 104 28 17 0.783778 166
2014-05-20T17:00:00Z 94 70 105 32 16 0.778222 157
2014-05-20T18:00:00Z 93 69 117 42 17 0.822444 134
2014-05-20T19:00:00Z 86 62 111 55 17 0.824667 80
2014-05-20T20:00:00Z 67 41 113 57 14 0.790556 51
2014-05-20T21:00:00Z 47 31 40 60 13 0.780778 39
2014-05-20T22:00:00Z 42 31 38 52 10 0.734000 36
2014-05-20T23:00:00Z 49 35 39 54 9 0.721000 29
2014-05-21T00:00:00Z 48 33 36 56 9 0.734222 24
2014-05-21T01:00:00Z 53 35 44 45 17 0.762333 32
2014-05-21T02:00:00Z 57 41 50 42 10 0.805889 39
2014-05-21T03:00:00Z 62 45 47 43 10 0.677556 21
2014-05-21T04:00:00Z 67 48 62 44 10 0.706333 16
2014-05-21T05:00:00Z 68 49 53 43 11 0.716222 16
2014-05-21T06:00:00Z 79 58 70 44 10 0.724889 19
2014-05-21T07:00:00Z 92 68 79 44 10 0.746889 28
2014-05-21T08:00:00Z 95 70 90 54 15 0.871556 37
2014-05-21T09:00:00Z 104 78 117 63 21 1.029889 59
2014-05-21T10:00:00Z 131 100 146 68 26 1.187222 97
2014-05-25T20:00:00Z 149 113 -1 69 23 1.396889 58
2014-05-25T21:00:00Z 133 101 118 65 20 1.227667 45
2014-05-25T22:00:00Z 123 93 127 65 19 1.113111 38
2014-05-25T23:00:00Z 117 88 117 68 16 1.049333 29
2014-05-26T00:00:00Z 115 87 106 64 14 0.961556 26
2014-05-26T01:00:00Z 117 88 103 64 14 0.965333 22
2014-05-26T02:00:00Z 110 83 83 60 13 1.014111 22
2014-05-26T03:00:00Z 117 88 98 62 14 1.129889 20
2014-05-26T04:00:00Z 130 99 114 56 19 1.203222 25
2014-05-26T05:00:00Z 149 113 124 59 22 1.316333 22
2014-05-25T01:00:00Z 27 19 18 23 13 0.551333 55
2014-05-25T02:00:00Z 27 19 19 24 13 0.551556 51
2014-05-25T03:00:00Z 27 18 20 23 10 0.490111 45
2014-05-25T04:00:00Z 25 17 21 26 10 0.510111 41
2014-05-25T05:00:00Z 30 18 29 28 10 0.548667 36
2014-05-25T06:00:00Z 31 18 31 33 9 0.583889 29
2014-05-25T07:00:00Z 40 23 40 40 9 0.699444 24
2014-05-25T08:00:00Z 47 30 46 47 11 0.757667 27
2014-05-25T09:00:00Z 59 39 63 51 14 0.846000 27
2014-05-25T10:00:00Z 75 51 94 59 18 0.928222 38
2014-05-25T11:00:00Z 105 78 128 61 21 1.066111 56
2014-05-25T12:00:00Z 146 110 184 63 20 1.184222 66
2014-05-27T12:00:00Z 138 102 171 39 23 1.152875 200
2014-05-27T13:00:00Z 119 87 158 35 18 0.930143 199
2014-05-27T14:00:00Z 112 75 161 36 20 0.474375 205
2014-05-27T15:00:00Z 112 75 142 37 19 0.429500 203
2014-05-27T16:00:00Z 112 -1 -1 -1 -1 -1.000000 -1
2014-05-27T17:00:00Z 108 63 161 47 19 0.454750 185
2014-05-27T18:00:00Z 114 70 172 65 20 0.584625 165
2014-05-27T19:00:00Z 114 -1 -1 -1 -1 -1.000000 -1
2014-05-28T15:00:00Z 124 87 179 41 29 0.742750 208
2014-05-28T16:00:00Z 120 85 176 48 28 0.659625 193
2014-05-28T17:00:00Z 113 76 169 60 25 0.505250 157
2014-05-28T18:00:00Z 94 57 136 57 16 0.395125 109
2014-05-28T19:00:00Z 79 42 100 59 14 0.524500 91
2014-05-28T20:00:00Z 75 33 95 56 15 0.572500 86
2014-05-28T21:00:00Z 75 -1 -1 -1 -1 -1.000000 -1
2014-05-28T22:00:00Z 94 54 100 59 16 0.620375 83
2014-05-28T23:00:00Z 79 43 96 70 20 0.646000 72
2014-05-29T00:00:00Z 70 39 81 67 23 0.566375 71
2014-05-29T01:00:00Z 76 40 94 54 29 0.629714 77
2014-05-29T02:00:00Z 67 43 73 40 22 0.530125 98
2014-05-29T03:00:00Z 59 36 65 30 19 0.431875 103
2014-05-29T04:00:00Z 59 -1 -1 -1 -1 -1.000000 -1
2014-05-29T05:00:00Z 59 29 69 30 16 0.446250 100
2014-05-29T06:00:00Z 64 30 76 41 16 0.499500 90
2014-05-29T07:00:00Z 64 -1 -1 -1 -1 -1.000000 -1
2014-05-29T08:00:00Z 83 42 110 69 23 0.666000 73
2014-05-29T11:00:00Z 128 74 201 62 35 0.828667 143
2014-05-29T12:00:00Z 147 93 226 71 39 0.942375 157
2014-07-09T22:00:00Z 49 29 55 35 12 0.779222 25
2014-07-09T23:00:00Z 47 26 52 39 13 0.911556 20
2014-07-10T00:00:00Z 47 -1 -1 -1 -1 -1.000000 -1
2014-07-10T01:00:00Z 54 24 63 45 20 1.308889 14
2014-07-10T02:00:00Z 54 30 63 48 16 1.171778 19
2014-07-10T03:00:00Z 60 32 71 46 15 1.064333 9
2014-07-10T04:00:00Z 62 36 75 46 16 1.106222 9
2014-07-10T05:00:00Z 74 39 95 43 17 1.238444 9
2014-07-10T06:00:00Z 93 62 118 44 18 1.357556 10
2014-07-10T07:00:00Z 105 76 133 48 23 1.496222 14
2014-07-10T08:00:00Z 105 -1 -1 -1 -1 -1.000000 -1
2014-07-10T09:00:00Z 104 75 114 50 27 1.357500 43
2014-07-10T10:00:00Z 99 74 107 54 26 1.275889 57
2014-07-10T11:00:00Z 112 82 138 54 27 1.536111 83
2014-07-10T12:00:00Z 113 78 126 44 25 1.069667 126
2014-07-10T13:00:00Z 117 88 124 35 20 1.024556 168
2014-07-10T14:00:00Z 123 92 142 42 21 1.149556 167
2014-07-10T15:00:00Z 132 98 144 46 22 1.156778 181
2014-07-10T16:00:00Z 138 102 149 42 19 1.193333 204
2014-07-10T17:00:00Z 148 112 153 49 20 1.291333 197
2014-11-05T13:00:00Z 54 32 45 24 23 0.523375 129
2014-11-05T14:00:00Z 53 33 49 25 15 0.507667 130
2014-11-05T15:00:00Z 56 35 54 28 14 0.527889 129
2014-11-05T16:00:00Z 55 34 55 32 13 0.553667 127
2014-11-05T17:00:00Z 57 34 63 48 12 0.555111 104
2014-11-05T18:00:00Z 58 33 64 63 10 0.611444 75
2014-11-05T19:00:00Z 61 35 70 72 10 0.666111 60
2014-11-05T20:00:00Z 54 34 57 64 10 0.650444 62
2014-11-05T21:00:00Z 54 32 58 59 11 0.629500 65
2014-11-05T22:00:00Z 59 34 66 64 10 0.702625 53
2014-11-05T23:00:00Z 57 39 56 75 9 0.745000 38
2014-11-06T00:00:00Z 54 38 44 72 13 0.685750 38
2014-11-06T01:00:00Z 57 39 42 71 32 0.844500 32
2014-11-06T02:00:00Z 65 46 56 74 11 1.150875 35
2014-11-06T03:00:00Z 68 43 72 82 13 0.847625 16
2014-11-06T04:00:00Z 115 86 112 76 20 0.915000 28
2014-11-11T11:00:00Z 71 46 54 54 28 1.722125 124
2014-11-11T12:00:00Z 68 47 70 43 24 0.730000 98
2014-11-11T13:00:00Z 73 53 80 60 22 0.823000 93
2014-11-11T14:00:00Z 75 55 76 60 22 0.878778 87
2014-11-11T15:00:00Z 74 54 76 61 26 1.077444 89
2014-11-11T16:00:00Z 72 45 83 54 43 1.181625 115
2014-11-11T17:00:00Z 74 48 89 69 26 1.108375 90
2014-11-11T18:00:00Z 82 54 102 83 27 0.806500 70
2014-11-11T19:00:00Z 92 62 117 105 22 0.839750 39
2014-11-11T20:00:00Z 95 70 132 97 15 0.766571 41
2014-11-11T21:00:00Z 109 81 131 105 17 0.871875 31
2014-11-11T22:00:00Z 125 92 143 118 22 0.992250 20
2014-12-14T21:00:00Z 106 79 122 97 31 1.116300 14
2014-12-14T22:00:00Z 105 78 118 95 31 1.103400 13
2014-12-14T23:00:00Z 103 77 103 88 27 0.985400 15
2014-12-15T00:00:00Z 88 65 90 78 25 0.887300 18
2014-12-15T01:00:00Z 81 60 81 67 29 0.901800 23
2014-12-15T02:00:00Z 77 56 72 62 19 0.927300 36
2014-12-15T03:00:00Z 72 53 64 58 17 0.765000 25
2014-12-15T04:00:00Z 68 49 54 52 17 0.692200 29
2014-12-15T05:00:00Z 61 43 46 50 17 0.655000 30
2014-12-15T06:00:00Z 55 39 46 56 18 0.692500 26
2014-12-15T07:00:00Z 58 40 50 67 17 0.836800 18
2014-12-15T08:00:00Z 65 44 69 79 19 1.108400 11
2014-12-15T09:00:00Z 81 55 102 82 23 1.267900 10
2014-12-15T10:00:00Z 92 67 111 86 26 1.296500 10
2014-12-15T11:00:00Z 103 77 123 93 26 1.373700 9
2014-12-15T12:00:00Z 108 81 116 95 28 1.346300 10
2014-12-15T13:00:00Z 107 80 111 92 33 1.257200 13
2014-12-15T14:00:00Z 102 76 112 84 40 1.111300 12
2014-12-15T15:00:00Z 112 79 137 92 42 1.213900 10
2014-12-15T16:00:00Z 127 93 156 106 69 1.948800 22
2014-12-15T18:00:00Z 144 109 166 110 58 1.309400 8
2014-12-15T19:00:00Z 134 101 173 109 60 1.433600 8
2014-12-15T20:00:00Z 145 110 197 110 72 1.905800 8
2014-12-30T12:00:00Z 141 107 133 90 58 1.162778 38
2014-12-30T13:00:00Z 130 99 131 81 51 1.083778 56
2014-12-30T14:00:00Z 124 94 120 72 45 1.025667 71
2014-12-30T15:00:00Z 113 93 118 73 40 1.008900 79
2014-12-30T16:00:00Z 119 91 123 80 38 1.030200 74
2014-12-30T17:00:00Z 121 86 132 105 39 1.156100 46
2014-12-30T18:00:00Z 137 104 169 147 39 1.725300 13
