2013-12-31T11:00:00Z 47 243 70 16 0 -1 44.920000 0.210000 0.150000 0.150000 1013.880000 23.520000 320.000000 40 285 18 11 0 63 42 -1 9 11 0 58 32 231 27 7 0 56 35 178 16 9 0 78
2013-12-31T12:00:00Z 44 224 58 14 0 -1 48.000000 -1.950000 0.120000 0.000000 -1.000000 19.960000 311.000000 27 228 12 6 0 70 33 274 7 11 0 63 28 176 29 8 0 58 33 141 15 7 0 80
2013-12-31T13:00:00Z 27 169 58 13 0 -1 48.000000 -1.950000 0.120000 -1.000000 -1.000000 19.660000 291.000000 28 121 15 10 0 68 29 138 6 10 0 65 29 121 26 7 0 63 29 113 18 11 0 79
2013-12-31T14:00:00Z 34 164 51 12 0 -1 47.240000 -0.530000 0.130000 0.310000 1011.560000 23.980000 300.000000 25 135 16 14 0 67 23 122 5 5 0 66 24 133 24 5 0 65 23 112 16 9 0 82
2013-12-26T18:00:00Z 23 23 24 12 0 -1 31.860000 -13.810000 0.130000 -1.000000 -1.000000 21.530000 330.000000 21 43 40 13 0 36 9 30 21 9 0 43 28 -1 42 6 0 33 8 13 26 10 0 60
2013-12-26T20:00:00Z 32 34 56 16 1 -1 28.860000 -8.260000 0.190000 -1.000000 1035.120000 12.140000 337.000000 9 30 18 5 -1 57 17 20 40 11 0 29 25 25 63 31 0 12 5 6 20 12 0 63
2013-12-29T01:00:00Z -1 120 101 34 2 -1 31.820000 -9.690000 0.160000 0.000000 -1.000000 12.730000 269.000000 24 50 39 35 0 33 60 -1 99 -1 1 1 61 78 90 84 1 1 80 103 99 66 2 11
2014-01-01T03:00:00Z -1 229 109 40 3 -1 40.680000 -1.130000 0.170000 0.000000 -1.000000 3.930000 288.000000 25 107 29 21 0 47 82 -1 101 42 2 1 63 166 88 50 1 1 50 126 78 33 2 10
2014-01-01T04:00:00Z -1 205 -1 51 2 -1 36.960000 6.130000 0.270000 0.000000 -1.000000 4.000000 230.000000 27 109 24 17 0 54 -1 -1 -1 59 2 1 65 154 85 59 1 1 38 92 73 32 2 10
2014-01-01T05:00:00Z -1 234 112 34 3 -1 39.500000 0.230000 0.190000 0.000000 1012.350000 6.270000 288.000000 25 104 22 19 0 55 -1 -1 -1 46 2 1 66 154 83 51 2 1 36 89 70 34 2 10
2014-01-03T06:00:00Z 43 169 70 18 0 -1 33.680000 8.100000 0.340000 0.000000 -1.000000 2.280000 5.000000 35 143 23 18 0 52 77 164 17 23 0 44 31 154 26 17 0 48 32 130 20 12 2 58
2014-01-03T07:00:00Z 40 148 64 16 0 -1 28.000000 10.270000 0.470000 0.000000 -1.000000 3.930000 355.000000 39 138 40 20 0 36 35 144 27 26 0 33 31 154 38 24 0 35 28 119 23 10 2 55
2014-01-03T08:00:00Z 38 130 74 16 0 -1 31.190000 10.120000 0.410000 0.160000 1023.020000 6.200000 358.000000 45 128 52 24 0 24 33 129 33 24 0 29 29 134 47 34 0 24 30 111 31 15 2 47
2014-01-03T09:00:00Z 40 119 74 17 0 -1 40.860000 7.600000 0.250000 0.000000 -1.000000 6.750000 20.000000 -1 -1 -1 -1 -1 -1 28 114 30 21 0 31 28 113 44 24 0 28 29 92 33 17 2 46
2014-01-07T20:00:00Z 21 26 57 12 0 -1 29.510000 -0.760000 0.260000 0.720000 1030.580000 6.480000 355.000000 14 -1 20 7 0 58 27 28 66 35 1 4 18 34 61 31 0 21 15 20 34 14 0 59
2014-01-07T21:00:00Z 23 32 72 12 0 -1 33.930000 -9.060000 0.150000 0.000000 -1.000000 10.750000 10.000000 10 22 16 8 0 62 21 -1 53 24 0 16 16 22 60 47 0 24 10 18 25 15 0 65
2014-01-10T06:00:00Z 59 84 73 31 3 -1 9.500000 -7.800000 0.440000 0.000000 -1.000000 3.820000 346.000000 -1 -1 66 80 3 3 24 -1 49 32 0 1 41 -1 68 38 1 1 39 50 72 40 2 7
2014-01-14T08:00:00Z 80 101 82 93 4 -1 17.140000 3.200000 0.540000 0.040000 1035.690000 3.720000 12.000000 26 30 48 148 1 16 71 111 73 72 2 1 55 68 76 43 1 1 61 67 84 61 2 13
2014-01-28T14:00:00Z 65 152 68 39 0 46 40.410000 9.370000 0.270000 0.310000 1027.710000 10.320000 195.000000 63 87 38 40 0 53 60 156 30 36 0 57 63 139 37 39 0 64 64 129 27 36 1 79
2014-01-28T15:00:00Z 61 145 73 33 0 48 40.820000 10.130000 0.280000 -1.000000 -1.000000 12.940000 179.000000 79 127 30 39 0 66 58 138 27 26 0 64 62 141 36 28 0 68 63 129 24 34 1 87
2014-01-28T17:00:00Z 75 138 90 37 1 44 36.490000 9.680000 0.320000 0.750000 1025.450000 8.750000 177.000000 85 141 48 49 1 56 78 128 34 26 1 66 73 138 49 29 1 65 40 115 32 36 1 85
2014-01-28T18:00:00Z 80 144 97 31 1 35 35.710000 9.830000 0.340000 -1.000000 -1.000000 4.110000 160.000000 78 140 46 44 1 54 80 125 45 26 1 52 74 139 58 26 1 51 82 124 43 39 1 76
2014-01-30T10:00:00Z 11 -1 64 26 0 31 41.070000 -12.680000 0.090000 0.000000 -1.000000 7.050000 39.000000 8 14 12 18 0 66 12 22 23 13 0 53 10 17 26 13 0 49 10 14 46 15 1 47
2014-01-30T11:00:00Z 14 -1 66 25 0 38 42.180000 -12.380000 0.090000 -1.000000 1020.300000 4.230000 14.000000 5 18 15 15 0 67 16 20 22 14 0 56 8 15 22 11 0 57 12 -1 28 14 0 65
2014-01-30T12:00:00Z 12 12 72 26 0 43 45.000000 -14.380000 0.070000 0.000000 -1.000000 13.000000 80.000000 9 16 17 16 0 69 13 -1 14 13 0 67 15 16 22 10 0 62 8 9 16 10 0 78
2014-01-30T13:00:00Z 9 -1 62 14 0 54 44.930000 -16.330000 0.070000 0.000000 -1.000000 11.000000 110.000000 11 -1 11 10 0 79 11 -1 14 12 0 70 13 17 22 12 0 65 7 -1 9 7 0 85
2014-02-02T16:00:00Z 15 55 41 12 0 56 46.070000 -12.360000 0.080000 -1.000000 -1.000000 17.550000 341.000000 9 54 11 28 0 74 13 76 9 8 0 70 10 87 15 11 0 72 14 50 4 5 0 93
2014-02-02T17:00:00Z 13 40 38 9 0 54 40.210000 -13.860000 0.090000 0.700000 1016.780000 12.820000 338.000000 7 40 12 33 0 70 13 54 9 6 0 68 13 65 15 6 0 65 11 26 5 4 0 91
2014-02-02T18:00:00Z 8 30 37 8 0 51 38.890000 -16.480000 0.080000 0.000000 -1.000000 10.750000 32.000000 7 34 10 22 0 74 3 39 12 7 0 63 13 47 16 3 0 61 10 19 9 5 0 83
2014-02-07T05:00:00Z 94 -1 85 63 1 4 26.470000 11.000000 0.510000 -1.000000 1029.110000 6.360000 110.000000 94 -1 40 33 1 19 91 -1 54 54 1 4 96 -1 65 43 1 4 87 -1 66 36 1 8
2014-02-07T06:00:00Z 108 -1 83 45 1 2 26.930000 16.420000 0.640000 -1.000000 -1.000000 8.880000 158.000000 98 -1 39 38 1 23 96 -1 57 53 1 2 103 -1 58 32 1 10 93 -1 56 22 1 10
2014-02-07T08:00:00Z 99 -1 82 26 1 4 24.610000 19.220000 0.800000 1.000000 1029.130000 1.890000 133.000000 96 -1 44 26 2 21 85 -1 57 26 1 3 92 -1 62 15 1 7 109 -1 71 22 1 5
2014-02-08T20:00:00Z 4 9 22 13 0 54 22.090000 -2.080000 0.340000 0.390000 1033.150000 14.490000 356.000000 8 10 22 37 0 61 5 8 12 7 0 64 12 18 25 12 0 51 6 6 11 11 0 80
2014-02-08T21:00:00Z 7 10 23 11 0 51 19.140000 -2.940000 0.370000 0.000000 -1.000000 10.820000 359.000000 8 8 13 11 0 67 6 6 8 5 0 66 6 11 26 17 0 50 8 -1 12 12 0 77
2014-02-10T01:00:00Z 12 -1 56 27 0 27 16.110000 -7.520000 0.340000 -1.000000 -1.000000 6.910000 358.000000 14 17 30 73 0 41 5 6 10 9 0 59 12 -1 32 20 0 14 17 -1 27 23 0 50
2014-02-10T02:00:00Z 12 13 48 -1 0 28 13.220000 -5.470000 0.420000 -1.000000 1038.300000 6.550000 359.000000 13 13 28 52 0 44 8 -1 12 13 0 57 10 10 31 -1 0 13 15 -1 23 -1 0 34
2014-02-11T01:00:00Z 78 88 109 29 3 1 12.250000 3.190000 0.660000 0.000000 -1.000000 1.840000 83.000000 50 -1 37 33 1 31 72 82 85 41 2 1 74 84 79 52 1 1 68 -1 70 16 2 10
2014-02-11T02:00:00Z 73 -1 106 -1 3 1 11.890000 2.630000 0.660000 0.000000 1031.030000 1.530000 72.000000 42 -1 36 -1 1 30 86 92 76 -1 2 1 78 85 85 -1 1 1 59 -1 47 -1 2 14
2014-02-11T03:00:00Z 68 -1 98 39 -1 1 10.320000 3.350000 0.730000 0.000000 -1.000000 0.140000 210.000000 38 -1 29 22 -1 34 -1 110 59 48 -1 1 68 74 86 77 -1 1 53 -1 42 17 -1 1
2014-02-11T04:00:00Z 80 -1 -1 39 2 -1 10.290000 1.270000 0.660000 0.000000 -1.000000 1.680000 10.000000 34 -1 30 23 0 -1 100 -1 61 41 2 -1 81 92 88 64 2 -1 47 -1 38 16 0 -1
2014-02-17T14:00:00Z 72 -1 116 66 1 41 40.300000 0.130000 0.180000 0.730000 1034.310000 3.890000 183.000000 -1 -1 68 92 2 43 77 78 48 58 1 59 80 -1 62 60 1 57 76 -1 59 76 2 74
2014-02-17T15:00:00Z 89 -1 115 65 1 48 40.820000 -1.240000 0.160000 -1.000000 -1.000000 13.000000 130.000000 45 63 58 71 2 59 80 82 57 58 1 53 78 -1 59 65 1 61 73 -1 52 66 2 84
2014-02-28T02:00:00Z 62 86 150 50 1 2 29.210000 21.970000 0.740000 -1.000000 1028.750000 3.680000 77.000000 30 38 33 15 0 7 70 103 90 38 1 2 53 -1 82 -1 1 3 -1 146 95 49 3 11
2014-02-28T03:00:00Z 73 139 149 42 3 2 30.070000 23.240000 0.750000 -1.000000 -1.000000 6.880000 112.000000 49 80 58 16 1 6 -1 163 77 29 2 2 74 85 88 44 -1 2 74 102 84 33 1 8
2014-02-28T04:00:00Z -1 164 135 29 2 2 30.070000 21.350000 0.700000 -1.000000 -1.000000 2.000000 160.000000 61 93 60 15 1 6 67 94 60 6 1 2 -1 149 74 16 2 -1 69 75 -1 36 1 11
2014-02-28T05:00:00Z -1 114 118 16 2 2 27.140000 19.930000 0.740000 -1.000000 1028.370000 3.500000 75.000000 51 73 -1 12 1 7 44 -1 58 4 0 2 60 -1 -1 9 1 2 -1 144 82 22 2 11
2014-03-01T11:00:00Z 23 24 107 30 0 36 48.800000 -6.890000 0.090000 0.310000 1025.740000 12.440000 320.000000 12 18 17 26 0 8 10 16 26 29 0 48 15 -1 33 18 0 52 11 -1 22 20 0 67
2014-03-13T15:00:00Z 25 50 36 14 0 80 54.960000 -7.970000 0.070000 -1.000000 -1.000000 4.000000 0.000000 16 72 14 12 0 80 15 52 24 6 0 78 18 45 25 6 0 94 17 50 14 5 0 95
2014-03-14T21:00:00Z 47 148 97 27 0 15 52.070000 3.010000 0.130000 -1.000000 -1.000000 4.170000 173.000000 57 144 77 35 1 17 49 135 80 20 0 19 48 115 71 27 0 42 65 164 78 35 1 28
2014-03-14T22:00:00Z 57 154 91 41 0 12 53.930000 4.660000 0.130000 -1.000000 -1.000000 9.050000 191.000000 64 135 73 38 1 14 54 143 68 30 0 21 58 126 60 36 0 40 69 165 80 39 1 23
2014-03-14T23:00:00Z 62 176 97 54 1 2 50.070000 9.580000 0.190000 -1.000000 1013.100000 7.060000 163.000000 51 98 41 21 0 37 57 172 60 41 0 16 63 148 64 44 0 25 72 224 87 42 1 9
2014-03-15T00:00:00Z 70 186 93 46 1 2 50.000000 9.640000 0.190000 -1.000000 -1.000000 4.030000 164.000000 49 102 35 21 0 42 51 177 63 37 0 12 61 167 71 41 0 14 71 224 83 42 1 8
2014-03-15T03:00:00Z 58 145 104 47 1 2 36.430000 10.130000 0.330000 -1.000000 -1.000000 4.000000 10.000000 44 87 31 23 0 36 72 187 90 46 1 2 63 138 93 36 1 2 65 170 82 31 1 5
2014-03-22T09:00:00Z 83 194 125 40 2 2 60.780000 8.290000 0.120000 0.000000 -1.000000 8.380000 18.000000 36 90 30 53 0 52 76 189 93 28 1 2 70 140 93 26 1 5 96 -1 118 30 2 9
2014-03-22T10:00:00Z 46 110 99 45 1 11 69.680000 39.280000 0.330000 0.000000 -1.000000 10.400000 19.000000 29 68 20 36 0 67 75 158 92 36 1 11 64 114 93 34 1 13 70 189 102 26 1 17
2014-03-22T11:00:00Z 44 67 52 39 0 50 68.720000 29.090000 0.230000 0.000000 1017.880000 11.770000 15.000000 23 52 13 16 0 77 84 -1 87 28 1 25 43 88 60 31 0 43 50 99 56 28 0 52
2014-04-16T16:00:00Z 43 100 66 15 0 72 69.930000 14.880000 0.120000 -1.000000 -1.000000 13.000000 110.000000 -1 116 72 12 0 59 19 -1 81 14 0 48 54 94 52 12 0 109 -1 -1 -1 -1 -1 -1
2014-04-16T17:00:00Z 37 91 53 14 0 79 67.930000 18.410000 0.150000 -1.000000 -1.000000 9.000000 110.000000 -1 108 77 11 0 62 56 166 82 11 0 56 46 93 46 10 0 116 -1 -1 -1 -1 -1 -1
2014-04-16T18:00:00Z 44 104 62 13 0 75 65.930000 21.280000 0.180000 -1.000000 -1.000000 4.170000 99.000000 -1 120 90 12 0 51 57 164 76 13 0 71 56 105 58 12 0 111 28 168 43 11 2 110
2014-04-16T19:00:00Z 49 114 90 15 0 56 63.890000 21.100000 0.190000 -1.000000 -1.000000 2.170000 92.000000 -1 132 81 11 0 55 65 184 82 15 0 65 58 126 64 13 0 103 48 142 54 12 2 95
2014-04-19T08:00:00Z 92 108 119 19 1 4 56.550000 38.750000 0.510000 1.000000 1022.200000 4.440000 141.000000 76 97 66 20 0 28 71 132 108 20 0 3 68 104 107 19 1 13 80 163 108 12 1 11
2014-04-21T23:00:00Z 74 136 132 10 0 2 55.320000 39.230000 0.550000 0.000000 1015.600000 2.240000 226.000000 54 65 40 7 0 71 57 153 93 8 0 26 60 84 101 6 0 34 68 179 112 10 1 8
2014-04-22T00:00:00Z 82 133 134 9 0 2 52.390000 39.150000 0.610000 -1.000000 -1.000000 3.770000 142.000000 42 -1 36 7 0 74 70 201 128 10 0 2 67 115 112 6 0 16 48 133 97 9 0 9
2014-04-22T01:00:00Z 89 150 134 12 0 2 52.430000 37.030000 0.560000 0.000000 -1.000000 7.000000 280.000000 43 72 71 7 0 32 70 208 127 9 0 2 85 161 113 7 0 15 65 197 106 6 0 6
2014-04-26T18:00:00Z 43 -1 58 7 0 56 63.750000 46.350000 0.530000 0.000000 -1.000000 8.790000 149.000000 -1 -1 -1 -1 -1 -1 -1 -1 -1 -1 -1 -1 57 171 42 6 0 87 53 150 42 15 0 96
2014-04-26T19:00:00Z 50 153 65 6 0 45 60.860000 46.500000 0.590000 0.000000 -1.000000 6.840000 139.000000 -1 -1 -1 -1 -1 -1 -1 -1 -1 -1 -1 -1 55 112 44 6 0 77 58 154 50 13 0 81
2014-04-26T20:00:00Z 50 143 75 5 0 33 58.860000 47.140000 0.650000 0.700000 1020.250000 6.160000 146.000000 -1 -1 -1 -1 -1 -1 -1 -1 -1 -1 -1 -1 56 118 56 6 0 58 58 167 80 12 0 51
2014-04-26T21:00:00Z 50 141 74 5 0 28 57.000000 48.210000 0.720000 0.000000 -1.000000 3.800000 149.000000 -1 -1 -1 -1 -1 -1 -1 -1 -1 -1 -1 -1 56 127 64 5 0 41 63 166 119 12 0 18
2014-04-27T23:00:00Z 100 142 70 18 1 45 60.860000 45.320000 0.570000 0.000000 1022.000000 8.610000 160.000000 -1 -1 -1 -1 -1 -1 -1 -1 -1 -1 -1 -1 96 126 54 19 1 78 112 178 82 23 1 53
2014-04-28T00:00:00Z 79 103 74 12 0 33 58.860000 45.260000 0.610000 0.000000 -1.000000 3.800000 149.000000 -1 -1 -1 -1 -1 -1 -1 -1 -1 -1 -1 -1 68 -1 43 13 1 70 76 111 64 19 0 55
2014-04-28T01:00:00Z 47 47 54 12 0 41 55.000000 46.140000 0.720000 0.000000 -1.000000 1.920000 68.000000 -1 -1 -1 -1 -1 -1 -1 -1 -1 -1 -1 -1 46 -1 39 12 0 66 54 113 90 17 0 32
2014-04-28T02:00:00Z 39 59 52 10 0 36 53.670000 45.020000 0.720000 0.000000 1021.770000 1.850000 66.000000 -1 -1 -1 -1 -1 -1 -1 -1 -1 -1 -1 -1 37 50 49 9 0 49 49 119 100 16 0 20
2014-05-02T01:00:00Z 23 24 15 7 0 50 57.000000 32.660000 0.400000 -1.000000 -1.000000 24.990000 320.000000 32 36 21 4 0 64 49 -1 17 5 0 58 39 -1 21 4 0 64 26 34 9 3 0 71
2014-05-03T03:00:00Z 28 90 92 6 0 2 48.470000 40.980000 0.750000 -1.000000 -1.000000 1.680000 70.000000 12 15 23 2 0 67 42 96 73 3 0 2 37 79 88 4 -1 2 51 175 86 4 0 3
2014-05-03T04:00:00Z 29 122 92 6 0 2 48.470000 40.990000 0.750000 -1.000000 -1.000000 9.000000 250.000000 12 17 28 2 0 61 36 95 70 5 0 2 34 70 87 4 0 -1 49 212 -1 4 0 3
2014-05-03T05:00:00Z 33 146 100 9 0 2 46.250000 40.160000 0.790000 -1.000000 1014.860000 1.500000 52.000000 14 18 23 2 0 64 34 78 -1 6 0 2 28 59 -1 4 0 2 44 198 80 5 0 3
2014-05-06T01:00:00Z 50 105 88 13 0 11 52.110000 33.770000 0.490000 0.000000 -1.000000 6.700000 93.000000 48 92 75 12 0 32 58 73 56 16 0 38 50 94 65 19 1 -1 58 114 76 10 0 26
2014-05-06T02:00:00Z 53 128 105 12 0 2 49.850000 32.820000 0.520000 0.000000 1013.410000 3.590000 92.000000 46 86 72 12 0 30 56 65 43 19 0 46 49 92 71 -1 1 -1 60 115 92 8 0 10
2014-05-06T03:00:00Z 47 141 102 9 0 2 52.070000 33.960000 0.500000 -1.000000 -1.000000 2.100000 105.000000 35 68 53 9 0 40 55 84 61 15 0 24 64 83 56 22 -1 -1 65 119 96 8 0 4
2014-05-06T04:00:00Z 57 136 104 12 1 2 50.140000 34.030000 0.540000 -1.000000 -1.000000 7.000000 150.000000 40 60 50 9 0 37 65 105 84 15 0 2 -1 -1 -1 -1 -1 -1 62 139 98 8 0 4
2014-05-10T00:00:00Z 52 93 46 23 1 85 60.930000 41.470000 0.490000 -1.000000 -1.000000 9.000000 90.000000 48 83 40 23 1 85 54 94 47 24 1 81 51 99 46 21 1 92 58 100 77 27 1 79
2014-05-10T01:00:00Z 52 86 43 24 1 81 60.860000 41.590000 0.490000 -1.000000 -1.000000 9.000000 90.000000 55 94 104 20 1 18 49 85 48 24 1 74 56 90 47 21 1 82 60 100 95 28 1 61
2014-05-10T02:00:00Z 40 80 42 27 1 76 60.390000 41.500000 0.500000 -1.000000 1015.530000 6.100000 71.000000 46 77 69 19 1 43 44 72 42 28 1 73 43 85 46 24 1 78 52 96 86 29 1 60
2014-05-10T03:00:00Z 43 75 45 28 1 66 58.930000 41.300000 0.520000 -1.000000 -1.000000 9.000000 80.000000 41 50 28 22 1 85 40 78 48 28 1 63 40 73 46 24 1 72 45 77 62 31 1 72
2014-05-23T18:00:00Z 49 130 41 15 0 170 87.930000 54.250000 0.320000 0.000000 -1.000000 6.760000 217.000000 47 83 26 10 0 179 55 92 34 14 0 174 44 133 41 12 0 184 76 198 79 13 0 167
2014-05-23T19:00:00Z 55 146 64 16 0 157 83.930000 56.940000 0.400000 0.000000 -1.000000 3.810000 215.000000 53 124 40 11 0 170 58 132 39 13 0 166 54 161 62 12 1 168 108 194 89 12 0 145
2014-05-26T04:00:00Z 16 45 100 8 0 2 55.470000 44.950000 0.680000 -1.000000 -1.000000 9.000000 250.000000 10 -1 50 6 0 44 15 -1 79 2 0 2 11 56 87 3 0 2 28 169 89 4 0 4
2014-05-26T05:00:00Z 21 70 99 8 0 2 56.260000 44.960000 0.660000 -1.000000 1003.940000 4.430000 253.000000 8 23 -1 6 0 69 11 76 80 2 0 2 22 61 89 4 0 2 37 178 85 3 0 3
2014-06-07T04:00:00Z 15 -1 46 5 0 2 59.140000 52.250000 0.780000 -1.000000 -1.000000 4.070000 7.000000 10 -1 14 3 0 54 13 -1 54 2 0 3 16 -1 59 2 0 2 11 20 -1 2 0 16
2014-06-07T05:00:00Z 12 14 47 6 0 2 62.310000 51.750000 0.680000 -1.000000 1005.180000 5.800000 62.000000 10 -1 -1 4 0 59 8 -1 37 2 0 32 12 -1 56 2 0 6 14 -1 47 2 0 19
2014-06-07T06:00:00Z 11 23 42 6 0 2 65.930000 53.940000 0.650000 -1.000000 -1.000000 9.000000 350.000000 11 -1 22 6 0 61 9 -1 34 2 0 29 12 -1 46 2 0 17 14 30 47 2 0 17
2014-06-07T06:00:00Z 11 23 42 6 0 2 65.930000 53.940000 0.650000 -1.000000 -1.000000 9.000000 350.000000 11 -1 22 6 0 61 9 -1 34 2 0 29 12 -1 46 2 0 17 14 30 47 2 0 17
2014-06-09T04:00:00Z 19 -1 56 6 0 -1 59.250000 55.280000 0.870000 -1.000000 -1.000000 2.000000 200.000000 13 44 42 2 0 15 16 -1 45 2 0 21 18 -1 48 2 0 24 25 52 155 2 0 6
2014-06-09T05:00:00Z 15 35 63 6 0 6 58.820000 54.710000 0.860000 -1.000000 1004.000000 3.120000 2.000000 17 46 46 2 0 8 19 -1 61 2 0 2 21 -1 53 2 0 16 26 48 56 2 0 6
2014-06-09T06:00:00Z 20 42 52 5 0 2 64.220000 59.080000 0.830000 -1.000000 -1.000000 6.500000 0.000000 23 40 51 2 0 5 22 -1 57 2 0 2 22 -1 55 2 0 14 20 -1 38 2 0 29
2014-06-09T07:00:00Z 32 52 50 5 0 5 70.070000 56.900000 0.630000 -1.000000 -1.000000 9.000000 210.000000 20 30 44 4 0 24 29 -1 49 2 0 7 20 31 48 2 0 21 16 39 37 2 0 33
2014-06-22T11:00:00Z 39 -1 32 6 0 89 78.480000 62.580000 0.580000 0.070000 1009.500000 3.680000 199.000000 40 58 25 2 0 122 44 -1 30 4 0 90 54 -1 32 3 0 93 36 -1 19 2 0 116
2014-07-08T23:00:00Z 26 118 116 10 0 18 75.250000 66.030000 0.730000 -1.000000 1003.900000 2.020000 87.000000 18 -1 34 3 0 57 51 -1 130 8 1 2 32 126 69 4 0 47 39 205 110 11 0 17
2014-07-09T00:00:00Z 29 127 120 9 0 2 75.250000 65.940000 0.730000 -1.000000 -1.000000 1.990000 49.000000 13 15 25 4 0 58 52 -1 129 4 0 2 34 88 60 3 0 50 51 227 123 12 0 5
2014-07-09T01:00:00Z 33 138 109 12 0 2 75.220000 66.060000 0.730000 -1.000000 -1.000000 1.870000 1.000000 8 19 24 4 0 56 55 -1 122 6 0 2 40 83 64 2 0 30 45 78 95 13 0 14
2014-07-09T02:00:00Z 34 89 98 -1 0 2 72.930000 63.150000 0.710000 -1.000000 1004.160000 6.210000 348.000000 86 -1 56 11 0 42 51 -1 101 7 0 2 43 67 92 5 1 2 18 64 55 11 0 31
2014-07-09T23:00:00Z 45 132 121 13 0 9 75.250000 63.900000 0.680000 -1.000000 1002.100000 2.130000 224.000000 29 35 33 8 0 57 60 -1 119 6 0 8 31 87 86 4 0 28 59 244 108 15 0 24
2014-07-10T01:00:00Z 51 158 122 11 0 3 73.290000 65.910000 0.780000 -1.000000 -1.000000 1.860000 13.000000 17 36 30 9 0 51 43 -1 84 5 0 28 42 102 101 4 0 6 68 253 122 16 0 2
2014-07-10T01:00:00Z 51 158 122 11 0 3 73.290000 65.910000 0.780000 -1.000000 -1.000000 1.860000 13.000000 17 36 30 9 0 51 43 -1 84 5 0 28 42 102 101 4 0 6 68 253 122 16 0 2
2014-07-10T02:00:00Z 54 158 131 13 0 2 72.690000 64.850000 0.760000 -1.000000 1001.490000 1.650000 10.000000 21 44 37 8 0 40 54 -1 120 7 0 2 36 102 101 197 0 2 67 310 114 12 0 2
2014-07-12T07:00:00Z 9 61 67 7 0 9 79.070000 54.520000 0.430000 0.000000 -1.000000 9.000000 20.000000 5 20 16 2 0 76 15 -1 51 4 0 20 12 30 35 2 0 37 12 28 38 2 0 42
2014-07-12T08:00:00Z 7 32 45 7 0 34 80.280000 54.680000 0.410000 0.690000 1004.080000 8.410000 38.000000 4 6 14 2 0 80 15 -1 43 4 0 32 10 30 33 2 0 44 8 8 26 2 0 66
2014-07-12T09:00:00Z 8 -1 21 10 0 66 84.070000 54.530000 0.360000 0.000000 -1.000000 9.020000 21.000000 5 5 14 2 0 85 13 -1 37 4 0 48 12 21 24 2 0 62 8 9 13 2 0 90
2014-07-12T10:00:00Z 3 5 19 8 0 79 88.000000 54.680000 0.320000 0.000000 -1.000000 9.000000 40.000000 3 5 14 2 0 89 12 -1 23 3 0 73 5 14 17 2 0 78 6 13 12 2 0 97
2014-08-03T21:00:00Z 68 190 105 7 1 13 81.110000 73.240000 0.770000 0.000000 -1.000000 4.000000 130.000000 44 58 35 2 0 70 71 -1 70 2 0 75 69 161 72 2 1 75 37 50 21 2 0 102
2014-08-03T22:00:00Z 86 134 120 8 1 2 81.110000 73.240000 0.770000 0.000000 -1.000000 1.970000 158.000000 45 57 45 2 0 47 70 -1 75 2 0 69 76 76 66 2 1 77 38 -1 25 2 0 100
2014-08-03T23:00:00Z 75 -1 85 9 0 34 79.110000 75.200000 0.880000 0.000000 1001.300000 2.050000 72.000000 41 62 42 2 0 43 70 -1 52 2 0 74 69 -1 52 2 1 87 46 61 31 2 0 86
2014-08-04T00:00:00Z 72 118 105 9 0 11 81.040000 73.240000 0.770000 0.000000 -1.000000 1.880000 42.000000 67 115 36 2 0 57 81 -1 66 2 0 48 80 101 63 2 1 57 53 109 43 2 0 62
2014-08-05T00:00:00Z 33 79 62 5 0 2 68.000000 63.010000 0.840000 -1.000000 -1.000000 2.060000 19.000000 15 -1 29 2 0 20 11 -1 44 2 0 20 13 23 62 2 0 10 26 34 60 2 0 6
2014-08-05T01:00:00Z 29 52 60 4 0 2 68.000000 63.010000 0.840000 -1.000000 -1.000000 1.900000 28.000000 16 21 36 2 0 16 14 -1 61 2 0 2 24 -1 56 2 0 10 20 39 54 2 0 7
2014-08-05T02:00:00Z 20 33 54 4 0 2 67.480000 62.880000 0.850000 -1.000000 1007.000000 0.860000 297.000000 21 22 32 2 0 18 14 -1 41 4 0 12 19 28 54 2 0 8 20 53 54 2 0 2
2014-08-05T03:00:00Z 25 50 47 5 0 2 66.070000 63.990000 0.930000 -1.000000 -1.000000 6.610000 0.000000 20 21 27 2 0 15 12 -1 35 2 0 10 15 -1 49 2 0 14 24 41 44 2 0 3
2014-09-08T06:00:00Z 3 5 25 8 0 40 67.860000 43.330000 0.410000 0.000000 -1.000000 10.910000 331.000000 3 17 17 2 0 60 7 16 23 4 0 46 6 27 29 6 0 43 10 14 29 7 0 54
2014-09-08T08:00:00Z 10 31 36 10 0 29 71.830000 45.710000 0.390000 -1.000000 1012.110000 6.630000 0.000000 9 24 40 9 0 36 6 12 36 6 0 36 6 18 28 11 0 45 8 20 22 9 0 63
2014-09-08T08:00:00Z 10 31 36 10 0 29 71.830000 45.710000 0.390000 -1.000000 1012.110000 6.630000 0.000000 9 24 40 9 0 36 6 12 36 6 0 36 6 18 28 11 0 45 8 20 22 9 0 63
2014-09-08T12:00:00Z 11 -1 14 6 0 67 81.960000 40.620000 0.230000 -1.000000 -1.000000 4.000000 80.000000 3 8 8 8 0 79 3 8 11 5 0 73 3 5 11 4 0 76 5 7 12 5 0 88
2014-09-10T07:00:00Z 92 162 93 7 1 2 68.140000 60.990000 0.780000 0.000000 -1.000000 2.000000 90.000000 80 120 50 2 1 34 100 189 110 6 1 2 93 158 112 7 1 3 92 146 86 5 1 10
2014-09-10T09:00:00Z 104 167 85 14 1 12 75.140000 62.740000 0.650000 0.000000 -1.000000 4.000000 150.000000 85 128 44 9 1 64 114 179 99 3 1 8 109 168 108 15 1 13 104 145 84 10 1 33
2014-09-10T10:00:00Z 107 168 87 20 1 24 77.070000 58.900000 0.540000 0.000000 -1.000000 7.000000 160.000000 -1 -1 -1 -1 -1 -1 124 213 106 7 1 18 113 156 109 18 1 29 100 142 75 14 1 63
2014-09-10T11:00:00Z -1 -1 -1 25 1 41 78.800000 61.920000 0.560000 0.040000 1015.050000 3.970000 173.000000 78 122 21 22 1 144 125 173 96 9 1 49 124 164 107 22 1 48 112 158 90 15 1 72
2014-09-11T07:00:00Z 74 153 97 10 0 2 68.140000 61.050000 0.780000 0.000000 -1.000000 -1.000000 -1.000000 64 102 59 5 1 30 94 153 96 6 0 2 83 136 97 8 1 2 79 131 91 8 1 7
2014-09-11T09:00:00Z 81 172 93 12 1 2 73.220000 61.040000 0.660000 0.000000 -1.000000 9.000000 180.000000 72 111 47 11 1 49 92 166 93 7 1 2 91 158 97 14 1 5 87 143 83 10 1 17
2014-09-11T09:00:00Z 81 172 93 12 1 2 73.220000 61.040000 0.660000 0.000000 -1.000000 9.000000 180.000000 72 111 47 11 1 49 92 166 93 7 1 2 91 158 97 14 1 5 87 143 83 10 1 17
2014-09-11T10:00:00Z 86 178 94 16 1 6 75.070000 62.860000 0.660000 0.000000 -1.000000 4.030000 124.000000 -1 -1 -1 -1 -1 -1 95 201 93 8 1 12 99 156 96 21 1 13 84 139 71 14 1 39
2014-09-16T19:00:00Z 57 178 127 10 1 2 64.140000 55.090000 0.720000 0.000000 -1.000000 2.000000 150.000000 43 92 57 6 0 43 90 202 147 10 0 2 79 139 106 8 0 29 87 198 102 7 0 34
2014-09-16T21:00:00Z 67 149 106 10 0 2 65.930000 53.750000 0.650000 0.000000 -1.000000 11.000000 270.000000 43 87 60 3 0 19 70 184 94 9 0 2 65 121 90 8 0 11 77 171 98 5 0 6
2014-09-16T21:00:00Z 67 149 106 10 0 2 65.930000 53.750000 0.650000 0.000000 -1.000000 11.000000 270.000000 43 87 60 3 0 19 70 184 94 9 0 2 65 121 90 8 0 11 77 171 98 5 0 6
2014-09-16T22:00:00Z 60 142 98 9 0 2 63.960000 55.000000 0.730000 0.000000 -1.000000 6.760000 193.000000 24 58 30 2 0 37 64 136 96 10 0 2 70 129 92 8 0 4 77 164 90 4 0 2
2014-09-27T23:00:00Z 48 120 119 9 1 2 60.010000 50.170000 0.700000 0.500000 1017.530000 2.080000 159.000000 22 36 25 2 0 55 -1 -1 143 15 1 2 46 76 111 2 1 2 76 208 105 3 1 -1
2014-09-28T02:00:00Z 53 121 97 8 0 2 57.130000 50.370000 0.780000 0.500000 1017.850000 1.230000 116.000000 28 56 58 2 0 5 74 156 111 10 1 2 57 78 98 10 0 5 47 116 79 3 0 -1
2014-10-01T21:00:00Z 90 -1 90 7 1 2 52.470000 49.820000 0.910000 1.000000 1015.370000 2.490000 6.000000 70 -1 54 2 1 2 90 -1 65 5 1 2 98 -1 71 2 1 2 94 -1 70 2 1 2
2014-10-01T22:00:00Z 83 -1 87 7 0 2 52.510000 50.680000 0.930000 1.000000 1015.100000 2.530000 5.000000 73 -1 52 2 1 2 91 -1 63 3 1 2 94 -1 69 2 1 2 94 -1 69 2 1 2
2014-10-02T16:00:00Z 42 48 74 11 0 23 66.730000 50.980000 0.570000 0.020000 1012.980000 0.660000 218.000000 25 27 21 12 0 47 24 30 26 10 0 45 64 -1 57 6 0 56 69 74 47 3 0 87
2014-10-05T16:00:00Z 12 -1 30 3 0 58 68.790000 38.720000 0.330000 0.010000 1024.680000 5.450000 3.000000 3 5 7 2 0 82 14 -1 12 2 0 72 7 -1 15 2 0 74 10 -1 11 2 0 93
2014-10-05T19:00:00Z 16 54 62 4 0 28 59.940000 41.970000 0.510000 0.000000 1026.760000 4.350000 6.000000 8 16 22 2 0 59 14 42 47 2 0 32 17 24 39 2 0 48 14 67 49 2 0 45
