2014-01-04T11:00:00Z 111 142 71 51 2.850000 6
2014-01-04T10:00:00Z 99 134 71 44 3.016667 5
2014-01-04T09:00:00Z 87 121 67 38 2.866667 4
2014-01-04T08:00:00Z 71 101 65 34 2.816667 4
2014-01-04T07:00:00Z 66 93 62 29 2.650000 4
2014-01-04T06:00:00Z 64 84 61 24 2.400000 4
2014-01-06T11:00:00Z 126 148 59 49 2.072727 6
2014-01-06T10:00:00Z 128 142 61 52 2.227273 5
2014-01-06T09:00:00Z 125 136 61 52 2.227273 3
2014-01-06T08:00:00Z 119 134 61 50 2.366667 4
2014-01-06T07:00:00Z 115 151 60 46 2.108333 4
2014-01-06T06:00:00Z 116 141 60 44 2.208333 4
2014-01-14T21:00:00Z 103 120 91 62 2.366667 5
2014-01-14T20:00:00Z 101 123 93 61 2.308333 5
2014-01-14T19:00:00Z 105 117 96 64 2.209091 6
2014-01-14T18:00:00Z 84 105 89 60 1.900000 9
2014-01-14T17:00:00Z 85 97 83 67 1.850000 18
2014-01-22T16:00:00Z 108 124 104 72 1.741667 18
2014-01-22T15:00:00Z 107 122 98 77 1.741667 21
2014-01-22T14:00:00Z 100 115 88 77 1.641667 22
2014-01-22T13:00:00Z 96 106 75 76 1.633333 22
2014-01-22T12:00:00Z 93 108 70 77 1.675000 18
2014-01-22T11:00:00Z 84 105 70 75 1.825000 13
2014-01-29T11:00:00Z 83 119 60 94 1.908333 15
2014-01-29T10:00:00Z 87 122 64 79 2.250000 9
2014-01-29T09:00:00Z 79 103 63 62 2.166667 6
2014-01-29T08:00:00Z 73 95 64 50 2.200000 4
2014-01-29T07:00:00Z 71 89 63 44 2.075000 5
2014-01-29T06:00:00Z 69 85 63 40 2.150000 5
2014-01-30T18:00:00Z 50 84 50 28 0.900000 58
2014-01-30T17:00:00Z 27 52 35 19 0.583333 66
2014-01-30T16:00:00Z 19 40 31 15 0.516667 69
2014-01-30T15:00:00Z 13 23 22 12 0.416667 74
2014-01-30T14:00:00Z 11 16 19 12 0.400000 75
2014-01-30T13:00:00Z 10 14 18 12 0.400000 73
2014-01-31T16:00:00Z 113 142 42 65 1.225000 41
2014-01-31T15:00:00Z 104 127 40 67 1.166667 44
2014-01-31T14:00:00Z 92 114 35 68 1.125000 46
2014-01-31T13:00:00Z 83 106 35 69 1.091667 44
2014-01-31T12:00:00Z 87 113 35 72 1.125000 38
2014-01-31T11:00:00Z 97 133 39 73 1.191667 30
2014-02-05T22:00:00Z 117 131 62 55 1.466667 18
2014-02-05T21:00:00Z 104 107 57 53 1.408333 25
2014-02-05T20:00:00Z 96 100 57 56 1.300000 29
2014-02-05T19:00:00Z 95 105 51 61 1.158333 36
2014-02-05T18:00:00Z 92 103 46 62 1.083333 42
2014-02-05T17:00:00Z 94 106 42 60 1.066667 48
2014-02-11T14:00:00Z 95 99 78 64 1.733333 37
2014-02-11T13:00:00Z 84 85 69 63 1.558333 36
2014-02-11T12:00:00Z -1 -1 -1 -1 -1.000000 -1
2014-02-11T11:00:00Z 72 82 57 76 1.791667 31
2014-02-11T10:00:00Z 63 74 63 67 1.716667 14
2014-02-11T09:00:00Z 60 78 63 58 1.800000 9
2014-02-12T16:00:00Z 76 77 53 41 1.091667 51
2014-02-12T15:00:00Z 64 56 46 38 0.958333 55
2014-02-12T14:00:00Z 39 54 36 26 0.690909 58
2014-02-12T13:00:00Z 38 -1 32 24 0.709091 58
2014-02-12T12:00:00Z 38 159 40 33 0.966667 49
2014-02-12T11:00:00Z 57 69 54 45 1.454545 33
2014-02-19T22:00:00Z 116 131 87 46 1.590000 19
2014-02-19T21:00:00Z 99 115 84 40 1.360000 23
2014-02-19T20:00:00Z 58 73 74 27 0.910000 29
2014-02-19T19:00:00Z 31 43 63 19 0.700000 38
2014-02-19T18:00:00Z 23 27 50 16 0.500000 51
2014-02-19T17:00:00Z 20 17 34 14 0.366667 65
2014-03-01T22:00:00Z 78 120 88 40 1.341667 23
2014-03-01T21:00:00Z 68 106 87 30 1.241667 26
2014-03-01T20:00:00Z 53 86 75 22 1.050000 38
2014-03-01T19:00:00Z 44 70 60 17 0.841667 55
2014-03-01T18:00:00Z 32 56 42 12 0.608333 74
2014-03-01T17:00:00Z 21 45 31 10 0.518182 79
2014-03-16T16:00:00Z 101 241 47 65 1.416667 109
2014-03-16T15:00:00Z 87 206 49 67 1.483333 96
2014-03-16T14:00:00Z 80 175 49 65 1.516667 86
2014-03-16T13:00:00Z 75 152 47 60 1.500000 81
2014-03-16T12:00:00Z 71 145 49 61 1.625000 70
2014-03-16T11:00:00Z 74 140 57 67 1.800000 56
2014-03-27T20:00:00Z 119 187 89 37 1.925000 9
2014-03-27T19:00:00Z 112 168 87 39 1.766667 10
2014-03-27T18:00:00Z 103 149 81 40 1.616667 13
2014-03-27T17:00:00Z 104 151 76 40 1.500000 15
2014-03-28T18:00:00Z 103 177 52 25 1.275000 98
2014-03-28T17:00:00Z 73 138 37 15 0.716667 105
2014-03-28T16:00:00Z 59 113 32 10 0.491667 101
2014-03-28T15:00:00Z -1 -1 -1 -1 -1.000000 -1
2014-03-28T14:00:00Z 66 92 25 19 0.541667 94
2014-03-28T13:00:00Z 77 105 29 28 0.766667 82
2014-03-31T02:00:00Z 97 184 70 22 0.909091 39
2014-03-31T01:00:00Z 80 165 74 17 0.858333 39
2014-03-31T00:00:00Z 59 131 87 14 0.775000 20
2014-03-30T23:00:00Z 50 144 97 10 0.741667 15
2014-03-30T22:00:00Z 45 123 93 8 0.683333 19
2014-03-30T21:00:00Z 38 104 78 7 0.608333 35
2014-04-17T21:00:00Z 112 120 52 14 1.300000 76
2014-04-17T20:00:00Z 107 116 53 16 1.250000 90
2014-04-17T19:00:00Z 104 115 55 19 1.275000 101
2014-04-17T18:00:00Z 92 106 53 21 1.308333 109
2014-04-17T17:00:00Z 91 99 48 23 1.258333 115
2014-04-17T16:00:00Z 88 96 39 28 1.266667 118
2014-04-23T07:00:00Z 104 142 55 11 0.875000 28
2014-04-23T06:00:00Z 95 120 46 11 0.808333 39
2014-04-23T05:00:00Z 93 120 48 11 0.766667 41
2014-04-23T04:00:00Z 90 118 43 12 0.758333 49
2014-04-23T03:00:00Z 80 116 41 13 0.733333 61
2014-04-23T02:00:00Z 76 124 40 14 0.708333 67
2014-05-01T02:00:00Z 108 166 54 14 0.818182 78
2014-05-01T01:00:00Z 102 163 62 13 0.866667 80
2014-05-01T00:00:00Z -1 -1 -1 -1 -1.000000 -1
2014-04-30T23:00:00Z 91 154 58 14 0.800000 105
2014-04-30T22:00:00Z 87 147 59 14 0.791667 116
2014-04-30T21:00:00Z 88 152 54 15 0.766667 132
2014-05-15T13:00:00Z 60 206 45 10 0.427273 86
2014-05-15T12:00:00Z 44 140 51 11 0.509091 67
2014-05-15T11:00:00Z 37 110 58 10 0.566667 48
2014-05-15T10:00:00Z 32 89 62 7 0.608333 32
2014-05-15T09:00:00Z 33 94 62 6 0.581818 25
2014-05-15T08:00:00Z 35 87 61 7 0.566667 17
2014-05-18T17:00:00Z 94 168 32 37 0.809091 250
2014-05-18T16:00:00Z 89 148 34 34 0.733333 245
2014-05-18T15:00:00Z 88 124 35 30 0.736364 236
2014-05-18T14:00:00Z 88 140 46 27 0.809091 211
2014-05-18T13:00:00Z 77 117 57 23 0.881818 166
2014-05-18T12:00:00Z -1 -1 -1 -1 -1.000000 -1
2014-05-21T14:00:00Z 111 186 51 29 1.558333 208
2014-05-21T13:00:00Z 100 167 59 27 1.475000 167
2014-05-21T12:00:00Z -1 -1 -1 -1 -1.000000 -1
2014-05-21T11:00:00Z 95 133 50 27 1.325000 114
2014-05-21T10:00:00Z 94 138 53 28 1.333333 91
2014-05-21T09:00:00Z 91 128 57 31 1.383333 66
2014-05-25T04:00:00Z 110 116 31 2 1.241667 26
2014-05-25T03:00:00Z 102 -1 36 2 1.272727 28
2014-05-25T02:00:00Z 98 -1 44 3 1.425000 24
2014-05-25T01:00:00Z 90 -1 42 2 1.375000 29
2014-05-25T00:00:00Z 87 -1 34 2 1.150000 42
2014-05-24T23:00:00Z 86 -1 31 2 1.033333 49
2014-06-16T21:00:00Z 116 137 40 3 1.025000 160
2014-06-16T20:00:00Z 115 137 35 3 0.983333 189
2014-06-16T19:00:00Z -1 -1 -1 -1 -1.000000 -1
2014-06-16T18:00:00Z 116 133 30 4 0.941667 221
2014-06-16T17:00:00Z 128 145 27 5 0.925000 226
2014-07-28T01:00:00Z 111 159 33 8 0.908333 122
2014-07-28T00:00:00Z 104 162 34 9 0.908333 141
2014-07-27T23:00:00Z 100 153 34 10 0.916667 157
2014-07-27T22:00:00Z 97 148 32 9 0.875000 171
2014-07-27T21:00:00Z 104 155 30 11 0.900000 193
2014-07-27T20:00:00Z 111 169 30 12 0.950000 220
2014-07-30T08:00:00Z 104 -1 30 2 1.225000 80
2014-07-30T07:00:00Z -1 -1 -1 -1 -1.000000 -1
2014-07-30T06:00:00Z 82 -1 17 2 0.866667 107
2014-07-30T05:00:00Z 69 60 17 2 0.775000 101
2014-07-30T04:00:00Z -1 -1 -1 -1 -1.000000 -1
2014-07-30T03:00:00Z 56 -1 13 2 0.708333 121
2014-08-20T03:00:00Z -1 -1 -1 -1 -1.000000 -1
2014-08-20T02:00:00Z 87 120 34 8 0.833333 83
2014-08-20T01:00:00Z -1 -1 -1 -1 -1.000000 -1
2014-08-20T00:00:00Z 86 125 43 10 0.916667 101
2014-08-19T23:00:00Z 84 132 41 11 0.950000 122
2014-08-19T22:00:00Z 84 128 40 11 0.958333 140
2014-08-21T01:00:00Z 108 148 45 10 1.008333 90
2014-08-21T00:00:00Z 103 140 43 10 0.983333 107
2014-08-20T23:00:00Z -1 -1 -1 -1 -1.000000 -1
2014-08-20T22:00:00Z 96 139 41 11 1.008333 130
2014-08-20T21:00:00Z 93 142 41 13 1.025000 149
2014-08-20T20:00:00Z 99 146 38 18 1.141667 186
2014-08-30T02:00:00Z 96 127 63 3 1.036364 42
2014-08-30T01:00:00Z -1 -1 -1 -1 -1.000000 -1
2014-08-30T00:00:00Z 88 122 58 3 1.100000 60
2014-08-29T23:00:00Z 96 123 60 3 1.154545 68
2014-08-29T22:00:00Z 92 131 68 3 1.181818 69
2014-08-29T21:00:00Z 95 124 55 4 1.183333 91
2014-09-01T09:00:00Z 106 100 56 4 1.900000 20
2014-09-01T08:00:00Z 92 100 53 3 1.850000 14
2014-09-01T07:00:00Z -1 -1 -1 -1 -1.000000 -1
2014-09-01T06:00:00Z 85 62 49 2 1.650000 14
2014-09-01T05:00:00Z 82 57 51 2 1.483333 14
2014-09-01T04:00:00Z 79 82 48 2 1.325000 20
2014-09-05T20:00:00Z 113 193 39 11 1.150000 176
2014-09-05T19:00:00Z -1 -1 -1 -1 -1.000000 -1
2014-09-05T18:00:00Z 78 114 26 10 0.900000 202
2014-09-05T17:00:00Z 78 115 21 11 0.866667 216
2014-09-05T16:00:00Z 82 116 19 12 0.933333 224
2014-09-05T15:00:00Z -1 -1 -1 -1 -1.000000 -1
2014-09-25T08:00:00Z 75 106 50 3 1.325000 3
2014-09-25T07:00:00Z -1 -1 -1 -1 -1.000000 -1
2014-09-25T06:00:00Z 63 89 42 3 1.133333 3
2014-09-25T05:00:00Z 66 70 42 3 1.108333 3
2014-09-25T04:00:00Z 71 87 44 3 1.091667 4
2014-09-25T03:00:00Z 73 91 46 3 1.109091 4
2014-10-07T13:00:00Z 104 137 77 18 1.100000 59
2014-10-07T12:00:00Z 88 127 72 16 1.100000 41
2014-10-07T11:00:00Z 65 100 63 10 0.908333 18
2014-10-07T10:00:00Z 65 100 63 10 0.908333 18
2014-10-17T14:00:00Z 97 181 108 19 1.018182 63
2014-10-17T13:00:00Z 91 161 102 19 1.018182 51
2014-10-17T12:00:00Z 86 158 97 19 1.009091 35
2014-10-17T11:00:00Z 81 161 85 18 0.981818 25
2014-10-17T10:00:00Z -1 -1 -1 -1 -1.000000 -1
2014-10-17T09:00:00Z 73 171 74 12 1.190000 8
2014-10-18T08:00:00Z 88 150 77 6 1.141667 6
2014-10-18T07:00:00Z 91 131 82 5 1.175000 6
2014-10-18T06:00:00Z -1 -1 -1 -1 -1.000000 -1
2014-10-18T05:00:00Z 109 171 100 6 1.390909 5
2014-10-29T15:00:00Z 107 155 88 26 1.080000 54
2014-10-29T14:00:00Z 99 136 79 24 1.060000 55
2014-10-29T13:00:00Z -1 -1 -1 -1 -1.000000 -1
2014-10-29T12:00:00Z 95 135 76 21 1.070000 31
2014-10-29T11:00:00Z 98 144 80 16 1.111111 14
2014-10-29T10:00:00Z 97 157 76 13 1.180000 8
