2013-12-26T10:00:00Z 10 28 20 12 0.441667 53
2013-12-26T09:00:00Z 11 20 25 12 0.433333 47
2013-12-26T08:00:00Z 8 16 27 11 0.425000 44
2013-12-26T07:00:00Z 7 14 20 10 0.366667 50
2013-12-26T06:00:00Z 7 15 17 13 0.375000 53
2013-12-26T05:00:00Z 6 13 12 7 0.300000 59
2014-01-03T01:00:00Z 126 164 89 78 3.058333 16
2014-01-03T00:00:00Z 151 195 105 89 4.108333 9
2014-01-02T23:00:00Z 167 241 120 82 4.658333 5
2014-01-02T22:00:00Z 166 220 123 88 4.591667 5
2014-01-02T21:00:00Z 162 238 123 82 4.408333 5
2014-01-02T20:00:00Z 156 229 122 79 4.208333 5
2014-01-06T03:00:00Z 128 152 69 45 2.683333 2
2014-01-06T02:00:00Z 130 156 72 47 3.050000 3
2014-01-06T01:00:00Z 127 166 75 40 3.150000 3
2014-01-06T00:00:00Z 125 154 78 44 3.266667 4
2014-01-05T23:00:00Z 122 170 80 47 3.358333 4
2014-01-11T05:00:00Z 107 122 86 73 3.658333 7
2014-01-11T04:00:00Z 115 157 81 80 3.716667 7
2014-01-11T03:00:00Z 100 120 91 69 3.791667 6
2014-01-11T02:00:00Z 99 121 82 63 3.041667 5
2014-01-11T01:00:00Z 95 142 88 67 2.866667 5
2014-01-11T00:00:00Z 92 123 89 70 2.566667 6
2014-01-11T23:00:00Z 98 119 74 58 1.858333 20
2014-01-11T22:00:00Z 150 139 96 78 2.950000 16
2014-01-11T21:00:00Z 185 183 107 90 3.075000 9
2014-01-11T20:00:00Z 196 204 119 103 3.025000 8
2014-01-11T19:00:00Z 184 230 123 109 3.158333 6
2014-01-11T18:00:00Z 164 202 121 97 2.700000 5
2014-01-15T07:00:00Z 67 84 75 57 2.825000 5
2014-01-15T06:00:00Z 86 105 80 64 3.216667 5
2014-01-15T05:00:00Z 105 129 86 71 3.575000 5
2014-01-15T04:00:00Z 115 151 94 74 3.681818 6
2014-01-15T03:00:00Z 104 147 89 72 3.383333 6
2014-01-15T02:00:00Z 101 136 87 60 3.050000 5
2014-01-24T15:00:00Z 68 87 61 38 1.433333 28
2014-01-24T14:00:00Z 93 120 71 48 1.718182 25
2014-01-24T13:00:00Z 150 159 94 78 2.590909 12
2014-01-24T12:00:00Z 189 190 105 98 3.316667 8
2014-01-24T11:00:00Z 194 212 102 106 3.416667 9
2014-01-24T10:00:00Z 197 214 102 106 3.566667 8
2014-01-30T03:00:00Z 105 116 53 55 1.741667 25
2014-01-30T02:00:00Z 155 176 71 82 2.741667 15
2014-01-30T01:00:00Z 176 186 82 89 2.841667 10
2014-01-30T00:00:00Z 182 199 90 96 2.872727 7
2014-01-29T23:00:00Z 195 206 93 96 3.008333 7
2014-01-29T22:00:00Z 200 208 100 96 3.250000 6
2014-01-31T07:00:00Z 113 144 52 65 1.558333 12
2014-01-31T06:00:00Z 131 164 53 67 1.750000 11
2014-01-31T05:00:00Z 156 191 54 65 1.833333 11
2014-01-31T04:00:00Z 177 221 51 56 1.641667 12
2014-01-31T03:00:00Z 228 286 46 55 1.466667 12
2014-01-31T02:00:00Z 276 355 45 60 1.316667 13
2014-02-02T09:00:00Z 117 144 51 42 2.091667 18
2014-02-02T08:00:00Z 139 158 57 31 2.591667 8
2014-02-02T07:00:00Z -1 -1 -1 -1 -1.000000 -1
2014-02-02T06:00:00Z 155 164 57 28 2.708333 3
2014-02-02T05:00:00Z 155 165 55 28 2.616667 3
2014-02-02T04:00:00Z 149 161 56 27 2.441667 4
2014-02-12T09:00:00Z 96 104 71 58 2.191667 13
2014-02-12T08:00:00Z 110 122 83 53 2.533333 8
2014-02-12T07:00:00Z 115 135 84 46 2.550000 6
2014-02-12T06:00:00Z 122 88 79 49 2.566667 6
2014-02-12T05:00:00Z 128 -1 87 51 2.375000 7
2014-02-12T04:00:00Z 147 -1 81 61 2.425000 2
2014-02-17T02:00:00Z 175 -1 72 73 2.314286 13
2014-02-17T01:00:00Z 199 -1 81 79 2.360000 10
2014-02-17T00:00:00Z 227 -1 98 87 2.770000 9
2014-02-16T23:00:00Z 250 -1 102 84 3.130000 8
2014-02-16T22:00:00Z 276 -1 106 84 3.350000 7
2014-02-16T21:00:00Z 277 314 109 80 3.270000 8
2014-03-04T05:00:00Z 75 208 55 35 1.300000 23
2014-03-04T04:00:00Z 169 235 77 71 2.450000 11
2014-03-04T03:00:00Z 203 269 82 72 2.911111 9
2014-03-04T02:00:00Z 238 285 93 83 3.708333 5
2014-03-04T01:00:00Z 239 296 98 98 3.916667 5
2014-03-04T00:00:00Z 231 285 99 99 3.933333 5
2014-03-14T00:00:00Z 22 237 11 4 0.308333 75
2014-03-13T23:00:00Z 32 349 13 3 0.316667 76
2014-03-13T22:00:00Z 33 360 21 7 0.391667 71
2014-03-13T21:00:00Z 33 201 35 13 0.516667 61
2014-03-16T06:00:00Z 117 172 96 112 3.458333 8
2014-03-16T05:00:00Z 124 201 97 95 3.475000 8
2014-03-16T04:00:00Z 129 196 101 97 3.241667 8
2014-03-16T03:00:00Z 136 181 102 105 2.990909 8
2014-03-16T02:00:00Z 143 199 105 97 3.008333 10
2014-03-16T01:00:00Z 172 244 115 83 2.825000 8
2014-03-17T17:00:00Z 24 259 14 5 0.258333 77
2014-03-17T16:00:00Z 27 237 13 5 0.258333 79
2014-03-17T15:00:00Z 33 276 12 6 0.258333 81
2014-03-17T14:00:00Z 36 299 13 7 0.275000 78
2014-03-17T13:00:00Z -1 -1 -1 -1 -1.000000 -1
2014-03-17T12:00:00Z 52 312 24 13 0.466667 63
2014-03-28T12:00:00Z 98 124 38 29 1.090909 67
2014-03-28T11:00:00Z 122 122 46 28 1.258333 47
2014-03-28T10:00:00Z 144 149 58 20 1.608333 28
2014-03-28T09:00:00Z 131 147 67 16 1.783333 11
2014-03-28T08:00:00Z 137 156 68 14 1.750000 7
2014-03-28T07:00:00Z 140 175 69 16 1.883333 7
2014-03-29T01:00:00Z 133 147 81 15 2.166667 15
2014-03-29T00:00:00Z 153 170 94 17 2.458333 14
2014-03-28T23:00:00Z 154 196 99 22 2.525000 14
2014-03-28T22:00:00Z 168 200 99 27 2.616667 15
2014-03-28T21:00:00Z 163 197 97 31 2.516667 27
2014-03-28T20:00:00Z 150 195 82 31 2.216667 52
2014-04-01T14:00:00Z -1 -1 -1 -1 -1.000000 -1
2014-04-01T13:00:00Z 146 159 66 28 1.050000 109
2014-04-01T12:00:00Z 148 154 64 34 1.116667 90
2014-04-01T11:00:00Z 166 139 64 38 1.250000 71
2014-04-01T10:00:00Z 184 201 74 33 1.463636 41
2014-04-01T09:00:00Z 171 195 74 21 1.491667 25
2014-04-02T10:00:00Z 111 135 60 27 0.872727 64
2014-04-02T09:00:00Z 133 204 87 30 1.181818 25
2014-04-02T08:00:00Z 120 195 97 23 1.290909 12
2014-04-02T07:00:00Z 108 156 91 13 1.181818 12
2014-04-02T20:00:00Z 111 190 55 23 1.133333 84
2014-04-02T19:00:00Z 124 225 52 28 1.300000 103
2014-04-02T18:00:00Z 129 289 50 32 1.491667 116
2014-04-02T17:00:00Z 113 255 41 32 1.483333 141
2014-04-15T08:00:00Z 140 180 87 9 1.241667 14
2014-04-15T07:00:00Z 140 180 87 9 1.241667 14
2014-04-15T06:00:00Z 140 180 87 9 1.241667 14
2014-04-15T05:00:00Z 140 180 87 9 1.241667 14
2014-04-15T04:00:00Z 133 175 77 10 1.127273 27
2014-04-15T03:00:00Z 134 135 65 12 1.109091 44
2014-04-23T19:00:00Z 126 165 38 27 0.966667 139
2014-04-23T18:00:00Z 148 174 37 38 1.166667 155
2014-04-23T17:00:00Z 155 174 35 39 1.183333 163
2014-04-23T16:00:00Z 170 163 32 36 1.191667 170
2014-04-23T15:00:00Z 176 164 32 35 1.175000 159
2014-04-23T14:00:00Z 174 192 34 34 1.225000 138
2014-04-25T21:00:00Z 100 264 25 5 0.390909 74
2014-04-25T20:00:00Z 108 278 30 6 0.408333 75
2014-04-25T19:00:00Z 110 270 36 8 0.433333 78
2014-04-25T18:00:00Z 111 260 34 12 0.508333 100
2014-04-25T17:00:00Z 111 183 30 20 0.608333 163
2014-05-01T17:00:00Z 139 205 26 30 0.983333 181
2014-05-01T16:00:00Z 163 200 27 39 1.183333 200
2014-05-01T15:00:00Z 161 209 26 39 1.150000 197
2014-05-01T14:00:00Z 162 198 28 38 1.100000 186
2014-05-01T13:00:00Z 168 211 33 35 1.091667 167
2014-05-01T12:00:00Z 165 217 37 34 1.008333 150
2014-05-07T08:00:00Z 108 172 69 25 1.209091 35
2014-05-07T07:00:00Z 122 183 82 21 1.645455 18
2014-05-07T06:00:00Z 120 162 77 17 1.818182 17
2014-05-07T05:00:00Z 119 149 77 20 1.827273 20
2014-05-07T04:00:00Z 117 150 69 22 1.972727 23
2014-05-07T03:00:00Z 117 155 76 28 1.990000 24
2014-05-16T07:00:00Z 63 186 73 13 0.750000 29
2014-05-16T06:00:00Z 68 203 78 14 0.791667 28
2014-05-16T05:00:00Z 77 215 91 13 0.808333 23
2014-05-16T04:00:00Z 78 217 84 13 0.875000 19
2014-05-16T03:00:00Z 85 221 89 17 0.900000 21
2014-05-18T23:00:00Z 121 210 45 27 1.025000 153
2014-05-18T22:00:00Z -1 -1 -1 -1 -1.000000 -1
2014-05-18T21:00:00Z 142 234 44 38 1.145455 197
2014-05-18T20:00:00Z 151 266 42 47 1.275000 227
2014-05-18T19:00:00Z 141 261 41 52 1.266667 254
2014-05-18T18:00:00Z 117 223 34 48 1.033333 258
2014-05-20T07:00:00Z 81 111 41 9 0.916667 71
2014-05-20T06:00:00Z 127 169 49 9 1.191667 79
2014-05-20T05:00:00Z 170 223 79 10 1.491667 68
2014-05-20T04:00:00Z 192 257 72 13 1.641667 64
2014-05-20T03:00:00Z 194 262 81 15 1.591667 56
2014-05-20T02:00:00Z 183 250 81 14 1.550000 69
2014-05-21T01:00:00Z 99 125 54 19 1.225000 70
2014-05-21T00:00:00Z 113 165 52 21 1.591667 91
2014-05-20T23:00:00Z 111 182 48 22 1.700000 120
2014-05-20T22:00:00Z 111 241 50 21 1.775000 143
2014-05-22T13:00:00Z 178 188 38 88 1.772727 262
2014-05-22T12:00:00Z -1 -1 -1 -1 -1.000000 -1
2014-05-22T11:00:00Z 283 351 78 110 2.790000 150
2014-05-22T10:00:00Z 280 361 84 102 2.790000 98
2014-05-22T09:00:00Z 262 347 85 86 2.518182 57
2014-05-22T08:00:00Z 231 311 85 69 2.133333 30
2014-05-25T11:00:00Z 126 426 18 2 0.266667 80
2014-05-25T10:00:00Z 148 463 33 3 0.433333 61
2014-05-25T09:00:00Z -1 -1 -1 -1 -1.000000 -1
2014-05-25T08:00:00Z 139 211 36 4 0.966667 36
2014-05-25T07:00:00Z 125 159 37 2 1.300000 16
2014-05-25T06:00:00Z 124 161 33 2 1.308333 18
2014-06-17T04:00:00Z -1 -1 -1 -1 -1.000000 -1
2014-06-17T03:00:00Z 146 234 17 8 0.845455 127
2014-06-17T02:00:00Z 196 245 24 8 1.100000 127
2014-06-17T01:00:00Z 207 242 31 7 1.225000 127
2014-06-17T00:00:00Z 169 204 39 4 1.241667 118
2014-06-16T23:00:00Z -1 -1 -1 -1 -1.000000 -1
2014-06-17T16:00:00Z 138 170 32 4 1.130000 185
2014-06-17T15:00:00Z 138 140 31 6 1.136364 181
2014-06-17T14:00:00Z 119 137 33 5 1.100000 161
2014-06-17T13:00:00Z 100 130 37 5 1.066667 134
2014-07-05T11:00:00Z -1 -1 -1 -1 -1.000000 -1
2014-07-05T10:00:00Z 143 129 45 6 1.525000 91
2014-07-05T09:00:00Z 148 164 50 4 1.516667 61
2014-07-05T08:00:00Z 149 211 50 3 1.408333 41
2014-07-05T07:00:00Z 145 193 50 3 1.300000 27
2014-07-18T19:00:00Z 126 155 29 4 1.200000 200
2014-07-18T18:00:00Z 122 128 25 5 1.225000 213
2014-07-18T17:00:00Z -1 -1 -1 -1 -1.000000 -1
2014-07-18T16:00:00Z 131 155 22 7 1.527273 222
2014-07-18T15:00:00Z -1 -1 -1 -1 -1.000000 -1
2014-07-18T14:00:00Z 172 176 34 10 1.808333 222
2014-07-29T12:00:00Z 119 -1 19 4 0.775000 181
2014-07-29T11:00:00Z 147 162 25 6 0.875000 168
2014-07-29T10:00:00Z -1 -1 -1 -1 -1.000000 -1
2014-07-29T09:00:00Z 193 213 46 10 1.133333 96
2014-07-29T08:00:00Z -1 -1 -1 -1 -1.000000 -1
2014-07-29T07:00:00Z 182 206 42 7 1.072727 72
2014-08-03T15:00:00Z -1 -1 -1 -1 -1.000000 -1
2014-08-03T14:00:00Z 114 139 22 3 1.000000 222
2014-08-03T13:00:00Z 121 146 21 3 1.009091 224
2014-08-03T12:00:00Z 122 142 28 3 1.041667 190
2014-08-03T11:00:00Z 112 134 31 3 0.983333 146
2014-08-03T10:00:00Z -1 -1 -1 -1 -1.000000 -1
2014-08-09T12:00:00Z -1 -1 -1 -1 -1.000000 -1
2014-08-09T11:00:00Z 121 137 47 18 1.408333 146
2014-08-09T10:00:00Z -1 -1 -1 -1 -1.000000 -1
2014-08-09T09:00:00Z 140 197 69 16 1.533333 66
2014-08-09T08:00:00Z 131 181 77 13 1.550000 40
2014-08-19T11:00:00Z 112 137 47 8 1.141667 154
2014-08-19T10:00:00Z -1 -1 -1 -1 -1.000000 -1
2014-08-19T09:00:00Z 121 157 74 7 1.291667 56
2014-08-19T08:00:00Z 109 142 73 4 1.233333 31
2014-08-20T18:00:00Z -1 -1 -1 -1 -1.000000 -1
2014-08-20T17:00:00Z 111 150 25 31 1.391667 257
2014-08-20T16:00:00Z -1 -1 -1 -1 -1.000000 -1
2014-08-20T15:00:00Z 99 160 23 26 1.200000 250
2014-08-20T14:00:00Z -1 -1 -1 -1 -1.000000 -1
2014-08-21T21:00:00Z 120 153 30 11 1.100000 148
2014-08-21T20:00:00Z 159 221 42 15 1.530000 191
2014-08-21T19:00:00Z 145 193 38 14 1.410000 223
2014-08-21T18:00:00Z 144 194 34 13 1.310000 259
2014-08-21T17:00:00Z 141 176 33 12 1.200000 272
2014-08-21T16:00:00Z 160 206 39 12 1.216667 280
2014-08-23T22:00:00Z 131 192 47 4 1.241667 106
2014-08-23T21:00:00Z 131 183 46 4 1.250000 127
2014-08-23T20:00:00Z 124 161 39 5 1.200000 155
2014-08-23T19:00:00Z 116 159 34 6 1.116667 188
2014-08-30T23:00:00Z 116 -1 35 3 1.150000 77
2014-08-30T22:00:00Z 132 156 49 3 1.358333 53
2014-08-30T21:00:00Z 136 150 58 4 1.550000 49
2014-08-30T20:00:00Z 138 154 62 4 1.725000 53
2014-08-30T19:00:00Z 141 186 57 5 1.941667 65
2014-08-30T18:00:00Z 146 176 54 7 2.141667 71
2014-09-07T22:00:00Z 133 178 45 7 1.416667 93
2014-09-07T21:00:00Z 130 175 38 9 1.366667 120
2014-09-07T20:00:00Z 129 161 40 11 1.366667 139
2014-09-07T19:00:00Z 127 171 32 12 1.333333 165
2014-09-21T06:00:00Z 90 96 48 17 2.316667 31
2014-09-21T05:00:00Z 114 106 46 14 2.183333 32
2014-09-21T04:00:00Z 138 122 46 10 1.900000 31
2014-09-21T03:00:00Z 149 118 45 7 1.727273 35
2014-09-21T02:00:00Z 169 179 47 6 1.525000 37
2014-09-21T01:00:00Z -1 -1 -1 -1 -1.000000 -1
2014-09-25T23:00:00Z -1 -1 -1 -1 -1.000000 -1
2014-09-25T22:00:00Z 138 204 63 4 1.458333 47
2014-09-25T21:00:00Z 140 138 68 4 1.408333 40
2014-09-25T20:00:00Z 136 153 71 3 1.345455 38
2014-09-25T19:00:00Z 131 143 61 3 1.241667 52
2014-09-25T18:00:00Z 134 142 52 4 1.172727 70
2014-09-26T23:00:00Z 131 -1 73 4 1.833333 8
2014-09-26T22:00:00Z 148 -1 78 4 1.925000 6
2014-09-26T21:00:00Z 155 -1 84 4 1.916667 5
2014-09-26T20:00:00Z 153 149 86 5 1.966667 6
2014-09-26T19:00:00Z 167 153 83 6 1.983333 14
2014-09-26T18:00:00Z 168 -1 78 7 1.983333 21
2014-10-11T19:00:00Z -1 -1 -1 -1 -1.000000 -1
2014-10-11T18:00:00Z 154 -1 61 8 1.363636 38
2014-10-11T17:00:00Z 234 -1 76 8 1.809091 51
2014-10-11T16:00:00Z -1 -1 -1 -1 -1.000000 -1
2014-10-11T15:00:00Z 239 -1 62 11 1.845455 73
2014-10-11T14:00:00Z -1 -1 -1 -1 -1.000000 -1
2014-10-20T23:00:00Z 129 -1 63 9 1.300000 22
2014-10-20T22:00:00Z 181 218 70 9 1.630000 25
2014-10-20T21:00:00Z 215 222 74 6 1.780000 29
2014-10-20T20:00:00Z 220 234 87 4 1.830000 31
