2013-12-26T10:00:00Z 16 -1 12 12 0 -1
2013-12-26T09:00:00Z 21 25 18 12 0 -1
2013-12-26T08:00:00Z 19 -1 20 11 0 -1
2013-12-26T07:00:00Z 18 -1 15 11 0 -1
2013-12-26T06:00:00Z 19 -1 7 10 0 -1
2013-12-26T05:00:00Z 19 -1 9 11 0 -1
2014-01-03T01:00:00Z 174 181 160 51 3 -1
2014-01-03T00:00:00Z 216 254 164 48 5 -1
2014-01-02T23:00:00Z 209 243 169 51 5 -1
2014-01-02T22:00:00Z 213 249 176 52 5 -1
2014-01-02T21:00:00Z 200 262 179 47 5 -1
2014-01-02T20:00:00Z 195 266 184 46 5 -1
2014-01-11T05:00:00Z 132 182 92 118 5 -1
2014-01-11T04:00:00Z 147 189 98 136 5 -1
2014-01-11T03:00:00Z 181 -1 118 -1 6 -1
2014-01-11T02:00:00Z 150 -1 117 115 6 -1
2014-01-11T01:00:00Z 149 -1 117 101 4 -1
2014-01-11T00:00:00Z 142 -1 108 102 4 -1
2014-01-15T07:00:00Z 121 146 89 96 5 -1
2014-01-15T06:00:00Z 145 168 98 102 6 -1
2014-01-15T05:00:00Z 149 186 102 96 6 -1
2014-01-15T04:00:00Z 162 215 109 108 6 -1
2014-01-15T03:00:00Z 148 185 108 103 5 -1
2014-01-15T02:00:00Z 134 188 103 83 5 -1
2014-01-24T15:00:00Z 139 154 140 80 3 2
2014-01-24T14:00:00Z 198 238 151 106 4 1
2014-01-24T13:00:00Z 199 207 142 120 4 1
2014-01-24T12:00:00Z 242 256 152 163 5 1
2014-01-24T11:00:00Z 252 290 150 156 5 1
2014-01-24T10:00:00Z 242 274 146 150 5 1
2014-01-27T14:00:00Z 176 194 136 151 2 13
2014-01-27T13:00:00Z 154 176 109 116 2 12
2014-01-27T12:00:00Z 154 159 94 113 2 10
2014-01-27T11:00:00Z 147 159 98 99 2 4
2014-01-27T10:00:00Z 127 154 99 89 3 1
2014-01-27T09:00:00Z 118 156 97 80 3 1
2014-01-30T03:00:00Z 155 -1 106 79 3 1
2014-01-30T02:00:00Z 172 181 109 95 2 1
2014-01-30T01:00:00Z 176 187 111 114 2 1
2014-01-30T00:00:00Z 178 194 118 119 2 1
2014-01-29T23:00:00Z 211 224 126 123 3 1
2014-01-29T22:00:00Z 218 228 136 125 4 1
2014-01-31T07:00:00Z 125 144 79 68 1 6
2014-01-31T06:00:00Z 123 151 80 68 1 3
2014-01-31T05:00:00Z 171 206 84 69 1 1
2014-01-31T04:00:00Z 255 300 -1 65 1 -1
2014-01-31T03:00:00Z 349 418 80 75 1 1
2014-01-31T02:00:00Z 254 326 76 51 1 3
2014-02-02T09:00:00Z 157 -1 89 60 2 2
2014-02-02T08:00:00Z 166 167 89 30 3 1
2014-02-02T07:00:00Z -1 -1 -1 -1 -1 -1
2014-02-02T06:00:00Z 174 -1 84 34 3 1
2014-02-02T05:00:00Z 172 -1 83 37 2 1
2014-02-02T04:00:00Z 169 170 84 38 2 1
2014-02-08T09:00:00Z 142 -1 82 48 2 4
2014-02-08T08:00:00Z 140 -1 88 21 2 1
2014-02-08T07:00:00Z 139 -1 89 23 2 1
2014-02-08T06:00:00Z 150 -1 89 28 2 1
2014-02-08T05:00:00Z 156 -1 83 25 2 1
2014-02-08T04:00:00Z 158 -1 -1 20 2 -1
2014-02-17T02:00:00Z 138 -1 115 79 -1 6
2014-02-17T01:00:00Z 160 -1 125 -1 2 4
2014-02-17T00:00:00Z 184 -1 131 78 2 6
2014-02-16T23:00:00Z 220 -1 140 85 2 2
2014-02-16T22:00:00Z 269 -1 145 86 3 1
2014-02-16T21:00:00Z 285 -1 150 87 3 2
2014-03-04T05:00:00Z 117 -1 133 57 2 2
2014-03-04T04:00:00Z 244 258 150 85 4 2
2014-03-04T03:00:00Z 270 320 157 87 5 2
2014-03-04T02:00:00Z 270 330 162 107 4 2
2014-03-04T01:00:00Z 262 323 163 115 4 2
2014-03-04T00:00:00Z 250 316 161 114 5 2
2014-03-09T15:00:00Z 149 167 92 64 1 60
2014-03-09T14:00:00Z 136 158 87 73 2 56
2014-03-09T13:00:00Z 168 179 93 85 2 44
2014-03-09T12:00:00Z 171 213 105 95 2 26
2014-03-09T11:00:00Z 140 180 106 87 2 9
2014-03-09T10:00:00Z 115 154 100 83 3 4
2014-03-11T20:00:00Z 200 232 161 95 2 5
2014-03-11T19:00:00Z 214 264 165 94 2 12
2014-03-11T18:00:00Z 174 210 115 77 2 52
2014-03-11T17:00:00Z -1 -1 -1 -1 -1 -1
2014-03-11T16:00:00Z 168 191 84 108 1 89
2014-03-11T15:00:00Z 206 220 101 129 2 69
2014-03-16T06:00:00Z 117 167 117 119 3 2
2014-03-16T05:00:00Z 144 208 126 75 3 2
2014-03-16T04:00:00Z 148 244 129 78 3 2
2014-03-16T03:00:00Z 115 168 120 103 3 2
2014-03-16T02:00:00Z 153 203 132 97 3 2
2014-03-16T01:00:00Z 165 252 140 102 2 2
2014-03-17T17:00:00Z 29 259 20 9 0 66
2014-03-17T16:00:00Z 30 274 17 11 0 71
2014-03-17T15:00:00Z 27 256 17 13 0 72
2014-03-17T14:00:00Z 37 335 16 13 0 71
2014-03-17T13:00:00Z -1 -1 -1 -1 -1 -1
2014-03-17T12:00:00Z 39 250 30 14 0 54
2014-03-29T01:00:00Z 130 -1 110 21 1 4
2014-03-29T00:00:00Z 166 220 131 22 2 2
2014-03-28T23:00:00Z 162 194 135 26 2 2
2014-03-28T22:00:00Z 164 208 137 30 2 2
2014-03-28T21:00:00Z 158 197 120 36 2 15
2014-03-28T20:00:00Z 146 210 113 34 2 32
2014-03-31T15:00:00Z 185 -1 117 52 2 73
2014-03-31T14:00:00Z 245 318 140 66 3 58
2014-03-31T13:00:00Z 243 313 139 63 3 45
2014-03-31T12:00:00Z 230 316 134 64 3 33
2014-03-31T11:00:00Z 205 371 139 52 2 20
2014-03-31T10:00:00Z 163 271 138 48 2 9
2014-04-01T13:00:00Z 150 -1 115 28 1 73
2014-04-01T12:00:00Z 139 -1 104 35 1 61
2014-04-01T11:00:00Z 161 -1 102 43 1 49
2014-04-01T10:00:00Z 206 -1 113 43 1 23
2014-04-01T09:00:00Z 205 303 117 28 1 4
2014-04-01T08:00:00Z -1 -1 -1 -1 -1 -1
2014-04-15T08:00:00Z 192 284 120 10 1 2
2014-04-15T07:00:00Z 192 284 120 10 1 2
2014-04-15T06:00:00Z 192 284 120 10 1 2
2014-04-15T05:00:00Z 192 284 120 10 1 2
2014-04-15T04:00:00Z 238 363 137 13 1 2
2014-04-15T03:00:00Z 308 417 136 15 1 2
2014-04-18T20:00:00Z 158 -1 113 25 1 27
2014-04-18T19:00:00Z 191 -1 108 14 1 37
2014-04-18T18:00:00Z 202 -1 66 11 1 96
2014-04-18T17:00:00Z -1 -1 -1 -1 -1 -1
2014-04-18T16:00:00Z -1 -1 -1 -1 -1 -1
2014-04-18T15:00:00Z 182 -1 66 16 1 98
2014-04-23T19:00:00Z 132 175 61 30 1 90
2014-04-23T18:00:00Z 151 171 62 39 1 100
2014-04-23T17:00:00Z 162 181 53 36 1 110
2014-04-23T16:00:00Z 157 158 50 31 1 114
2014-04-23T15:00:00Z 178 -1 46 34 1 109
2014-04-23T14:00:00Z 171 193 51 34 1 91
2014-05-01T17:00:00Z 158 177 39 39 1 135
2014-05-01T16:00:00Z 173 215 41 48 1 139
2014-05-01T15:00:00Z 167 219 42 45 1 133
2014-05-01T14:00:00Z 166 218 42 47 1 126
2014-05-01T13:00:00Z 164 202 40 42 1 120
2014-05-01T12:00:00Z 163 239 50 35 1 104
2014-05-07T08:00:00Z 126 147 90 33 1 14
2014-05-07T07:00:00Z 122 170 103 15 1 2
2014-05-07T06:00:00Z 118 171 106 10 1 2
2014-05-07T05:00:00Z 121 147 -1 12 2 2
2014-05-07T04:00:00Z 125 137 98 10 2 -1
2014-05-07T03:00:00Z 127 176 103 14 2 2
2014-05-20T07:00:00Z 123 -1 72 13 1 48
2014-05-20T06:00:00Z 178 249 124 9 1 10
2014-05-20T05:00:00Z 176 254 123 9 1 7
2014-05-20T04:00:00Z 173 246 118 9 1 15
2014-05-20T03:00:00Z 177 248 106 12 1 26
2014-05-20T02:00:00Z 183 288 130 11 1 16
2014-05-22T13:00:00Z 167 -1 48 37 1 239
2014-05-22T12:00:00Z -1 -1 -1 -1 -1 -1
2014-05-22T11:00:00Z 291 371 113 -1 2 115
2014-05-22T10:00:00Z 278 392 119 57 2 66
2014-05-22T09:00:00Z 256 387 110 49 2 40
2014-05-22T08:00:00Z 235 360 111 33 1 14
2014-05-25T11:00:00Z 116 383 19 5 0 71
2014-05-25T10:00:00Z 144 402 53 7 0 36
2014-05-25T09:00:00Z -1 -1 -1 -1 -1 -1
2014-05-25T08:00:00Z 124 135 33 9 0 46
2014-05-25T07:00:00Z 126 -1 39 5 0 15
2014-05-25T06:00:00Z 123 -1 33 5 0 15
2014-07-08T10:00:00Z 155 -1 52 20 0 82
2014-07-08T09:00:00Z 206 247 61 18 1 66
2014-07-08T08:00:00Z 142 166 57 13 1 48
2014-07-08T07:00:00Z 148 151 72 10 1 26
2014-07-08T06:00:00Z 155 -1 62 10 1 29
2014-07-08T05:00:00Z 162 -1 51 11 1 47
2014-07-18T19:00:00Z 119 154 47 9 0 156
2014-07-18T18:00:00Z 115 -1 42 9 0 160
2014-07-18T17:00:00Z -1 -1 -1 -1 -1 -1
2014-07-18T16:00:00Z 122 -1 34 9 0 158
2014-07-18T15:00:00Z -1 -1 -1 -1 -1 -1
2014-07-18T14:00:00Z 181 -1 51 11 1 181
2014-07-28T12:00:00Z 144 -1 39 18 1 192
2014-07-28T11:00:00Z 181 -1 61 11 1 142
2014-07-28T10:00:00Z -1 -1 -1 -1 -1 -1
2014-07-28T09:00:00Z 171 216 61 13 0 62
2014-07-28T08:00:00Z 152 216 69 9 0 30
2014-07-28T07:00:00Z 151 178 70 8 0 23
2014-07-29T12:00:00Z 133 -1 25 8 0 147
2014-07-29T11:00:00Z 132 -1 34 11 0 128
2014-07-29T10:00:00Z -1 -1 -1 -1 -1 -1
2014-07-29T09:00:00Z 177 204 63 20 0 65
2014-07-29T08:00:00Z -1 -1 -1 -1 -1 -1
2014-07-29T07:00:00Z 161 192 55 11 0 48
2014-08-03T14:00:00Z 121 191 33 11 1 182
2014-08-03T13:00:00Z 124 -1 26 13 0 203
2014-08-03T12:00:00Z 126 -1 32 9 0 163
2014-08-03T11:00:00Z 123 -1 37 6 0 123
2014-08-03T10:00:00Z -1 -1 -1 -1 -1 -1
2014-08-03T09:00:00Z 161 -1 65 8 1 52
2014-08-21T21:00:00Z 143 -1 39 19 1 139
2014-08-21T20:00:00Z 166 237 70 16 1 143
2014-08-21T19:00:00Z 146 191 57 12 1 164
2014-08-21T18:00:00Z 153 211 42 9 1 198
2014-08-21T17:00:00Z 163 247 54 14 1 249
2014-08-21T16:00:00Z 196 288 70 16 1 270
2014-08-30T23:00:00Z 147 -1 73 8 1 19
2014-08-30T22:00:00Z 150 178 86 8 1 11
2014-08-30T21:00:00Z 148 170 81 8 1 7
2014-08-30T20:00:00Z 134 149 80 10 1 12
2014-08-30T19:00:00Z 139 -1 73 12 1 23
2014-08-30T18:00:00Z 144 165 74 12 2 35
2014-09-21T06:00:00Z 117 -1 48 19 2 21
2014-09-21T05:00:00Z 173 -1 52 11 1 16
2014-09-21T04:00:00Z 186 -1 50 10 1 -1
2014-09-21T03:00:00Z 189 -1 48 7 1 26
2014-09-21T02:00:00Z 212 214 70 -1 1 20
2014-09-21T01:00:00Z -1 -1 -1 -1 -1 -1
2014-09-25T22:00:00Z 147 -1 88 9 1 14
2014-09-25T21:00:00Z 138 149 89 8 1 14
2014-09-25T20:00:00Z 148 172 110 9 1 2
2014-09-25T19:00:00Z 142 162 94 7 1 19
2014-09-25T18:00:00Z 135 144 72 11 1 47
2014-09-25T17:00:00Z 153 -1 54 13 1 64
2014-09-26T23:00:00Z 145 -1 81 9 1 2
2014-09-26T22:00:00Z 149 -1 80 10 1 2
2014-09-26T21:00:00Z 152 -1 93 10 1 2
2014-09-26T20:00:00Z 163 -1 93 9 1 2
2014-09-26T19:00:00Z 172 -1 93 10 1 2
2014-09-26T18:00:00Z 184 -1 89 11 1 7
2014-10-11T18:00:00Z 235 -1 79 7 1 19
2014-10-11T17:00:00Z 319 -1 97 8 2 17
2014-10-11T16:00:00Z -1 -1 -1 -1 -1 -1
2014-10-11T15:00:00Z 316 -1 79 10 1 27
2014-10-11T14:00:00Z -1 -1 -1 -1 -1 -1
2014-10-11T13:00:00Z 293 -1 98 13 1 19
