2013-12-24T22:00:00Z 263 293 137 101 5.041667 5
2013-12-24T23:00:00Z 260 281 132 100 5.066667 6
2013-12-25T00:00:00Z 257 278 132 102 4.958333 5
2013-12-25T01:00:00Z 249 273 131 101 4.883333 5
2013-12-25T02:00:00Z 251 264 130 93 4.950000 5
2013-12-25T03:00:00Z 247 257 131 90 4.658333 5
2013-12-25T04:00:00Z 241 264 132 83 4.608333 6
2013-12-25T05:00:00Z 236 265 136 92 4.725000 5
2013-12-25T06:00:00Z 237 259 135 81 5.033333 5
2013-12-25T07:00:00Z 234 250 133 76 4.916667 5
2013-12-25T08:00:00Z 238 269 133 75 5.150000 5
2013-12-25T09:00:00Z 221 268 132 79 5.016667 7
2013-12-25T10:00:00Z 242 280 135 95 5.000000 6
2013-12-25T11:00:00Z 271 293 145 122 5.266667 8
2013-12-25T12:00:00Z 277 293 150 134 5.016667 11
2013-12-25T13:00:00Z 267 295 146 126 4.572727 14
2013-12-25T14:00:00Z 178 254 107 76 2.975000 26
2013-12-25T15:00:00Z 123 165 72 52 1.725000 37
2013-12-25T16:00:00Z 65 124 41 32 0.816667 47
2013-12-25T17:00:00Z 36 93 29 18 0.516667 52
2013-12-25T18:00:00Z -1 -1 -1 -1 -1.000000 -1
2013-12-25T19:00:00Z 36 244 18 8 0.333333 55
2013-12-25T20:00:00Z 25 159 16 6 0.350000 56
2013-12-25T21:00:00Z 17 87 13 4 0.290909 56
2013-12-25T22:00:00Z 17 64 10 4 0.272727 58
2013-12-25T23:00:00Z 11 44 11 4 0.281818 56
2013-12-26T00:00:00Z 12 32 12 6 0.283333 56
2013-12-26T01:00:00Z 9 19 12 6 0.341667 57
2013-12-26T02:00:00Z 9 14 13 7 0.325000 56
2013-12-26T03:00:00Z 9 18 15 7 0.333333 55
2013-12-26T04:00:00Z 7 15 14 6 0.291667 52
2014-01-02T14:00:00Z 117 158 91 91 2.916667 18
2014-01-02T15:00:00Z 125 162 103 90 2.925000 15
2014-01-02T16:00:00Z 120 171 113 88 3.041667 9
2014-01-02T17:00:00Z 130 185 120 81 3.258333 5
2014-01-02T18:00:00Z 135 203 124 78 3.625000 5
2014-01-02T19:00:00Z 149 217 122 78 3.866667 5
2014-01-04T12:00:00Z 119 147 70 57 2.991667 9
2014-01-04T13:00:00Z 135 164 73 61 3.075000 11
2014-01-04T14:00:00Z 150 175 79 62 2.490909 11
2014-01-04T15:00:00Z -1 -1 -1 -1 -1.000000 -1
2014-01-04T16:00:00Z 166 202 91 55 3.166667 7
2014-01-04T17:00:00Z 172 211 95 47 3.033333 5
2014-01-04T18:00:00Z 176 218 96 40 3.025000 4
2014-01-04T19:00:00Z 179 216 96 40 3.108333 4
2014-01-04T20:00:00Z 176 215 95 40 3.200000 4
2014-01-04T21:00:00Z 173 207 93 45 3.366667 4
2014-01-04T22:00:00Z 163 191 91 47 3.416667 4
2014-01-04T23:00:00Z 167 198 90 51 3.516667 4
2014-01-05T00:00:00Z 159 192 89 46 3.666667 4
2014-01-06T12:00:00Z 127 158 59 50 2.054545 8
2014-01-06T13:00:00Z -1 -1 -1 -1 -1.000000 -1
2014-01-06T14:00:00Z 145 160 60 52 2.009091 12
2014-01-06T15:00:00Z 150 166 64 53 2.025000 11
2014-01-06T16:00:00Z 151 167 68 53 2.050000 10
2014-01-06T17:00:00Z 152 161 73 48 2.008333 6
2014-01-10T23:00:00Z 96 130 90 72 2.566667 8
2014-01-13T19:00:00Z 126 170 101 69 2.158333 6
2014-01-14T22:00:00Z 104 126 91 64 2.575000 5
2014-01-14T23:00:00Z 107 131 91 64 2.700000 6
2014-01-15T00:00:00Z 105 128 89 62 2.650000 5
2014-01-15T01:00:00Z 106 119 87 62 2.808333 5
2014-01-15T23:00:00Z 437 470 150 136 5.341667 7
2014-01-16T00:00:00Z 466 492 152 139 5.683333 7
2014-01-16T01:00:00Z 481 531 148 135 5.875000 7
2014-01-16T02:00:00Z 479 521 141 106 6.225000 7
2014-01-16T03:00:00Z 447 473 139 101 6.300000 6
2014-01-16T04:00:00Z 420 482 156 99 6.191667 6
2014-01-16T05:00:00Z 442 497 136 94 6.183333 7
2014-01-16T06:00:00Z 435 500 136 92 5.700000 6
2014-01-16T07:00:00Z 403 457 133 106 5.341667 5
2014-01-16T08:00:00Z 365 416 128 99 4.945455 5
2014-01-16T18:00:00Z 267 318 126 118 3.216667 7
2014-01-16T19:00:00Z 322 385 125 110 3.566667 5
2014-01-16T20:00:00Z 352 398 123 114 4.241667 5
2014-01-16T21:00:00Z 370 418 119 107 4.825000 5
2014-01-16T22:00:00Z 333 378 108 91 4.383333 4
2014-01-16T23:00:00Z 311 348 103 93 4.341667 4
2014-01-17T00:00:00Z 316 349 100 102 4.591667 4
2014-01-17T01:00:00Z 296 341 94 103 4.391667 4
2014-01-17T02:00:00Z 276 350 88 99 4.150000 3
2014-01-17T03:00:00Z 257 327 84 91 3.766667 3
2014-01-17T04:00:00Z 221 304 77 81 3.175000 4
2014-01-17T05:00:00Z 161 284 68 78 2.300000 5
2014-01-17T06:00:00Z 114 -1 63 73 1.691667 6
2014-01-17T07:00:00Z -1 -1 -1 -1 -1.000000 -1
2014-01-17T16:00:00Z -1 -1 -1 -1 -1.000000 -1
2014-01-17T17:00:00Z 99 153 69 44 1.483333 34
2014-01-17T18:00:00Z 149 189 89 50 2.000000 18
2014-01-18T20:00:00Z 113 129 89 39 2.008333 18
2014-01-18T21:00:00Z 125 143 94 53 2.400000 8
2014-01-18T22:00:00Z 143 162 94 79 2.825000 6
2014-01-18T23:00:00Z 131 146 91 80 2.716667 5
2014-01-19T00:00:00Z 136 148 92 85 3.033333 5
2014-01-19T01:00:00Z 133 150 88 84 3.366667 5
2014-01-19T10:00:00Z 128 141 82 94 3.216667 4
2014-01-19T11:00:00Z 131 152 81 102 3.116667 6
2014-01-19T12:00:00Z 147 169 80 119 3.008333 11
2014-01-22T17:00:00Z 119 139 115 75 1.816667 12
2014-01-22T18:00:00Z 142 176 131 80 2.100000 5
2014-01-22T19:00:00Z 170 195 131 90 2.527273 4
2014-01-22T20:00:00Z 175 211 123 90 2.410000 3
2014-01-22T21:00:00Z 184 233 125 96 2.736364 4
2014-01-22T22:00:00Z 196 230 126 100 3.309091 4
2014-01-22T23:00:00Z 195 240 124 89 3.781818 4
2014-01-23T00:00:00Z 205 260 122 94 4.172727 5
2014-01-23T01:00:00Z 221 280 123 105 4.581818 5
2014-01-23T02:00:00Z 215 279 121 98 4.381818 4
2014-01-23T03:00:00Z 224 298 120 98 4.200000 3
2014-01-23T04:00:00Z 222 261 117 97 4.154545 4
2014-01-23T05:00:00Z 212 248 118 97 3.954545 4
2014-01-23T06:00:00Z 195 220 116 93 3.570000 4
2014-01-23T07:00:00Z 185 215 116 94 3.500000 3
2014-01-23T08:00:00Z 181 210 117 101 3.550000 3
2014-01-23T09:00:00Z 178 213 120 114 3.480000 4
2014-01-23T10:00:00Z 189 223 144 123 4.400000 1
2014-01-23T11:00:00Z 203 247 122 152 4.272727 6
2014-01-23T12:00:00Z 208 242 122 147 3.716667 9
2014-01-23T13:00:00Z 216 245 122 159 3.566667 10
2014-01-23T14:00:00Z 216 248 126 151 3.500000 11
2014-01-23T15:00:00Z 217 250 126 152 3.250000 11
2014-01-23T16:00:00Z 219 244 126 147 3.183333 9
2014-01-23T17:00:00Z 217 270 137 137 3.400000 6
2014-01-23T18:00:00Z 245 283 136 128 3.925000 4
2014-01-23T19:00:00Z 256 307 133 113 4.150000 4
2014-01-23T20:00:00Z 271 316 133 105 4.600000 5
2014-01-23T21:00:00Z 271 320 134 114 4.766667 5
2014-01-23T22:00:00Z 274 315 132 121 4.966667 5
2014-01-23T23:00:00Z 270 306 131 125 4.891667 4
2014-01-24T00:00:00Z 264 304 130 132 4.833333 4
2014-01-24T01:00:00Z 257 293 127 130 4.716667 4
2014-01-24T02:00:00Z 254 285 124 128 4.625000 4
2014-01-24T03:00:00Z 245 276 123 125 4.250000 4
2014-01-24T04:00:00Z 240 258 122 116 4.100000 4
2014-01-24T05:00:00Z 232 250 117 116 3.958333 4
2014-01-24T06:00:00Z 222 241 111 108 3.850000 4
2014-01-24T07:00:00Z 217 251 108 109 3.791667 4
2014-01-24T08:00:00Z 202 229 103 104 3.575000 6
2014-01-24T09:00:00Z 205 230 105 108 3.791667 7
2014-01-27T06:00:00Z 99 118 74 62 2.090909 5
2014-01-27T07:00:00Z 105 124 74 66 2.341667 5
2014-01-27T08:00:00Z 112 132 75 71 2.308333 5
2014-01-29T12:00:00Z 94 125 60 111 1.916667 21
2014-01-29T13:00:00Z -1 -1 -1 -1 -1.000000 -1
2014-01-29T14:00:00Z 134 155 71 111 1.950000 24
2014-01-29T15:00:00Z 155 182 80 107 2.018182 23
2014-01-29T16:00:00Z 163 189 84 99 2.091667 22
2014-01-29T17:00:00Z 165 197 92 91 2.216667 16
2014-01-29T18:00:00Z 175 202 99 75 2.408333 8
2014-01-29T19:00:00Z 187 213 102 74 2.725000 6
2014-01-29T20:00:00Z 189 213 100 75 2.816667 7
2014-01-29T21:00:00Z 192 213 100 80 2.966667 6
2014-01-30T19:00:00Z 80 120 60 43 1.150000 45
2014-01-30T20:00:00Z 138 235 65 70 1.808333 35
2014-01-30T21:00:00Z 154 242 59 67 1.766667 28
2014-01-30T22:00:00Z 135 213 53 59 1.516667 23
2014-01-30T23:00:00Z 144 211 51 53 1.391667 17
2014-01-31T00:00:00Z 152 221 49 45 1.208333 15
2014-01-31T01:00:00Z 311 452 49 81 1.133333 12
2014-01-31T17:00:00Z 122 148 46 61 1.283333 36
2014-02-01T04:00:00Z 152 164 59 57 1.858333 8
2014-02-01T05:00:00Z -1 -1 -1 -1 -1.000000 -1
2014-02-01T06:00:00Z 159 160 61 67 2.025000 7
2014-02-01T07:00:00Z -1 -1 -1 -1 -1.000000 -1
2014-02-01T08:00:00Z 158 170 63 71 1.991667 6
2014-02-01T09:00:00Z 159 166 63 69 2.016667 6
2014-02-01T19:00:00Z 122 133 58 33 2.108333 4
2014-02-01T20:00:00Z 121 115 59 33 2.091667 3
2014-02-01T21:00:00Z 124 130 58 32 2.166667 4
2014-02-01T22:00:00Z 123 123 58 31 2.216667 4
2014-02-01T23:00:00Z 124 125 57 31 2.208333 4
2014-02-02T00:00:00Z 126 124 56 31 2.183333 4
2014-02-02T01:00:00Z 133 138 55 32 2.275000 5
2014-02-02T02:00:00Z 139 148 54 31 2.400000 4
2014-02-02T03:00:00Z 144 155 54 29 2.408333 3
2014-02-05T23:00:00Z 121 126 65 56 1.616667 14
2014-02-06T00:00:00Z 124 131 66 58 1.775000 12
2014-02-06T01:00:00Z 135 153 68 64 2.408333 9
2014-02-06T02:00:00Z 143 152 69 56 2.672727 7
2014-02-06T03:00:00Z 149 158 66 48 2.809091 7
2014-02-06T04:00:00Z 146 150 72 43 2.641667 7
2014-02-06T05:00:00Z 142 162 63 45 2.675000 8
2014-02-06T06:00:00Z 137 146 63 47 2.441667 8
2014-02-06T07:00:00Z 127 146 63 58 2.216667 7
2014-02-06T08:00:00Z -1 -1 -1 -1 -1.000000 -1
2014-02-06T09:00:00Z 127 137 68 73 2.500000 6
2014-02-08T03:00:00Z 104 82 42 20 1.470000 18
2014-02-11T15:00:00Z 114 124 80 70 1.866667 41
2014-02-11T16:00:00Z 111 95 76 70 1.691667 49
2014-02-11T17:00:00Z 109 108 80 74 1.766667 42
2014-02-11T18:00:00Z 145 147 97 83 2.158333 28
2014-02-11T19:00:00Z 176 185 111 90 2.533333 15
2014-02-11T20:00:00Z 178 184 112 86 2.666667 9
2014-02-11T21:00:00Z 170 202 109 83 2.608333 8
2014-02-11T22:00:00Z 167 185 107 74 2.750000 6
2014-02-11T23:00:00Z 161 206 105 67 2.916667 6
2014-02-12T00:00:00Z 157 206 104 65 3.216667 6
2014-02-12T01:00:00Z 165 195 96 72 3.191667 7
2014-02-12T02:00:00Z 165 215 97 109 3.383333 6
2014-02-12T03:00:00Z 164 216 87 60 4.800000 5
2014-02-13T00:00:00Z 165 188 102 66 3.416667 8
2014-02-13T01:00:00Z 191 229 89 81 3.640000 8
2014-02-13T02:00:00Z 182 197 80 47 3.220000 9
2014-02-13T03:00:00Z 176 201 72 53 1.900000 6
2014-02-13T04:00:00Z 168 -1 70 60 2.108333 26
2014-02-13T05:00:00Z 163 -1 118 53 2.366667 21
2014-02-13T06:00:00Z 160 -1 70 62 2.466667 24
2014-02-13T07:00:00Z 164 176 68 64 2.416667 22
2014-02-13T08:00:00Z 167 168 74 74 2.408333 16
2014-02-13T09:00:00Z 171 178 78 77 2.609091 14
2014-02-13T10:00:00Z 178 189 78 81 2.808333 14
2014-02-13T11:00:00Z 187 187 76 84 2.941667 17
2014-02-13T12:00:00Z 192 191 76 88 2.958333 18
2014-02-13T13:00:00Z 193 189 77 86 2.833333 21
2014-02-13T14:00:00Z 189 186 78 83 2.550000 24
2014-02-13T15:00:00Z 186 186 77 80 2.300000 31
2014-02-13T16:00:00Z 189 199 78 76 2.209091 34
2014-02-13T17:00:00Z 193 187 78 72 2.291667 33
2014-02-13T18:00:00Z 205 190 89 74 2.783333 20
2014-02-13T19:00:00Z 220 224 102 80 3.416667 7
2014-02-13T20:00:00Z 228 235 101 83 3.616667 7
2014-02-13T21:00:00Z 229 242 99 85 3.675000 7
2014-02-13T22:00:00Z 236 251 100 86 3.750000 7
2014-02-13T23:00:00Z 229 243 102 87 3.763636 7
2014-02-14T00:00:00Z 228 248 97 77 3.725000 6
2014-02-14T01:00:00Z 227 252 89 80 3.633333 7
2014-02-14T02:00:00Z 225 243 84 42 3.955556 6
2014-02-14T03:00:00Z 219 239 81 60 3.275000 4
2014-02-14T04:00:00Z 213 235 84 61 3.116667 9
2014-02-14T05:00:00Z 215 231 94 51 3.433333 7
2014-02-14T06:00:00Z 213 228 84 51 3.525000 6
2014-02-14T07:00:00Z 206 245 81 47 3.333333 6
2014-02-14T08:00:00Z 200 247 73 44 3.100000 7
2014-02-14T09:00:00Z 197 213 81 57 3.233333 7
2014-02-14T10:00:00Z 202 196 78 72 2.883333 9
2014-02-14T11:00:00Z 199 208 71 77 2.400000 16
2014-02-14T12:00:00Z 211 217 76 80 2.366667 21
2014-02-14T13:00:00Z 228 228 84 85 2.416667 25
2014-02-14T14:00:00Z 245 258 94 90 2.483333 30
2014-02-14T15:00:00Z 258 257 101 90 2.525000 33
2014-02-14T16:00:00Z 271 290 104 85 2.591667 36
2014-02-14T17:00:00Z 268 289 111 85 2.600000 34
2014-02-14T18:00:00Z 286 285 118 77 2.641667 23
2014-02-14T19:00:00Z 306 325 123 77 2.841667 15
2014-02-14T20:00:00Z 354 381 125 80 3.166667 10
2014-02-14T21:00:00Z 417 476 123 92 3.508333 10
2014-02-14T22:00:00Z 480 661 118 98 3.816667 11
2014-02-14T23:00:00Z 509 647 115 110 3.966667 12
2014-02-15T00:00:00Z 492 634 115 108 4.441667 11
2014-02-15T01:00:00Z 440 582 103 112 4.208333 10
2014-02-15T02:00:00Z 418 577 99 60 4.266667 9
2014-02-15T03:00:00Z 394 486 96 72 3.660000 6
2014-02-15T04:00:00Z 363 507 100 76 3.533333 9
2014-02-15T05:00:00Z 328 398 104 72 3.591667 8
2014-02-15T06:00:00Z 311 361 98 78 3.700000 6
2014-02-15T07:00:00Z 314 363 98 76 3.925000 6
2014-02-15T08:00:00Z 308 -1 99 78 3.763636 6
2014-02-15T09:00:00Z 315 332 94 85 3.725000 7
2014-02-15T10:00:00Z 320 479 93 108 3.458333 9
2014-02-15T11:00:00Z 328 360 94 125 3.250000 13
2014-02-15T12:00:00Z 344 361 95 135 3.175000 22
2014-02-15T13:00:00Z 371 376 101 142 3.283333 26
2014-02-15T14:00:00Z 401 450 107 148 3.354545 33
2014-02-15T15:00:00Z 424 490 116 146 3.508333 33
2014-02-15T16:00:00Z 441 517 122 145 3.575000 31
2014-02-15T17:00:00Z 435 529 125 130 3.458333 27
2014-02-15T18:00:00Z 436 480 125 104 3.491667 20
2014-02-15T19:00:00Z 438 465 128 84 3.566667 14
2014-02-15T20:00:00Z 454 489 135 77 3.825000 9
2014-02-15T21:00:00Z 449 520 134 75 4.175000 8
2014-02-15T22:00:00Z 457 502 133 82 4.800000 9
2014-02-15T23:00:00Z 452 515 129 94 4.800000 9
2014-02-16T00:00:00Z 455 527 129 97 4.933333 8
2014-02-16T01:00:00Z 443 493 109 89 4.741667 8
2014-02-16T02:00:00Z 433 477 103 82 4.633333 7
2014-02-16T03:00:00Z 423 464 95 82 4.100000 6
2014-02-16T04:00:00Z 414 446 97 90 3.708333 9
2014-02-16T05:00:00Z 403 450 121 79 4.025000 11
2014-02-16T06:00:00Z 381 409 89 90 3.825000 11
2014-02-16T07:00:00Z 353 390 84 85 3.525000 11
2014-02-16T15:00:00Z 162 -1 53 60 1.675000 78
2014-02-16T16:00:00Z 177 -1 58 58 1.800000 76
2014-02-16T17:00:00Z 171 -1 66 59 1.930000 66
2014-02-16T18:00:00Z 232 249 92 82 2.970000 43
2014-02-16T19:00:00Z 279 327 108 93 3.560000 25
2014-02-16T20:00:00Z 280 -1 109 84 3.330000 14
2014-02-19T23:00:00Z 131 150 90 47 1.880000 11
2014-02-20T00:00:00Z 137 161 88 44 1.860000 9
2014-02-20T01:00:00Z 132 145 86 41 1.800000 8
2014-02-20T02:00:00Z 131 142 82 37 1.820000 6
2014-02-20T03:00:00Z 135 138 80 36 2.020000 5
2014-02-20T04:00:00Z 131 138 76 33 2.250000 5
2014-02-20T05:00:00Z 131 125 78 33 2.450000 5
2014-02-20T06:00:00Z -1 -1 -1 -1 -1.000000 -1
2014-02-20T07:00:00Z 144 150 78 37 2.340000 4
2014-02-20T08:00:00Z 146 153 79 39 2.260000 4
2014-02-20T09:00:00Z 150 156 77 43 2.220000 5
2014-02-20T10:00:00Z 157 162 75 48 2.260000 8
2014-02-21T13:00:00Z 236 241 81 91 2.308333 27
2014-02-21T14:00:00Z -1 -1 -1 -1 -1.000000 -1
2014-02-21T15:00:00Z 247 275 88 92 2.325000 36
2014-02-21T16:00:00Z 253 290 93 88 2.366667 36
2014-02-21T17:00:00Z 255 286 101 83 2.372727 30
2014-02-21T18:00:00Z 256 285 114 75 2.566667 16
2014-02-21T19:00:00Z -1 -1 -1 -1 -1.000000 -1
2014-02-21T20:00:00Z 267 305 118 68 2.966667 9
2014-02-21T21:00:00Z -1 -1 -1 -1 -1.000000 -1
2014-02-21T22:00:00Z 268 286 109 68 3.116667 11
2014-02-21T23:00:00Z 272 296 106 64 3.250000 12
2014-02-22T00:00:00Z 272 314 108 66 3.491667 10
2014-02-22T01:00:00Z 291 324 107 76 3.891667 10
2014-02-22T02:00:00Z 289 327 101 75 3.541667 10
2014-02-22T03:00:00Z 277 324 93 79 2.970000 13
2014-02-22T04:00:00Z 269 315 92 87 3.058333 12
2014-02-22T05:00:00Z 266 329 102 87 3.250000 9
2014-02-22T06:00:00Z 261 310 96 85 3.183333 9
2014-02-22T07:00:00Z 253 281 98 90 3.083333 7
2014-02-22T08:00:00Z 257 283 97 92 2.950000 7
2014-02-22T09:00:00Z 256 293 96 97 3.018182 8
2014-02-22T19:00:00Z 240 288 119 102 3.641667 8
2014-02-22T20:00:00Z 237 299 118 100 3.808333 6
2014-02-22T21:00:00Z 243 299 116 97 3.650000 6
2014-02-22T22:00:00Z 245 267 107 91 3.154545 6
2014-02-22T23:00:00Z 234 244 94 78 2.616667 12
2014-02-23T00:00:00Z 227 236 86 71 2.416667 13
2014-02-23T01:00:00Z 220 248 77 73 2.533333 17
2014-02-23T02:00:00Z 216 234 74 77 2.741667 16
2014-02-23T03:00:00Z 208 217 73 86 2.770000 15
2014-02-23T04:00:00Z 201 206 75 93 2.741667 11
2014-02-23T05:00:00Z 191 211 80 95 2.700000 14
2014-02-23T06:00:00Z 185 197 73 98 2.741667 15
2014-02-23T07:00:00Z 184 194 78 110 2.991667 10
2014-02-23T08:00:00Z 187 201 80 117 3.033333 9
2014-02-23T09:00:00Z 189 202 81 121 2.972727 9
2014-02-23T10:00:00Z 190 214 83 131 3.127273 9
2014-02-23T11:00:00Z 190 218 87 146 3.375000 8
2014-02-23T12:00:00Z 200 226 89 147 3.441667 10
2014-02-23T13:00:00Z 206 235 91 152 3.466667 12
2014-02-23T14:00:00Z 201 239 94 152 3.591667 13
2014-02-23T15:00:00Z 206 250 100 164 4.041667 10
2014-02-23T16:00:00Z 223 277 105 172 4.400000 9
2014-02-23T17:00:00Z 236 287 108 166 4.391667 7
2014-02-23T18:00:00Z 227 297 111 159 4.436364 4
2014-02-23T19:00:00Z 234 307 112 157 4.625000 6
2014-02-23T20:00:00Z 238 307 111 153 4.733333 6
2014-02-23T21:00:00Z 242 305 111 149 4.775000 6
2014-02-23T22:00:00Z 242 306 110 142 4.733333 5
2014-02-23T23:00:00Z 237 295 112 140 4.716667 5
2014-02-24T00:00:00Z 237 311 112 142 4.950000 6
2014-02-24T01:00:00Z 242 309 110 137 4.933333 6
2014-02-24T02:00:00Z 247 306 107 151 5.145455 6
2014-02-24T03:00:00Z 246 312 112 147 5.225000 6
2014-02-24T04:00:00Z 247 312 111 148 4.916667 6
2014-02-24T05:00:00Z 240 299 107 142 4.725000 6
2014-02-24T06:00:00Z 231 299 112 143 4.966667 6
2014-02-24T07:00:00Z 233 296 111 138 4.858333 6
2014-02-24T08:00:00Z 233 292 110 137 4.850000 6
2014-02-24T09:00:00Z 229 295 109 136 4.875000 6
2014-02-24T10:00:00Z 238 298 109 149 4.791667 8
2014-02-24T11:00:00Z 246 330 113 154 4.858333 11
2014-02-24T12:00:00Z 226 331 117 161 4.608333 14
2014-02-24T13:00:00Z 226 312 116 147 4.241667 20
2014-02-24T14:00:00Z 237 296 127 136 4.333333 21
2014-02-24T23:00:00Z 349 350 122 67 4.550000 7
2014-02-25T00:00:00Z 344 355 120 62 5.181818 7
2014-02-25T01:00:00Z 349 369 120 62 5.636364 8
2014-03-01T23:00:00Z 97 136 87 44 1.500000 18
2014-03-02T00:00:00Z 105 152 85 41 1.558333 15
2014-03-02T01:00:00Z 108 153 89 42 1.733333 11
2014-03-02T02:00:00Z 117 174 86 37 2.154545 8
2014-03-02T03:00:00Z 113 151 81 32 2.585714 8
2014-03-02T04:00:00Z 109 142 78 32 2.475000 9
2014-03-02T05:00:00Z 112 140 75 34 2.583333 6
2014-03-03T07:00:00Z 187 204 94 82 4.650000 5
2014-03-03T08:00:00Z 199 222 96 108 5.008333 6
2014-03-03T09:00:00Z 212 246 97 120 4.741667 7
2014-03-03T10:00:00Z -1 -1 -1 -1 -1.000000 -1
2014-03-03T11:00:00Z 225 248 102 134 4.883333 7
2014-03-03T12:00:00Z 236 277 105 135 4.891667 8
2014-03-03T13:00:00Z 248 296 109 129 4.766667 9
2014-03-03T14:00:00Z 256 295 112 119 4.783333 8
2014-03-03T15:00:00Z 265 306 114 113 4.891667 7
2014-03-03T16:00:00Z 261 296 112 109 4.683333 7
2014-03-03T17:00:00Z 238 268 107 103 4.300000 6
2014-03-03T18:00:00Z 224 257 106 106 4.200000 6
2014-03-03T19:00:00Z 229 266 107 106 4.250000 6
2014-03-03T20:00:00Z -1 -1 -1 -1 -1.000000 -1
2014-03-03T21:00:00Z 232 271 105 111 4.391667 6
2014-03-03T22:00:00Z 231 273 103 106 4.341667 5
2014-03-03T23:00:00Z 231 271 102 105 4.150000 5
2014-03-09T09:00:00Z 105 140 69 56 1.875000 14
2014-03-10T19:00:00Z 121 145 96 80 1.872727 26
2014-03-10T20:00:00Z 132 159 107 70 2.154545 14
2014-03-10T21:00:00Z 138 170 108 67 2.445455 11
2014-03-10T22:00:00Z 141 173 103 61 2.563636 12
2014-03-10T23:00:00Z 145 172 98 58 2.409091 12
2014-03-11T00:00:00Z 151 185 99 57 2.636364 10
2014-03-11T01:00:00Z 159 193 94 64 2.718182 11
2014-03-11T02:00:00Z 162 199 89 69 2.736364 11
2014-03-11T03:00:00Z 156 182 91 57 2.987500 11
2014-03-11T04:00:00Z 164 188 86 53 2.790909 12
2014-03-11T05:00:00Z 167 189 91 54 2.727273 9
2014-03-11T06:00:00Z 167 199 91 58 2.954545 7
2014-03-11T07:00:00Z 176 214 93 66 3.172727 6
2014-03-11T08:00:00Z 175 215 95 76 3.408333 7
2014-03-11T09:00:00Z 194 231 99 108 3.316667 8
2014-03-11T10:00:00Z 209 252 104 131 3.066667 13
2014-03-11T11:00:00Z 207 248 101 135 2.900000 23
2014-03-11T12:00:00Z 211 288 99 145 3.190909 40
2014-03-11T13:00:00Z 198 259 87 135 2.509091 65
2014-03-11T14:00:00Z 201 235 73 109 2.063636 73
2014-03-11T15:00:00Z 198 232 76 97 2.120000 87
2014-03-15T21:00:00Z 138 234 135 46 2.033333 17
2014-03-15T22:00:00Z 157 256 125 59 1.983333 18
2014-03-15T23:00:00Z 168 259 125 76 1.991667 14
2014-03-16T00:00:00Z 169 273 122 83 2.375000 10
2014-03-16T17:00:00Z 108 255 46 65 1.316667 118
2014-03-16T18:00:00Z 117 250 52 67 1.291667 111
2014-03-16T19:00:00Z 125 246 57 69 1.325000 97
2014-03-16T20:00:00Z 134 239 60 69 1.358333 83
2014-03-16T21:00:00Z 135 230 60 65 1.433333 74
2014-03-16T22:00:00Z 138 223 59 63 1.500000 67
2014-03-16T23:00:00Z 136 212 62 56 1.550000 56
2014-03-17T00:00:00Z 134 195 62 52 1.641667 49
2014-03-17T01:00:00Z 124 181 59 45 1.750000 44
2014-03-17T02:00:00Z 126 179 62 41 1.763636 33
2014-03-17T03:00:00Z 128 193 74 39 1.854545 23
2014-03-17T04:00:00Z 130 187 75 39 1.966667 21
2014-03-17T05:00:00Z 130 203 87 38 2.050000 14
2014-03-17T06:00:00Z 132 199 93 41 2.283333 8
2014-03-17T07:00:00Z 134 203 93 45 2.416667 8
2014-03-17T08:00:00Z 141 231 95 58 2.627273 8
2014-03-17T09:00:00Z 164 457 96 70 2.550000 12
2014-03-17T10:00:00Z 165 635 81 56 1.966667 23
2014-03-17T11:00:00Z 114 511 49 26 0.970000 45
2014-03-23T15:00:00Z 143 172 38 50 1.216667 158
2014-03-23T16:00:00Z 157 188 40 53 1.308333 164
2014-03-23T17:00:00Z 167 200 43 52 1.441667 167
2014-03-23T18:00:00Z 165 191 49 49 1.475000 161
2014-03-23T19:00:00Z 153 179 60 43 1.358333 137
2014-03-23T20:00:00Z 126 164 64 40 1.291667 114
2014-03-23T21:00:00Z 156 204 81 42 1.450000 83
2014-03-23T22:00:00Z 192 239 91 49 1.733333 65
2014-03-23T23:00:00Z 218 260 85 53 1.883333 59
2014-03-24T00:00:00Z 228 257 99 52 2.041667 37
2014-03-24T01:00:00Z 225 252 102 49 2.200000 28
2014-03-24T02:00:00Z 220 245 105 41 2.308333 19
2014-03-24T03:00:00Z 218 241 100 35 2.108333 18
2014-03-24T04:00:00Z 218 243 91 33 2.150000 15
2014-03-24T05:00:00Z 219 251 103 31 2.175000 11
2014-03-24T06:00:00Z 227 250 97 31 2.100000 10
2014-03-24T07:00:00Z 220 246 93 31 2.058333 10
2014-03-24T08:00:00Z 230 256 96 42 2.208333 10
2014-03-24T09:00:00Z 243 271 95 59 2.233333 16
2014-03-24T10:00:00Z 250 281 97 70 2.225000 30
2014-03-24T11:00:00Z 249 286 95 77 2.190909 53
2014-03-24T12:00:00Z 244 285 102 75 2.175000 71
2014-03-24T13:00:00Z 240 272 100 70 2.050000 97
2014-03-24T23:00:00Z 220 289 131 41 2.066667 26
2014-03-25T00:00:00Z 238 285 135 39 2.233333 20
2014-03-25T01:00:00Z 247 299 133 37 2.366667 22
2014-03-25T02:00:00Z 245 303 127 32 2.375000 19
2014-03-25T03:00:00Z 245 289 119 31 2.209091 22
2014-03-25T04:00:00Z 239 273 107 32 2.066667 25
2014-03-25T05:00:00Z 225 252 96 31 1.950000 24
2014-03-25T06:00:00Z 208 235 97 32 1.841667 26
2014-03-25T07:00:00Z 214 248 91 34 1.666667 30
2014-03-25T08:00:00Z 197 242 93 40 1.850000 32
2014-03-25T09:00:00Z 197 235 99 48 1.858333 32
2014-03-25T10:00:00Z 202 234 104 51 1.833333 42
2014-03-25T11:00:00Z 206 254 94 51 1.725000 69
2014-03-25T12:00:00Z 210 250 78 57 1.600000 115
2014-03-25T13:00:00Z -1 -1 -1 -1 -1.000000 -1
2014-03-25T14:00:00Z 210 259 74 66 1.558333 168
2014-03-25T15:00:00Z -1 -1 -1 -1 -1.000000 -1
2014-03-25T16:00:00Z 216 254 71 57 1.375000 186
2014-03-25T17:00:00Z 192 226 66 50 1.266667 184
2014-03-25T18:00:00Z 181 217 70 47 1.166667 170
2014-03-25T19:00:00Z 177 225 82 47 1.291667 126
2014-03-25T20:00:00Z 180 213 104 41 1.350000 83
2014-03-25T21:00:00Z 163 192 101 36 1.333333 66
2014-03-25T22:00:00Z 164 198 106 36 1.375000 54
2014-03-25T23:00:00Z 177 212 109 35 1.283333 47
2014-03-26T00:00:00Z 193 241 116 32 1.633333 35
2014-03-26T01:00:00Z 200 236 111 29 1.716667 33
2014-03-26T02:00:00Z 204 236 106 27 1.650000 31
2014-03-26T03:00:00Z 213 254 115 25 1.666667 22
2014-03-26T04:00:00Z 217 260 113 22 1.708333 22
2014-03-26T05:00:00Z 223 270 114 20 1.708333 25
2014-03-26T06:00:00Z 228 289 115 19 1.916667 18
2014-03-26T07:00:00Z 228 273 118 20 1.991667 18
2014-03-26T08:00:00Z 244 312 120 27 2.058333 15
2014-03-26T09:00:00Z 258 321 123 39 2.091667 17
2014-03-26T10:00:00Z 284 333 125 52 2.091667 27
2014-03-26T11:00:00Z 296 333 121 61 2.083333 45
2014-03-26T12:00:00Z 285 338 109 65 1.966667 72
2014-03-26T13:00:00Z 290 336 109 64 1.925000 97
2014-03-26T14:00:00Z -1 -1 -1 -1 -1.000000 -1
2014-03-26T15:00:00Z 286 314 97 61 1.708333 160
2014-03-26T16:00:00Z 266 311 71 67 1.558333 181
2014-03-26T17:00:00Z 283 333 71 73 1.858333 182
2014-03-26T18:00:00Z 307 362 81 72 1.925000 161
2014-03-26T19:00:00Z 326 382 103 64 2.075000 118
2014-03-26T20:00:00Z 336 392 115 54 2.216667 79
2014-03-26T21:00:00Z 360 420 133 47 2.408333 51
2014-03-26T22:00:00Z 347 402 138 40 2.475000 41
2014-03-26T23:00:00Z 353 400 141 35 2.766667 30
2014-03-27T00:00:00Z 358 417 139 32 2.808333 32
2014-03-27T01:00:00Z 369 423 139 30 2.725000 29
2014-03-27T02:00:00Z 357 415 135 27 2.633333 26
2014-03-27T03:00:00Z 351 402 126 25 2.341667 27
2014-03-27T04:00:00Z 333 367 123 22 2.266667 21
2014-03-27T05:00:00Z 323 353 130 20 2.225000 19
2014-03-27T06:00:00Z 317 342 114 19 2.150000 21
2014-03-27T07:00:00Z 317 349 116 20 2.191667 15
2014-03-27T08:00:00Z 319 363 117 23 2.300000 11
2014-03-27T21:00:00Z 126 194 90 37 2.058333 9
2014-03-27T22:00:00Z 134 207 90 36 2.150000 7
2014-03-27T23:00:00Z 131 202 91 35 2.083333 6
2014-03-28T00:00:00Z 131 202 91 35 2.083333 6
2014-03-28T01:00:00Z 142 214 85 29 2.027273 6
2014-03-28T02:00:00Z 144 204 82 31 1.983333 9
2014-03-28T03:00:00Z 145 200 82 34 1.927273 10
2014-03-28T04:00:00Z 149 206 75 32 1.933333 10
2014-03-28T05:00:00Z 158 216 73 33 2.033333 9
2014-03-28T06:00:00Z 159 213 72 21 1.933333 8
2014-03-28T19:00:00Z 127 204 72 30 1.827273 76
2014-03-31T03:00:00Z 117 197 74 27 1.090909 29
2014-03-31T04:00:00Z 132 184 86 30 1.450000 14
2014-03-31T05:00:00Z 124 172 87 31 1.550000 12
2014-03-31T06:00:00Z 112 164 90 30 1.625000 11
2014-03-31T07:00:00Z 123 181 91 30 1.691667 11
2014-03-31T08:00:00Z 139 210 95 36 2.133333 10
2014-03-31T09:00:00Z 161 231 98 46 2.663636 13
2014-04-01T05:00:00Z 130 130 63 6 1.166667 12
2014-04-01T06:00:00Z 129 137 64 6 1.250000 11
2014-04-01T07:00:00Z 123 131 70 6 1.291667 6
2014-04-01T08:00:00Z -1 -1 -1 -1 -1.000000 -1
2014-04-13T18:00:00Z 158 187 41 27 1.090000 213
2014-04-13T19:00:00Z 151 180 45 24 1.072727 185
2014-04-13T20:00:00Z 157 203 55 24 1.209091 152
2014-04-13T21:00:00Z 189 224 67 25 1.320000 122
2014-04-13T22:00:00Z 193 234 83 26 1.440000 87
2014-04-13T23:00:00Z 198 236 100 28 1.600000 60
2014-04-14T00:00:00Z 215 265 116 29 1.763636 41
2014-04-14T01:00:00Z 217 259 104 27 1.936364 34
2014-04-14T02:00:00Z 219 246 94 23 2.118182 30
2014-04-14T03:00:00Z 218 256 94 21 1.981818 26
2014-04-14T04:00:00Z 213 258 93 19 2.018182 20
2014-04-14T05:00:00Z 216 238 94 17 2.072727 19
2014-04-14T06:00:00Z 221 247 80 14 2.010000 20
2014-04-14T07:00:00Z 215 245 77 16 2.000000 18
2014-04-14T08:00:00Z 225 261 82 27 1.990909 20
2014-04-14T09:00:00Z 258 291 88 42 2.072727 29
2014-04-14T10:00:00Z 273 306 86 52 2.136364 53
2014-04-14T11:00:00Z 262 296 81 56 2.209091 86
2014-04-14T12:00:00Z 275 312 88 56 2.190909 120
2014-04-14T13:00:00Z 278 309 82 51 2.100000 159
2014-04-14T14:00:00Z 261 284 73 45 1.890909 195
2014-04-14T15:00:00Z 250 273 61 42 1.854545 223
2014-04-14T16:00:00Z 223 262 53 41 1.690909 224
2014-04-15T01:00:00Z 128 143 62 14 1.083333 62
2014-04-15T02:00:00Z 130 153 66 14 1.072727 52
2014-04-17T22:00:00Z 110 119 56 13 1.325000 60
2014-04-17T23:00:00Z 123 133 65 16 1.625000 45
2014-04-18T00:00:00Z 130 145 73 16 1.833333 27
2014-04-18T01:00:00Z 136 147 77 15 1.908333 16
2014-04-18T02:00:00Z 130 148 79 13 1.875000 9
2014-04-18T03:00:00Z 131 153 73 12 1.718182 8
2014-04-18T04:00:00Z 132 150 71 12 1.716667 7
2014-04-18T05:00:00Z 133 155 64 10 1.725000 8
2014-04-18T06:00:00Z 141 161 68 9 1.833333 6
2014-04-18T07:00:00Z 138 155 69 9 1.783333 4
2014-04-18T08:00:00Z 144 164 70 12 1.658333 7
2014-04-18T09:00:00Z 143 164 74 19 1.618182 16
2014-04-23T08:00:00Z 123 169 59 16 0.941667 26
2014-04-23T09:00:00Z 143 180 50 22 0.941667 43
2014-04-23T10:00:00Z 156 186 48 26 0.981818 58
2014-04-23T11:00:00Z 171 192 49 29 1.018182 74
2014-04-23T12:00:00Z -1 -1 -1 -1 -1.000000 -1
2014-04-23T13:00:00Z 182 191 35 35 1.200000 120
2014-05-01T03:00:00Z 114 167 47 14 0.780000 79
2014-05-01T04:00:00Z 119 164 54 13 0.816667 58
2014-05-01T05:00:00Z 125 158 48 11 0.800000 51
2014-05-01T06:00:00Z 126 165 59 10 0.891667 40
2014-05-01T07:00:00Z 134 177 64 12 1.000000 35
2014-05-01T08:00:00Z 145 205 74 18 1.075000 34
2014-05-01T09:00:00Z 160 216 70 24 1.075000 51
2014-05-01T10:00:00Z 170 238 58 29 1.066667 83
2014-05-01T11:00:00Z 169 230 49 31 1.041667 114
2014-05-07T02:00:00Z 117 151 76 29 1.918182 24
2014-05-15T14:00:00Z 80 268 41 10 0.372727 104
2014-05-15T15:00:00Z 90 289 35 7 0.354545 117
2014-05-15T16:00:00Z -1 -1 -1 -1 -1.000000 -1
2014-05-15T17:00:00Z 106 355 38 8 0.390909 127
2014-05-15T18:00:00Z 106 331 45 8 0.436364 119
2014-05-15T19:00:00Z 95 307 58 8 0.481818 101
2014-05-20T00:00:00Z 165 240 83 13 1.541667 104
2014-05-20T01:00:00Z 170 244 80 14 1.525000 88
2014-05-21T15:00:00Z 117 191 44 32 1.709091 240
2014-05-21T16:00:00Z -1 -1 -1 -1 -1.000000 -1
2014-05-21T17:00:00Z 122 224 35 38 1.533333 266
2014-05-21T18:00:00Z 128 232 36 38 1.533333 268
2014-05-21T19:00:00Z 135 233 43 36 1.666667 258
2014-05-21T20:00:00Z 138 241 49 32 1.700000 228
2014-05-21T21:00:00Z 145 252 59 27 1.783333 176
2014-05-21T22:00:00Z 149 250 79 24 1.900000 132
2014-05-21T23:00:00Z 149 232 79 20 1.941667 104
2014-05-22T00:00:00Z 148 220 102 20 1.933333 75
2014-05-22T01:00:00Z 149 240 112 21 1.858333 50
2014-05-22T02:00:00Z 149 239 102 21 1.816667 45
2014-05-22T03:00:00Z 160 237 98 17 1.900000 46
2014-05-22T04:00:00Z -1 -1 -1 -1 -1.000000 -1
2014-05-22T05:00:00Z 186 241 94 12 2.016667 25
2014-05-22T06:00:00Z 188 254 88 55 1.950000 21
2014-05-22T07:00:00Z 207 278 88 60 2.008333 19
2014-05-25T05:00:00Z 120 138 29 2 1.141667 22
2014-06-16T22:00:00Z 120 159 49 3 1.100000 130
2014-07-03T00:00:00Z 107 127 41 3 0.950000 50
2014-07-03T01:00:00Z 110 -1 42 3 0.966667 43
2014-07-03T02:00:00Z -1 -1 -1 -1 -1.000000 -1
2014-07-03T03:00:00Z 152 156 33 4 1.100000 42
2014-07-03T04:00:00Z 180 -1 35 5 1.225000 37
2014-07-04T09:00:00Z 184 286 40 5 1.250000 80
2014-07-04T10:00:00Z 187 185 34 6 1.233333 113
2014-07-04T11:00:00Z 191 -1 30 3 1.191667 145
2014-07-04T12:00:00Z -1 -1 -1 -1 -1.000000 -1
2014-07-04T13:00:00Z 165 -1 23 3 1.075000 200
2014-07-04T14:00:00Z 160 -1 22 3 1.058333 229
2014-07-04T15:00:00Z -1 -1 -1 -1 -1.000000 -1
2014-07-04T16:00:00Z 170 202 24 4 1.175000 233
2014-07-04T17:00:00Z 192 224 27 5 1.408333 214
2014-07-06T00:00:00Z 171 150 39 6 1.566667 117
2014-07-06T01:00:00Z 188 180 39 6 1.541667 99
2014-07-06T02:00:00Z 206 199 36 24 1.441667 85
2014-07-06T03:00:00Z 216 234 37 6 1.358333 74
2014-07-06T04:00:00Z 206 252 35 6 1.300000 71
2014-07-06T05:00:00Z 203 250 39 5 1.350000 61
2014-07-07T09:00:00Z 105 116 51 8 1.050000 39
2014-07-07T10:00:00Z 116 135 53 10 1.100000 57
2014-07-07T11:00:00Z 135 159 52 13 1.154545 93
2014-07-07T12:00:00Z -1 -1 -1 -1 -1.000000 -1
2014-07-07T13:00:00Z 183 195 34 14 1.175000 183
2014-07-07T14:00:00Z 192 205 27 14 1.100000 201
2014-07-07T15:00:00Z -1 -1 -1 -1 -1.000000 -1
2014-07-07T16:00:00Z 223 240 30 14 1.172727 207
2014-07-07T17:00:00Z 218 238 33 11 1.216667 202
2014-07-07T18:00:00Z 214 229 36 11 1.300000 200
2014-07-07T19:00:00Z 207 239 40 10 1.254545 188
2014-07-07T20:00:00Z 204 231 41 9 1.291667 171
2014-07-07T21:00:00Z 211 265 44 10 1.281818 146
2014-07-07T22:00:00Z 216 259 49 9 1.327273 116
2014-07-07T23:00:00Z 221 253 46 10 1.325000 109
2014-07-08T00:00:00Z 218 219 48 10 1.363636 95
2014-07-08T01:00:00Z 210 227 46 10 1.358333 87
2014-07-08T02:00:00Z 209 217 47 37 1.325000 72
2014-07-08T03:00:00Z 205 201 44 9 1.308333 66
2014-07-08T04:00:00Z 191 243 45 8 1.236364 58
2014-07-17T09:00:00Z 128 146 47 6 1.927273 35
2014-07-17T10:00:00Z 133 148 41 7 1.690909 57
2014-07-17T11:00:00Z 135 153 38 8 1.590909 80
2014-07-17T12:00:00Z 139 154 35 7 1.681818 102
2014-07-17T13:00:00Z -1 -1 -1 -1 -1.000000 -1
2014-07-17T14:00:00Z 149 165 34 6 1.754545 147
2014-07-17T15:00:00Z 158 159 34 5 1.945455 146
2014-07-17T16:00:00Z 170 168 36 5 2.200000 139
2014-07-17T17:00:00Z 167 173 40 5 2.409091 133
2014-07-17T18:00:00Z 170 173 42 6 2.481818 138
2014-07-17T19:00:00Z 169 202 44 5 2.554545 133
2014-07-17T20:00:00Z 174 222 48 4 2.600000 109
2014-07-17T21:00:00Z 180 217 49 4 2.672727 102
2014-07-17T22:00:00Z 183 207 50 4 2.640000 77
2014-07-17T23:00:00Z 190 -1 47 4 2.663636 69
2014-07-18T00:00:00Z 194 223 46 4 2.700000 60
2014-07-18T01:00:00Z 198 206 52 4 2.636364 44
2014-07-18T02:00:00Z 180 -1 49 23 2.200000 48
2014-07-18T03:00:00Z 156 -1 40 4 1.600000 57
2014-07-18T04:00:00Z 143 -1 38 5 1.458333 52
2014-07-18T05:00:00Z 144 -1 41 5 1.681818 43
2014-07-18T06:00:00Z 140 -1 38 4 1.572727 46
2014-07-18T07:00:00Z 128 -1 38 5 1.481818 55
2014-07-18T08:00:00Z 119 -1 42 6 1.500000 60
2014-07-18T09:00:00Z -1 -1 -1 -1 -1.000000 -1
2014-07-18T10:00:00Z 136 143 47 12 1.854545 78
2014-07-18T11:00:00Z -1 -1 -1 -1 -1.000000 -1
2014-07-18T12:00:00Z 142 161 40 13 1.845455 133
2014-07-18T13:00:00Z 160 177 38 13 1.908333 179
2014-07-28T02:00:00Z 118 163 34 7 0.908333 103
2014-07-28T03:00:00Z 128 165 35 6 0.891667 88
2014-07-28T04:00:00Z 132 165 34 5 0.900000 77
2014-07-28T05:00:00Z 137 168 39 4 0.933333 61
2014-07-28T06:00:00Z 139 168 43 4 0.983333 47
2014-07-28T07:00:00Z 144 171 47 4 1.041667 42
2014-07-29T03:00:00Z 115 144 31 6 0.750000 82
2014-07-29T04:00:00Z 126 152 30 6 0.772727 87
2014-07-29T05:00:00Z 141 172 32 5 0.845455 81
2014-07-29T06:00:00Z 158 190 36 6 0.972727 74
2014-07-30T09:00:00Z 117 -1 39 2 1.491667 66
2014-07-30T10:00:00Z 124 -1 41 3 1.508333 75
2014-07-30T11:00:00Z -1 -1 -1 -1 -1.000000 -1
2014-07-30T12:00:00Z 137 -1 31 3 1.666667 89
2014-07-30T13:00:00Z 137 188 30 4 1.700000 93
2014-07-30T14:00:00Z 145 149 27 4 1.666667 118
2014-07-30T15:00:00Z 141 -1 25 4 1.616667 143
2014-07-30T16:00:00Z 133 112 24 4 1.550000 157
2014-07-30T17:00:00Z 140 -1 25 4 1.558333 163
2014-07-30T18:00:00Z 150 152 30 4 1.625000 158
2014-07-30T19:00:00Z 155 154 35 4 1.691667 143
2014-07-30T20:00:00Z 165 174 40 3 1.783333 117
2014-07-30T21:00:00Z 180 196 42 3 1.933333 91
2014-07-30T22:00:00Z 193 219 47 3 2.033333 65
2014-07-30T23:00:00Z 200 224 47 3 2.008333 49
2014-07-31T00:00:00Z 201 220 41 3 1.966667 48
2014-07-31T01:00:00Z 196 203 37 3 1.841667 46
2014-07-31T02:00:00Z 196 205 42 4 1.833333 32
2014-07-31T03:00:00Z 195 205 47 4 1.836364 22
2014-07-31T04:00:00Z 194 -1 45 4 1.666667 20
2014-07-31T05:00:00Z 201 -1 41 4 1.675000 22
2014-07-31T06:00:00Z -1 -1 -1 -1 -1.000000 -1
2014-07-31T07:00:00Z 211 -1 38 4 1.675000 29
2014-07-31T08:00:00Z 213 -1 40 5 1.691667 42
2014-07-31T17:00:00Z 175 -1 24 3 1.341667 226
2014-07-31T18:00:00Z 160 -1 24 3 1.316667 210
2014-07-31T19:00:00Z 157 -1 28 3 1.325000 193
2014-07-31T20:00:00Z 160 169 32 3 1.333333 173
2014-07-31T21:00:00Z 164 179 34 3 1.416667 150
2014-07-31T22:00:00Z 174 197 39 3 1.525000 129
2014-07-31T23:00:00Z 187 233 39 3 1.666667 121
2014-08-01T00:00:00Z 188 222 41 4 1.641667 103
2014-08-01T01:00:00Z 172 211 39 4 1.466667 81
2014-08-01T02:00:00Z 161 181 38 5 1.350000 61
2014-08-01T03:00:00Z 166 149 42 5 1.675000 45
2014-08-01T04:00:00Z 162 161 44 4 1.716667 36
2014-08-01T05:00:00Z 148 -1 42 4 1.500000 34
2014-08-01T06:00:00Z 144 -1 45 4 1.650000 27
2014-08-01T07:00:00Z 145 177 48 4 1.616667 22
2014-08-01T08:00:00Z 153 161 50 4 1.508333 24
2014-08-01T09:00:00Z 168 169 47 4 1.508333 33
2014-08-01T10:00:00Z -1 -1 -1 -1 -1.000000 -1
2014-08-01T11:00:00Z 171 189 37 4 1.409091 85
2014-08-01T12:00:00Z 167 269 33 5 1.318182 120
2014-08-01T13:00:00Z 154 156 26 5 1.225000 171
2014-08-01T14:00:00Z -1 -1 -1 -1 -1.000000 -1
2014-08-01T15:00:00Z 136 -1 20 3 1.150000 223
2014-08-01T16:00:00Z 123 119 21 3 1.108333 215
2014-08-01T17:00:00Z 118 111 20 3 0.983333 209
2014-08-01T18:00:00Z 118 111 20 3 0.983333 209
2014-08-01T19:00:00Z -1 -1 -1 -1 -1.000000 -1
2014-08-01T20:00:00Z 140 155 30 3 1.066667 168
2014-08-01T21:00:00Z 147 174 33 3 1.191667 150
2014-08-01T22:00:00Z 154 171 40 3 1.308333 118
2014-08-01T23:00:00Z -1 -1 -1 -1 -1.000000 -1
2014-08-02T00:00:00Z 137 200 39 3 1.108333 72
2014-08-02T01:00:00Z -1 -1 -1 -1 -1.000000 -1
2014-08-02T02:00:00Z 142 176 54 4 1.141667 29
2014-08-02T03:00:00Z 127 186 56 3 1.127273 21
2014-08-02T04:00:00Z 121 146 59 3 1.066667 15
2014-08-02T05:00:00Z 113 84 52 3 1.116667 12
2014-08-02T06:00:00Z 102 57 48 3 1.083333 9
2014-08-02T07:00:00Z 99 96 48 3 1.033333 8
2014-08-02T08:00:00Z 94 122 48 4 1.016667 8
2014-08-02T09:00:00Z 95 111 49 4 1.066667 15
2014-08-02T10:00:00Z 115 123 51 5 1.125000 35
2014-08-02T18:00:00Z 122 138 25 3 0.966667 226
2014-08-02T19:00:00Z 129 172 27 3 1.033333 209
2014-08-02T20:00:00Z 131 153 30 3 1.050000 177
2014-08-02T21:00:00Z 131 156 33 3 1.075000 146
2014-08-02T22:00:00Z 133 147 37 3 1.075000 126
2014-08-02T23:00:00Z 139 174 39 3 1.125000 113
2014-08-03T00:00:00Z 145 162 42 3 1.158333 95
2014-08-03T01:00:00Z 148 168 52 3 1.175000 83
2014-08-03T02:00:00Z 159 177 60 7 1.216667 61
2014-08-03T03:00:00Z 164 196 56 3 1.225000 61
2014-08-03T04:00:00Z 166 190 46 3 1.166667 69
2014-08-03T05:00:00Z 163 182 47 3 1.183333 62
2014-08-03T06:00:00Z 160 194 47 3 1.166667 59
2014-08-03T07:00:00Z 142 160 43 3 1.100000 69
2014-08-03T08:00:00Z 132 202 45 3 1.083333 76
2014-08-03T09:00:00Z 125 199 44 3 1.033333 89
2014-08-20T04:00:00Z 100 133 39 9 0.916667 58
2014-08-20T05:00:00Z 102 135 40 8 0.950000 49
2014-08-20T06:00:00Z 105 134 45 6 1.008333 40
2014-08-21T02:00:00Z 115 160 45 10 0.991667 83
2014-08-21T03:00:00Z 121 164 47 8 1.008333 67
2014-08-21T04:00:00Z 127 168 56 7 1.025000 47
2014-08-21T05:00:00Z 131 161 64 6 1.116667 35
2014-08-21T06:00:00Z 132 168 66 5 1.150000 29
2014-08-21T07:00:00Z 136 177 72 5 1.216667 25
2014-08-30T03:00:00Z 104 161 77 3 1.181818 25
2014-08-30T04:00:00Z -1 -1 -1 -1 -1.000000 -1
2014-08-30T05:00:00Z 129 139 80 3 1.325000 9
2014-08-30T06:00:00Z 129 151 69 3 1.416667 12
2014-08-30T07:00:00Z -1 -1 -1 -1 -1.000000 -1
2014-08-30T08:00:00Z 128 149 62 4 1.491667 15
2014-08-30T09:00:00Z -1 -1 -1 -1 -1.000000 -1
2014-08-30T10:00:00Z 129 141 51 6 1.383333 36
2014-08-30T11:00:00Z 136 159 50 6 1.508333 43
2014-08-30T12:00:00Z 148 178 51 7 1.716667 48
2014-08-30T13:00:00Z 153 177 50 8 1.841667 58
2014-08-30T14:00:00Z 158 185 51 9 2.018182 69
2014-08-30T15:00:00Z 156 162 56 9 2.025000 68
2014-08-30T16:00:00Z -1 -1 -1 -1 -1.000000 -1
2014-08-30T17:00:00Z 141 157 52 8 2.058333 69
2014-09-01T10:00:00Z 118 123 60 5 1.975000 29
2014-09-05T21:00:00Z 139 180 35 11 1.183333 175
2014-09-05T22:00:00Z 146 175 36 11 1.158333 148
2014-09-05T23:00:00Z 148 173 37 9 1.233333 117
2014-09-06T00:00:00Z -1 -1 -1 -1 -1.000000 -1
2014-09-06T01:00:00Z 147 155 38 7 1.391667 85
2014-09-06T02:00:00Z 144 151 36 7 1.400000 79
2014-09-06T03:00:00Z 141 159 37 6 1.358333 69
2014-09-06T04:00:00Z 144 161 41 6 1.325000 54
2014-09-06T05:00:00Z 143 150 47 5 1.300000 40
2014-09-06T06:00:00Z 137 168 59 5 1.308333 20
2014-09-06T07:00:00Z -1 -1 -1 -1 -1.000000 -1
2014-09-06T08:00:00Z 132 143 52 7 1.441667 27
2014-09-06T09:00:00Z 140 149 47 11 1.618182 48
2014-09-06T10:00:00Z 147 151 39 16 1.745455 79
2014-09-06T20:00:00Z 130 176 39 11 1.150000 140
2014-09-06T21:00:00Z 140 177 48 11 1.200000 116
2014-09-06T22:00:00Z 147 179 47 11 1.200000 106
2014-09-06T23:00:00Z 144 183 49 11 1.150000 96
2014-09-07T00:00:00Z -1 -1 -1 -1 -1.000000 -1
2014-09-07T01:00:00Z 153 182 56 9 1.175000 65
2014-09-07T02:00:00Z 149 172 49 9 1.075000 65
2014-09-07T03:00:00Z 144 176 46 8 1.036364 58
2014-09-07T04:00:00Z 153 188 45 14 1.116667 52
2014-09-07T05:00:00Z -1 -1 -1 -1 -1.000000 -1
2014-09-07T06:00:00Z 168 202 42 8 1.216667 37
2014-09-07T07:00:00Z 170 196 49 6 1.258333 23
2014-09-07T08:00:00Z -1 -1 -1 -1 -1.000000 -1
2014-09-20T18:00:00Z 118 168 47 8 1.181818 182
2014-09-20T19:00:00Z 131 173 55 7 1.283333 153
2014-09-20T20:00:00Z 140 167 64 5 1.375000 115
2014-09-20T21:00:00Z 151 193 76 5 1.483333 82
2014-09-20T22:00:00Z 165 201 77 4 1.566667 68
2014-09-20T23:00:00Z -1 -1 -1 -1 -1.000000 -1
2014-09-21T00:00:00Z 185 213 80 4 1.750000 42
2014-09-25T09:00:00Z 94 129 56 3 1.483333 4
2014-09-25T10:00:00Z 109 135 53 4 1.400000 15
2014-09-25T11:00:00Z -1 -1 -1 -1 -1.000000 -1
2014-09-25T12:00:00Z 124 158 59 4 1.400000 28
2014-09-25T13:00:00Z 142 167 62 3 1.391667 33
2014-09-25T14:00:00Z 145 170 56 3 1.333333 50
2014-09-25T15:00:00Z 155 166 43 4 1.225000 61
2014-09-25T16:00:00Z 149 160 42 4 1.266667 80
2014-09-25T17:00:00Z 142 155 44 5 1.183333 82
2014-09-26T13:00:00Z 142 168 58 23 1.572727 49
2014-09-26T14:00:00Z 149 166 51 23 1.472727 70
2014-09-26T15:00:00Z 156 165 47 22 1.416667 77
2014-09-26T16:00:00Z -1 -1 -1 -1 -1.000000 -1
2014-09-26T17:00:00Z 160 156 67 8 1.800000 38
2014-10-07T14:00:00Z -1 -1 -1 -1 -1.000000 -1
2014-10-07T15:00:00Z 139 172 81 23 1.166667 95
2014-10-07T16:00:00Z 156 194 89 25 1.216667 106
2014-10-07T17:00:00Z 171 212 83 24 1.208333 122
2014-10-07T18:00:00Z 182 223 75 19 1.250000 105
2014-10-07T19:00:00Z 194 240 91 13 1.500000 65
2014-10-07T20:00:00Z 210 252 106 10 1.741667 37
2014-10-07T21:00:00Z 215 295 128 8 1.925000 21
2014-10-07T22:00:00Z 211 263 123 7 2.066667 21
2014-10-07T23:00:00Z 216 273 121 7 2.141667 20
2014-10-08T00:00:00Z 213 249 112 5 2.166667 19
2014-10-08T01:00:00Z 220 280 109 6 2.116667 17
2014-10-08T02:00:00Z 219 265 103 6 1.916667 17
2014-10-08T03:00:00Z -1 -1 -1 -1 -1.000000 -1
2014-10-08T04:00:00Z 207 243 85 5 1.433333 17
2014-10-08T05:00:00Z 203 233 84 4 1.366667 17
2014-10-08T06:00:00Z 198 223 80 4 1.341667 16
2014-10-08T07:00:00Z 198 233 78 4 1.350000 16
2014-10-08T08:00:00Z 200 222 76 4 1.508333 10
2014-10-08T09:00:00Z -1 -1 -1 -1 -1.000000 -1
2014-10-08T10:00:00Z 213 204 81 9 1.841667 17
2014-10-08T11:00:00Z -1 -1 -1 -1 -1.000000 -1
2014-10-08T12:00:00Z 244 265 97 19 2.150000 36
2014-10-08T13:00:00Z 251 262 92 21 2.058333 51
2014-10-08T14:00:00Z 266 278 93 25 2.041667 69
2014-10-08T15:00:00Z 266 299 98 27 2.125000 83
2014-10-08T16:00:00Z 301 339 109 23 2.241667 78
2014-10-08T17:00:00Z 321 362 122 17 2.366667 59
2014-10-08T18:00:00Z 319 366 136 10 2.550000 32
2014-10-08T19:00:00Z 331 363 141 7 2.708333 20
2014-10-08T20:00:00Z 331 370 130 6 2.791667 20
2014-10-08T21:00:00Z 329 380 120 6 2.800000 21
2014-10-08T22:00:00Z 333 383 119 6 2.908333 19
2014-10-08T23:00:00Z 331 365 110 5 2.708333 19
2014-10-09T00:00:00Z 324 342 101 5 2.591667 17
2014-10-09T01:00:00Z 319 330 92 4 2.454545 14
2014-10-09T02:00:00Z 312 334 82 4 2.275000 11
2014-10-09T03:00:00Z -1 -1 -1 -1 -1.000000 -1
2014-10-09T04:00:00Z 308 314 74 4 2.100000 11
2014-10-09T05:00:00Z 308 314 74 4 2.100000 11
2014-10-09T06:00:00Z 308 314 74 4 2.100000 11
2014-10-09T07:00:00Z 297 305 70 3 2.141667 6
2014-10-09T08:00:00Z 298 315 74 4 2.291667 5
2014-10-09T09:00:00Z -1 -1 -1 -1 -1.000000 -1
2014-10-09T10:00:00Z 320 329 88 7 2.208333 11
2014-10-09T11:00:00Z 320 333 89 7 2.183333 12
2014-10-09T12:00:00Z 323 332 88 11 2.033333 43
2014-10-09T13:00:00Z 320 333 75 13 1.963636 75
2014-10-09T14:00:00Z 308 339 71 15 1.933333 102
2014-10-09T15:00:00Z 353 376 79 14 2.016667 112
2014-10-09T16:00:00Z -1 -1 -1 -1 -1.000000 -1
2014-10-09T17:00:00Z 349 371 97 11 2.033333 101
2014-10-09T18:00:00Z 369 361 115 6 2.208333 59
2014-10-09T19:00:00Z 374 376 138 4 2.500000 26
2014-10-09T20:00:00Z 373 457 132 4 2.727273 21
2014-10-09T21:00:00Z 363 436 123 4 2.754545 23
2014-10-09T22:00:00Z 360 421 117 3 2.772727 20
2014-10-09T23:00:00Z 356 396 98 3 2.500000 21
2014-10-10T08:00:00Z 277 284 71 3 1.972727 6
2014-10-10T09:00:00Z 287 283 81 3 1.981818 6
2014-10-10T10:00:00Z 301 314 94 6 2.075000 10
2014-10-10T11:00:00Z 294 305 94 15 2.236364 25
2014-10-10T12:00:00Z 313 316 98 25 2.441667 45
2014-10-10T13:00:00Z 310 302 92 34 2.441667 78
2014-10-10T14:00:00Z -1 -1 -1 -1 -1.000000 -1
2014-10-10T15:00:00Z 284 305 73 37 2.300000 128
2014-10-10T16:00:00Z 273 293 71 33 2.275000 134
2014-10-10T17:00:00Z -1 -1 -1 -1 -1.000000 -1
2014-10-10T18:00:00Z 264 325 86 22 2.554545 109
2014-10-10T19:00:00Z 276 277 102 18 2.854545 74
2014-10-10T20:00:00Z 300 329 117 12 3.127273 42
2014-10-10T21:00:00Z 312 360 109 10 3.145455 32
2014-10-10T22:00:00Z 300 307 94 10 2.918182 39
2014-10-10T23:00:00Z 300 307 94 10 2.918182 39
2014-10-11T00:00:00Z 300 307 94 10 2.918182 39
2014-10-11T01:00:00Z -1 -1 -1 -1 -1.000000 -1
2014-10-11T02:00:00Z 300 307 94 10 2.918182 39
2014-10-11T03:00:00Z -1 -1 -1 -1 -1.000000 -1
2014-10-11T04:00:00Z 252 -1 67 5 2.209091 21
2014-10-11T05:00:00Z 250 -1 70 4 2.336364 13
2014-10-11T06:00:00Z -1 -1 -1 -1 -1.000000 -1
2014-10-11T07:00:00Z 232 246 69 4 2.381818 15
2014-10-11T08:00:00Z 224 196 69 4 2.390909 15
2014-10-11T09:00:00Z 224 197 72 5 2.381818 16
2014-10-11T10:00:00Z 228 172 66 6 2.218182 28
2014-10-11T11:00:00Z 241 346 64 7 2.072727 37
2014-10-11T12:00:00Z 239 302 62 9 1.954545 50
2014-10-11T13:00:00Z 238 195 61 12 1.872727 65
2014-10-17T15:00:00Z -1 -1 -1 -1 -1.000000 -1
2014-10-17T16:00:00Z 105 193 117 19 0.950000 78
2014-10-17T17:00:00Z 112 198 126 17 1.025000 77
2014-10-17T18:00:00Z 114 208 151 13 1.183333 39
2014-10-17T19:00:00Z 125 231 170 11 1.583333 10
2014-10-17T20:00:00Z 132 216 167 10 1.775000 6
2014-10-17T21:00:00Z 135 232 158 10 1.983333 7
2014-10-17T22:00:00Z 144 250 149 9 2.258333 8
2014-10-18T09:00:00Z 94 167 80 10 1.133333 9
2014-10-18T10:00:00Z 98 162 85 12 1.050000 19
2014-10-18T11:00:00Z 108 171 92 14 1.041667 34
2014-10-18T12:00:00Z 119 177 92 23 1.191667 64
2014-10-18T13:00:00Z -1 -1 -1 -1 -1.000000 -1
2014-10-18T14:00:00Z 145 202 93 35 1.500000 129
2014-10-18T15:00:00Z 162 238 101 45 2.066667 147
2014-10-18T16:00:00Z 174 275 105 55 2.741667 156
2014-10-18T17:00:00Z 189 304 104 49 2.958333 163
2014-10-18T18:00:00Z 196 302 124 30 2.783333 113
2014-10-18T19:00:00Z 212 313 150 19 2.858333 54
2014-10-18T20:00:00Z 231 323 173 15 3.133333 28
2014-10-18T21:00:00Z -1 -1 -1 -1 -1.000000 -1
2014-10-18T22:00:00Z 245 345 172 13 3.300000 26
2014-10-18T23:00:00Z 245 343 162 12 3.466667 21
2014-10-19T00:00:00Z -1 -1 -1 -1 -1.000000 -1
2014-10-19T01:00:00Z 259 357 150 13 3.283333 20
2014-10-19T02:00:00Z 255 350 146 11 3.158333 16
2014-10-19T03:00:00Z 256 349 140 10 3.170000 15
2014-10-19T04:00:00Z 260 347 136 9 2.983333 13
2014-10-19T05:00:00Z 269 355 134 9 3.075000 10
2014-10-19T06:00:00Z 276 360 129 9 3.116667 8
2014-10-19T07:00:00Z 276 360 119 9 3.083333 7
2014-10-19T08:00:00Z 275 362 114 9 3.000000 5
2014-10-19T09:00:00Z -1 -1 -1 -1 -1.000000 -1
2014-10-19T10:00:00Z 284 378 121 11 3.116667 5
2014-10-19T11:00:00Z 309 410 150 20 2.945455 10
2014-10-19T12:00:00Z -1 -1 -1 -1 -1.000000 -1
2014-10-19T13:00:00Z 251 305 102 33 1.900000 48
2014-10-23T13:00:00Z 133 173 65 17 1.266667 33
2014-10-23T14:00:00Z 135 176 68 21 1.300000 38
2014-10-23T15:00:00Z 139 188 77 24 1.381818 38
2014-10-23T16:00:00Z -1 -1 -1 -1 -1.000000 -1
2014-10-23T17:00:00Z 148 202 105 24 1.591667 20
2014-10-24T02:00:00Z 162 219 84 7 2.183333 6
2014-10-24T03:00:00Z -1 -1 -1 -1 -1.000000 -1
2014-10-24T04:00:00Z 153 190 77 6 1.666667 4
2014-10-24T05:00:00Z 149 182 72 5 1.633333 3
2014-10-24T06:00:00Z 147 179 71 5 1.625000 3
2014-10-24T07:00:00Z 149 181 70 4 1.666667 3
2014-10-24T08:00:00Z -1 -1 -1 -1 -1.000000 -1
2014-10-24T09:00:00Z 172 223 78 7 1.854545 4
2014-10-24T10:00:00Z 189 230 82 12 1.754545 8
2014-10-24T11:00:00Z 209 252 85 18 1.750000 24
2014-10-24T12:00:00Z 229 266 78 23 1.772727 49
2014-10-24T13:00:00Z 243 289 78 27 1.918182 72
2014-10-24T14:00:00Z -1 -1 -1 -1 -1.000000 -1
2014-10-24T15:00:00Z 280 325 84 27 2.009091 99
2014-10-24T16:00:00Z 284 334 89 24 2.050000 95
2014-10-24T17:00:00Z 290 351 100 19 2.100000 77
2014-10-24T18:00:00Z 293 346 113 12 2.263636 46
2014-10-24T19:00:00Z 296 347 124 9 2.500000 21
2014-10-24T20:00:00Z -1 -1 -1 -1 -1.000000 -1
2014-10-24T21:00:00Z 298 361 112 7 2.900000 17
2014-10-24T22:00:00Z 310 431 113 7 3.060000 13
2014-10-24T23:00:00Z -1 -1 -1 -1 -1.000000 -1
2014-10-25T00:00:00Z 280 336 97 6 2.845455 11
2014-10-25T01:00:00Z 268 323 89 5 2.736364 9
2014-10-25T02:00:00Z 259 300 82 5 2.627273 10
2014-10-25T03:00:00Z 253 285 75 5 2.350000 10
2014-10-25T04:00:00Z 244 261 73 5 2.136364 8
2014-10-25T05:00:00Z 239 258 70 4 2.081818 8
2014-10-25T06:00:00Z 235 251 67 4 2.063636 8
2014-10-25T07:00:00Z 227 237 63 4 2.072727 6
2014-10-25T08:00:00Z 223 265 63 4 2.172727 6
2014-10-25T09:00:00Z -1 -1 -1 -1 -1.000000 -1
2014-10-25T10:00:00Z 279 313 81 7 2.200000 12
2014-10-25T11:00:00Z -1 -1 -1 -1 -1.000000 -1
2014-10-25T12:00:00Z 308 319 72 14 2.054545 60
2014-10-25T13:00:00Z -1 -1 -1 -1 -1.000000 -1
2014-10-25T14:00:00Z 331 345 81 17 2.163636 103
2014-10-25T15:00:00Z -1 -1 -1 -1 -1.000000 -1
2014-10-25T16:00:00Z 361 408 107 14 2.354545 103
2014-10-25T17:00:00Z 370 429 117 11 2.454545 82
2014-10-25T18:00:00Z 374 436 120 7 2.572727 57
2014-10-29T16:00:00Z 112 191 98 24 1.090000 49
2014-10-29T17:00:00Z -1 -1 -1 -1 -1.000000 -1
2014-10-29T18:00:00Z 120 187 113 17 1.290909 25
2014-10-29T19:00:00Z 127 183 123 16 1.536364 12
2014-10-29T20:00:00Z -1 -1 -1 -1 -1.000000 -1
2014-10-29T21:00:00Z 138 202 115 14 1.645455 10
2014-10-29T22:00:00Z 141 200 113 15 1.763636 8
2014-10-29T23:00:00Z -1 -1 -1 -1 -1.000000 -1
2014-10-30T00:00:00Z 136 191 103 14 1.572727 9
2014-10-30T01:00:00Z -1 -1 -1 -1 -1.000000 -1
2014-10-30T02:00:00Z 142 195 100 12 1.681818 3
2014-10-30T03:00:00Z 145 206 101 11 1.736364 2
2014-10-30T04:00:00Z 146 197 97 10 1.600000 4
2014-10-30T05:00:00Z 141 188 94 9 1.609091 5
2014-10-30T06:00:00Z 139 184 97 9 1.672727 4
