2013-12-26T10:00:00Z 16 -1 12 12 0 -1
2013-12-26T09:00:00Z 21 25 18 12 0 -1
2013-12-26T08:00:00Z 19 -1 20 11 0 -1
2013-12-26T07:00:00Z 18 -1 15 11 0 -1
2013-12-26T06:00:00Z 19 -1 7 10 0 -1
2013-12-26T05:00:00Z 19 -1 9 11 0 -1
2013-12-26T09:00:00Z 21 25 18 12 0 -1
2013-12-26T08:00:00Z 19 -1 20 11 0 -1
2013-12-26T07:00:00Z 18 -1 15 11 0 -1
2013-12-26T06:00:00Z 19 -1 7 10 0 -1
2013-12-26T05:00:00Z 19 -1 9 11 0 -1
2013-12-26T04:00:00Z 20 -1 -1 14 0 -1
2013-12-26T08:00:00Z 19 -1 20 11 0 -1
2013-12-26T07:00:00Z 18 -1 15 11 0 -1
2013-12-26T06:00:00Z 19 -1 7 10 0 -1
2013-12-26T05:00:00Z 19 -1 9 11 0 -1
2013-12-26T04:00:00Z 20 -1 -1 14 0 -1
2013-12-26T03:00:00Z 20 -1 16 12 0 -1
2013-12-26T07:00:00Z 18 -1 15 11 0 -1
2013-12-26T06:00:00Z 19 -1 7 10 0 -1
2013-12-26T05:00:00Z 19 -1 9 11 0 -1
2013-12-26T04:00:00Z 20 -1 -1 14 0 -1
2013-12-26T03:00:00Z 20 -1 16 12 0 -1
2013-12-26T02:00:00Z 22 -1 12 11 0 -1
2013-12-26T06:00:00Z 19 -1 7 10 0 -1
2013-12-26T05:00:00Z 19 -1 9 11 0 -1
2013-12-26T04:00:00Z 20 -1 -1 14 0 -1
2013-12-26T03:00:00Z 20 -1 16 12 0 -1
2013-12-26T02:00:00Z 22 -1 12 11 0 -1
2013-12-26T01:00:00Z 24 -1 9 10 0 -1
2013-12-26T05:00:00Z 19 -1 9 11 0 -1
2013-12-26T04:00:00Z 20 -1 -1 14 0 -1
2013-12-26T03:00:00Z 20 -1 16 12 0 -1
2013-12-26T02:00:00Z 22 -1 12 11 0 -1
2013-12-26T01:00:00Z 24 -1 9 10 0 -1
2013-12-26T00:00:00Z 30 -1 8 10 0 -1
2014-01-03T01:00:00Z 174 181 160 51 3 -1
2014-01-03T00:00:00Z 216 254 164 48 5 -1
2014-01-02T23:00:00Z 209 243 169 51 5 -1
2014-01-02T22:00:00Z 213 249 176 52 5 -1
2014-01-02T21:00:00Z 200 262 179 47 5 -1
2014-01-02T20:00:00Z 195 266 184 46 5 -1
2014-01-03T00:00:00Z 216 254 164 48 5 -1
2014-01-02T23:00:00Z 209 243 169 51 5 -1
2014-01-02T22:00:00Z 213 249 176 52 5 -1
2014-01-02T21:00:00Z 200 262 179 47 5 -1
2014-01-02T20:00:00Z 195 266 184 46 5 -1
2014-01-02T19:00:00Z 186 247 187 46 4 -1
2014-01-02T23:00:00Z 209 243 169 51 5 -1
2014-01-02T22:00:00Z 213 249 176 52 5 -1
2014-01-02T21:00:00Z 200 262 179 47 5 -1
2014-01-02T20:00:00Z 195 266 184 46 5 -1
2014-01-02T19:00:00Z 186 247 187 46 4 -1
2014-01-02T18:00:00Z 164 227 190 47 4 -1
2014-01-02T22:00:00Z 213 249 176 52 5 -1
2014-01-02T21:00:00Z 200 262 179 47 5 -1
2014-01-02T20:00:00Z 195 266 184 46 5 -1
2014-01-02T19:00:00Z 186 247 187 46 4 -1
2014-01-02T18:00:00Z 164 227 190 47 4 -1
2014-01-02T17:00:00Z 150 194 194 51 3 -1
2014-01-02T21:00:00Z 200 262 179 47 5 -1
2014-01-02T20:00:00Z 195 266 184 46 5 -1
2014-01-02T19:00:00Z 186 247 187 46 4 -1
2014-01-02T18:00:00Z 164 227 190 47 4 -1
2014-01-02T17:00:00Z 150 194 194 51 3 -1
2014-01-02T16:00:00Z 138 157 196 56 3 -1
2014-01-02T20:00:00Z 195 266 184 46 5 -1
2014-01-02T19:00:00Z 186 247 187 46 4 -1
2014-01-02T18:00:00Z 164 227 190 47 4 -1
2014-01-02T17:00:00Z 150 194 194 51 3 -1
2014-01-02T16:00:00Z 138 157 196 56 3 -1
2014-01-02T15:00:00Z 154 177 200 60 3 -1
2014-01-06T03:00:00Z 117 -1 64 14 1 -1
2014-01-06T02:00:00Z 121 125 63 15 1 -1
2014-01-06T01:00:00Z 129 149 74 16 2 -1
2014-01-06T00:00:00Z 130 162 79 18 2 -1
2014-01-05T23:00:00Z 144 214 89 22 3 -1
2014-01-05T22:00:00Z 97 191 96 22 2 -1
2014-01-06T02:00:00Z 121 125 63 15 1 -1
2014-01-06T01:00:00Z 129 149 74 16 2 -1
2014-01-06T00:00:00Z 130 162 79 18 2 -1
2014-01-05T23:00:00Z 144 214 89 22 3 -1
2014-01-05T22:00:00Z 97 191 96 22 2 -1
2014-01-05T21:00:00Z 60 104 91 23 1 -1
2014-01-06T01:00:00Z 129 149 74 16 2 -1
2014-01-06T00:00:00Z 130 162 79 18 2 -1
2014-01-05T23:00:00Z 144 214 89 22 3 -1
2014-01-05T22:00:00Z 97 191 96 22 2 -1
2014-01-05T21:00:00Z 60 104 91 23 1 -1
2014-01-05T20:00:00Z 54 99 89 22 1 -1
2014-01-06T00:00:00Z 130 162 79 18 2 -1
2014-01-05T23:00:00Z 144 214 89 22 3 -1
2014-01-05T22:00:00Z 97 191 96 22 2 -1
2014-01-05T21:00:00Z 60 104 91 23 1 -1
2014-01-05T20:00:00Z 54 99 89 22 1 -1
2014-01-05T19:00:00Z 43 90 88 20 1 -1
2014-01-05T23:00:00Z 144 214 89 22 3 -1
2014-01-05T22:00:00Z 97 191 96 22 2 -1
2014-01-05T21:00:00Z 60 104 91 23 1 -1
2014-01-05T20:00:00Z 54 99 89 22 1 -1
2014-01-05T19:00:00Z 43 90 88 20 1 -1
2014-01-05T18:00:00Z 33 66 82 21 1 -1
2014-01-11T05:00:00Z 132 182 92 118 5 -1
2014-01-11T04:00:00Z 147 189 98 136 5 -1
2014-01-11T03:00:00Z 181 -1 118 -1 6 -1
2014-01-11T02:00:00Z 150 -1 117 115 6 -1
2014-01-11T01:00:00Z 149 -1 117 101 4 -1
2014-01-11T00:00:00Z 142 -1 108 102 4 -1
2014-01-11T04:00:00Z 147 189 98 136 5 -1
2014-01-11T03:00:00Z 181 -1 118 -1 6 -1
2014-01-11T02:00:00Z 150 -1 117 115 6 -1
2014-01-11T01:00:00Z 149 -1 117 101 4 -1
2014-01-11T00:00:00Z 142 -1 108 102 4 -1
2014-01-10T23:00:00Z 119 188 106 96 3 -1
2014-01-11T03:00:00Z 181 -1 118 -1 6 -1
2014-01-11T02:00:00Z 150 -1 117 115 6 -1
2014-01-11T01:00:00Z 149 -1 117 101 4 -1
2014-01-11T00:00:00Z 142 -1 108 102 4 -1
2014-01-10T23:00:00Z 119 188 106 96 3 -1
2014-01-10T22:00:00Z 111 152 102 95 2 -1
2014-01-11T02:00:00Z 150 -1 117 115 6 -1
2014-01-11T01:00:00Z 149 -1 117 101 4 -1
2014-01-11T00:00:00Z 142 -1 108 102 4 -1
2014-01-10T23:00:00Z 119 188 106 96 3 -1
2014-01-10T22:00:00Z 111 152 102 95 2 -1
2014-01-10T21:00:00Z 125 170 102 102 2 -1
2014-01-11T01:00:00Z 149 -1 117 101 4 -1
2014-01-11T00:00:00Z 142 -1 108 102 4 -1
2014-01-10T23:00:00Z 119 188 106 96 3 -1
2014-01-10T22:00:00Z 111 152 102 95 2 -1
2014-01-10T21:00:00Z 125 170 102 102 2 -1
2014-01-10T20:00:00Z 133 172 103 106 2 -1
2014-01-11T00:00:00Z 142 -1 108 102 4 -1
2014-01-10T23:00:00Z 119 188 106 96 3 -1
2014-01-10T22:00:00Z 111 152 102 95 2 -1
2014-01-10T21:00:00Z 125 170 102 102 2 -1
2014-01-10T20:00:00Z 133 172 103 106 2 -1
2014-01-10T19:00:00Z 126 168 106 95 2 -1
2014-01-11T23:00:00Z 142 176 112 118 3 -1
2014-01-11T22:00:00Z 157 206 110 99 3 -1
2014-01-11T21:00:00Z 202 276 123 119 4 -1
2014-01-11T20:00:00Z 206 249 128 122 3 -1
2014-01-11T19:00:00Z 208 268 134 124 3 -1
2014-01-11T18:00:00Z 208 278 144 124 3 -1
2014-01-11T22:00:00Z 157 206 110 99 3 -1
2014-01-11T21:00:00Z 202 276 123 119 4 -1
2014-01-11T20:00:00Z 206 249 128 122 3 -1
2014-01-11T19:00:00Z 208 268 134 124 3 -1
2014-01-11T18:00:00Z 208 278 144 124 3 -1
2014-01-11T17:00:00Z -1 -1 160 125 4 -1
2014-01-11T21:00:00Z 202 276 123 119 4 -1
2014-01-11T20:00:00Z 206 249 128 122 3 -1
2014-01-11T19:00:00Z 208 268 134 124 3 -1
2014-01-11T18:00:00Z 208 278 144 124 3 -1
2014-01-11T17:00:00Z -1 -1 160 125 4 -1
2014-01-11T16:00:00Z 157 208 146 105 3 -1
2014-01-11T20:00:00Z 206 249 128 122 3 -1
2014-01-11T19:00:00Z 208 268 134 124 3 -1
2014-01-11T18:00:00Z 208 278 144 124 3 -1
2014-01-11T17:00:00Z -1 -1 160 125 4 -1
2014-01-11T16:00:00Z 157 208 146 105 3 -1
2014-01-11T15:00:00Z 88 -1 103 74 2 -1
2014-01-11T19:00:00Z 208 268 134 124 3 -1
2014-01-11T18:00:00Z 208 278 144 124 3 -1
2014-01-11T17:00:00Z -1 -1 160 125 4 -1
2014-01-11T16:00:00Z 157 208 146 105 3 -1
2014-01-11T15:00:00Z 88 -1 103 74 2 -1
2014-01-11T14:00:00Z 87 97 104 87 2 -1
2014-01-11T18:00:00Z 208 278 144 124 3 -1
2014-01-11T17:00:00Z -1 -1 160 125 4 -1
2014-01-11T16:00:00Z 157 208 146 105 3 -1
2014-01-11T15:00:00Z 88 -1 103 74 2 -1
2014-01-11T14:00:00Z 87 97 104 87 2 -1
2014-01-11T13:00:00Z 91 111 105 98 3 -1
2014-01-15T07:00:00Z 121 146 89 96 5 -1
2014-01-15T06:00:00Z 145 168 98 102 6 -1
2014-01-15T05:00:00Z 149 186 102 96 6 -1
2014-01-15T04:00:00Z 162 215 109 108 6 -1
2014-01-15T03:00:00Z 148 185 108 103 5 -1
2014-01-15T02:00:00Z 134 188 103 83 5 -1
2014-01-15T06:00:00Z 145 168 98 102 6 -1
2014-01-15T05:00:00Z 149 186 102 96 6 -1
2014-01-15T04:00:00Z 162 215 109 108 6 -1
2014-01-15T03:00:00Z 148 185 108 103 5 -1
2014-01-15T02:00:00Z 134 188 103 83 5 -1
2014-01-15T01:00:00Z 116 156 95 67 5 -1
2014-01-15T05:00:00Z 149 186 102 96 6 -1
2014-01-15T04:00:00Z 162 215 109 108 6 -1
2014-01-15T03:00:00Z 148 185 108 103 5 -1
2014-01-15T02:00:00Z 134 188 103 83 5 -1
2014-01-15T01:00:00Z 116 156 95 67 5 -1
2014-01-15T00:00:00Z 124 173 96 83 4 -1
2014-01-15T04:00:00Z 162 215 109 108 6 -1
2014-01-15T03:00:00Z 148 185 108 103 5 -1
2014-01-15T02:00:00Z 134 188 103 83 5 -1
2014-01-15T01:00:00Z 116 156 95 67 5 -1
2014-01-15T00:00:00Z 124 173 96 83 4 -1
2014-01-14T23:00:00Z 129 177 96 89 3 -1
2014-01-15T03:00:00Z 148 185 108 103 5 -1
2014-01-15T02:00:00Z 134 188 103 83 5 -1
2014-01-15T01:00:00Z 116 156 95 67 5 -1
2014-01-15T00:00:00Z 124 173 96 83 4 -1
2014-01-14T23:00:00Z 129 177 96 89 3 -1
2014-01-14T22:00:00Z 118 153 93 84 2 -1
2014-01-15T02:00:00Z 134 188 103 83 5 -1
2014-01-15T01:00:00Z 116 156 95 67 5 -1
2014-01-15T00:00:00Z 124 173 96 83 4 -1
2014-01-14T23:00:00Z 129 177 96 89 3 -1
2014-01-14T22:00:00Z 118 153 93 84 2 -1
2014-01-14T21:00:00Z 106 131 91 84 2 -1
2014-01-24T15:00:00Z 139 154 140 80 3 2
2014-01-24T14:00:00Z 198 238 151 106 4 1
2014-01-24T13:00:00Z 199 207 142 120 4 1
2014-01-24T12:00:00Z 242 256 152 163 5 1
2014-01-24T11:00:00Z 252 290 150 156 5 1
2014-01-24T10:00:00Z 242 274 146 150 5 1
2014-01-24T14:00:00Z 198 238 151 106 4 1
2014-01-24T13:00:00Z 199 207 142 120 4 1
2014-01-24T12:00:00Z 242 256 152 163 5 1
2014-01-24T11:00:00Z 252 290 150 156 5 1
2014-01-24T10:00:00Z 242 274 146 150 5 1
2014-01-24T09:00:00Z 254 287 150 138 6 1
2014-01-24T13:00:00Z 199 207 142 120 4 1
2014-01-24T12:00:00Z 242 256 152 163 5 1
2014-01-24T11:00:00Z 252 290 150 156 5 1
2014-01-24T10:00:00Z 242 274 146 150 5 1
2014-01-24T09:00:00Z 254 287 150 138 6 1
2014-01-24T08:00:00Z 259 290 146 145 7 1
2014-01-24T12:00:00Z 242 256 152 163 5 1
2014-01-24T11:00:00Z 252 290 150 156 5 1
2014-01-24T10:00:00Z 242 274 146 150 5 1
2014-01-24T09:00:00Z 254 287 150 138 6 1
2014-01-24T08:00:00Z 259 290 146 145 7 1
2014-01-24T07:00:00Z 271 304 150 153 7 1
2014-01-24T11:00:00Z 252 290 150 156 5 1
2014-01-24T10:00:00Z 242 274 146 150 5 1
2014-01-24T09:00:00Z 254 287 150 138 6 1
2014-01-24T08:00:00Z 259 290 146 145 7 1
2014-01-24T07:00:00Z 271 304 150 153 7 1
2014-01-24T06:00:00Z 262 288 150 148 7 1
2014-01-24T10:00:00Z 242 274 146 150 5 1
2014-01-24T09:00:00Z 254 287 150 138 6 1
2014-01-24T08:00:00Z 259 290 146 145 7 1
2014-01-24T07:00:00Z 271 304 150 153 7 1
2014-01-24T06:00:00Z 262 288 150 148 7 1
2014-01-24T05:00:00Z 276 297 155 149 6 1
2014-01-30T03:00:00Z 155 -1 106 79 3 1
2014-01-30T02:00:00Z 172 181 109 95 2 1
2014-01-30T01:00:00Z 176 187 111 114 2 1
2014-01-30T00:00:00Z 178 194 118 119 2 1
2014-01-29T23:00:00Z 211 224 126 123 3 1
2014-01-29T22:00:00Z 218 228 136 125 4 1
2014-01-30T02:00:00Z 172 181 109 95 2 1
2014-01-30T01:00:00Z 176 187 111 114 2 1
2014-01-30T00:00:00Z 178 194 118 119 2 1
2014-01-29T23:00:00Z 211 224 126 123 3 1
2014-01-29T22:00:00Z 218 228 136 125 4 1
2014-01-29T21:00:00Z 219 254 140 105 4 1
2014-01-30T01:00:00Z 176 187 111 114 2 1
2014-01-30T00:00:00Z 178 194 118 119 2 1
2014-01-29T23:00:00Z 211 224 126 123 3 1
2014-01-29T22:00:00Z 218 228 136 125 4 1
2014-01-29T21:00:00Z 219 254 140 105 4 1
2014-01-29T20:00:00Z 192 224 136 99 3 1
2014-01-30T00:00:00Z 178 194 118 119 2 1
2014-01-29T23:00:00Z 211 224 126 123 3 1
2014-01-29T22:00:00Z 218 228 136 125 4 1
2014-01-29T21:00:00Z 219 254 140 105 4 1
2014-01-29T20:00:00Z 192 224 136 99 3 1
2014-01-29T19:00:00Z 173 205 137 103 2 1
2014-01-29T23:00:00Z 211 224 126 123 3 1
2014-01-29T22:00:00Z 218 228 136 125 4 1
2014-01-29T21:00:00Z 219 254 140 105 4 1
2014-01-29T20:00:00Z 192 224 136 99 3 1
2014-01-29T19:00:00Z 173 205 137 103 2 1
2014-01-29T18:00:00Z 168 195 139 112 2 1
2014-01-29T22:00:00Z 218 228 136 125 4 1
2014-01-29T21:00:00Z 219 254 140 105 4 1
2014-01-29T20:00:00Z 192 224 136 99 3 1
2014-01-29T19:00:00Z 173 205 137 103 2 1
2014-01-29T18:00:00Z 168 195 139 112 2 1
2014-01-29T17:00:00Z 172 190 134 119 2 2
2014-01-31T07:00:00Z 125 144 79 68 1 6
2014-01-31T06:00:00Z 123 151 80 68 1 3
2014-01-31T05:00:00Z 171 206 84 69 1 1
2014-01-31T04:00:00Z 255 300 -1 65 1 -1
2014-01-31T03:00:00Z 349 418 80 75 1 1
2014-01-31T02:00:00Z 254 326 76 51 1 3
2014-01-31T06:00:00Z 123 151 80 68 1 3
2014-01-31T05:00:00Z 171 206 84 69 1 1
2014-01-31T04:00:00Z 255 300 -1 65 1 -1
2014-01-31T03:00:00Z 349 418 80 75 1 1
2014-01-31T02:00:00Z 254 326 76 51 1 3
2014-01-31T01:00:00Z 377 461 85 80 1 1
2014-01-31T05:00:00Z 171 206 84 69 1 1
2014-01-31T04:00:00Z 255 300 -1 65 1 -1
2014-01-31T03:00:00Z 349 418 80 75 1 1
2014-01-31T02:00:00Z 254 326 76 51 1 3
2014-01-31T01:00:00Z 377 461 85 80 1 1
2014-01-31T00:00:00Z 161 230 94 58 1 1
2014-01-31T04:00:00Z 255 300 -1 65 1 -1
2014-01-31T03:00:00Z 349 418 80 75 1 1
2014-01-31T02:00:00Z 254 326 76 51 1 3
2014-01-31T01:00:00Z 377 461 85 80 1 1
2014-01-31T00:00:00Z 161 230 94 58 1 1
2014-01-30T23:00:00Z 127 209 85 52 1 18
2014-01-31T03:00:00Z 349 418 80 75 1 1
2014-01-31T02:00:00Z 254 326 76 51 1 3
2014-01-31T01:00:00Z 377 461 85 80 1 1
2014-01-31T00:00:00Z 161 230 94 58 1 1
2014-01-30T23:00:00Z 127 209 85 52 1 18
2014-01-30T22:00:00Z 144 204 96 61 1 17
2014-01-31T02:00:00Z 254 326 76 51 1 3
2014-01-31T01:00:00Z 377 461 85 80 1 1
2014-01-31T00:00:00Z 161 230 94 58 1 1
2014-01-30T23:00:00Z 127 209 85 52 1 18
2014-01-30T22:00:00Z 144 204 96 61 1 17
2014-01-30T21:00:00Z 194 288 110 83 2 16
2014-02-02T09:00:00Z 157 -1 89 60 2 2
2014-02-02T08:00:00Z 166 167 89 30 3 1
2014-02-02T07:00:00Z -1 -1 -1 -1 -1 -1
2014-02-02T06:00:00Z 174 -1 84 34 3 1
2014-02-02T05:00:00Z 172 -1 83 37 2 1
2014-02-02T04:00:00Z 169 170 84 38 2 1
2014-02-02T08:00:00Z 166 167 89 30 3 1
2014-02-02T07:00:00Z -1 -1 -1 -1 -1 -1
2014-02-02T06:00:00Z 174 -1 84 34 3 1
2014-02-02T05:00:00Z 172 -1 83 37 2 1
2014-02-02T04:00:00Z 169 170 84 38 2 1
2014-02-02T03:00:00Z 164 -1 86 42 2 1
2014-02-02T07:00:00Z -1 -1 -1 -1 -1 -1
2014-02-02T06:00:00Z 174 -1 84 34 3 1
2014-02-02T05:00:00Z 172 -1 83 37 2 1
2014-02-02T04:00:00Z 169 170 84 38 2 1
2014-02-02T03:00:00Z 164 -1 86 42 2 1
2014-02-02T02:00:00Z 156 -1 86 40 2 1
2014-02-02T06:00:00Z 174 -1 84 34 3 1
2014-02-02T05:00:00Z 172 -1 83 37 2 1
2014-02-02T04:00:00Z 169 170 84 38 2 1
2014-02-02T03:00:00Z 164 -1 86 42 2 1
2014-02-02T02:00:00Z 156 -1 86 40 2 1
2014-02-02T01:00:00Z 142 144 86 38 2 1
2014-02-02T05:00:00Z 172 -1 83 37 2 1
2014-02-02T04:00:00Z 169 170 84 38 2 1
2014-02-02T03:00:00Z 164 -1 86 42 2 1
2014-02-02T02:00:00Z 156 -1 86 40 2 1
2014-02-02T01:00:00Z 142 144 86 38 2 1
2014-02-02T00:00:00Z 139 -1 85 34 2 1
2014-02-02T04:00:00Z 169 170 84 38 2 1
2014-02-02T03:00:00Z 164 -1 86 42 2 1
2014-02-02T02:00:00Z 156 -1 86 40 2 1
2014-02-02T01:00:00Z 142 144 86 38 2 1
2014-02-02T00:00:00Z 139 -1 85 34 2 1
2014-02-01T23:00:00Z 139 -1 85 32 2 1
2014-02-12T09:00:00Z 155 159 124 104 4 1
2014-02-12T08:00:00Z 156 171 127 60 5 1
2014-02-12T07:00:00Z 149 -1 124 44 4 1
2014-02-12T06:00:00Z 145 -1 124 46 3 1
2014-02-12T05:00:00Z 150 -1 124 62 3 1
2014-02-12T04:00:00Z 152 -1 -1 48 4 -1
2014-02-12T08:00:00Z 156 171 127 60 5 1
2014-02-12T07:00:00Z 149 -1 124 44 4 1
2014-02-12T06:00:00Z 145 -1 124 46 3 1
2014-02-12T05:00:00Z 150 -1 124 62 3 1
2014-02-12T04:00:00Z 152 -1 -1 48 4 -1
2014-02-12T03:00:00Z 157 -1 136 62 -1 1
2014-02-12T07:00:00Z 149 -1 124 44 4 1
2014-02-12T06:00:00Z 145 -1 124 46 3 1
2014-02-12T05:00:00Z 150 -1 124 62 3 1
2014-02-12T04:00:00Z 152 -1 -1 48 4 -1
2014-02-12T03:00:00Z 157 -1 136 62 -1 1
2014-02-12T02:00:00Z 165 -1 142 -1 4 1
2014-02-12T06:00:00Z 145 -1 124 46 3 1
2014-02-12T05:00:00Z 150 -1 124 62 3 1
2014-02-12T04:00:00Z 152 -1 -1 48 4 -1
2014-02-12T03:00:00Z 157 -1 136 62 -1 1
2014-02-12T02:00:00Z 165 -1 142 -1 4 1
2014-02-12T01:00:00Z 166 168 148 80 3 1
2014-02-12T05:00:00Z 150 -1 124 62 3 1
2014-02-12T04:00:00Z 152 -1 -1 48 4 -1
2014-02-12T03:00:00Z 157 -1 136 62 -1 1
2014-02-12T02:00:00Z 165 -1 142 -1 4 1
2014-02-12T01:00:00Z 166 168 148 80 3 1
2014-02-12T00:00:00Z 168 -1 150 78 3 1
2014-02-12T04:00:00Z 152 -1 -1 48 4 -1
2014-02-12T03:00:00Z 157 -1 136 62 -1 1
2014-02-12T02:00:00Z 165 -1 142 -1 4 1
2014-02-12T01:00:00Z 166 168 148 80 3 1
2014-02-12T00:00:00Z 168 -1 150 78 3 1
2014-02-11T23:00:00Z 186 -1 149 84 3 1
2014-02-17T02:00:00Z 138 -1 115 79 -1 6
2014-02-17T01:00:00Z 160 -1 125 -1 2 4
2014-02-17T00:00:00Z 184 -1 131 78 2 6
2014-02-16T23:00:00Z 220 -1 140 85 2 2
2014-02-16T22:00:00Z 269 -1 145 86 3 1
2014-02-16T21:00:00Z 285 -1 150 87 3 2
2014-02-17T01:00:00Z 160 -1 125 -1 2 4
2014-02-17T00:00:00Z 184 -1 131 78 2 6
2014-02-16T23:00:00Z 220 -1 140 85 2 2
2014-02-16T22:00:00Z 269 -1 145 86 3 1
2014-02-16T21:00:00Z 285 -1 150 87 3 2
2014-02-16T20:00:00Z 302 -1 156 92 3 4
2014-02-17T00:00:00Z 184 -1 131 78 2 6
2014-02-16T23:00:00Z 220 -1 140 85 2 2
2014-02-16T22:00:00Z 269 -1 145 86 3 1
2014-02-16T21:00:00Z 285 -1 150 87 3 2
2014-02-16T20:00:00Z 302 -1 156 92 3 4
2014-02-16T19:00:00Z 313 347 171 104 4 8
2014-02-16T23:00:00Z 220 -1 140 85 2 2
2014-02-16T22:00:00Z 269 -1 145 86 3 1
2014-02-16T21:00:00Z 285 -1 150 87 3 2
2014-02-16T20:00:00Z 302 -1 156 92 3 4
2014-02-16T19:00:00Z 313 347 171 104 4 8
2014-02-16T18:00:00Z 212 -1 148 78 2 24
2014-02-16T22:00:00Z 269 -1 145 86 3 1
2014-02-16T21:00:00Z 285 -1 150 87 3 2
2014-02-16T20:00:00Z 302 -1 156 92 3 4
2014-02-16T19:00:00Z 313 347 171 104 4 8
2014-02-16T18:00:00Z 212 -1 148 78 2 24
2014-02-16T17:00:00Z 201 -1 128 66 2 44
2014-02-16T21:00:00Z 285 -1 150 87 3 2
2014-02-16T20:00:00Z 302 -1 156 92 3 4
2014-02-16T19:00:00Z 313 347 171 104 4 8
2014-02-16T18:00:00Z 212 -1 148 78 2 24
2014-02-16T17:00:00Z 201 -1 128 66 2 44
2014-02-16T16:00:00Z 232 -1 135 80 2 44
2014-03-04T05:00:00Z 117 -1 133 57 2 2
2014-03-04T04:00:00Z 244 258 150 85 4 2
2014-03-04T03:00:00Z 270 320 157 87 5 2
2014-03-04T02:00:00Z 270 330 162 107 4 2
2014-03-04T01:00:00Z 262 323 163 115 4 2
2014-03-04T00:00:00Z 250 316 161 114 5 2
2014-03-04T04:00:00Z 244 258 150 85 4 2
2014-03-04T03:00:00Z 270 320 157 87 5 2
2014-03-04T02:00:00Z 270 330 162 107 4 2
2014-03-04T01:00:00Z 262 323 163 115 4 2
2014-03-04T00:00:00Z 250 316 161 114 5 2
2014-03-03T23:00:00Z 251 309 159 117 5 2
2014-03-04T03:00:00Z 270 320 157 87 5 2
2014-03-04T02:00:00Z 270 330 162 107 4 2
2014-03-04T01:00:00Z 262 323 163 115 4 2
2014-03-04T00:00:00Z 250 316 161 114 5 2
2014-03-03T23:00:00Z 251 309 159 117 5 2
2014-03-03T22:00:00Z 246 304 157 118 5 2
2014-03-04T02:00:00Z 270 330 162 107 4 2
2014-03-04T01:00:00Z 262 323 163 115 4 2
2014-03-04T00:00:00Z 250 316 161 114 5 2
2014-03-03T23:00:00Z 251 309 159 117 5 2
2014-03-03T22:00:00Z 246 304 157 118 5 2
2014-03-03T21:00:00Z 249 304 159 116 5 2
2014-03-04T01:00:00Z 262 323 163 115 4 2
2014-03-04T00:00:00Z 250 316 161 114 5 2
2014-03-03T23:00:00Z 251 309 159 117 5 2
2014-03-03T22:00:00Z 246 304 157 118 5 2
2014-03-03T21:00:00Z 249 304 159 116 5 2
2014-03-03T20:00:00Z -1 -1 -1 -1 -1 -1
2014-03-04T00:00:00Z 250 316 161 114 5 2
2014-03-03T23:00:00Z 251 309 159 117 5 2
2014-03-03T22:00:00Z 246 304 157 118 5 2
2014-03-03T21:00:00Z 249 304 159 116 5 2
2014-03-03T20:00:00Z -1 -1 -1 -1 -1 -1
2014-03-03T19:00:00Z 249 304 166 112 4 2
2014-03-14T00:00:00Z 19 271 14 9 0 69
2014-03-13T23:00:00Z 29 446 16 6 0 71
2014-03-13T22:00:00Z 28 454 22 7 0 71
2014-03-13T21:00:00Z 17 341 26 8 0 69
2014-03-13T20:00:00Z 36 134 66 22 0 45
2014-03-13T19:00:00Z 34 107 70 21 0 47
2014-03-13T23:00:00Z 29 446 16 6 0 71
2014-03-13T22:00:00Z 28 454 22 7 0 71
2014-03-13T21:00:00Z 17 341 26 8 0 69
2014-03-13T20:00:00Z 36 134 66 22 0 45
2014-03-13T19:00:00Z 34 107 70 21 0 47
2014-03-13T18:00:00Z 26 81 54 16 0 60
2014-03-13T22:00:00Z 28 454 22 7 0 71
2014-03-13T21:00:00Z 17 341 26 8 0 69
2014-03-13T20:00:00Z 36 134 66 22 0 45
2014-03-13T19:00:00Z 34 107 70 21 0 47
2014-03-13T18:00:00Z 26 81 54 16 0 60
2014-03-13T17:00:00Z -1 -1 -1 -1 -1 -1
2014-03-13T21:00:00Z 17 341 26 8 0 69
2014-03-13T20:00:00Z 36 134 66 22 0 45
2014-03-13T19:00:00Z 34 107 70 21 0 47
2014-03-13T18:00:00Z 26 81 54 16 0 60
2014-03-13T17:00:00Z -1 -1 -1 -1 -1 -1
2014-03-13T16:00:00Z 19 54 37 13 0 74
2014-03-16T06:00:00Z 117 167 117 119 3 2
2014-03-16T05:00:00Z 144 208 126 75 3 2
2014-03-16T04:00:00Z 148 244 129 78 3 2
2014-03-16T03:00:00Z 115 168 120 103 3 2
2014-03-16T02:00:00Z 153 203 132 97 3 2
2014-03-16T01:00:00Z 165 252 140 102 2 2
2014-03-16T05:00:00Z 144 208 126 75 3 2
2014-03-16T04:00:00Z 148 244 129 78 3 2
2014-03-16T03:00:00Z 115 168 120 103 3 2
2014-03-16T02:00:00Z 153 203 132 97 3 2
2014-03-16T01:00:00Z 165 252 140 102 2 2
2014-03-16T00:00:00Z 165 271 145 111 2 2
2014-03-16T04:00:00Z 148 244 129 78 3 2
2014-03-16T03:00:00Z 115 168 120 103 3 2
2014-03-16T02:00:00Z 153 203 132 97 3 2
2014-03-16T01:00:00Z 165 252 140 102 2 2
2014-03-16T00:00:00Z 165 271 145 111 2 2
2014-03-15T23:00:00Z 177 289 158 102 2 2
2014-03-16T03:00:00Z 115 168 120 103 3 2
2014-03-16T02:00:00Z 153 203 132 97 3 2
2014-03-16T01:00:00Z 165 252 140 102 2 2
2014-03-16T00:00:00Z 165 271 145 111 2 2
2014-03-15T23:00:00Z 177 289 158 102 2 2
2014-03-15T22:00:00Z 153 295 163 69 2 2
2014-03-16T02:00:00Z 153 203 132 97 3 2
2014-03-16T01:00:00Z 165 252 140 102 2 2
2014-03-16T00:00:00Z 165 271 145 111 2 2
2014-03-15T23:00:00Z 177 289 158 102 2 2
2014-03-15T22:00:00Z 153 295 163 69 2 2
2014-03-15T21:00:00Z 118 226 180 49 2 2
2014-03-16T01:00:00Z 165 252 140 102 2 2
2014-03-16T00:00:00Z 165 271 145 111 2 2
2014-03-15T23:00:00Z 177 289 158 102 2 2
2014-03-15T22:00:00Z 153 295 163 69 2 2
2014-03-15T21:00:00Z 118 226 180 49 2 2
2014-03-15T20:00:00Z 102 205 173 42 1 2
2014-03-17T17:00:00Z 29 259 20 9 0 66
2014-03-17T16:00:00Z 30 274 17 11 0 71
2014-03-17T15:00:00Z 27 256 17 13 0 72
2014-03-17T14:00:00Z 37 335 16 13 0 71
2014-03-17T13:00:00Z -1 -1 -1 -1 -1 -1
2014-03-17T12:00:00Z 39 250 30 14 0 54
2014-03-17T16:00:00Z 30 274 17 11 0 71
2014-03-17T15:00:00Z 27 256 17 13 0 72
2014-03-17T14:00:00Z 37 335 16 13 0 71
2014-03-17T13:00:00Z -1 -1 -1 -1 -1 -1
2014-03-17T12:00:00Z 39 250 30 14 0 54
2014-03-17T11:00:00Z 118 547 -1 29 1 26
2014-03-17T15:00:00Z 27 256 17 13 0 72
2014-03-17T14:00:00Z 37 335 16 13 0 71
2014-03-17T13:00:00Z -1 -1 -1 -1 -1 -1
2014-03-17T12:00:00Z 39 250 30 14 0 54
2014-03-17T11:00:00Z 118 547 -1 29 1 26
2014-03-17T10:00:00Z 168 526 126 68 3 2
2014-03-17T14:00:00Z 37 335 16 13 0 71
2014-03-17T13:00:00Z -1 -1 -1 -1 -1 -1
2014-03-17T12:00:00Z 39 250 30 14 0 54
2014-03-17T11:00:00Z 118 547 -1 29 1 26
2014-03-17T10:00:00Z 168 526 126 68 3 2
2014-03-17T09:00:00Z 165 319 134 75 3 2
2014-03-17T13:00:00Z -1 -1 -1 -1 -1 -1
2014-03-17T12:00:00Z 39 250 30 14 0 54
2014-03-17T11:00:00Z 118 547 -1 29 1 26
2014-03-17T10:00:00Z 168 526 126 68 3 2
2014-03-17T09:00:00Z 165 319 134 75 3 2
2014-03-17T08:00:00Z -1 -1 -1 -1 -1 -1
2014-03-17T12:00:00Z 39 250 30 14 0 54
2014-03-17T11:00:00Z 118 547 -1 29 1 26
2014-03-17T10:00:00Z 168 526 126 68 3 2
2014-03-17T09:00:00Z 165 319 134 75 3 2
2014-03-17T08:00:00Z -1 -1 -1 -1 -1 -1
2014-03-17T07:00:00Z 158 279 128 62 2 2
2014-03-28T12:00:00Z 127 -1 77 47 1 41
2014-03-28T11:00:00Z 146 197 108 49 1 8
2014-03-28T10:00:00Z 166 209 100 31 1 2
2014-03-28T09:00:00Z 127 148 97 24 1 2
2014-03-28T08:00:00Z 150 159 94 15 1 2
2014-03-28T07:00:00Z 119 143 88 15 1 2
2014-03-28T11:00:00Z 146 197 108 49 1 8
2014-03-28T10:00:00Z 166 209 100 31 1 2
2014-03-28T09:00:00Z 127 148 97 24 1 2
2014-03-28T08:00:00Z 150 159 94 15 1 2
2014-03-28T07:00:00Z 119 143 88 15 1 2
2014-03-28T06:00:00Z 146 174 95 21 1 2
2014-03-28T10:00:00Z 166 209 100 31 1 2
2014-03-28T09:00:00Z 127 148 97 24 1 2
2014-03-28T08:00:00Z 150 159 94 15 1 2
2014-03-28T07:00:00Z 119 143 88 15 1 2
2014-03-28T06:00:00Z 146 174 95 21 1 2
2014-03-28T05:00:00Z 153 232 105 31 1 2
2014-03-28T09:00:00Z 127 148 97 24 1 2
2014-03-28T08:00:00Z 150 159 94 15 1 2
2014-03-28T07:00:00Z 119 143 88 15 1 2
2014-03-28T06:00:00Z 146 174 95 21 1 2
2014-03-28T05:00:00Z 153 232 105 31 1 2
2014-03-28T04:00:00Z 141 227 110 43 1 2
2014-03-28T08:00:00Z 150 159 94 15 1 2
2014-03-28T07:00:00Z 119 143 88 15 1 2
2014-03-28T06:00:00Z 146 174 95 21 1 2
2014-03-28T05:00:00Z 153 232 105 31 1 2
2014-03-28T04:00:00Z 141 227 110 43 1 2
2014-03-28T03:00:00Z 125 184 108 41 1 2
2014-03-28T07:00:00Z 119 143 88 15 1 2
2014-03-28T06:00:00Z 146 174 95 21 1 2
2014-03-28T05:00:00Z 153 232 105 31 1 2
2014-03-28T04:00:00Z 141 227 110 43 1 2
2014-03-28T03:00:00Z 125 184 108 41 1 2
2014-03-28T02:00:00Z 147 214 110 34 1 2
2014-03-29T01:00:00Z 130 -1 110 21 1 4
2014-03-29T00:00:00Z 166 220 131 22 2 2
2014-03-28T23:00:00Z 162 194 135 26 2 2
2014-03-28T22:00:00Z 164 208 137 30 2 2
2014-03-28T21:00:00Z 158 197 120 36 2 15
2014-03-28T20:00:00Z 146 210 113 34 2 32
2014-03-29T00:00:00Z 166 220 131 22 2 2
2014-03-28T23:00:00Z 162 194 135 26 2 2
2014-03-28T22:00:00Z 164 208 137 30 2 2
2014-03-28T21:00:00Z 158 197 120 36 2 15
2014-03-28T20:00:00Z 146 210 113 34 2 32
2014-03-28T19:00:00Z 121 203 98 27 1 53
2014-03-28T23:00:00Z 162 194 135 26 2 2
2014-03-28T22:00:00Z 164 208 137 30 2 2
2014-03-28T21:00:00Z 158 197 120 36 2 15
2014-03-28T20:00:00Z 146 210 113 34 2 32
2014-03-28T19:00:00Z 121 203 98 27 1 53
2014-03-28T18:00:00Z 75 192 88 17 0 60
2014-03-28T22:00:00Z 164 208 137 30 2 2
2014-03-28T21:00:00Z 158 197 120 36 2 15
2014-03-28T20:00:00Z 146 210 113 34 2 32
2014-03-28T19:00:00Z 121 203 98 27 1 53
2014-03-28T18:00:00Z 75 192 88 17 0 60
2014-03-28T17:00:00Z 60 133 64 12 0 72
2014-03-28T21:00:00Z 158 197 120 36 2 15
2014-03-28T20:00:00Z 146 210 113 34 2 32
2014-03-28T19:00:00Z 121 203 98 27 1 53
2014-03-28T18:00:00Z 75 192 88 17 0 60
2014-03-28T17:00:00Z 60 133 64 12 0 72
2014-03-28T16:00:00Z 51 73 55 12 0 76
2014-03-28T20:00:00Z 146 210 113 34 2 32
2014-03-28T19:00:00Z 121 203 98 27 1 53
2014-03-28T18:00:00Z 75 192 88 17 0 60
2014-03-28T17:00:00Z 60 133 64 12 0 72
2014-03-28T16:00:00Z 51 73 55 12 0 76
2014-03-28T15:00:00Z -1 -1 -1 -1 -1 -1
2014-04-01T14:00:00Z -1 -1 -1 -1 -1 -1
2014-04-01T13:00:00Z 150 -1 115 28 1 73
2014-04-01T12:00:00Z 139 -1 104 35 1 61
2014-04-01T11:00:00Z 161 -1 102 43 1 49
2014-04-01T10:00:00Z 206 -1 113 43 1 23
2014-04-01T09:00:00Z 205 303 117 28 1 4
2014-04-01T13:00:00Z 150 -1 115 28 1 73
2014-04-01T12:00:00Z 139 -1 104 35 1 61
2014-04-01T11:00:00Z 161 -1 102 43 1 49
2014-04-01T10:00:00Z 206 -1 113 43 1 23
2014-04-01T09:00:00Z 205 303 117 28 1 4
2014-04-01T08:00:00Z -1 -1 -1 -1 -1 -1
2014-04-01T12:00:00Z 139 -1 104 35 1 61
2014-04-01T11:00:00Z 161 -1 102 43 1 49
2014-04-01T10:00:00Z 206 -1 113 43 1 23
2014-04-01T09:00:00Z 205 303 117 28 1 4
2014-04-01T08:00:00Z -1 -1 -1 -1 -1 -1
2014-04-01T07:00:00Z 145 -1 111 7 1 2
2014-04-01T11:00:00Z 161 -1 102 43 1 49
2014-04-01T10:00:00Z 206 -1 113 43 1 23
2014-04-01T09:00:00Z 205 303 117 28 1 4
2014-04-01T08:00:00Z -1 -1 -1 -1 -1 -1
2014-04-01T07:00:00Z 145 -1 111 7 1 2
2014-04-01T06:00:00Z 134 155 110 7 1 2
2014-04-01T10:00:00Z 206 -1 113 43 1 23
2014-04-01T09:00:00Z 205 303 117 28 1 4
2014-04-01T08:00:00Z -1 -1 -1 -1 -1 -1
2014-04-01T07:00:00Z 145 -1 111 7 1 2
2014-04-01T06:00:00Z 134 155 110 7 1 2
2014-04-01T05:00:00Z 164 166 -1 7 1 2
2014-04-01T09:00:00Z 205 303 117 28 1 4
2014-04-01T08:00:00Z -1 -1 -1 -1 -1 -1
2014-04-01T07:00:00Z 145 -1 111 7 1 2
2014-04-01T06:00:00Z 134 155 110 7 1 2
2014-04-01T05:00:00Z 164 166 -1 7 1 2
2014-04-01T04:00:00Z -1 -1 -1 -1 -1 -1
2014-04-02T10:00:00Z 136 137 100 38 1 42
2014-04-02T09:00:00Z 146 286 121 35 1 11
2014-04-02T08:00:00Z 127 265 134 28 1 2
2014-04-02T07:00:00Z 118 214 130 17 1 2
2014-04-02T06:00:00Z 106 190 137 18 1 2
2014-04-02T05:00:00Z 108 130 140 19 0 2
2014-04-02T09:00:00Z 146 286 121 35 1 11
2014-04-02T08:00:00Z 127 265 134 28 1 2
2014-04-02T07:00:00Z 118 214 130 17 1 2
2014-04-02T06:00:00Z 106 190 137 18 1 2
2014-04-02T05:00:00Z 108 130 140 19 0 2
2014-04-02T04:00:00Z 123 220 135 18 1 2
2014-04-02T08:00:00Z 127 265 134 28 1 2
2014-04-02T07:00:00Z 118 214 130 17 1 2
2014-04-02T06:00:00Z 106 190 137 18 1 2
2014-04-02T05:00:00Z 108 130 140 19 0 2
2014-04-02T04:00:00Z 123 220 135 18 1 2
2014-04-02T03:00:00Z 127 -1 136 20 1 2
2014-04-02T07:00:00Z 118 214 130 17 1 2
2014-04-02T06:00:00Z 106 190 137 18 1 2
2014-04-02T05:00:00Z 108 130 140 19 0 2
2014-04-02T04:00:00Z 123 220 135 18 1 2
2014-04-02T03:00:00Z 127 -1 136 20 1 2
2014-04-02T02:00:00Z 115 192 123 24 0 10
2014-04-02T20:00:00Z 120 152 102 31 1 58
2014-04-02T19:00:00Z 140 244 96 32 1 67
2014-04-02T18:00:00Z 146 350 86 35 1 83
2014-04-02T17:00:00Z 120 262 72 34 1 116
2014-04-02T16:00:00Z 108 157 66 30 1 129
2014-04-02T15:00:00Z 102 187 64 24 0 124
2014-04-02T19:00:00Z 140 244 96 32 1 67
2014-04-02T18:00:00Z 146 350 86 35 1 83
2014-04-02T17:00:00Z 120 262 72 34 1 116
2014-04-02T16:00:00Z 108 157 66 30 1 129
2014-04-02T15:00:00Z 102 187 64 24 0 124
2014-04-02T14:00:00Z 65 125 57 16 0 121
2014-04-02T18:00:00Z 146 350 86 35 1 83
2014-04-02T17:00:00Z 120 262 72 34 1 116
2014-04-02T16:00:00Z 108 157 66 30 1 129
2014-04-02T15:00:00Z 102 187 64 24 0 124
2014-04-02T14:00:00Z 65 125 57 16 0 121
2014-04-02T13:00:00Z 52 66 58 13 0 108
2014-04-02T17:00:00Z 120 262 72 34 1 116
2014-04-02T16:00:00Z 108 157 66 30 1 129
2014-04-02T15:00:00Z 102 187 64 24 0 124
2014-04-02T14:00:00Z 65 125 57 16 0 121
2014-04-02T13:00:00Z 52 66 58 13 0 108
2014-04-02T12:00:00Z 65 -1 61 14 0 95
2014-04-15T08:00:00Z 192 284 120 10 1 2
2014-04-15T07:00:00Z 192 284 120 10 1 2
2014-04-15T06:00:00Z 192 284 120 10 1 2
2014-04-15T05:00:00Z 192 284 120 10 1 2
2014-04-15T04:00:00Z 238 363 137 13 1 2
2014-04-15T03:00:00Z 308 417 136 15 1 2
2014-04-15T07:00:00Z 192 284 120 10 1 2
2014-04-15T06:00:00Z 192 284 120 10 1 2
2014-04-15T05:00:00Z 192 284 120 10 1 2
2014-04-15T04:00:00Z 238 363 137 13 1 2
2014-04-15T03:00:00Z 308 417 136 15 1 2
2014-04-15T02:00:00Z 209 289 115 16 1 2
2014-04-15T06:00:00Z 192 284 120 10 1 2
2014-04-15T05:00:00Z 192 284 120 10 1 2
2014-04-15T04:00:00Z 238 363 137 13 1 2
2014-04-15T03:00:00Z 308 417 136 15 1 2
2014-04-15T02:00:00Z 209 289 115 16 1 2
2014-04-15T01:00:00Z 144 219 102 14 0 5
2014-04-15T05:00:00Z 192 284 120 10 1 2
2014-04-15T04:00:00Z 238 363 137 13 1 2
2014-04-15T03:00:00Z 308 417 136 15 1 2
2014-04-15T02:00:00Z 209 289 115 16 1 2
2014-04-15T01:00:00Z 144 219 102 14 0 5
2014-04-15T00:00:00Z 16 62 72 18 0 33
2014-04-15T04:00:00Z 238 363 137 13 1 2
2014-04-15T03:00:00Z 308 417 136 15 1 2
2014-04-15T02:00:00Z 209 289 115 16 1 2
2014-04-15T01:00:00Z 144 219 102 14 0 5
2014-04-15T00:00:00Z 16 62 72 18 0 33
2014-04-14T23:00:00Z 42 60 79 25 0 35
2014-04-15T03:00:00Z 308 417 136 15 1 2
2014-04-15T02:00:00Z 209 289 115 16 1 2
2014-04-15T01:00:00Z 144 219 102 14 0 5
2014-04-15T00:00:00Z 16 62 72 18 0 33
2014-04-14T23:00:00Z 42 60 79 25 0 35
2014-04-14T22:00:00Z 150 -1 96 35 1 47
2014-04-23T19:00:00Z 132 175 61 30 1 90
2014-04-23T18:00:00Z 151 171 62 39 1 100
2014-04-23T17:00:00Z 162 181 53 36 1 110
2014-04-23T16:00:00Z 157 158 50 31 1 114
2014-04-23T15:00:00Z 178 -1 46 34 1 109
2014-04-23T14:00:00Z 171 193 51 34 1 91
2014-04-23T18:00:00Z 151 171 62 39 1 100
2014-04-23T17:00:00Z 162 181 53 36 1 110
2014-04-23T16:00:00Z 157 158 50 31 1 114
2014-04-23T15:00:00Z 178 -1 46 34 1 109
2014-04-23T14:00:00Z 171 193 51 34 1 91
2014-04-23T13:00:00Z 183 185 56 36 1 86
2014-04-23T17:00:00Z 162 181 53 36 1 110
2014-04-23T16:00:00Z 157 158 50 31 1 114
2014-04-23T15:00:00Z 178 -1 46 34 1 109
2014-04-23T14:00:00Z 171 193 51 34 1 91
2014-04-23T13:00:00Z 183 185 56 36 1 86
2014-04-23T12:00:00Z -1 -1 -1 -1 -1 -1
2014-04-23T16:00:00Z 157 158 50 31 1 114
2014-04-23T15:00:00Z 178 -1 46 34 1 109
2014-04-23T14:00:00Z 171 193 51 34 1 91
2014-04-23T13:00:00Z 183 185 56 36 1 86
2014-04-23T12:00:00Z -1 -1 -1 -1 -1 -1
2014-04-23T11:00:00Z 152 169 61 33 1 51
2014-04-23T15:00:00Z 178 -1 46 34 1 109
2014-04-23T14:00:00Z 171 193 51 34 1 91
2014-04-23T13:00:00Z 183 185 56 36 1 86
2014-04-23T12:00:00Z -1 -1 -1 -1 -1 -1
2014-04-23T11:00:00Z 152 169 61 33 1 51
2014-04-23T10:00:00Z 142 172 62 35 1 35
2014-04-23T14:00:00Z 171 193 51 34 1 91
2014-04-23T13:00:00Z 183 185 56 36 1 86
2014-04-23T12:00:00Z -1 -1 -1 -1 -1 -1
2014-04-23T11:00:00Z 152 169 61 33 1 51
2014-04-23T10:00:00Z 142 172 62 35 1 35
2014-04-23T09:00:00Z 143 168 65 34 1 25
2014-04-25T21:00:00Z 77 249 33 6 0 44
2014-04-25T20:00:00Z 89 276 34 7 0 54
2014-04-25T19:00:00Z 87 258 37 9 0 56
2014-04-25T18:00:00Z 95 286 36 11 0 66
2014-04-25T17:00:00Z 138 359 40 14 0 76
2014-04-25T16:00:00Z 79 118 37 20 0 134
2014-04-25T20:00:00Z 89 276 34 7 0 54
2014-04-25T19:00:00Z 87 258 37 9 0 56
2014-04-25T18:00:00Z 95 286 36 11 0 66
2014-04-25T17:00:00Z 138 359 40 14 0 76
2014-04-25T16:00:00Z 79 118 37 20 0 134
2014-04-25T15:00:00Z -1 -1 -1 -1 -1 -1
2014-04-25T19:00:00Z 87 258 37 9 0 56
2014-04-25T18:00:00Z 95 286 36 11 0 66
2014-04-25T17:00:00Z 138 359 40 14 0 76
2014-04-25T16:00:00Z 79 118 37 20 0 134
2014-04-25T15:00:00Z -1 -1 -1 -1 -1 -1
2014-04-25T14:00:00Z 94 -1 48 28 0 149
2014-04-25T18:00:00Z 95 286 36 11 0 66
2014-04-25T17:00:00Z 138 359 40 14 0 76
2014-04-25T16:00:00Z 79 118 37 20 0 134
2014-04-25T15:00:00Z -1 -1 -1 -1 -1 -1
2014-04-25T14:00:00Z 94 -1 48 28 0 149
2014-04-25T13:00:00Z 90 131 102 33 1 115
2014-04-25T17:00:00Z 138 359 40 14 0 76
2014-04-25T16:00:00Z 79 118 37 20 0 134
2014-04-25T15:00:00Z -1 -1 -1 -1 -1 -1
2014-04-25T14:00:00Z 94 -1 48 28 0 149
2014-04-25T13:00:00Z 90 131 102 33 1 115
2014-04-25T12:00:00Z -1 233 101 38 1 84
2014-05-01T17:00:00Z 158 177 39 39 1 135
2014-05-01T16:00:00Z 173 215 41 48 1 139
2014-05-01T15:00:00Z 167 219 42 45 1 133
2014-05-01T14:00:00Z 166 218 42 47 1 126
2014-05-01T13:00:00Z 164 202 40 42 1 120
2014-05-01T12:00:00Z 163 239 50 35 1 104
2014-05-01T16:00:00Z 173 215 41 48 1 139
2014-05-01T15:00:00Z 167 219 42 45 1 133
2014-05-01T14:00:00Z 166 218 42 47 1 126
2014-05-01T13:00:00Z 164 202 40 42 1 120
2014-05-01T12:00:00Z 163 239 50 35 1 104
2014-05-01T11:00:00Z 166 288 78 29 1 65
2014-05-01T15:00:00Z 167 219 42 45 1 133
2014-05-01T14:00:00Z 166 218 42 47 1 126
2014-05-01T13:00:00Z 164 202 40 42 1 120
2014-05-01T12:00:00Z 163 239 50 35 1 104
2014-05-01T11:00:00Z 166 288 78 29 1 65
2014-05-01T10:00:00Z 165 256 98 26 1 33
2014-05-01T14:00:00Z 166 218 42 47 1 126
2014-05-01T13:00:00Z 164 202 40 42 1 120
2014-05-01T12:00:00Z 163 239 50 35 1 104
2014-05-01T11:00:00Z 166 288 78 29 1 65
2014-05-01T10:00:00Z 165 256 98 26 1 33
2014-05-01T09:00:00Z 139 211 100 25 1 22
2014-05-01T13:00:00Z 164 202 40 42 1 120
2014-05-01T12:00:00Z 163 239 50 35 1 104
2014-05-01T11:00:00Z 166 288 78 29 1 65
2014-05-01T10:00:00Z 165 256 98 26 1 33
2014-05-01T09:00:00Z 139 211 100 25 1 22
2014-05-01T08:00:00Z 130 185 114 20 1 8
2014-05-01T12:00:00Z 163 239 50 35 1 104
2014-05-01T11:00:00Z 166 288 78 29 1 65
2014-05-01T10:00:00Z 165 256 98 26 1 33
2014-05-01T09:00:00Z 139 211 100 25 1 22
2014-05-01T08:00:00Z 130 185 114 20 1 8
2014-05-01T07:00:00Z 140 199 112 12 1 2
2014-05-07T08:00:00Z 126 147 90 33 1 14
2014-05-07T07:00:00Z 122 170 103 15 1 2
2014-05-07T06:00:00Z 118 171 106 10 1 2
2014-05-07T05:00:00Z 121 147 -1 12 2 2
2014-05-07T04:00:00Z 125 137 98 10 2 -1
2014-05-07T03:00:00Z 127 176 103 14 2 2
2014-05-07T07:00:00Z 122 170 103 15 1 2
2014-05-07T06:00:00Z 118 171 106 10 1 2
2014-05-07T05:00:00Z 121 147 -1 12 2 2
2014-05-07T04:00:00Z 125 137 98 10 2 -1
2014-05-07T03:00:00Z 127 176 103 14 2 2
2014-05-07T02:00:00Z 136 184 100 22 2 2
2014-05-07T06:00:00Z 118 171 106 10 1 2
2014-05-07T05:00:00Z 121 147 -1 12 2 2
2014-05-07T04:00:00Z 125 137 98 10 2 -1
2014-05-07T03:00:00Z 127 176 103 14 2 2
2014-05-07T02:00:00Z 136 184 100 22 2 2
2014-05-07T01:00:00Z 111 151 101 16 2 6
2014-05-07T05:00:00Z 121 147 -1 12 2 2
2014-05-07T04:00:00Z 125 137 98 10 2 -1
2014-05-07T03:00:00Z 127 176 103 14 2 2
2014-05-07T02:00:00Z 136 184 100 22 2 2
2014-05-07T01:00:00Z 111 151 101 16 2 6
2014-05-07T00:00:00Z 120 235 121 12 1 2
2014-05-07T04:00:00Z 125 137 98 10 2 -1
2014-05-07T03:00:00Z 127 176 103 14 2 2
2014-05-07T02:00:00Z 136 184 100 22 2 2
2014-05-07T01:00:00Z 111 151 101 16 2 6
2014-05-07T00:00:00Z 120 235 121 12 1 2
2014-05-06T23:00:00Z 107 262 137 31 1 3
2014-05-07T03:00:00Z 127 176 103 14 2 2
2014-05-07T02:00:00Z 136 184 100 22 2 2
2014-05-07T01:00:00Z 111 151 101 16 2 6
2014-05-07T00:00:00Z 120 235 121 12 1 2
2014-05-06T23:00:00Z 107 262 137 31 1 3
2014-05-06T22:00:00Z 112 206 103 33 1 31
2014-05-16T07:00:00Z 84 292 110 13 0 2
2014-05-16T06:00:00Z 90 305 118 11 0 2
2014-05-16T05:00:00Z 86 256 -1 14 0 2
2014-05-16T04:00:00Z 78 279 123 10 1 -1
2014-05-16T03:00:00Z 84 281 130 15 1 2
2014-05-16T02:00:00Z 76 247 132 -1 0 2
2014-05-16T06:00:00Z 90 305 118 11 0 2
2014-05-16T05:00:00Z 86 256 -1 14 0 2
2014-05-16T04:00:00Z 78 279 123 10 1 -1
2014-05-16T03:00:00Z 84 281 130 15 1 2
2014-05-16T02:00:00Z 76 247 132 -1 0 2
2014-05-16T01:00:00Z 83 257 134 28 0 2
2014-05-16T05:00:00Z 86 256 -1 14 0 2
2014-05-16T04:00:00Z 78 279 123 10 1 -1
2014-05-16T03:00:00Z 84 281 130 15 1 2
2014-05-16T02:00:00Z 76 247 132 -1 0 2
2014-05-16T01:00:00Z 83 257 134 28 0 2
2014-05-16T00:00:00Z -1 -1 -1 -1 -1 -1
2014-05-16T04:00:00Z 78 279 123 10 1 -1
2014-05-16T03:00:00Z 84 281 130 15 1 2
2014-05-16T02:00:00Z 76 247 132 -1 0 2
2014-05-16T01:00:00Z 83 257 134 28 0 2
2014-05-16T00:00:00Z -1 -1 -1 -1 -1 -1
2014-05-15T23:00:00Z 88 302 137 10 0 2
2014-05-16T03:00:00Z 84 281 130 15 1 2
2014-05-16T02:00:00Z 76 247 132 -1 0 2
2014-05-16T01:00:00Z 83 257 134 28 0 2
2014-05-16T00:00:00Z -1 -1 -1 -1 -1 -1
2014-05-15T23:00:00Z 88 302 137 10 0 2
2014-05-15T22:00:00Z 95 326 114 12 0 26
2014-05-18T23:00:00Z 115 212 66 32 0 131
2014-05-18T22:00:00Z -1 -1 -1 -1 -1 -1
2014-05-18T21:00:00Z 149 276 62 45 1 163
2014-05-18T20:00:00Z 153 310 52 53 1 207
2014-05-18T19:00:00Z 136 279 52 54 1 237
2014-05-18T18:00:00Z 119 241 41 54 1 249
2014-05-18T22:00:00Z -1 -1 -1 -1 -1 -1
2014-05-18T21:00:00Z 149 276 62 45 1 163
2014-05-18T20:00:00Z 153 310 52 53 1 207
2014-05-18T19:00:00Z 136 279 52 54 1 237
2014-05-18T18:00:00Z 119 241 41 54 1 249
2014-05-18T17:00:00Z 95 182 40 45 0 235
2014-05-18T21:00:00Z 149 276 62 45 1 163
2014-05-18T20:00:00Z 153 310 52 53 1 207
2014-05-18T19:00:00Z 136 279 52 54 1 237
2014-05-18T18:00:00Z 119 241 41 54 1 249
2014-05-18T17:00:00Z 95 182 40 45 0 235
2014-05-18T16:00:00Z 91 159 39 39 0 221
2014-05-18T20:00:00Z 153 310 52 53 1 207
2014-05-18T19:00:00Z 136 279 52 54 1 237
2014-05-18T18:00:00Z 119 241 41 54 1 249
2014-05-18T17:00:00Z 95 182 40 45 0 235
2014-05-18T16:00:00Z 91 159 39 39 0 221
2014-05-18T15:00:00Z 89 142 38 32 0 219
2014-05-18T19:00:00Z 136 279 52 54 1 237
2014-05-18T18:00:00Z 119 241 41 54 1 249
2014-05-18T17:00:00Z 95 182 40 45 0 235
2014-05-18T16:00:00Z 91 159 39 39 0 221
2014-05-18T15:00:00Z 89 142 38 32 0 219
2014-05-18T14:00:00Z 96 165 72 31 0 193
2014-05-18T18:00:00Z 119 241 41 54 1 249
2014-05-18T17:00:00Z 95 182 40 45 0 235
2014-05-18T16:00:00Z 91 159 39 39 0 221
2014-05-18T15:00:00Z 89 142 38 32 0 219
2014-05-18T14:00:00Z 96 165 72 31 0 193
2014-05-18T13:00:00Z 82 121 72 25 0 150
2014-05-20T07:00:00Z 123 -1 72 13 1 48
2014-05-20T06:00:00Z 178 249 124 9 1 10
2014-05-20T05:00:00Z 176 254 123 9 1 7
2014-05-20T04:00:00Z 173 246 118 9 1 15
2014-05-20T03:00:00Z 177 248 106 12 1 26
2014-05-20T02:00:00Z 183 288 130 11 1 16
2014-05-20T06:00:00Z 178 249 124 9 1 10
2014-05-20T05:00:00Z 176 254 123 9 1 7
2014-05-20T04:00:00Z 173 246 118 9 1 15
2014-05-20T03:00:00Z 177 248 106 12 1 26
2014-05-20T02:00:00Z 183 288 130 11 1 16
2014-05-20T01:00:00Z 176 306 128 11 1 20
2014-05-20T05:00:00Z 176 254 123 9 1 7
2014-05-20T04:00:00Z 173 246 118 9 1 15
2014-05-20T03:00:00Z 177 248 106 12 1 26
2014-05-20T02:00:00Z 183 288 130 11 1 16
2014-05-20T01:00:00Z 176 306 128 11 1 20
2014-05-20T00:00:00Z 140 273 148 10 1 18
2014-05-20T04:00:00Z 173 246 118 9 1 15
2014-05-20T03:00:00Z 177 248 106 12 1 26
2014-05-20T02:00:00Z 183 288 130 11 1 16
2014-05-20T01:00:00Z 176 306 128 11 1 20
2014-05-20T00:00:00Z 140 273 148 10 1 18
2014-05-19T23:00:00Z 112 232 168 10 1 7
2014-05-20T03:00:00Z 177 248 106 12 1 26
2014-05-20T02:00:00Z 183 288 130 11 1 16
2014-05-20T01:00:00Z 176 306 128 11 1 20
2014-05-20T00:00:00Z 140 273 148 10 1 18
2014-05-19T23:00:00Z 112 232 168 10 1 7
2014-05-19T22:00:00Z 114 262 149 10 1 27
2014-05-20T02:00:00Z 183 288 130 11 1 16
2014-05-20T01:00:00Z 176 306 128 11 1 20
2014-05-20T00:00:00Z 140 273 148 10 1 18
2014-05-19T23:00:00Z 112 232 168 10 1 7
2014-05-19T22:00:00Z 114 262 149 10 1 27
2014-05-19T21:00:00Z -1 -1 -1 -1 -1 -1
2014-05-21T01:00:00Z 126 141 73 26 1 54
2014-05-21T00:00:00Z 156 219 47 29 2 112
2014-05-20T23:00:00Z 134 225 52 32 2 135
2014-05-20T22:00:00Z 130 368 70 23 2 134
2014-05-20T21:00:00Z 59 189 70 18 1 152
2014-05-20T20:00:00Z 32 100 62 12 0 139
2014-05-21T00:00:00Z 156 219 47 29 2 112
2014-05-20T23:00:00Z 134 225 52 32 2 135
2014-05-20T22:00:00Z 130 368 70 23 2 134
2014-05-20T21:00:00Z 59 189 70 18 1 152
2014-05-20T20:00:00Z 32 100 62 12 0 139
2014-05-20T19:00:00Z 23 82 49 9 0 158
2014-05-20T23:00:00Z 134 225 52 32 2 135
2014-05-20T22:00:00Z 130 368 70 23 2 134
2014-05-20T21:00:00Z 59 189 70 18 1 152
2014-05-20T20:00:00Z 32 100 62 12 0 139
2014-05-20T19:00:00Z 23 82 49 9 0 158
2014-05-20T18:00:00Z 17 72 38 8 0 168
2014-05-20T22:00:00Z 130 368 70 23 2 134
2014-05-20T21:00:00Z 59 189 70 18 1 152
2014-05-20T20:00:00Z 32 100 62 12 0 139
2014-05-20T19:00:00Z 23 82 49 9 0 158
2014-05-20T18:00:00Z 17 72 38 8 0 168
2014-05-20T17:00:00Z 22 53 35 9 0 175
2014-05-22T13:00:00Z 167 -1 48 37 1 239
2014-05-22T12:00:00Z -1 -1 -1 -1 -1 -1
2014-05-22T11:00:00Z 291 371 113 -1 2 115
2014-05-22T10:00:00Z 278 392 119 57 2 66
2014-05-22T09:00:00Z 256 387 110 49 2 40
2014-05-22T08:00:00Z 235 360 111 33 1 14
2014-05-22T12:00:00Z -1 -1 -1 -1 -1 -1
2014-05-22T11:00:00Z 291 371 113 -1 2 115
2014-05-22T10:00:00Z 278 392 119 57 2 66
2014-05-22T09:00:00Z 256 387 110 49 2 40
2014-05-22T08:00:00Z 235 360 111 33 1 14
2014-05-22T07:00:00Z 197 335 123 15 1 2
2014-05-22T11:00:00Z 291 371 113 -1 2 115
2014-05-22T10:00:00Z 278 392 119 57 2 66
2014-05-22T09:00:00Z 256 387 110 49 2 40
2014-05-22T08:00:00Z 235 360 111 33 1 14
2014-05-22T07:00:00Z 197 335 123 15 1 2
2014-05-22T06:00:00Z 171 308 135 13 1 2
2014-05-22T10:00:00Z 278 392 119 57 2 66
2014-05-22T09:00:00Z 256 387 110 49 2 40
2014-05-22T08:00:00Z 235 360 111 33 1 14
2014-05-22T07:00:00Z 197 335 123 15 1 2
2014-05-22T06:00:00Z 171 308 135 13 1 2
2014-05-22T05:00:00Z 159 243 -1 12 1 2
2014-05-22T09:00:00Z 256 387 110 49 2 40
2014-05-22T08:00:00Z 235 360 111 33 1 14
2014-05-22T07:00:00Z 197 335 123 15 1 2
2014-05-22T06:00:00Z 171 308 135 13 1 2
2014-05-22T05:00:00Z 159 243 -1 12 1 2
2014-05-22T04:00:00Z -1 -1 -1 -1 -1 -1
2014-05-22T08:00:00Z 235 360 111 33 1 14
2014-05-22T07:00:00Z 197 335 123 15 1 2
2014-05-22T06:00:00Z 171 308 135 13 1 2
2014-05-22T05:00:00Z 159 243 -1 12 1 2
2014-05-22T04:00:00Z -1 -1 -1 -1 -1 -1
2014-05-22T03:00:00Z 180 294 116 17 1 39
2014-05-25T11:00:00Z 116 383 19 5 0 71
2014-05-25T10:00:00Z 144 402 53 7 0 36
2014-05-25T09:00:00Z -1 -1 -1 -1 -1 -1
2014-05-25T08:00:00Z 124 135 33 9 0 46
2014-05-25T07:00:00Z 126 -1 39 5 0 15
2014-05-25T06:00:00Z 123 -1 33 5 0 15
2014-05-25T10:00:00Z 144 402 53 7 0 36
2014-05-25T09:00:00Z -1 -1 -1 -1 -1 -1
2014-05-25T08:00:00Z 124 135 33 9 0 46
2014-05-25T07:00:00Z 126 -1 39 5 0 15
2014-05-25T06:00:00Z 123 -1 33 5 0 15
2014-05-25T05:00:00Z 122 -1 -1 5 0 25
2014-05-25T09:00:00Z -1 -1 -1 -1 -1 -1
2014-05-25T08:00:00Z 124 135 33 9 0 46
2014-05-25T07:00:00Z 126 -1 39 5 0 15
2014-05-25T06:00:00Z 123 -1 33 5 0 15
2014-05-25T05:00:00Z 122 -1 -1 5 0 25
2014-05-25T04:00:00Z 110 -1 25 5 0 -1
2014-05-25T08:00:00Z 124 135 33 9 0 46
2014-05-25T07:00:00Z 126 -1 39 5 0 15
2014-05-25T06:00:00Z 123 -1 33 5 0 15
2014-05-25T05:00:00Z 122 -1 -1 5 0 25
2014-05-25T04:00:00Z 110 -1 25 5 0 -1
2014-05-25T03:00:00Z 113 -1 30 5 0 37
2014-05-25T07:00:00Z 126 -1 39 5 0 15
2014-05-25T06:00:00Z 123 -1 33 5 0 15
2014-05-25T05:00:00Z 122 -1 -1 5 0 25
2014-05-25T04:00:00Z 110 -1 25 5 0 -1
2014-05-25T03:00:00Z 113 -1 30 5 0 37
2014-05-25T02:00:00Z 98 -1 35 -1 0 45
2014-05-25T06:00:00Z 123 -1 33 5 0 15
2014-05-25T05:00:00Z 122 -1 -1 5 0 25
2014-05-25T04:00:00Z 110 -1 25 5 0 -1
2014-05-25T03:00:00Z 113 -1 30 5 0 37
2014-05-25T02:00:00Z 98 -1 35 -1 0 45
2014-05-25T01:00:00Z 97 -1 39 4 0 37
2014-06-17T04:00:00Z -1 -1 -1 -1 -1 -1
2014-06-17T03:00:00Z 229 -1 16 11 1 110
2014-06-17T02:00:00Z 233 237 24 8 1 109
2014-06-17T01:00:00Z 202 -1 24 6 1 108
2014-06-17T00:00:00Z 163 -1 47 6 1 78
2014-06-16T23:00:00Z -1 -1 -1 -1 -1 -1
2014-06-17T03:00:00Z 229 -1 16 11 1 110
2014-06-17T02:00:00Z 233 237 24 8 1 109
2014-06-17T01:00:00Z 202 -1 24 6 1 108
2014-06-17T00:00:00Z 163 -1 47 6 1 78
2014-06-16T23:00:00Z -1 -1 -1 -1 -1 -1
2014-06-16T22:00:00Z 115 212 54 6 1 88
2014-06-17T02:00:00Z 233 237 24 8 1 109
2014-06-17T01:00:00Z 202 -1 24 6 1 108
2014-06-17T00:00:00Z 163 -1 47 6 1 78
2014-06-16T23:00:00Z -1 -1 -1 -1 -1 -1
2014-06-16T22:00:00Z 115 212 54 6 1 88
2014-06-16T21:00:00Z 107 134 43 7 0 137
2014-06-17T01:00:00Z 202 -1 24 6 1 108
2014-06-17T00:00:00Z 163 -1 47 6 1 78
2014-06-16T23:00:00Z -1 -1 -1 -1 -1 -1
2014-06-16T22:00:00Z 115 212 54 6 1 88
2014-06-16T21:00:00Z 107 134 43 7 0 137
2014-06-16T20:00:00Z 114 142 40 8 0 160
2014-06-17T00:00:00Z 163 -1 47 6 1 78
2014-06-16T23:00:00Z -1 -1 -1 -1 -1 -1
2014-06-16T22:00:00Z 115 212 54 6 1 88
2014-06-16T21:00:00Z 107 134 43 7 0 137
2014-06-16T20:00:00Z 114 142 40 8 0 160
2014-06-16T19:00:00Z -1 -1 -1 -1 -1 -1
2014-06-16T23:00:00Z -1 -1 -1 -1 -1 -1
2014-06-16T22:00:00Z 115 212 54 6 1 88
2014-06-16T21:00:00Z 107 134 43 7 0 137
2014-06-16T20:00:00Z 114 142 40 8 0 160
2014-06-16T19:00:00Z -1 -1 -1 -1 -1 -1
2014-06-16T18:00:00Z 113 152 35 8 0 180
2014-06-17T16:00:00Z 153 -1 46 8 1 131
2014-06-17T15:00:00Z 147 -1 31 8 1 146
2014-06-17T14:00:00Z 148 157 31 11 1 127
2014-06-17T13:00:00Z 141 159 35 10 1 104
2014-06-17T12:00:00Z 95 128 44 8 1 80
2014-06-17T11:00:00Z 47 58 42 5 0 80
2014-06-17T15:00:00Z 147 -1 31 8 1 146
2014-06-17T14:00:00Z 148 157 31 11 1 127
2014-06-17T13:00:00Z 141 159 35 10 1 104
2014-06-17T12:00:00Z 95 128 44 8 1 80
2014-06-17T11:00:00Z 47 58 42 5 0 80
2014-06-17T10:00:00Z -1 -1 -1 -1 -1 -1
2014-06-17T14:00:00Z 148 157 31 11 1 127
2014-06-17T13:00:00Z 141 159 35 10 1 104
2014-06-17T12:00:00Z 95 128 44 8 1 80
2014-06-17T11:00:00Z 47 58 42 5 0 80
2014-06-17T10:00:00Z -1 -1 -1 -1 -1 -1
2014-06-17T09:00:00Z 27 -1 23 5 0 83
2014-06-17T13:00:00Z 141 159 35 10 1 104
2014-06-17T12:00:00Z 95 128 44 8 1 80
2014-06-17T11:00:00Z 47 58 42 5 0 80
2014-06-17T10:00:00Z -1 -1 -1 -1 -1 -1
2014-06-17T09:00:00Z 27 -1 23 5 0 83
2014-06-17T08:00:00Z 23 -1 37 4 0 66
2014-07-05T11:00:00Z -1 -1 -1 -1 -1 -1
2014-07-05T10:00:00Z 175 -1 68 13 1 63
2014-07-05T09:00:00Z 176 -1 64 12 1 43
2014-07-05T08:00:00Z 172 176 73 10 1 17
2014-07-05T07:00:00Z 130 148 63 11 0 3
2014-07-05T06:00:00Z 111 121 58 11 0 5
2014-07-05T10:00:00Z 175 -1 68 13 1 63
2014-07-05T09:00:00Z 176 -1 64 12 1 43
2014-07-05T08:00:00Z 172 176 73 10 1 17
2014-07-05T07:00:00Z 130 148 63 11 0 3
2014-07-05T06:00:00Z 111 121 58 11 0 5
2014-07-05T05:00:00Z 120 -1 55 10 0 11
2014-07-05T09:00:00Z 176 -1 64 12 1 43
2014-07-05T08:00:00Z 172 176 73 10 1 17
2014-07-05T07:00:00Z 130 148 63 11 0 3
2014-07-05T06:00:00Z 111 121 58 11 0 5
2014-07-05T05:00:00Z 120 -1 55 10 0 11
2014-07-05T04:00:00Z -1 -1 -1 -1 -1 -1
2014-07-05T08:00:00Z 172 176 73 10 1 17
2014-07-05T07:00:00Z 130 148 63 11 0 3
2014-07-05T06:00:00Z 111 121 58 11 0 5
2014-07-05T05:00:00Z 120 -1 55 10 0 11
2014-07-05T04:00:00Z -1 -1 -1 -1 -1 -1
2014-07-05T03:00:00Z 134 156 92 12 1 2
2014-07-05T07:00:00Z 130 148 63 11 0 3
2014-07-05T06:00:00Z 111 121 58 11 0 5
2014-07-05T05:00:00Z 120 -1 55 10 0 11
2014-07-05T04:00:00Z -1 -1 -1 -1 -1 -1
2014-07-05T03:00:00Z 134 156 92 12 1 2
2014-07-05T02:00:00Z 114 126 94 -1 1 4
2014-07-18T19:00:00Z 119 154 47 9 0 156
2014-07-18T18:00:00Z 115 -1 42 9 0 160
2014-07-18T17:00:00Z -1 -1 -1 -1 -1 -1
2014-07-18T16:00:00Z 122 -1 34 9 0 158
2014-07-18T15:00:00Z -1 -1 -1 -1 -1 -1
2014-07-18T14:00:00Z 181 -1 51 11 1 181
2014-07-18T18:00:00Z 115 -1 42 9 0 160
2014-07-18T17:00:00Z -1 -1 -1 -1 -1 -1
2014-07-18T16:00:00Z 122 -1 34 9 0 158
2014-07-18T15:00:00Z -1 -1 -1 -1 -1 -1
2014-07-18T14:00:00Z 181 -1 51 11 1 181
2014-07-18T13:00:00Z 163 -1 52 11 1 136
2014-07-18T17:00:00Z -1 -1 -1 -1 -1 -1
2014-07-18T16:00:00Z 122 -1 34 9 0 158
2014-07-18T15:00:00Z -1 -1 -1 -1 -1 -1
2014-07-18T14:00:00Z 181 -1 51 11 1 181
2014-07-18T13:00:00Z 163 -1 52 11 1 136
2014-07-18T12:00:00Z 148 158 52 12 1 94
2014-07-18T16:00:00Z 122 -1 34 9 0 158
2014-07-18T15:00:00Z -1 -1 -1 -1 -1 -1
2014-07-18T14:00:00Z 181 -1 51 11 1 181
2014-07-18T13:00:00Z 163 -1 52 11 1 136
2014-07-18T12:00:00Z 148 158 52 12 1 94
2014-07-18T11:00:00Z -1 -1 -1 -1 -1 -1
2014-07-18T15:00:00Z -1 -1 -1 -1 -1 -1
2014-07-18T14:00:00Z 181 -1 51 11 1 181
2014-07-18T13:00:00Z 163 -1 52 11 1 136
2014-07-18T12:00:00Z 148 158 52 12 1 94
2014-07-18T11:00:00Z -1 -1 -1 -1 -1 -1
2014-07-18T10:00:00Z 136 -1 59 14 1 52
2014-07-18T14:00:00Z 181 -1 51 11 1 181
2014-07-18T13:00:00Z 163 -1 52 11 1 136
2014-07-18T12:00:00Z 148 158 52 12 1 94
2014-07-18T11:00:00Z -1 -1 -1 -1 -1 -1
2014-07-18T10:00:00Z 136 -1 59 14 1 52
2014-07-18T09:00:00Z -1 -1 -1 -1 -1 -1
2014-07-29T12:00:00Z 133 -1 25 8 0 147
2014-07-29T11:00:00Z 132 -1 34 11 0 128
2014-07-29T10:00:00Z -1 -1 -1 -1 -1 -1
2014-07-29T09:00:00Z 177 204 63 20 0 65
2014-07-29T08:00:00Z -1 -1 -1 -1 -1 -1
2014-07-29T07:00:00Z 161 192 55 11 0 48
2014-07-29T11:00:00Z 132 -1 34 11 0 128
2014-07-29T10:00:00Z -1 -1 -1 -1 -1 -1
2014-07-29T09:00:00Z 177 204 63 20 0 65
2014-07-29T08:00:00Z -1 -1 -1 -1 -1 -1
2014-07-29T07:00:00Z 161 192 55 11 0 48
2014-07-29T06:00:00Z 140 171 39 12 0 59
2014-07-29T10:00:00Z -1 -1 -1 -1 -1 -1
2014-07-29T09:00:00Z 177 204 63 20 0 65
2014-07-29T08:00:00Z -1 -1 -1 -1 -1 -1
2014-07-29T07:00:00Z 161 192 55 11 0 48
2014-07-29T06:00:00Z 140 171 39 12 0 59
2014-07-29T05:00:00Z 134 158 37 12 0 69
2014-07-29T09:00:00Z 177 204 63 20 0 65
2014-07-29T08:00:00Z -1 -1 -1 -1 -1 -1
2014-07-29T07:00:00Z 161 192 55 11 0 48
2014-07-29T06:00:00Z 140 171 39 12 0 59
2014-07-29T05:00:00Z 134 158 37 12 0 69
2014-07-29T04:00:00Z 123 161 38 13 0 -1
2014-07-29T08:00:00Z -1 -1 -1 -1 -1 -1
2014-07-29T07:00:00Z 161 192 55 11 0 48
2014-07-29T06:00:00Z 140 171 39 12 0 59
2014-07-29T05:00:00Z 134 158 37 12 0 69
2014-07-29T04:00:00Z 123 161 38 13 0 -1
2014-07-29T03:00:00Z 117 151 35 13 0 71
2014-07-29T07:00:00Z 161 192 55 11 0 48
2014-07-29T06:00:00Z 140 171 39 12 0 59
2014-07-29T05:00:00Z 134 158 37 12 0 69
2014-07-29T04:00:00Z 123 161 38 13 0 -1
2014-07-29T03:00:00Z 117 151 35 13 0 71
2014-07-29T02:00:00Z 110 155 40 -1 0 74
2014-08-03T15:00:00Z -1 -1 -1 -1 -1 -1
2014-08-03T14:00:00Z 121 191 33 11 1 182
2014-08-03T13:00:00Z 124 -1 26 13 0 203
2014-08-03T12:00:00Z 126 -1 32 9 0 163
2014-08-03T11:00:00Z 123 -1 37 6 0 123
2014-08-03T10:00:00Z -1 -1 -1 -1 -1 -1
2014-08-03T14:00:00Z 121 191 33 11 1 182
2014-08-03T13:00:00Z 124 -1 26 13 0 203
2014-08-03T12:00:00Z 126 -1 32 9 0 163
2014-08-03T11:00:00Z 123 -1 37 6 0 123
2014-08-03T10:00:00Z -1 -1 -1 -1 -1 -1
2014-08-03T09:00:00Z 161 -1 65 8 1 52
2014-08-03T13:00:00Z 124 -1 26 13 0 203
2014-08-03T12:00:00Z 126 -1 32 9 0 163
2014-08-03T11:00:00Z 123 -1 37 6 0 123
2014-08-03T10:00:00Z -1 -1 -1 -1 -1 -1
2014-08-03T09:00:00Z 161 -1 65 8 1 52
2014-08-03T08:00:00Z 205 267 114 8 1 2
2014-08-03T12:00:00Z 126 -1 32 9 0 163
2014-08-03T11:00:00Z 123 -1 37 6 0 123
2014-08-03T10:00:00Z -1 -1 -1 -1 -1 -1
2014-08-03T09:00:00Z 161 -1 65 8 1 52
2014-08-03T08:00:00Z 205 267 114 8 1 2
2014-08-03T07:00:00Z 182 -1 98 9 1 2
2014-08-03T11:00:00Z 123 -1 37 6 0 123
2014-08-03T10:00:00Z -1 -1 -1 -1 -1 -1
2014-08-03T09:00:00Z 161 -1 65 8 1 52
2014-08-03T08:00:00Z 205 267 114 8 1 2
2014-08-03T07:00:00Z 182 -1 98 9 1 2
2014-08-03T06:00:00Z 183 210 82 8 1 6
2014-08-03T10:00:00Z -1 -1 -1 -1 -1 -1
2014-08-03T09:00:00Z 161 -1 65 8 1 52
2014-08-03T08:00:00Z 205 267 114 8 1 2
2014-08-03T07:00:00Z 182 -1 98 9 1 2
2014-08-03T06:00:00Z 183 210 82 8 1 6
2014-08-03T05:00:00Z 184 186 95 8 1 2
2014-08-09T12:00:00Z -1 -1 -1 -1 -1 -1
2014-08-09T11:00:00Z 170 -1 108 17 1 71
2014-08-09T10:00:00Z -1 -1 -1 -1 -1 -1
2014-08-09T09:00:00Z 154 237 99 18 1 26
2014-08-09T08:00:00Z 141 242 102 14 1 11
2014-08-09T07:00:00Z -1 -1 -1 -1 -1 -1
2014-08-09T11:00:00Z 170 -1 108 17 1 71
2014-08-09T10:00:00Z -1 -1 -1 -1 -1 -1
2014-08-09T09:00:00Z 154 237 99 18 1 26
2014-08-09T08:00:00Z 141 242 102 14 1 11
2014-08-09T07:00:00Z -1 -1 -1 -1 -1 -1
2014-08-09T06:00:00Z -1 -1 -1 -1 -1 -1
2014-08-09T10:00:00Z -1 -1 -1 -1 -1 -1
2014-08-09T09:00:00Z 154 237 99 18 1 26
2014-08-09T08:00:00Z 141 242 102 14 1 11
2014-08-09T07:00:00Z -1 -1 -1 -1 -1 -1
2014-08-09T06:00:00Z -1 -1 -1 -1 -1 -1
2014-08-09T05:00:00Z -1 -1 -1 -1 -1 -1
2014-08-09T09:00:00Z 154 237 99 18 1 26
2014-08-09T08:00:00Z 141 242 102 14 1 11
2014-08-09T07:00:00Z -1 -1 -1 -1 -1 -1
2014-08-09T06:00:00Z -1 -1 -1 -1 -1 -1
2014-08-09T05:00:00Z -1 -1 -1 -1 -1 -1
2014-08-09T04:00:00Z -1 -1 -1 -1 -1 -1
2014-08-09T08:00:00Z 141 242 102 14 1 11
2014-08-09T07:00:00Z -1 -1 -1 -1 -1 -1
2014-08-09T06:00:00Z -1 -1 -1 -1 -1 -1
2014-08-09T05:00:00Z -1 -1 -1 -1 -1 -1
2014-08-09T04:00:00Z -1 -1 -1 -1 -1 -1
2014-08-09T03:00:00Z -1 -1 -1 -1 -1 -1
2014-08-19T11:00:00Z 129 167 69 16 1 118
2014-08-19T10:00:00Z -1 -1 -1 -1 -1 -1
2014-08-19T09:00:00Z 140 218 95 16 1 26
2014-08-19T08:00:00Z 131 190 100 9 1 7
2014-08-19T07:00:00Z 111 166 100 11 1 2
2014-08-19T06:00:00Z 99 146 87 10 0 4
2014-08-19T10:00:00Z -1 -1 -1 -1 -1 -1
2014-08-19T09:00:00Z 140 218 95 16 1 26
2014-08-19T08:00:00Z 131 190 100 9 1 7
2014-08-19T07:00:00Z 111 166 100 11 1 2
2014-08-19T06:00:00Z 99 146 87 10 0 4
2014-08-19T05:00:00Z 93 165 96 8 1 2
2014-08-19T09:00:00Z 140 218 95 16 1 26
2014-08-19T08:00:00Z 131 190 100 9 1 7
2014-08-19T07:00:00Z 111 166 100 11 1 2
2014-08-19T06:00:00Z 99 146 87 10 0 4
2014-08-19T05:00:00Z 93 165 96 8 1 2
2014-08-19T04:00:00Z 93 160 84 7 1 9
2014-08-19T08:00:00Z 131 190 100 9 1 7
2014-08-19T07:00:00Z 111 166 100 11 1 2
2014-08-19T06:00:00Z 99 146 87 10 0 4
2014-08-19T05:00:00Z 93 165 96 8 1 2
2014-08-19T04:00:00Z 93 160 84 7 1 9
2014-08-19T03:00:00Z -1 -1 -1 -1 -1 -1
2014-08-20T18:00:00Z -1 -1 -1 -1 -1 -1
2014-08-20T17:00:00Z 133 155 45 39 1 225
2014-08-20T16:00:00Z -1 -1 -1 -1 -1 -1
2014-08-20T15:00:00Z 132 232 39 47 1 222
2014-08-20T14:00:00Z -1 -1 -1 -1 -1 -1
2014-08-20T13:00:00Z 100 -1 40 16 0 176
2014-08-20T17:00:00Z 133 155 45 39 1 225
2014-08-20T16:00:00Z -1 -1 -1 -1 -1 -1
2014-08-20T15:00:00Z 132 232 39 47 1 222
2014-08-20T14:00:00Z -1 -1 -1 -1 -1 -1
2014-08-20T13:00:00Z 100 -1 40 16 0 176
2014-08-20T12:00:00Z 132 -1 63 13 1 152
2014-08-20T16:00:00Z -1 -1 -1 -1 -1 -1
2014-08-20T15:00:00Z 132 232 39 47 1 222
2014-08-20T14:00:00Z -1 -1 -1 -1 -1 -1
2014-08-20T13:00:00Z 100 -1 40 16 0 176
2014-08-20T12:00:00Z 132 -1 63 13 1 152
2014-08-20T11:00:00Z 159 244 91 11 1 91
2014-08-20T15:00:00Z 132 232 39 47 1 222
2014-08-20T14:00:00Z -1 -1 -1 -1 -1 -1
2014-08-20T13:00:00Z 100 -1 40 16 0 176
2014-08-20T12:00:00Z 132 -1 63 13 1 152
2014-08-20T11:00:00Z 159 244 91 11 1 91
2014-08-20T10:00:00Z 154 234 83 14 0 57
2014-08-20T14:00:00Z -1 -1 -1 -1 -1 -1
2014-08-20T13:00:00Z 100 -1 40 16 0 176
2014-08-20T12:00:00Z 132 -1 63 13 1 152
2014-08-20T11:00:00Z 159 244 91 11 1 91
2014-08-20T10:00:00Z 154 234 83 14 0 57
2014-08-20T09:00:00Z 139 185 85 14 0 28
2014-08-21T21:00:00Z 143 -1 39 19 1 139
2014-08-21T20:00:00Z 166 237 70 16 1 143
2014-08-21T19:00:00Z 146 191 57 12 1 164
2014-08-21T18:00:00Z 153 211 42 9 1 198
2014-08-21T17:00:00Z 163 247 54 14 1 249
2014-08-21T16:00:00Z 196 288 70 16 1 270
2014-08-21T20:00:00Z 166 237 70 16 1 143
2014-08-21T19:00:00Z 146 191 57 12 1 164
2014-08-21T18:00:00Z 153 211 42 9 1 198
2014-08-21T17:00:00Z 163 247 54 14 1 249
2014-08-21T16:00:00Z 196 288 70 16 1 270
2014-08-21T15:00:00Z -1 -1 -1 -1 -1 -1
2014-08-21T19:00:00Z 146 191 57 12 1 164
2014-08-21T18:00:00Z 153 211 42 9 1 198
2014-08-21T17:00:00Z 163 247 54 14 1 249
2014-08-21T16:00:00Z 196 288 70 16 1 270
2014-08-21T15:00:00Z -1 -1 -1 -1 -1 -1
2014-08-21T14:00:00Z -1 -1 -1 -1 -1 -1
2014-08-21T18:00:00Z 153 211 42 9 1 198
2014-08-21T17:00:00Z 163 247 54 14 1 249
2014-08-21T16:00:00Z 196 288 70 16 1 270
2014-08-21T15:00:00Z -1 -1 -1 -1 -1 -1
2014-08-21T14:00:00Z -1 -1 -1 -1 -1 -1
2014-08-21T13:00:00Z 143 -1 54 15 1 131
2014-08-21T17:00:00Z 163 247 54 14 1 249
2014-08-21T16:00:00Z 196 288 70 16 1 270
2014-08-21T15:00:00Z -1 -1 -1 -1 -1 -1
2014-08-21T14:00:00Z -1 -1 -1 -1 -1 -1
2014-08-21T13:00:00Z 143 -1 54 15 1 131
2014-08-21T12:00:00Z -1 -1 -1 -1 -1 -1
2014-08-21T16:00:00Z 196 288 70 16 1 270
2014-08-21T15:00:00Z -1 -1 -1 -1 -1 -1
2014-08-21T14:00:00Z -1 -1 -1 -1 -1 -1
2014-08-21T13:00:00Z 143 -1 54 15 1 131
2014-08-21T12:00:00Z -1 -1 -1 -1 -1 -1
2014-08-21T11:00:00Z 140 181 69 10 1 53
2014-08-23T22:00:00Z 147 162 68 10 1 89
2014-08-23T21:00:00Z 154 242 72 10 1 104
2014-08-23T20:00:00Z 146 198 61 11 1 130
2014-08-23T19:00:00Z 134 202 53 10 1 162
2014-08-23T18:00:00Z 109 204 51 11 1 175
2014-08-23T17:00:00Z 101 139 46 10 0 192
2014-08-23T21:00:00Z 154 242 72 10 1 104
2014-08-23T20:00:00Z 146 198 61 11 1 130
2014-08-23T19:00:00Z 134 202 53 10 1 162
2014-08-23T18:00:00Z 109 204 51 11 1 175
2014-08-23T17:00:00Z 101 139 46 10 0 192
2014-08-23T16:00:00Z -1 -1 -1 -1 -1 -1
2014-08-23T20:00:00Z 146 198 61 11 1 130
2014-08-23T19:00:00Z 134 202 53 10 1 162
2014-08-23T18:00:00Z 109 204 51 11 1 175
2014-08-23T17:00:00Z 101 139 46 10 0 192
2014-08-23T16:00:00Z -1 -1 -1 -1 -1 -1
2014-08-23T15:00:00Z -1 -1 -1 -1 -1 -1
2014-08-23T19:00:00Z 134 202 53 10 1 162
2014-08-23T18:00:00Z 109 204 51 11 1 175
2014-08-23T17:00:00Z 101 139 46 10 0 192
2014-08-23T16:00:00Z -1 -1 -1 -1 -1 -1
2014-08-23T15:00:00Z -1 -1 -1 -1 -1 -1
2014-08-23T14:00:00Z 95 -1 42 18 0 190
2014-08-30T23:00:00Z 147 -1 73 8 1 19
2014-08-30T22:00:00Z 150 178 86 8 1 11
2014-08-30T21:00:00Z 148 170 81 8 1 7
2014-08-30T20:00:00Z 134 149 80 10 1 12
2014-08-30T19:00:00Z 139 -1 73 12 1 23
2014-08-30T18:00:00Z 144 165 74 12 2 35
2014-08-30T22:00:00Z 150 178 86 8 1 11
2014-08-30T21:00:00Z 148 170 81 8 1 7
2014-08-30T20:00:00Z 134 149 80 10 1 12
2014-08-30T19:00:00Z 139 -1 73 12 1 23
2014-08-30T18:00:00Z 144 165 74 12 2 35
2014-08-30T17:00:00Z 133 165 68 12 1 36
2014-08-30T21:00:00Z 148 170 81 8 1 7
2014-08-30T20:00:00Z 134 149 80 10 1 12
2014-08-30T19:00:00Z 139 -1 73 12 1 23
2014-08-30T18:00:00Z 144 165 74 12 2 35
2014-08-30T17:00:00Z 133 165 68 12 1 36
2014-08-30T16:00:00Z -1 -1 -1 -1 -1 -1
2014-08-30T20:00:00Z 134 149 80 10 1 12
2014-08-30T19:00:00Z 139 -1 73 12 1 23
2014-08-30T18:00:00Z 144 165 74 12 2 35
2014-08-30T17:00:00Z 133 165 68 12 1 36
2014-08-30T16:00:00Z -1 -1 -1 -1 -1 -1
2014-08-30T15:00:00Z 163 186 72 13 1 34
2014-08-30T19:00:00Z 139 -1 73 12 1 23
2014-08-30T18:00:00Z 144 165 74 12 2 35
2014-08-30T17:00:00Z 133 165 68 12 1 36
2014-08-30T16:00:00Z -1 -1 -1 -1 -1 -1
2014-08-30T15:00:00Z 163 186 72 13 1 34
2014-08-30T14:00:00Z 158 197 71 13 1 28
2014-08-30T18:00:00Z 144 165 74 12 2 35
2014-08-30T17:00:00Z 133 165 68 12 1 36
2014-08-30T16:00:00Z -1 -1 -1 -1 -1 -1
2014-08-30T15:00:00Z 163 186 72 13 1 34
2014-08-30T14:00:00Z 158 197 71 13 1 28
2014-08-30T13:00:00Z 149 197 74 13 1 16
2014-09-07T22:00:00Z 150 174 80 12 1 60
2014-09-07T21:00:00Z 147 232 66 15 1 86
2014-09-07T20:00:00Z 140 217 50 22 1 126
2014-09-07T19:00:00Z 130 204 48 24 1 140
2014-09-07T18:00:00Z 111 187 36 26 1 145
2014-09-07T17:00:00Z 109 140 31 28 1 154
2014-09-07T21:00:00Z 147 232 66 15 1 86
2014-09-07T20:00:00Z 140 217 50 22 1 126
2014-09-07T19:00:00Z 130 204 48 24 1 140
2014-09-07T18:00:00Z 111 187 36 26 1 145
2014-09-07T17:00:00Z 109 140 31 28 1 154
2014-09-07T16:00:00Z 95 129 29 24 1 150
2014-09-07T20:00:00Z 140 217 50 22 1 126
2014-09-07T19:00:00Z 130 204 48 24 1 140
2014-09-07T18:00:00Z 111 187 36 26 1 145
2014-09-07T17:00:00Z 109 140 31 28 1 154
2014-09-07T16:00:00Z 95 129 29 24 1 150
2014-09-07T15:00:00Z 100 -1 27 23 0 145
2014-09-07T19:00:00Z 130 204 48 24 1 140
2014-09-07T18:00:00Z 111 187 36 26 1 145
2014-09-07T17:00:00Z 109 140 31 28 1 154
2014-09-07T16:00:00Z 95 129 29 24 1 150
2014-09-07T15:00:00Z 100 -1 27 23 0 145
2014-09-07T14:00:00Z 118 -1 36 24 0 136
2014-09-21T06:00:00Z 117 -1 48 19 2 21
2014-09-21T05:00:00Z 173 -1 52 11 1 16
2014-09-21T04:00:00Z 186 -1 50 10 1 -1
2014-09-21T03:00:00Z 189 -1 48 7 1 26
2014-09-21T02:00:00Z 212 214 70 -1 1 20
2014-09-21T01:00:00Z -1 -1 -1 -1 -1 -1
2014-09-21T05:00:00Z 173 -1 52 11 1 16
2014-09-21T04:00:00Z 186 -1 50 10 1 -1
2014-09-21T03:00:00Z 189 -1 48 7 1 26
2014-09-21T02:00:00Z 212 214 70 -1 1 20
2014-09-21T01:00:00Z -1 -1 -1 -1 -1 -1
2014-09-21T00:00:00Z 194 211 114 8 1 2
2014-09-21T04:00:00Z 186 -1 50 10 1 -1
2014-09-21T03:00:00Z 189 -1 48 7 1 26
2014-09-21T02:00:00Z 212 214 70 -1 1 20
2014-09-21T01:00:00Z -1 -1 -1 -1 -1 -1
2014-09-21T00:00:00Z 194 211 114 8 1 2
2014-09-20T23:00:00Z -1 -1 -1 -1 -1 -1
2014-09-21T03:00:00Z 189 -1 48 7 1 26
2014-09-21T02:00:00Z 212 214 70 -1 1 20
2014-09-21T01:00:00Z -1 -1 -1 -1 -1 -1
2014-09-21T00:00:00Z 194 211 114 8 1 2
2014-09-20T23:00:00Z -1 -1 -1 -1 -1 -1
2014-09-20T22:00:00Z 182 222 88 9 1 59
2014-09-21T02:00:00Z 212 214 70 -1 1 20
2014-09-21T01:00:00Z -1 -1 -1 -1 -1 -1
2014-09-21T00:00:00Z 194 211 114 8 1 2
2014-09-20T23:00:00Z -1 -1 -1 -1 -1 -1
2014-09-20T22:00:00Z 182 222 88 9 1 59
2014-09-20T21:00:00Z 166 221 93 9 1 76
2014-09-21T01:00:00Z -1 -1 -1 -1 -1 -1
2014-09-21T00:00:00Z 194 211 114 8 1 2
2014-09-20T23:00:00Z -1 -1 -1 -1 -1 -1
2014-09-20T22:00:00Z 182 222 88 9 1 59
2014-09-20T21:00:00Z 166 221 93 9 1 76
2014-09-20T20:00:00Z 152 204 100 12 1 82
2014-09-25T23:00:00Z -1 -1 -1 -1 -1 -1
2014-09-25T22:00:00Z 147 -1 88 9 1 14
2014-09-25T21:00:00Z 138 149 89 8 1 14
2014-09-25T20:00:00Z 148 172 110 9 1 2
2014-09-25T19:00:00Z 142 162 94 7 1 19
2014-09-25T18:00:00Z 135 144 72 11 1 47
2014-09-25T22:00:00Z 147 -1 88 9 1 14
2014-09-25T21:00:00Z 138 149 89 8 1 14
2014-09-25T20:00:00Z 148 172 110 9 1 2
2014-09-25T19:00:00Z 142 162 94 7 1 19
2014-09-25T18:00:00Z 135 144 72 11 1 47
2014-09-25T17:00:00Z 153 -1 54 13 1 64
2014-09-25T21:00:00Z 138 149 89 8 1 14
2014-09-25T20:00:00Z 148 172 110 9 1 2
2014-09-25T19:00:00Z 142 162 94 7 1 19
2014-09-25T18:00:00Z 135 144 72 11 1 47
2014-09-25T17:00:00Z 153 -1 54 13 1 64
2014-09-25T16:00:00Z 160 -1 52 11 1 62
2014-09-25T20:00:00Z 148 172 110 9 1 2
2014-09-25T19:00:00Z 142 162 94 7 1 19
2014-09-25T18:00:00Z 135 144 72 11 1 47
2014-09-25T17:00:00Z 153 -1 54 13 1 64
2014-09-25T16:00:00Z 160 -1 52 11 1 62
2014-09-25T15:00:00Z 171 -1 66 8 1 37
2014-09-25T19:00:00Z 142 162 94 7 1 19
2014-09-25T18:00:00Z 135 144 72 11 1 47
2014-09-25T17:00:00Z 153 -1 54 13 1 64
2014-09-25T16:00:00Z 160 -1 52 11 1 62
2014-09-25T15:00:00Z 171 -1 66 8 1 37
2014-09-25T14:00:00Z 174 198 97 8 1 3
2014-09-25T18:00:00Z 135 144 72 11 1 47
2014-09-25T17:00:00Z 153 -1 54 13 1 64
2014-09-25T16:00:00Z 160 -1 52 11 1 62
2014-09-25T15:00:00Z 171 -1 66 8 1 37
2014-09-25T14:00:00Z 174 198 97 8 1 3
2014-09-25T13:00:00Z 139 151 82 9 1 3
2014-09-26T23:00:00Z 145 -1 81 9 1 2
2014-09-26T22:00:00Z 149 -1 80 10 1 2
2014-09-26T21:00:00Z 152 -1 93 10 1 2
2014-09-26T20:00:00Z 163 -1 93 9 1 2
2014-09-26T19:00:00Z 172 -1 93 10 1 2
2014-09-26T18:00:00Z 184 -1 89 11 1 7
2014-09-26T22:00:00Z 149 -1 80 10 1 2
2014-09-26T21:00:00Z 152 -1 93 10 1 2
2014-09-26T20:00:00Z 163 -1 93 9 1 2
2014-09-26T19:00:00Z 172 -1 93 10 1 2
2014-09-26T18:00:00Z 184 -1 89 11 1 7
2014-09-26T17:00:00Z 180 -1 85 11 1 17
2014-09-26T21:00:00Z 152 -1 93 10 1 2
2014-09-26T20:00:00Z 163 -1 93 9 1 2
2014-09-26T19:00:00Z 172 -1 93 10 1 2
2014-09-26T18:00:00Z 184 -1 89 11 1 7
2014-09-26T17:00:00Z 180 -1 85 11 1 17
2014-09-26T16:00:00Z -1 -1 -1 -1 -1 -1
2014-09-26T20:00:00Z 163 -1 93 9 1 2
2014-09-26T19:00:00Z 172 -1 93 10 1 2
2014-09-26T18:00:00Z 184 -1 89 11 1 7
2014-09-26T17:00:00Z 180 -1 85 11 1 17
2014-09-26T16:00:00Z -1 -1 -1 -1 -1 -1
2014-09-26T15:00:00Z 128 154 53 37 1 74
2014-09-26T19:00:00Z 172 -1 93 10 1 2
2014-09-26T18:00:00Z 184 -1 89 11 1 7
2014-09-26T17:00:00Z 180 -1 85 11 1 17
2014-09-26T16:00:00Z -1 -1 -1 -1 -1 -1
2014-09-26T15:00:00Z 128 154 53 37 1 74
2014-09-26T14:00:00Z 133 -1 64 34 1 55
2014-09-26T18:00:00Z 184 -1 89 11 1 7
2014-09-26T17:00:00Z 180 -1 85 11 1 17
2014-09-26T16:00:00Z -1 -1 -1 -1 -1 -1
2014-09-26T15:00:00Z 128 154 53 37 1 74
2014-09-26T14:00:00Z 133 -1 64 34 1 55
2014-09-26T13:00:00Z 140 -1 70 38 1 36
2014-10-11T19:00:00Z -1 -1 -1 -1 -1 -1
2014-10-11T18:00:00Z 235 -1 79 7 1 19
2014-10-11T17:00:00Z 319 -1 97 8 2 17
2014-10-11T16:00:00Z -1 -1 -1 -1 -1 -1
2014-10-11T15:00:00Z 316 -1 79 10 1 27
2014-10-11T14:00:00Z -1 -1 -1 -1 -1 -1
2014-10-11T18:00:00Z 235 -1 79 7 1 19
2014-10-11T17:00:00Z 319 -1 97 8 2 17
2014-10-11T16:00:00Z -1 -1 -1 -1 -1 -1
2014-10-11T15:00:00Z 316 -1 79 10 1 27
2014-10-11T14:00:00Z -1 -1 -1 -1 -1 -1
2014-10-11T13:00:00Z 293 -1 98 13 1 19
2014-10-11T17:00:00Z 319 -1 97 8 2 17
2014-10-11T16:00:00Z -1 -1 -1 -1 -1 -1
2014-10-11T15:00:00Z 316 -1 79 10 1 27
2014-10-11T14:00:00Z -1 -1 -1 -1 -1 -1
2014-10-11T13:00:00Z 293 -1 98 13 1 19
2014-10-11T12:00:00Z 329 -1 112 12 2 3
2014-10-11T16:00:00Z -1 -1 -1 -1 -1 -1
2014-10-11T15:00:00Z 316 -1 79 10 1 27
2014-10-11T14:00:00Z -1 -1 -1 -1 -1 -1
2014-10-11T13:00:00Z 293 -1 98 13 1 19
2014-10-11T12:00:00Z 329 -1 112 12 2 3
2014-10-11T11:00:00Z 360 -1 114 11 2 2
2014-10-11T15:00:00Z 316 -1 79 10 1 27
2014-10-11T14:00:00Z -1 -1 -1 -1 -1 -1
2014-10-11T13:00:00Z 293 -1 98 13 1 19
2014-10-11T12:00:00Z 329 -1 112 12 2 3
2014-10-11T11:00:00Z 360 -1 114 11 2 2
2014-10-11T10:00:00Z 336 -1 109 10 2 2
2014-10-11T14:00:00Z -1 -1 -1 -1 -1 -1
2014-10-11T13:00:00Z 293 -1 98 13 1 19
2014-10-11T12:00:00Z 329 -1 112 12 2 3
2014-10-11T11:00:00Z 360 -1 114 11 2 2
2014-10-11T10:00:00Z 336 -1 109 10 2 2
2014-10-11T09:00:00Z 288 294 111 9 2 2
2014-10-20T23:00:00Z 145 -1 -1 -1 -1 -1
2014-10-20T22:00:00Z 181 -1 -1 -1 -1 -1
2014-10-20T21:00:00Z 229 -1 -1 -1 -1 -1
2014-10-20T20:00:00Z 230 245 -1 -1 -1 -1
2014-10-20T19:00:00Z -1 -1 -1 -1 -1 -1
2014-10-20T18:00:00Z -1 -1 -1 -1 -1 -1
2014-10-20T22:00:00Z 181 -1 -1 -1 -1 -1
2014-10-20T21:00:00Z 229 -1 -1 -1 -1 -1
2014-10-20T20:00:00Z 230 245 -1 -1 -1 -1
2014-10-20T19:00:00Z -1 -1 -1 -1 -1 -1
2014-10-20T18:00:00Z -1 -1 -1 -1 -1 -1
2014-10-20T17:00:00Z -1 -1 -1 -1 -1 -1
2014-10-20T21:00:00Z 229 -1 -1 -1 -1 -1
2014-10-20T20:00:00Z 230 245 -1 -1 -1 -1
2014-10-20T19:00:00Z -1 -1 -1 -1 -1 -1
2014-10-20T18:00:00Z -1 -1 -1 -1 -1 -1
2014-10-20T17:00:00Z -1 -1 -1 -1 -1 -1
2014-10-20T16:00:00Z 252 -1 -1 -1 -1 -1
2014-10-20T20:00:00Z 230 245 -1 -1 -1 -1
2014-10-20T19:00:00Z -1 -1 -1 -1 -1 -1
2014-10-20T18:00:00Z -1 -1 -1 -1 -1 -1
2014-10-20T17:00:00Z -1 -1 -1 -1 -1 -1
2014-10-20T16:00:00Z 252 -1 -1 -1 -1 -1
2014-10-20T15:00:00Z -1 -1 -1 -1 -1 -1
