2013-06-10T23:00:00 54 321 25 12 41 21 9 56 2 23 10 44
2013-06-11T00:00:00 54 314 29 13 32 15 8 57 2 20 9 39
2013-06-11T01:00:00 54 284 26 12 21 12 7 48 1 19 7 30
2013-06-11T02:00:00 54 223 23 10 13 11 6 34 1 16 5 26
2013-06-11T03:00:00 55 177 16 6 12 7 5 22 1 12 5 17
2013-06-11T04:00:00 57 117 12 5 10 5 4 18 1 8 5 12
2013-06-11T05:00:00 60 72 12 3 4 4 2 13 0 4 3 8
2013-06-11T06:00:00 63 46 6 1 3 2 0 4 0 2 2 5
2013-06-11T07:00:00 67 66 3 0 1 2 0 2 0 1 1 5
2013-06-11T08:00:00 71 113 6 0 3 2 0 7 0 4 0 7
2013-06-11T09:00:00 76 166 6 1 3 1 1 10 0 8 2 9
2013-06-11T10:00:00 81 215 10 2 6 2 1 19 0 11 3 14
2013-06-11T11:00:00 85 283 13 5 11 7 2 48 0 18 8 23
2013-06-11T12:00:00 88 319 15 7 19 10 7 77 1 30 11 38
2013-06-11T13:00:00 93 338 19 12 33 15 10 102 2 40 14 56
2013-06-11T14:00:00 96 345 20 15 43 21 11 156 3 51 16 61
2013-06-11T15:00:00 101 340 22 18 50 28 11 208 4 67 18 66
2013-06-11T16:00:00 105 338 27 22 53 36 12 248 7 82 20 67
2013-06-11T17:00:00 110 317 24 20 53 41 14 251 10 79 16 62
2013-06-11T18:00:00 116 305 24 19 56 47 9 234 10 75 13 54
2013-06-11T19:00:00 123 289 23 17 57 50 7 215 10 65 11 40
2013-06-11T20:00:00 132 282 22 14 54 49 8 167 10 53 12 34
2013-06-11T21:00:00 139 282 24 14 49 48 10 122 10 37 9 24
2013-06-11T22:00:00 148 276 19 12 48 41 10 79 7 23 8 20
2013-11-14T09:00:00 45 64 3 8 0 3 0 4 0 0 0 1
2013-11-14T10:00:00 46 73 4 13 0 3 0 10 0 1 1 5
2013-11-14T11:00:00 47 88 9 17 1 4 0 11 0 3 1 6
2013-11-14T12:00:00 49 105 12 19 2 4 0 20 1 5 1 7
2013-11-14T13:00:00 49 114 14 23 2 4 1 25 2 5 3 11
2013-11-14T14:00:00 50 95 15 21 3 2 2 26 3 5 3 15
2013-11-14T15:00:00 51 97 17 19 4 2 3 27 5 6 3 17
2013-11-14T16:00:00 53 107 17 17 4 3 3 27 5 9 4 13
2013-11-14T17:00:00 56 108 13 15 6 2 4 30 5 7 4 13
2013-11-14T18:00:00 62 109 13 15 9 4 5 22 5 5 4 11
2013-11-14T19:00:00 70 99 14 19 11 6 4 22 5 7 2 10
2013-11-14T20:00:00 76 108 13 24 14 7 4 20 4 9 2 6
2013-11-14T21:00:00 82 108 11 24 16 7 3 22 2 9 2 5
2013-11-14T22:00:00 88 109 14 24 18 7 3 21 2 5 0 7
2013-11-14T23:00:00 94 107 17 25 18 9 2 19 2 5 2 6
2013-11-15T00:00:00 100 97 17 30 14 8 1 20 1 5 2 7
2013-11-15T01:00:00 106 91 16 24 13 6 1 17 0 3 2 5
2013-11-15T02:00:00 112 71 16 19 9 5 0 15 0 2 2 5
2013-11-15T03:00:00 118 56 15 17 6 4 1 11 0 1 2 5
2013-11-15T04:00:00 125 39 12 14 4 3 1 7 0 1 2 3
2013-11-15T05:00:00 132 24 8 12 1 1 1 5 0 1 0 3
2013-11-15T06:00:00 139 18 5 4 1 0 1 3 0 1 0 2
2013-11-15T07:00:00 146 25 2 2 0 0 1 1 0 2 0 3
2013-11-18T20:00:00 74 100 12 20 11 2 3 15 2 4 2 10
2013-11-18T21:00:00 74 97 14 16 11 3 3 16 2 4 2 11
2013-11-18T22:00:00 75 100 16 20 11 3 5 15 3 3 4 10
2013-11-18T23:00:00 75 97 18 18 12 4 6 14 2 5 4 8
2013-11-19T00:00:00 77 88 18 17 11 4 7 9 2 4 4 7
2013-11-19T01:00:00 78 85 17 18 10 3 6 8 2 3 3 5
2013-11-19T02:00:00 79 72 16 14 6 3 7 9 1 4 2 5
2013-11-19T03:00:00 81 54 11 13 5 2 6 6 1 4 2 3
2013-11-19T04:00:00 82 45 8 10 3 2 4 5 0 4 0 1
2013-11-19T05:00:00 84 30 4 9 1 1 2 3 0 1 0 1
2013-11-19T06:00:00 86 22 2 7 1 0 1 3 0 1 0 1
2013-11-19T07:00:00 88 19 1 3 0 0 1 3 0 1 0 0
2013-11-20T09:00:00 119 54 1 9 2 1 0 4 0 1 0 4
2013-11-20T10:00:00 119 69 2 15 2 2 1 8 0 2 0 4
2013-11-20T11:00:00 121 92 4 17 3 2 1 9 0 3 0 9
2013-11-20T12:00:00 124 111 5 19 1 3 1 12 0 4 1 11
2013-11-20T13:00:00 127 121 8 21 2 4 2 13 2 4 2 14
2013-11-20T14:00:00 129 117 9 26 4 5 3 16 3 4 3 15
2013-11-20T15:00:00 132 112 13 25 7 6 3 16 3 4 3 14
2013-11-20T16:00:00 134 107 13 20 8 5 3 13 3 3 3 15
2013-11-20T17:00:00 136 94 11 22 9 8 4 16 3 3 3 13
2013-11-20T18:00:00 139 88 11 24 12 9 4 17 3 2 2 12
2013-11-20T19:00:00 141 89 12 27 14 9 3 18 1 2 2 12
2013-11-20T20:00:00 144 86 13 23 12 7 3 20 0 3 1 11
2013-11-20T21:00:00 147 91 11 22 10 7 3 18 0 4 2 11
2013-11-25T07:00:00 70 9 2 3 0 2 0 4 0 1 1 0
2013-11-25T08:00:00 71 22 2 1 0 3 0 4 1 1 1 0
2013-11-25T09:00:00 73 39 2 0 0 2 1 6 1 1 1 1
2013-11-25T10:00:00 76 51 1 4 0 3 2 9 1 2 1 2
2013-11-25T11:00:00 80 63 3 7 0 3 2 10 1 2 2 3
2013-11-25T12:00:00 84 90 6 13 1 3 3 12 1 2 2 6
2013-11-25T13:00:00 88 99 7 14 2 2 4 13 1 4 2 6
2013-11-25T14:00:00 92 102 7 15 3 1 4 14 0 3 1 10
2013-11-25T15:00:00 96 106 7 19 4 2 4 14 0 3 1 12
2013-11-25T16:00:00 99 101 9 17 5 2 3 15 0 3 1 14
2013-11-25T17:00:00 103 95 7 16 6 2 3 13 0 4 0 15
2013-11-25T18:00:00 106 81 5 13 8 3 2 13 0 5 0 13
2013-11-25T19:00:00 110 83 5 17 8 5 2 14 0 4 0 15
2013-11-25T20:00:00 115 76 9 22 8 6 2 15 0 4 0 12
2013-11-25T21:00:00 118 71 13 20 10 6 1 18 0 5 0 12
2013-11-25T22:00:00 123 76 14 20 10 6 3 17 0 6 1 10
2013-11-25T23:00:00 129 82 17 26 10 7 4 18 0 5 2 12
2013-11-26T00:00:00 135 87 18 27 7 7 4 19 0 6 2 13
2013-11-26T01:00:00 130 79 18 27 6 5 4 19 0 5 2 11
2013-11-26T02:00:00 134 73 16 23 5 4 4 17 0 6 2 10
2013-11-26T03:00:00 138 56 15 21 2 3 4 12 0 5 2 7
2013-11-26T04:00:00 142 43 12 19 2 2 3 9 0 3 1 6
2013-11-26T05:00:00 146 33 10 11 0 1 2 8 0 3 0 2
2013-11-30T05:00:00 95 31 7 8 3 0 1 5 0 3 0 7
2013-11-30T06:00:00 96 20 2 6 2 0 0 1 0 2 0 2
2013-11-30T07:00:00 98 21 1 3 1 0 0 0 0 0 0 1
2013-11-30T08:00:00 100 42 2 2 1 0 0 3 0 1 0 1
2013-11-30T09:00:00 96 59 4 2 1 0 1 5 0 5 0 5
2013-11-30T10:00:00 101 78 6 5 1 2 1 10 0 6 1 6
2013-11-30T11:00:00 102 98 8 6 2 4 2 20 0 11 3 9
2013-11-30T12:00:00 103 121 10 7 9 4 3 30 0 14 4 12
2013-11-30T13:00:00 104 147 12 9 20 5 4 42 1 19 5 12
2013-11-30T14:00:00 106 150 13 14 28 6 5 53 2 23 6 21
2013-11-30T15:00:00 107 161 13 17 33 8 5 74 2 24 8 23
2013-11-30T18:00:00 110 160 14 18 35 9 4 94 2 23 9 25
2013-11-30T19:00:00 113 147 16 21 32 10 4 86 1 18 9 27
2013-11-30T20:00:00 116 143 16 19 28 12 4 77 1 14 9 21
2013-11-30T21:00:00 118 132 17 17 28 11 8 59 1 13 8 18
2013-11-30T22:00:00 121 120 22 18 25 10 10 40 1 12 8 17
2013-11-30T23:00:00 124 112 26 14 24 9 11 28 2 12 5 15
2013-12-01T00:00:00 128 94 23 14 23 7 12 22 2 12 4 15
2013-12-01T01:00:00 131 88 20 12 16 5 11 22 3 15 3 14
2013-12-01T02:00:00 135 65 18 10 13 2 11 17 2 14 2 13
2013-12-01T03:00:00 140 47 15 9 8 1 6 12 2 11 1 10
2013-12-01T04:00:00 144 38 8 8 4 1 4 10 2 9 0 8
2013-12-01T05:00:00 148 30 3 9 3 0 3 8 1 4 0 6
2013-12-08T08:00:00 149 33 3 1 1 0 0 0 0 3 1 9
2013-12-08T09:00:00 144 60 10 2 3 0 0 5 0 7 1 9
2013-12-08T10:00:00 141 85 13 7 3 3 1 11 0 10 2 12
2013-12-08T11:00:00 140 103 14 9 3 3 2 20 0 15 3 12
2013-12-08T12:00:00 143 129 14 12 3 4 3 30 0 18 4 14
2013-12-08T13:00:00 146 158 13 13 4 5 4 36 1 18 5 17
2013-12-08T14:00:00 147 163 12 12 9 8 7 46 1 18 5 13
2013-12-08T15:00:00 147 159 6 13 9 12 8 47 1 14 6 15
2013-12-08T16:00:00 148 158 2 9 9 10 7 52 2 13 8 14
2013-12-08T17:00:00 148 167 3 12 12 11 7 50 2 13 9 16
2013-12-04T14:00:00 149 71 4 26 7 3 3 23 1 5 2 11
2013-12-04T15:00:00 148 69 4 33 7 5 4 25 1 7 5 14
2013-12-04T16:00:00 148 65 7 35 6 7 2 23 1 5 5 15
2013-12-04T17:00:00 148 73 11 33 6 9 3 21 1 5 5 15
2013-12-04T18:00:00 148 75 12 31 5 11 2 19 1 7 4 12
2013-12-04T19:00:00 146 77 13 31 7 10 2 15 1 6 3 10
2013-12-04T20:00:00 145 76 13 26 8 12 3 8 1 9 3 6
2013-12-04T21:00:00 146 72 14 21 8 10 2 5 1 7 0 6
2013-12-04T22:00:00 146 74 11 16 9 8 2 6 0 6 0 5
2013-12-04T23:00:00 148 64 8 22 10 6 1 7 0 5 1 5
2013-12-23T21:00:00 69 109 10 35 5 3 4 6 0 1 3 12
2013-12-23T22:00:00 71 108 8 33 5 3 4 6 0 2 2 12
2013-12-23T23:00:00 74 110 8 30 7 3 4 6 0 3 2 13
2013-12-24T00:00:00 77 97 6 33 9 3 4 6 0 3 3 12
2013-12-24T01:00:00 80 83 6 32 7 2 2 6 1 2 4 14
2013-12-24T02:00:00 83 65 4 23 5 1 1 6 1 2 3 14
2013-12-24T03:00:00 86 47 4 15 5 0 1 4 1 2 2 10
2013-12-24T04:00:00 90 30 3 12 4 0 0 2 1 1 2 9
2013-12-24T05:00:00 92 16 1 8 2 0 0 2 1 0 2 6
2013-12-24T06:00:00 95 10 1 1 0 0 0 1 1 0 1 7
2013-12-24T07:00:00 99 11 0 0 1 0 0 1 0 0 0 5
2013-12-24T08:00:00 102 20 1 0 1 0 0 2 0 0 1 5
2013-12-24T09:00:00 107 33 6 2 1 0 0 3 0 0 3 7
2013-12-24T10:00:00 111 45 6 7 2 0 0 3 1 1 3 7
2013-12-24T11:00:00 116 58 8 16 3 0 1 7 1 2 3 8
2013-12-24T12:00:00 120 77 12 24 3 0 1 7 1 3 3 8
2013-12-24T13:00:00 148 87 15 30 4 2 3 14 1 3 4 7
2013-12-24T14:00:00 125 98 15 34 4 2 3 16 2 3 4 6
2013-12-24T17:00:00 135 124 12 25 3 3 3 15 1 6 4 7
2013-12-24T18:00:00 140 124 11 23 4 6 3 18 1 6 4 7
2013-12-24T19:00:00 146 129 11 24 4 9 3 14 1 7 3 10
2013-12-25T18:00:00 149 100 11 24 2 11 7 19 4 1 2 11
2013-12-25T19:00:00 146 104 9 28 6 10 7 20 3 1 0 12
2013-12-25T20:00:00 143 107 9 32 8 9 8 19 3 2 0 12
2013-12-25T21:00:00 140 107 9 38 9 7 6 16 3 1 1 10
2013-12-25T22:00:00 137 98 9 34 9 8 6 16 1 3 1 8
2013-12-25T23:00:00 134 95 13 38 9 6 6 13 1 3 3 11
2013-12-26T00:00:00 131 86 12 46 9 6 6 9 3 3 4 11
2013-12-26T01:00:00 128 71 14 42 5 6 6 8 3 3 4 8
2013-12-26T02:00:00 126 56 10 35 2 4 5 7 2 2 4 7
2013-12-26T03:00:00 125 36 8 24 0 3 4 7 2 2 3 5
2013-12-26T04:00:00 126 25 8 22 0 0 3 6 2 0 3 5
2013-12-26T05:00:00 131 13 4 18 0 0 2 5 3 0 1 2
2013-12-26T06:00:00 140 9 3 6 0 0 0 3 1 0 0 1
2013-12-28T09:00:00 95 54 3 7 0 0 5 2 1 2 1 3
2013-12-28T10:00:00 98 77 5 6 0 0 3 5 0 3 1 6
2013-12-28T11:00:00 101 102 8 10 0 1 3 8 0 3 2 9
2013-12-28T12:00:00 103 135 10 14 5 1 5 14 1 4 2 10
2013-12-28T13:00:00 104 157 11 19 8 2 6 21 1 5 3 12
2013-12-28T14:00:00 106 139 11 18 9 4 8 28 1 7 3 15
2013-12-28T15:00:00 107 141 11 22 12 6 8 37 1 9 2 19
2013-12-28T16:00:00 109 140 11 24 15 7 8 41 1 10 2 23
2013-12-28T17:00:00 112 155 9 23 16 7 10 44 1 11 2 23
2013-12-28T18:00:00 114 140 9 24 17 9 9 45 0 9 2 22
2013-12-28T19:00:00 117 130 11 19 17 11 9 42 0 9 1 23
2013-12-28T20:00:00 119 134 11 17 20 11 8 35 0 8 1 19
2013-12-28T21:00:00 123 145 16 21 22 11 7 30 3 10 2 17
2013-12-28T22:00:00 125 139 16 24 20 10 7 28 3 10 2 16
2013-12-28T23:00:00 128 110 20 26 22 9 5 25 3 10 1 15
2013-12-29T00:00:00 131 103 20 24 16 8 4 20 3 10 2 17
2013-12-29T01:00:00 134 94 18 24 15 7 3 17 3 9 2 14
2013-12-29T02:00:00 137 83 19 26 11 7 1 20 3 7 2 16
2013-12-29T03:00:00 139 55 13 18 6 6 0 16 0 3 1 14
2013-12-29T04:00:00 141 40 12 13 5 6 0 12 0 1 1 7
2013-12-29T05:00:00 143 29 7 8 2 6 0 11 0 1 1 5
2013-12-29T06:00:00 145 23 4 8 2 6 0 9 0 1 0 2
2013-12-29T07:00:00 147 24 3 8 0 4 1 10 1 2 0 4
2013-12-31T12:00:00 149 115 3 21 7 3 0 13 1 4 3 7
2013-12-31T13:00:00 147 131 4 24 6 5 1 13 1 4 6 8
2013-12-31T14:00:00 144 135 5 24 5 6 2 16 1 4 4 10
2013-12-31T15:00:00 93 141 6 21 7 9 4 16 2 4 5 8
2013-12-31T16:00:00 89 150 5 19 8 8 4 14 1 4 5 7
2013-12-31T17:00:00 86 152 6 17 9 9 4 14 3 7 5 9
2013-12-31T18:00:00 93 152 8 17 7 9 4 15 3 7 6 11
2013-12-31T19:00:00 112 160 7 19 9 11 3 16 3 9 3 11
2013-12-31T20:00:00 124 168 10 21 15 10 4 20 3 10 3 9
2013-12-31T21:00:00 147 174 10 22 18 8 2 21 2 10 3 13
2014-01-02T12:00:00 130 94 4 12 2 0 4 8 2 4 3 9
2014-01-02T13:00:00 112 96 7 17 4 1 2 9 4 6 3 9
2014-01-02T14:00:00 81 96 9 17 4 3 2 11 4 8 3 10
2014-01-02T15:00:00 78 102 9 20 4 4 1 12 4 8 3 11
2014-01-02T16:00:00 80 109 10 20 6 5 0 11 5 11 3 12
2014-01-02T17:00:00 92 116 12 19 7 6 0 9 4 10 3 9
2014-01-02T18:00:00 99 107 9 19 10 7 1 13 6 10 1 8
2014-01-02T19:00:00 105 105 6 18 9 10 1 11 4 8 1 9
2014-01-02T20:00:00 109 103 5 19 10 8 1 8 4 8 1 11
2014-01-02T21:00:00 110 98 8 20 11 8 1 10 4 8 1 7
2014-01-02T22:00:00 108 94 8 22 12 8 3 11 3 7 1 7
2014-01-02T23:00:00 109 87 7 21 12 8 4 12 2 7 3 7
2014-01-03T00:00:00 109 94 9 22 9 7 3 10 0 5 4 8
2014-01-03T01:00:00 103 88 10 23 8 4 3 10 0 5 4 7
2014-01-03T02:00:00 98 77 10 23 7 4 3 10 0 3 4 3
2014-01-03T03:00:00 99 62 7 17 5 3 3 7 0 2 3 4
2014-01-03T04:00:00 103 49 6 13 2 2 1 4 0 0 3 3
2014-01-03T05:00:00 107 32 4 10 0 1 0 3 0 0 1 4
2014-01-03T06:00:00 119 18 2 7 0 2 0 1 0 0 0 2
2014-01-03T07:00:00 134 20 2 3 1 1 0 1 0 0 0 2
2014-01-12T02:00:00 54 97 16 21 8 4 3 10 2 2 3 7
2014-01-12T03:00:00 52 70 11 20 5 4 2 8 1 2 3 6
2014-01-12T04:00:00 51 56 8 19 2 3 1 7 0 1 4 7
2014-01-12T05:00:00 50 41 3 15 1 2 0 2 0 1 3 4
2014-01-12T06:00:00 57 28 1 11 0 0 0 2 0 0 3 4
2014-01-12T07:00:00 63 26 1 7 0 0 0 1 0 0 1 3
2014-01-12T08:00:00 55 49 2 6 0 0 0 2 1 1 1 2
2014-01-12T09:00:00 48 67 4 3 0 0 0 8 1 2 1 2
2014-01-12T10:00:00 62 87 4 2 2 0 0 10 2 4 1 3
2014-01-12T11:00:00 79 114 8 5 2 1 2 13 3 4 1 5
2014-01-12T12:00:00 79 137 9 9 3 3 2 16 3 5 2 9
2014-01-12T13:00:00 85 155 14 8 6 5 3 19 3 8 2 11
2014-01-12T14:00:00 92 155 15 10 9 7 4 21 2 9 3 15
2014-01-12T15:00:00 104 156 15 14 16 9 6 17 2 12 3 16
2014-01-12T16:00:00 113 164 17 17 16 12 7 18 1 12 5 19
2014-01-12T17:00:00 133 174 12 17 19 15 6 18 1 16 6 19
2014-01-12T18:00:00 141 173 13 15 20 15 7 17 1 17 6 16
2014-01-16T19:00:00 87 129 4 15 11 10 7 24 2 9 2 10
2014-01-16T20:00:00 93 128 3 15 11 11 7 23 2 8 2 10
2014-01-16T21:00:00 93 132 6 13 10 9 6 24 2 5 2 8
2014-01-16T22:00:00 89 126 6 12 11 9 6 18 2 4 1 10
2014-01-16T23:00:00 85 121 5 12 13 8 4 15 1 3 2 8
2014-01-17T00:00:00 90 109 6 9 12 7 4 17 3 3 2 6
2014-01-17T01:00:00 87 105 7 9 9 5 2 18 3 1 2 7
2014-01-17T02:00:00 86 89 9 8 7 2 1 20 3 1 2 7
2014-01-17T03:00:00 88 69 7 6 6 0 1 16 2 0 1 7
2014-01-17T04:00:00 90 50 9 5 5 0 0 12 2 0 1 5
2014-01-17T05:00:00 92 31 9 4 3 0 0 10 2 0 0 4
2014-01-17T06:00:00 86 27 8 5 0 0 0 6 0 0 0 3
2014-01-17T07:00:00 97 29 7 4 0 1 0 4 0 1 0 1
2014-01-17T08:00:00 102 47 6 2 0 1 0 1 0 1 1 2
2014-01-17T09:00:00 110 64 7 4 0 1 2 2 0 1 1 5
2014-01-17T10:00:00 109 85 7 4 1 2 2 2 0 1 1 6
2014-01-17T11:00:00 96 105 9 11 2 2 2 5 0 1 1 10
2014-01-17T12:00:00 94 122 11 10 2 2 4 9 0 1 2 11
2014-01-17T13:00:00 101 133 14 15 3 1 5 13 0 0 2 11
2014-01-17T14:00:00 103 131 15 17 3 1 5 14 1 0 2 12
2014-01-17T15:00:00 106 134 17 15 5 2 5 20 1 1 2 13
2014-01-17T16:00:00 114 137 16 14 5 2 5 24 2 1 2 13
2014-01-17T17:00:00 122 133 16 7 9 2 5 24 3 2 3 11
2014-01-17T18:00:00 123 129 16 9 13 4 3 23 3 2 2 11
2014-01-19T10:00:00 146 100 8 3 1 2 0 11 1 1 0 6
2014-01-19T11:00:00 128 136 11 5 2 5 0 16 1 2 0 6
2014-01-19T12:00:00 120 165 12 5 4 7 0 24 1 2 1 8
2014-01-19T13:00:00 119 173 15 8 7 10 0 27 2 3 1 10
2014-01-19T14:00:00 127 160 12 7 8 13 1 29 3 5 1 9
2014-01-19T15:00:00 114 168 11 6 10 16 1 30 3 12 2 12
2014-01-19T16:00:00 101 173 9 6 11 18 1 30 2 11 3 11
2014-01-19T17:00:00 112 154 8 4 11 15 3 28 2 12 4 12
2014-01-19T18:00:00 147 147 13 5 11 13 3 20 2 13 3 11
2014-01-29T01:00:00 71 108 10 4 13 4 1 13 1 0 1 8
2014-01-29T02:00:00 68 81 10 2 10 3 1 13 1 0 1 7
2014-01-29T03:00:00 65 68 8 1 8 1 0 8 1 0 1 7
2014-01-29T04:00:00 62 43 2 1 3 1 0 3 1 0 1 6
2014-01-29T05:00:00 62 29 1 2 2 0 0 1 1 0 1 5
2014-01-29T06:00:00 61 22 1 1 1 1 0 0 0 0 1 4
2014-01-29T07:00:00 62 25 0 1 0 1 0 0 0 0 0 2
2014-01-29T08:00:00 65 44 0 1 1 1 0 1 0 0 0 3
2014-01-29T09:00:00 68 66 5 2 2 1 0 1 0 1 0 3
2014-01-29T10:00:00 67 88 7 2 2 1 0 2 0 1 2 4
2014-01-29T11:00:00 66 119 7 1 2 1 0 3 0 2 3 6
2014-01-29T12:00:00 63 145 10 1 4 2 0 7 0 3 3 5
2014-01-29T13:00:00 59 171 11 1 6 3 1 8 0 3 3 6
2014-01-29T14:00:00 55 170 12 1 7 7 3 8 0 3 3 6
2014-01-29T15:00:00 54 163 8 0 7 8 3 8 0 4 3 8
2014-01-29T16:00:00 60 168 6 2 7 10 4 8 0 6 2 9
2014-01-29T17:00:00 67 163 7 2 8 12 4 8 0 6 1 7
2014-01-29T18:00:00 75 154 6 2 6 14 4 6 0 6 1 8
2014-01-29T19:00:00 88 153 8 2 6 15 4 7 0 6 1 10
2014-01-29T20:00:00 108 156 7 2 5 12 2 8 1 7 1 9
2014-01-29T21:00:00 121 157 10 3 5 15 2 10 1 6 1 12
2014-01-29T22:00:00 134 149 13 2 5 14 3 10 1 5 1 12
2014-01-29T23:00:00 144 143 15 4 4 12 3 10 1 5 1 13
2014-01-31T19:00:00 109 150 9 1 15 16 12 50 4 21 6 23
2014-01-31T20:00:00 112 146 15 3 15 12 15 44 2 21 6 23
2014-01-31T21:00:00 111 145 16 3 11 7 14 32 1 13 3 21
2014-01-31T22:00:00 97 133 18 3 10 4 12 26 1 9 3 14
2014-01-31T23:00:00 89 124 19 4 9 3 10 26 0 6 2 9
2014-02-01T04:00:00 64 51 9 1 0 0 0 8 0 4 0 5
2014-02-01T05:00:00 59 32 7 0 0 0 0 4 0 4 0 2
2014-02-01T06:00:00 57 23 7 0 0 0 0 1 0 2 0 2
2014-02-01T07:00:00 52 23 2 0 0 0 0 3 0 2 0 1
2014-02-01T08:00:00 47 36 2 0 0 1 0 5 0 2 0 1
2014-02-01T09:00:00 45 55 1 1 0 1 0 7 0 0 0 0
2014-02-01T10:00:00 48 79 2 2 1 2 0 14 0 3 0 2
2014-02-01T11:00:00 49 101 2 2 1 3 0 22 0 3 1 5
2014-02-01T12:00:00 51 118 4 3 3 3 1 30 0 9 1 6
2014-02-01T13:00:00 60 123 7 3 7 9 1 44 1 15 2 11
2014-02-01T14:00:00 75 133 11 4 11 11 2 57 1 27 8 15
2014-02-01T15:00:00 83 144 16 3 13 16 6 76 2 31 9 18
2014-02-01T16:00:00 85 144 19 4 13 16 7 98 3 36 9 21
2014-02-01T17:00:00 88 147 19 5 15 18 11 101 3 42 8 23
2014-02-01T18:00:00 96 148 18 5 15 20 12 101 3 38 8 22
2014-02-01T19:00:00 105 157 15 6 14 16 13 93 3 35 7 23
2014-02-01T20:00:00 121 151 12 5 12 14 12 83 3 23 2 20
2014-02-01T21:00:00 141 146 8 5 12 11 9 71 2 19 2 19
2014-02-19T05:00:00 34 31 6 2 1 0 1 4 1 1 0 3
2014-02-19T06:00:00 38 20 1 2 0 0 0 2 0 0 0 3
2014-02-19T07:00:00 40 26 0 1 0 1 0 1 0 0 0 3
2014-02-19T08:00:00 40 36 0 1 1 1 0 3 0 0 2 3
2014-02-19T09:00:00 51 51 2 2 1 1 1 5 0 0 2 3
2014-02-19T10:00:00 58 62 6 2 1 1 2 7 2 0 2 5
2014-02-19T11:00:00 57 82 6 3 1 1 2 9 2 0 2 7
2014-02-19T12:00:00 68 88 7 3 1 1 2 10 2 1 2 6
2014-02-19T13:00:00 80 99 9 5 3 0 2 12 2 2 2 5
2014-02-19T14:00:00 92 102 9 5 3 2 3 14 2 2 1 6
2014-02-19T15:00:00 89 101 9 7 4 2 2 14 2 2 1 6
2014-02-19T16:00:00 84 105 8 7 5 2 2 11 1 3 1 4
2014-02-19T17:00:00 95 98 9 8 5 2 2 10 1 4 1 2
2014-02-19T18:00:00 113 98 11 8 5 5 2 9 1 3 1 2
2014-02-19T19:00:00 125 102 9 6 6 5 3 15 1 3 1 3
2014-02-19T20:00:00 136 97 13 6 6 5 3 12 1 4 0 2
2014-02-19T21:00:00 147 100 11 3 6 6 3 12 1 5 0 2
2014-03-08T01:00:00 111 77 10 13 9 1 4 11 2 6 2 8
2014-03-08T02:00:00 97 69 10 14 8 2 5 9 1 4 2 4
2014-03-08T03:00:00 103 55 9 11 6 1 2 6 2 3 2 4
2014-03-08T04:00:00 108 42 7 9 1 1 2 5 2 0 1 3
2014-03-08T05:00:00 105 28 2 9 0 1 2 3 2 0 0 2
2014-03-08T06:00:00 93 20 1 6 0 1 2 3 1 0 0 1
2014-03-08T07:00:00 79 18 1 4 0 1 2 1 1 0 0 1
2014-03-08T08:00:00 71 36 4 1 0 0 1 2 1 0 0 2
2014-03-08T09:00:00 49 47 5 4 1 1 3 4 0 1 3 2
2014-03-08T13:00:00 45 114 13 19 11 5 4 19 0 12 5 7
2014-03-08T14:00:00 39 103 11 21 12 8 4 20 1 12 5 8
2014-03-08T17:00:00 42 108 10 19 12 13 8 30 2 11 3 11
2014-03-08T18:00:00 45 94 7 18 9 17 8 30 4 10 4 13
2014-03-08T19:00:00 50 103 9 14 7 17 7 35 5 8 4 14
2014-03-08T20:00:00 50 107 10 14 7 15 8 34 4 10 5 13
2014-03-08T21:00:00 49 106 8 11 8 15 7 32 3 12 4 17
2014-03-09T09:00:00 110 48 4 4 3 0 1 7 1 2 0 7
2014-03-09T10:00:00 105 66 6 4 5 2 1 13 1 3 1 9
2014-03-09T11:00:00 85 87 8 9 6 3 2 17 1 4 3 9
2014-03-09T12:00:00 86 109 9 9 11 4 2 23 2 7 3 10
2014-03-09T13:00:00 89 116 12 12 13 7 2 30 3 11 4 12
2014-03-09T14:00:00 96 111 12 18 16 10 4 38 3 12 5 13
2014-03-09T15:00:00 95 114 11 18 14 13 4 43 3 12 7 12
2014-03-09T16:00:00 92 115 12 21 13 12 4 44 3 13 8 12
2014-03-16T21:00:00 70 132 19 23 12 6 4 25 3 15 3 23
2014-03-16T22:00:00 66 118 15 22 13 9 2 22 2 11 3 16
2014-03-16T23:00:00 62 110 16 22 13 8 2 19 2 7 4 14
2014-03-17T00:00:00 63 95 15 19 9 7 2 18 3 5 3 11
2014-03-17T01:00:00 66 82 9 22 8 5 2 13 2 4 3 10
2014-03-17T02:00:00 69 68 7 14 6 5 1 12 3 2 3 6
2014-03-17T03:00:00 71 52 4 13 4 4 1 11 3 3 1 4
2014-03-17T04:00:00 73 36 4 9 4 1 1 6 3 2 1 4
2014-03-17T05:00:00 73 18 2 7 4 1 1 5 2 2 0 1
2014-03-17T06:00:00 78 17 2 5 3 1 1 2 1 2 0 1
2014-03-17T07:00:00 83 15 2 0 2 1 1 2 1 2 0 2
2014-03-17T08:00:00 90 29 1 1 3 1 2 4 0 3 0 2
2014-03-17T09:00:00 102 45 1 3 3 1 1 6 0 1 0 2
2014-03-17T10:00:00 111 63 3 6 2 1 1 8 0 5 0 1
2014-03-17T11:00:00 118 82 2 7 2 1 2 9 0 5 0 2
2014-03-17T12:00:00 117 85 3 9 2 2 2 10 0 6 0 4
2014-03-17T13:00:00 106 93 3 14 2 3 2 15 0 8 2 5
2014-03-17T14:00:00 95 93 4 15 1 2 1 14 0 7 3 5
2014-03-17T15:00:00 87 98 8 17 2 3 1 15 0 9 4 8
2014-03-17T16:00:00 91 97 7 18 2 4 1 13 0 6 5 10
2014-03-17T17:00:00 90 96 7 23 2 5 0 17 1 7 5 10
2014-03-17T18:00:00 100 106 8 25 3 5 1 20 2 6 5 9
2014-03-17T19:00:00 110 105 10 23 4 4 1 15 2 5 3 8
2014-03-17T20:00:00 145 98 9 25 6 5 2 16 2 5 2 14
2014-04-16T11:00:00 45 75 6 6 1 4 1 12 1 1 1 4
2014-04-16T12:00:00 46 88 7 8 2 4 1 16 2 1 2 6
2014-04-16T13:00:00 49 97 6 13 3 4 1 22 2 1 2 7
2014-04-16T14:00:00 54 98 6 16 3 4 1 25 2 2 2 11
2014-04-16T15:00:00 56 90 6 19 3 3 1 29 2 3 3 10
2014-04-16T16:00:00 62 88 4 19 3 2 0 30 2 5 3 11
2014-04-16T17:00:00 63 84 3 20 2 0 0 25 2 4 2 10
2014-04-16T18:00:00 73 86 2 22 1 0 0 24 1 4 2 9
2014-04-16T19:00:00 78 84 5 24 2 3 1 26 1 5 2 8
2014-04-16T20:00:00 88 89 7 24 3 3 2 25 1 4 3 4
2014-04-16T21:00:00 96 113 9 22 4 3 2 25 1 3 2 4
2014-04-16T22:00:00 111 116 9 24 6 3 2 22 1 2 2 2
2014-04-16T23:00:00 122 110 16 28 7 5 2 23 0 3 2 7
2014-04-17T00:00:00 130 103 19 32 10 5 2 24 0 4 1 8
2014-04-17T01:00:00 128 93 18 31 8 2 1 17 0 3 1 9
2014-04-17T02:00:00 129 71 16 28 7 2 0 14 0 3 0 11
2014-04-17T03:00:00 128 40 15 26 6 2 0 11 0 3 0 12
2014-04-17T04:00:00 119 25 14 23 4 2 0 9 1 2 0 12
2014-04-17T05:00:00 120 18 7 17 4 0 0 7 1 1 0 6
2014-04-17T06:00:00 125 11 5 9 2 0 1 3 1 0 0 4
2014-04-17T07:00:00 131 14 4 3 2 0 1 2 1 0 0 4
2014-04-17T08:00:00 139 29 4 4 2 0 1 4 1 0 0 7
2014-05-20T16:00:00 99 74 5 21 7 5 2 18 2 12 5 12
2014-05-20T17:00:00 94 71 7 22 6 5 3 17 3 14 5 9
2014-05-20T18:00:00 93 78 8 22 8 5 3 15 3 11 4 7
2014-05-20T19:00:00 86 79 8 22 8 6 3 15 2 11 5 5
2014-05-20T20:00:00 67 87 5 25 8 3 3 18 1 8 5 4
2014-05-20T21:00:00 47 93 6 24 11 4 3 17 1 5 5 8
2014-05-20T22:00:00 42 103 5 26 12 6 1 23 2 2 3 9
2014-05-20T23:00:00 49 101 6 24 14 6 1 26 1 1 4 12
2014-05-21T00:00:00 48 94 10 28 13 7 2 26 1 2 5 16
2014-05-21T01:00:00 53 87 11 28 11 5 2 22 2 3 3 15
2014-05-21T02:00:00 57 70 11 25 9 5 4 21 2 3 3 15
2014-05-21T03:00:00 62 54 10 23 6 6 4 18 2 3 2 11
2014-05-21T04:00:00 67 36 10 21 4 4 4 10 1 3 2 9
2014-05-21T05:00:00 68 28 7 18 2 4 4 7 1 2 1 5
2014-05-21T06:00:00 79 17 2 10 1 3 3 5 1 2 1 1
2014-05-21T07:00:00 92 17 1 5 0 2 3 5 0 1 1 1
2014-05-21T08:00:00 95 35 2 4 0 2 2 3 0 1 2 0
2014-05-21T09:00:00 104 53 2 3 0 2 2 7 0 4 2 5
2014-05-21T10:00:00 131 65 2 4 1 2 3 8 0 4 3 6
2014-05-25T20:00:00 149 122 14 23 5 10 5 37 1 11 4 18
2014-05-25T21:00:00 133 121 16 27 7 9 5 29 1 9 4 18
2014-05-25T22:00:00 123 123 17 25 6 7 6 25 1 9 4 17
2014-05-25T23:00:00 117 112 15 33 6 6 4 24 1 6 4 14
2014-05-26T00:00:00 115 104 14 35 7 5 5 22 0 7 3 12
2014-05-26T01:00:00 117 91 11 29 5 4 5 20 0 5 2 13
2014-05-26T02:00:00 110 77 11 25 4 3 4 18 1 5 3 12
2014-05-26T03:00:00 117 57 9 19 2 2 4 15 1 5 2 8
2014-05-26T04:00:00 130 37 7 18 3 2 3 14 1 3 1 7
2014-05-26T05:00:00 149 23 5 9 3 0 3 6 1 3 1 5
2014-05-25T01:00:00 27 79 15 17 5 1 5 33 0 4 3 16
2014-05-25T02:00:00 27 66 10 15 5 1 4 30 0 4 3 14
2014-05-25T03:00:00 27 52 10 15 5 0 3 21 0 4 2 11
2014-05-25T04:00:00 25 41 11 15 3 0 1 16 1 3 3 8
2014-05-25T05:00:00 30 28 9 14 3 0 0 14 1 2 3 6
2014-05-25T06:00:00 31 20 10 11 3 0 0 11 1 2 3 6
2014-05-25T07:00:00 40 25 7 9 1 0 0 10 1 2 1 3
2014-05-25T08:00:00 47 45 8 8 1 0 0 11 1 3 1 4
2014-05-25T09:00:00 59 60 7 10 1 0 1 14 1 6 3 7
2014-05-25T10:00:00 75 85 8 11 2 0 2 15 0 9 4 7
2014-05-25T11:00:00 105 103 9 12 2 0 3 16 1 10 4 7
2014-05-25T12:00:00 146 124 9 12 1 1 4 22 1 15 4 9
2014-05-27T12:00:00 138 95 7 10 3 3 0 11 2 3 2 3
2014-05-27T13:00:00 119 102 5 12 2 4 0 12 2 5 1 5
2014-05-27T14:00:00 112 92 7 13 2 5 1 12 1 9 1 5
2014-05-27T15:00:00 112 85 8 13 2 6 2 15 1 9 1 6
2014-05-27T16:00:00 110 84 8 18 4 3 2 15 1 9 1 7
2014-05-27T17:00:00 108 86 8 24 3 3 2 15 1 10 1 7
2014-05-27T18:00:00 114 85 6 25 4 3 2 17 1 10 1 6
2014-05-27T19:00:00 132 85 7 27 5 2 2 17 1 8 1 3
2014-05-28T15:00:00 124 85 7 29 4 3 5 24 4 5 3 10
2014-05-28T16:00:00 120 83 4 27 4 3 5 30 3 8 3 9
2014-05-28T17:00:00 113 81 5 26 8 2 4 29 3 7 2 11
2014-05-28T18:00:00 94 81 6 21 8 3 5 25 3 11 2 9
2014-05-28T19:00:00 79 77 8 16 8 3 4 23 2 11 2 7
2014-05-28T20:00:00 75 82 13 19 9 3 3 21 2 10 3 10
2014-05-28T21:00:00 84 97 14 23 9 1 4 21 2 12 2 10
2014-05-28T22:00:00 94 104 17 25 9 5 4 21 2 10 1 9
2014-05-28T23:00:00 79 107 16 26 8 5 4 18 2 10 2 5
2014-05-29T00:00:00 70 98 15 30 8 4 3 19 1 7 2 6
2014-05-29T01:00:00 76 99 12 38 7 4 4 17 1 8 2 7
2014-05-29T02:00:00 67 86 7 32 6 4 3 16 1 7 1 3
2014-05-29T03:00:00 59 66 7 24 5 4 1 11 0 5 1 3
2014-05-29T04:00:00 59 45 3 20 4 0 1 3 0 3 1 3
2014-05-29T05:00:00 59 27 2 16 1 0 1 2 0 2 0 4
2014-05-29T06:00:00 64 27 2 12 1 0 1 1 0 1 0 4
2014-05-29T07:00:00 73 29 3 4 1 1 0 3 0 0 0 2
2014-05-29T08:00:00 83 49 2 3 0 1 0 5 0 1 0 2
2014-05-29T11:00:00 128 96 4 12 0 1 0 16 2 5 2 4
2014-05-29T12:00:00 147 106 4 15 1 1 0 19 3 5 2 3
2014-07-09T22:00:00 49 134 18 13 6 4 4 90 3 7 3 20
2014-07-09T23:00:00 47 132 20 17 6 3 6 90 6 9 6 19
2014-07-10T00:00:00 50 123 17 15 5 4 6 86 7 9 7 22
2014-07-10T01:00:00 54 111 19 14 5 4 6 60 7 9 6 23
2014-07-10T02:00:00 54 92 18 15 3 4 5 29 7 7 6 20
2014-07-10T03:00:00 60 74 16 17 3 2 5 9 6 7 5 11
2014-07-10T04:00:00 62 48 12 13 1 2 3 9 4 6 4 6
2014-07-10T05:00:00 74 28 7 10 0 3 1 8 1 4 1 4
2014-07-10T06:00:00 93 18 6 13 0 2 0 6 1 4 0 1
2014-07-10T07:00:00 105 27 5 15 1 1 0 8 1 3 0 2
2014-07-10T08:00:00 104 49 5 14 1 1 0 9 4 6 3 3
2014-07-10T09:00:00 104 71 5 13 2 1 0 12 4 5 3 4
2014-07-10T10:00:00 99 92 6 13 3 1 1 15 4 5 5 6
2014-07-10T11:00:00 112 122 7 12 4 1 2 16 4 5 7 8
2014-07-10T12:00:00 113 135 9 10 6 1 4 19 5 5 7 11
2014-07-10T13:00:00 117 143 10 7 5 2 6 21 6 4 7 11
2014-07-10T14:00:00 123 139 9 6 6 3 7 24 4 2 4 11
2014-07-10T15:00:00 132 135 10 6 7 3 7 25 4 2 4 14
2014-07-10T16:00:00 138 138 11 9 9 3 7 27 4 4 4 15
2014-07-10T17:00:00 148 128 13 9 9 2 6 28 4 8 2 16
2014-11-05T13:00:00 54 73 6 19 5 2 2 23 1 5 4 7
2014-11-05T14:00:00 53 73 6 23 8 3 4 25 1 6 7 8
2014-11-05T15:00:00 56 69 7 35 8 4 5 26 1 8 8 8
2014-11-05T16:00:00 55 71 9 33 9 4 5 29 1 8 8 8
2014-11-05T17:00:00 57 73 9 34 8 4 5 26 0 10 7 8
2014-11-05T18:00:00 58 76 9 37 11 5 6 23 0 11 8 8
2014-11-05T19:00:00 61 73 8 37 10 5 5 22 0 8 8 8
2014-11-05T20:00:00 54 69 9 37 8 5 3 19 0 9 5 6
2014-11-05T21:00:00 54 73 8 30 10 6 4 19 0 8 6 8
2014-11-05T22:00:00 59 80 10 32 10 6 4 19 0 9 5 9
2014-11-05T23:00:00 57 85 10 32 10 6 4 18 0 8 5 11
2014-11-06T00:00:00 54 86 11 29 6 6 3 20 0 9 6 11
2014-11-06T01:00:00 57 80 10 24 6 7 3 17 0 9 5 13
2014-11-06T02:00:00 65 70 10 19 4 6 4 16 0 7 5 13
2014-11-06T03:00:00 68 55 12 15 2 5 2 13 0 6 3 10
2014-11-06T04:00:00 115 40 7 12 1 5 2 6 0 3 3 8
2014-11-11T11:00:00 71 63 6 23 4 1 1 11 0 4 0 7
2014-11-11T12:00:00 68 73 6 29 6 6 3 17 0 6 0 9
2014-11-11T13:00:00 73 78 7 30 7 6 3 23 0 6 1 9
2014-11-11T14:00:00 75 82 6 34 9 7 3 23 0 5 1 7
2014-11-11T15:00:00 74 89 6 34 10 8 2 23 0 7 1 8
2014-11-11T16:00:00 72 91 5 32 11 9 2 22 0 6 1 11
2014-11-11T17:00:00 74 85 4 28 9 11 3 24 0 5 1 7
2014-11-11T18:00:00 82 79 6 26 10 6 3 18 0 3 1 8
2014-11-11T19:00:00 92 71 7 25 10 9 4 15 1 4 0 9
2014-11-11T20:00:00 95 65 9 29 14 10 7 15 1 4 2 12
2014-11-11T21:00:00 109 71 14 28 13 9 7 17 1 3 3 13
2014-11-11T22:00:00 125 63 16 28 14 9 7 18 1 4 3 12
2014-12-14T21:00:00 106 0 0 0 0 0 0 0 0 0 0 0
2014-12-14T22:00:00 105 0 0 0 0 0 0 0 0 0 0 0
2014-12-14T23:00:00 103 0 0 0 0 0 0 0 0 0 0 0
2014-12-15T00:00:00 88 0 0 0 0 0 0 0 0 0 0 0
2014-12-15T01:00:00 81 0 0 0 0 0 0 0 0 0 0 0
2014-12-15T02:00:00 77 0 0 0 0 0 0 0 0 0 0 0
2014-12-15T03:00:00 72 0 0 0 0 0 0 0 0 0 0 0
2014-12-15T04:00:00 68 0 0 0 0 0 0 0 0 0 0 0
2014-12-15T05:00:00 61 0 0 0 0 0 0 0 0 0 0 0
2014-12-15T06:00:00 55 0 0 0 0 0 0 0 0 0 0 0
2014-12-15T07:00:00 58 0 0 0 0 0 0 0 0 0 0 0
2014-12-15T08:00:00 65 0 0 0 0 0 0 0 0 0 0 0
2014-12-15T09:00:00 81 0 0 0 0 0 0 0 0 0 0 0
2014-12-15T10:00:00 92 0 0 0 0 0 0 0 0 0 0 0
2014-12-15T11:00:00 103 0 0 0 0 0 0 0 0 0 0 0
2014-12-15T12:00:00 108 0 0 0 0 0 0 0 0 0 0 0
2014-12-15T13:00:00 107 0 0 0 0 0 0 0 0 0 0 0
2014-12-15T14:00:00 102 0 0 0 0 0 0 0 0 0 0 0
2014-12-15T15:00:00 112 0 0 0 0 0 0 0 0 0 0 0
2014-12-15T16:00:00 127 0 0 0 0 0 0 0 0 0 0 0
2014-12-15T18:00:00 144 0 0 0 0 0 0 0 0 0 0 0
2014-12-15T19:00:00 134 0 0 0 0 0 0 0 0 0 0 0
2014-12-15T20:00:00 145 0 0 0 0 0 0 0 0 0 0 0
2014-12-30T12:00:00 141 0 0 0 0 0 0 0 0 0 0 0
2014-12-30T13:00:00 130 0 0 0 0 0 0 0 0 0 0 0
2014-12-30T14:00:00 112 0 0 0 0 0 0 0 0 0 0 0
2014-12-30T15:00:00 113 0 0 0 0 0 0 0 0 0 0 0
2014-12-30T16:00:00 119 0 0 0 0 0 0 0 0 0 0 0
2014-12-30T17:00:00 121 0 0 0 0 0 0 0 0 0 0 0
2014-12-30T18:00:00 137 0 0 0 0 0 0 0 0 0 0 0
