2013-06-12T07:00:00 197 66 3 2 1 0 0 5 2 7 1 8
2013-06-12T08:00:00 199 114 6 2 2 1 0 10 2 10 2 4
2013-06-12T09:00:00 201 154 7 0 2 2 0 17 2 14 2 7
2013-06-12T10:00:00 202 202 9 2 3 4 0 28 1 15 3 16
2013-06-12T11:00:00 203 261 13 7 10 8 1 44 0 27 3 22
2013-06-12T12:00:00 203 295 17 8 19 15 2 74 3 41 4 29
2013-06-12T13:00:00 203 311 20 12 26 21 2 104 4 50 3 37
2013-06-12T14:00:00 203 294 23 15 42 27 4 129 5 59 5 42
2013-06-12T15:00:00 203 293 23 19 49 29 7 152 5 61 9 43
2013-06-12T16:00:00 202 284 27 20 51 39 9 167 5 67 12 42
2013-06-12T17:00:00 201 274 28 21 47 48 10 167 5 60 15 40
2013-06-12T18:00:00 198 270 28 21 41 46 9 147 2 54 14 38
2013-06-12T19:00:00 192 275 29 19 43 43 11 131 1 46 14 36
2013-06-12T20:00:00 187 287 30 18 35 38 10 106 0 34 14 34
2013-06-12T21:00:00 181 286 30 16 35 36 7 74 1 31 10 34
2013-06-12T22:00:00 173 288 30 16 36 25 6 50 1 22 6 29
2013-06-12T23:00:00 165 270 27 11 35 12 4 39 1 18 3 28
2013-06-13T00:00:00 157 249 28 11 33 7 5 28 1 10 3 24
2013-06-13T01:00:00 152 217 26 9 24 4 4 14 1 6 3 18
2013-06-13T02:00:00 146 174 19 8 15 2 3 9 1 5 0 14
2013-06-13T03:00:00 141 131 17 7 8 1 3 9 0 2 0 9
2013-11-07T21:00:00 233 111 11 36 7 8 7 24 1 5 0 15
2013-11-07T22:00:00 234 110 15 36 7 8 9 26 1 4 0 11
2013-11-07T23:00:00 236 104 15 39 7 7 9 25 0 3 0 13
2013-11-08T00:00:00 238 94 15 40 6 6 6 25 0 2 0 11
2013-11-08T03:00:00 236 42 11 25 3 2 4 11 0 2 0 8
2013-11-08T04:00:00 233 27 6 18 2 1 1 6 0 2 0 7
2013-11-08T05:00:00 231 20 4 10 2 0 0 3 0 0 0 3
2013-11-08T06:00:00 230 16 2 1 1 1 0 2 0 0 0 2
2013-11-08T07:00:00 229 22 1 0 1 2 0 2 0 0 0 1
2013-11-08T08:00:00 228 42 3 2 1 2 3 5 0 1 0 4
2013-11-08T09:00:00 226 60 6 5 2 3 3 8 0 3 1 4
2013-11-08T10:00:00 224 77 9 14 3 3 3 12 0 4 4 5
2013-11-08T11:00:00 215 92 12 18 4 5 4 22 1 10 6 6
2013-11-08T12:00:00 206 104 15 20 8 4 5 29 2 12 7 9
2013-11-08T13:00:00 198 110 18 23 12 7 5 32 4 13 8 13
2013-11-08T14:00:00 192 109 19 28 14 9 2 35 4 12 8 13
2013-11-08T15:00:00 188 109 19 29 16 8 3 38 4 12 8 14
2013-11-08T16:00:00 183 105 18 22 16 9 4 41 4 14 5 16
2013-11-08T17:00:00 178 113 20 22 18 9 3 38 3 12 3 17
2013-11-08T18:00:00 173 124 18 25 16 12 3 37 3 10 3 16
2013-11-08T19:00:00 165 128 18 24 14 8 3 37 1 11 3 14
2013-11-08T20:00:00 156 132 18 20 14 6 3 34 2 14 3 12
2013-11-08T21:00:00 150 131 18 18 13 8 3 29 2 15 2 14
2013-11-08T22:00:00 143 137 17 18 19 9 3 33 2 14 4 13
2013-11-16T18:00:00 201 134 9 22 31 29 9 116 0 31 4 30
2013-11-16T19:00:00 197 141 10 29 30 28 9 110 0 28 4 24
2013-11-16T20:00:00 194 136 11 31 33 21 8 84 0 24 6 21
2013-11-16T21:00:00 189 132 16 25 30 19 5 73 1 20 7 20
2013-11-16T22:00:00 184 133 17 23 25 12 5 59 1 10 7 17
2013-11-16T23:00:00 180 136 19 21 23 10 3 44 1 7 7 17
2013-11-17T00:00:00 174 134 22 18 21 6 2 35 1 7 8 13
2013-11-17T01:00:00 169 115 22 14 13 5 1 34 2 7 9 12
2013-11-17T02:00:00 165 96 20 10 5 5 0 26 2 5 7 9
2013-11-17T03:00:00 162 82 14 12 3 4 0 19 1 3 6 8
2013-11-17T04:00:00 160 54 12 13 3 2 0 11 1 3 5 5
2013-11-17T05:00:00 159 31 9 9 2 2 0 10 1 3 4 3
2013-11-17T06:00:00 157 18 5 7 2 0 0 8 1 2 1 2
2013-11-17T07:00:00 157 26 4 3 2 0 0 3 1 1 0 1
2013-11-17T08:00:00 156 42 6 6 1 2 0 9 1 1 0 3
2013-11-17T09:00:00 155 60 8 7 7 2 1 11 1 3 0 7
2013-11-17T10:00:00 154 75 10 9 6 2 1 21 1 7 1 10
2013-11-17T11:00:00 151 94 12 11 6 3 2 29 1 10 2 14
2013-11-17T12:00:00 148 109 17 16 10 5 4 45 1 13 4 20
2013-11-17T13:00:00 145 114 18 23 17 8 6 62 0 16 5 25
2013-11-17T14:00:00 142 109 17 25 27 8 8 73 0 18 5 25
2013-11-20T22:00:00 152 97 12 29 11 8 2 18 0 4 2 10
2013-11-20T23:00:00 156 100 14 29 9 6 1 16 1 3 3 7
2013-11-21T00:00:00 159 96 15 29 8 4 1 15 1 4 4 6
2013-11-21T01:00:00 162 83 12 25 7 5 1 13 1 5 4 2
2013-11-21T02:00:00 166 75 10 23 8 5 0 8 1 3 4 2
2013-11-21T03:00:00 168 54 8 21 7 4 0 7 1 2 4 1
2013-11-21T04:00:00 170 37 6 13 5 3 1 6 2 2 4 1
2013-11-21T05:00:00 172 25 4 8 5 2 1 4 1 2 3 1
2013-11-21T06:00:00 175 18 1 4 3 2 1 1 1 1 2 0
2013-11-21T07:00:00 175 20 1 2 1 0 1 0 1 1 1 1
2013-11-21T08:00:00 175 38 4 3 2 0 1 1 1 2 3 3
2013-11-21T09:00:00 174 53 5 4 2 0 1 4 2 4 2 8
2013-11-21T10:00:00 172 70 6 8 4 0 0 6 1 7 2 8
2013-11-21T11:00:00 167 80 7 17 7 0 1 7 2 8 4 8
2013-11-21T12:00:00 164 105 11 20 8 0 1 13 2 10 4 8
2013-11-21T13:00:00 156 123 10 22 9 0 2 15 3 12 5 9
2013-11-21T14:00:00 148 118 10 23 8 0 4 16 3 13 3 8
2013-11-21T15:00:00 145 118 11 25 8 4 4 18 2 14 3 4
2013-11-21T16:00:00 143 112 10 24 8 5 4 20 2 13 3 5
2013-11-21T17:00:00 141 115 12 22 6 5 4 26 1 13 1 6
2013-11-21T18:00:00 139 96 9 23 8 7 4 24 1 15 1 7
2013-11-26T12:00:00 168 78 4 24 3 3 3 8 1 2 0 4
2013-11-26T13:00:00 167 85 5 30 3 4 3 10 2 2 0 7
2013-11-26T14:00:00 166 78 6 31 5 4 3 9 2 3 3 8
2013-11-26T15:00:00 163 85 7 31 4 3 4 11 2 5 3 9
2013-11-26T16:00:00 160 86 8 32 6 2 4 13 2 4 3 8
2013-11-26T17:00:00 159 80 7 27 4 2 4 12 1 4 3 9
2013-11-26T18:00:00 158 80 6 25 5 2 3 13 1 4 4 8
2013-11-26T19:00:00 158 83 9 30 7 2 3 11 0 5 4 7
2013-11-26T20:00:00 156 89 9 35 7 3 3 10 0 7 1 9
2013-11-26T21:00:00 156 90 8 38 8 3 3 11 0 7 2 8
2013-11-26T22:00:00 154 96 10 33 7 5 4 11 0 7 3 8
2013-11-26T23:00:00 153 99 14 35 7 5 5 12 0 7 4 7
2013-11-27T00:00:00 148 95 15 33 8 4 4 16 1 6 3 9
2013-11-27T01:00:00 152 87 16 26 6 3 4 16 1 6 3 7
2013-11-27T02:00:00 148 72 15 20 4 2 4 16 1 3 3 4
2013-11-27T03:00:00 146 54 15 14 3 2 2 13 1 1 2 2
2013-11-27T04:00:00 143 36 10 14 2 0 1 10 1 1 1 2
2013-11-27T05:00:00 140 24 6 10 2 0 0 6 1 1 0 2
2013-11-27T06:00:00 138 21 5 8 0 0 0 0 0 1 0 0
2013-11-27T07:00:00 136 21 1 5 0 0 0 1 0 0 0 0
2013-11-27T08:00:00 134 34 2 6 0 0 0 1 0 0 0 0
2013-11-27T09:00:00 132 48 2 7 1 0 0 3 0 0 0 0
2013-11-27T10:00:00 129 59 3 9 2 0 0 4 0 1 0 0
2013-12-09T13:00:00 210 109 5 34 6 3 2 10 0 3 2 8
2013-12-09T14:00:00 216 116 9 36 5 5 2 10 0 3 1 10
2013-12-09T15:00:00 221 113 11 33 4 5 2 11 0 4 1 8
2013-12-09T16:00:00 222 109 12 28 2 4 2 13 0 4 1 9
2013-12-09T17:00:00 222 95 10 27 3 6 1 12 1 3 1 10
2013-12-09T18:00:00 222 88 11 23 3 6 2 12 2 4 1 8
2013-12-09T19:00:00 221 85 11 22 4 6 1 10 2 4 0 10
2013-12-09T20:00:00 222 79 9 22 5 5 1 12 2 4 2 8
2013-12-09T21:00:00 222 73 6 22 6 5 2 10 2 2 2 8
2013-12-09T22:00:00 222 77 6 20 7 5 2 9 2 3 2 5
2013-12-09T23:00:00 222 80 12 20 7 3 3 9 2 3 3 5
2013-12-10T00:00:00 222 78 14 19 6 2 3 10 1 1 3 6
2013-12-10T01:00:00 222 72 13 15 4 1 3 9 1 1 3 3
2013-12-10T02:00:00 220 59 12 13 3 0 3 6 2 1 1 2
2013-12-10T03:00:00 218 48 12 10 2 0 2 6 2 1 1 2
2013-12-10T04:00:00 216 34 11 9 2 0 2 4 2 0 1 2
2013-12-10T05:00:00 214 24 5 5 1 0 1 3 1 0 0 1
2013-12-10T06:00:00 209 16 2 3 1 0 0 1 1 0 0 0
2013-12-10T07:00:00 198 23 2 4 1 0 0 1 1 0 0 1
2013-12-10T08:00:00 188 39 2 4 1 0 1 3 0 1 3 2
2013-12-10T09:00:00 180 56 3 8 1 0 2 3 0 2 3 3
2013-12-10T10:00:00 171 64 3 9 0 0 2 4 0 2 3 3
2013-12-10T11:00:00 159 75 6 13 0 0 2 4 0 2 3 4
2013-12-10T12:00:00 146 87 8 17 0 2 2 7 0 2 3 5
2013-12-26T09:00:00 177 57 4 7 0 1 0 1 2 0 1 0
2013-12-26T10:00:00 190 67 6 15 1 3 0 2 2 1 1 0
2013-12-26T11:00:00 202 83 6 20 1 3 0 5 1 2 1 3
2013-12-26T12:00:00 213 95 5 23 1 4 0 7 2 2 2 5
2013-12-26T13:00:00 223 97 4 24 1 4 1 8 2 2 2 6
2013-12-26T14:00:00 235 93 3 28 2 4 2 9 2 4 2 7
2013-12-26T15:00:00 247 83 5 27 2 4 4 11 2 5 2 9
2013-12-26T16:00:00 259 87 5 24 1 2 4 12 2 6 2 9
2013-12-26T17:00:00 265 88 6 21 2 3 4 9 3 5 2 7
2013-12-26T18:00:00 267 87 7 23 3 3 4 7 2 7 1 6
2013-12-26T19:00:00 267 87 7 24 5 4 3 7 2 7 0 7
2013-12-26T20:00:00 264 90 7 28 5 4 2 9 2 7 0 9
2013-12-26T21:00:00 263 91 6 34 5 4 0 8 2 6 0 9
2013-12-26T22:00:00 260 91 8 32 5 4 1 7 3 5 1 12
2013-12-26T23:00:00 257 83 9 32 4 3 1 10 2 5 2 13
2013-12-27T00:00:00 256 78 11 30 4 2 1 11 4 3 2 13
2013-12-27T01:00:00 254 76 12 31 2 2 1 11 4 3 2 11
2013-12-27T02:00:00 252 61 12 24 1 2 1 9 4 1 2 8
2013-12-27T03:00:00 249 42 11 16 1 1 1 7 3 1 2 6
2013-12-27T04:00:00 243 35 8 14 1 1 0 6 2 1 1 3
2013-12-27T05:00:00 238 27 6 11 1 1 0 3 3 1 0 2
2013-12-27T06:00:00 229 26 3 9 0 1 0 2 1 1 0 1
2013-12-27T11:00:00 154 79 5 13 3 1 3 6 1 1 4 9
2013-12-27T12:00:00 140 102 7 15 4 5 5 8 1 1 4 9
2013-12-30T15:00:00 182 109 7 23 1 4 3 13 1 4 3 11
2013-12-30T16:00:00 181 110 6 19 1 4 4 10 1 6 4 10
2013-12-30T17:00:00 179 106 4 19 4 4 4 10 0 5 5 10
2013-12-30T18:00:00 177 102 3 18 4 4 4 8 0 5 5 10
2013-12-30T19:00:00 176 106 2 17 5 4 2 9 0 5 5 6
2013-12-30T20:00:00 174 109 2 23 7 6 3 10 0 4 4 4
2013-12-30T21:00:00 172 118 3 19 6 5 5 10 0 4 3 7
2013-12-30T22:00:00 170 121 3 22 6 6 4 11 1 3 2 9
2013-12-30T23:00:00 167 124 7 21 5 5 6 10 1 3 1 9
2013-12-31T00:00:00 165 109 8 21 5 5 6 11 1 5 1 10
2013-12-31T01:00:00 162 97 9 20 4 4 7 11 1 5 0 10
2013-12-31T02:00:00 160 74 11 17 2 2 6 10 1 6 0 10
2013-12-31T03:00:00 159 56 10 17 2 2 5 8 1 5 1 6
2013-12-31T04:00:00 158 42 9 16 2 1 5 5 0 5 1 5
2013-12-31T05:00:00 157 28 5 18 0 1 4 6 0 4 1 4
2013-12-31T06:00:00 156 22 4 16 0 1 4 7 0 2 1 3
2013-12-31T07:00:00 155 17 3 11 1 1 3 6 0 2 1 2
2013-12-31T08:00:00 154 34 0 10 2 0 2 7 0 1 3 3
2013-12-31T09:00:00 154 53 0 14 2 1 1 8 0 2 2 5
2013-12-31T10:00:00 153 70 3 15 3 2 1 10 1 2 2 5
2013-12-31T11:00:00 151 88 3 16 3 2 0 11 1 3 3 7
2013-12-31T12:00:00 149 115 3 21 7 3 0 13 1 4 3 7
2013-12-31T13:00:00 147 131 4 24 6 5 1 13 1 4 6 8
2013-12-31T14:00:00 144 135 5 24 5 6 2 16 1 4 4 10
2014-01-03T08:00:00 153 38 2 3 1 1 0 0 0 0 0 2
2014-01-03T09:00:00 180 49 2 3 2 1 0 0 0 2 1 3
2014-01-03T10:00:00 210 71 2 4 2 2 1 1 0 2 2 3
2014-01-03T11:00:00 227 94 3 5 2 2 3 4 0 2 2 3
2014-01-03T12:00:00 225 110 3 8 5 1 3 8 1 2 2 4
2014-01-03T13:00:00 231 119 3 10 5 2 4 9 1 5 3 5
2014-01-03T14:00:00 209 116 3 14 7 3 4 12 2 7 3 7
2014-01-03T15:00:00 163 126 4 19 6 4 6 15 2 5 5 5
2014-01-03T16:00:00 129 122 5 18 8 3 6 20 3 8 5 6
2014-01-03T17:00:00 139 118 5 19 11 3 6 17 3 8 5 5
2014-01-03T18:00:00 155 112 6 16 12 5 6 14 3 10 5 4
2014-01-03T19:00:00 191 109 7 17 12 5 5 16 4 10 4 8
2014-01-03T20:00:00 227 106 7 12 12 6 6 16 5 9 7 9
2014-01-03T21:00:00 251 99 10 8 15 6 5 19 5 9 4 12
2014-01-03T22:00:00 282 91 13 10 15 6 4 17 4 7 3 11
2014-01-03T23:00:00 244 91 14 11 12 6 2 20 4 8 3 11
2014-01-04T00:00:00 220 90 16 14 8 5 2 24 4 6 3 14
2014-01-04T01:00:00 211 86 14 12 8 4 2 22 3 6 3 11
2014-01-04T02:00:00 229 73 13 12 6 2 1 20 1 5 0 8
2014-01-04T03:00:00 296 59 9 12 3 1 1 14 2 5 0 5
2014-01-04T04:00:00 288 47 5 10 1 1 1 10 2 4 0 5
2014-01-04T05:00:00 217 28 3 7 1 1 1 7 2 4 0 6
2014-01-04T06:00:00 222 17 0 4 1 0 1 2 1 4 0 3
2014-01-04T07:00:00 175 17 1 2 0 0 1 2 1 1 0 1
2014-01-19T22:00:00 161 102 12 5 11 6 2 12 1 6 3 10
2014-01-19T23:00:00 162 105 13 6 10 6 2 11 1 4 2 13
2014-01-20T00:00:00 153 94 10 6 9 7 2 12 1 4 2 14
2014-01-20T01:00:00 154 87 11 5 7 8 2 10 1 4 1 13
2014-01-20T02:00:00 172 78 12 4 5 7 2 7 0 3 1 11
2014-01-20T03:00:00 202 69 12 4 2 3 2 8 0 2 1 8
2014-01-20T04:00:00 232 58 12 2 1 2 2 6 0 1 1 7
2014-01-20T05:00:00 249 36 9 1 1 2 0 4 0 1 1 3
2014-01-20T06:00:00 257 22 6 0 0 1 0 2 0 0 1 1
2014-01-20T07:00:00 256 20 4 0 0 0 0 1 0 0 1 1
2014-01-20T08:00:00 267 33 1 2 0 0 0 2 0 0 1 2
2014-01-20T09:00:00 253 50 3 3 0 0 0 2 0 1 1 3
2014-01-20T10:00:00 295 75 2 3 1 0 0 2 0 2 2 4
2014-01-20T11:00:00 301 97 2 3 1 1 0 3 1 2 3 6
2014-01-20T12:00:00 308 118 2 3 2 1 0 4 1 2 3 7
2014-01-20T13:00:00 293 128 5 3 2 1 0 6 1 2 3 8
2014-01-20T14:00:00 290 138 8 6 2 3 1 6 1 2 5 8
2014-01-20T15:00:00 275 154 6 6 5 3 3 7 1 2 5 7
2014-01-20T16:00:00 191 141 7 8 5 4 3 10 1 1 3 7
2014-01-20T17:00:00 170 149 9 9 7 3 3 10 0 2 2 6
2014-01-20T18:00:00 238 139 11 9 10 5 4 14 0 3 2 9
2014-01-20T19:00:00 239 137 10 9 12 5 4 12 1 3 2 8
2014-01-20T20:00:00 180 126 8 4 15 3 3 11 3 5 0 8
2014-01-20T21:00:00 143 98 11 5 12 3 1 9 4 4 1 9
2014-01-30T15:00:00 214 181 9 1 5 8 0 15 1 9 2 12
2014-01-30T16:00:00 199 169 12 1 4 10 0 16 2 13 1 12
2014-01-30T17:00:00 207 177 12 1 7 10 0 16 2 13 2 11
2014-01-30T18:00:00 250 178 14 2 6 10 0 18 2 13 2 13
2014-01-30T19:00:00 260 190 20 3 6 10 1 18 2 12 3 15
2014-01-30T20:00:00 274 197 26 4 7 6 1 21 2 10 4 18
2014-01-30T21:00:00 287 185 27 3 7 4 1 25 1 11 3 17
2014-01-30T22:00:00 275 183 26 4 6 1 2 28 0 11 4 19
2014-01-30T23:00:00 263 168 29 4 3 2 2 37 0 8 3 23
2014-01-31T00:00:00 270 150 29 4 3 3 3 40 0 9 3 23
2014-01-31T01:00:00 323 132 34 3 3 3 3 47 1 13 2 23
2014-01-31T02:00:00 287 113 28 2 1 3 4 48 1 14 1 22
2014-01-31T03:00:00 250 100 25 2 1 3 4 45 1 13 2 21
2014-01-31T04:00:00 238 81 22 1 1 3 3 40 1 10 1 18
2014-01-31T05:00:00 218 67 17 1 1 2 3 29 1 9 1 13
2014-01-31T06:00:00 196 56 15 0 1 1 2 21 1 6 1 9
2014-01-31T07:00:00 186 39 4 0 0 0 1 11 0 3 1 4
2014-01-31T08:00:00 192 55 3 0 1 1 0 7 0 3 2 2
2014-01-31T09:00:00 186 62 6 0 3 1 1 7 0 4 2 4
2014-01-31T10:00:00 181 87 6 0 4 1 1 7 0 4 2 6
2014-01-31T11:00:00 161 107 9 0 6 1 1 15 1 4 3 7
2014-02-02T13:00:00 262 144 11 1 7 8 3 53 2 18 10 6
2014-02-02T14:00:00 237 155 14 4 12 10 6 63 4 27 13 6
2014-02-02T15:00:00 202 155 16 4 12 13 6 80 5 32 14 8
2014-02-02T16:00:00 180 152 16 3 11 14 9 87 4 38 15 11
2014-02-02T17:00:00 163 159 17 4 13 17 11 95 4 37 11 16
2014-02-02T18:00:00 147 159 17 4 14 18 9 92 5 37 8 17
2014-02-20T12:00:00 203 98 10 4 4 2 1 14 3 5 1 8
2014-02-20T13:00:00 195 107 12 5 6 3 1 13 5 5 1 11
2014-02-20T14:00:00 172 104 13 6 6 3 0 12 5 8 1 12
2014-02-20T15:00:00 160 105 13 9 5 4 0 15 6 6 1 15
2014-02-20T16:00:00 163 108 12 9 3 6 0 12 6 7 1 11
2014-02-21T09:00:00 110 59 2 1 2 0 0 3 2 1 0 2
2014-02-21T13:00:00 133 132 11 6 2 3 0 8 1 3 2 7
2014-02-21T14:00:00 130 123 10 6 2 6 0 10 1 3 3 10
2014-02-21T15:00:00 128 129 10 8 1 7 2 13 1 5 3 9
2014-03-10T01:00:00 173 96 13 13 6 3 3 12 0 4 0 5
2014-03-10T02:00:00 184 75 12 13 5 1 4 10 0 4 0 4
2014-03-10T03:00:00 189 58 9 11 5 1 4 8 0 5 0 4
2014-03-10T04:00:00 197 38 6 10 4 1 4 7 0 3 0 4
2014-03-10T05:00:00 195 21 4 6 1 1 2 2 0 2 0 1
2014-03-10T06:00:00 191 16 4 4 0 1 1 2 0 1 0 0
2014-03-10T07:00:00 186 13 2 2 1 1 1 1 0 3 0 0
2014-03-10T08:00:00 187 24 3 2 1 0 0 1 0 3 0 0
2014-03-10T09:00:00 189 36 4 6 2 0 3 0 0 2 0 0
2014-03-10T10:00:00 193 47 5 8 2 0 4 0 1 2 0 2
2014-03-10T11:00:00 195 58 7 10 2 0 4 1 1 2 1 4
2014-03-10T12:00:00 202 74 9 13 2 0 4 1 2 3 1 4
2014-03-10T13:00:00 206 80 8 14 1 1 7 1 2 1 2 5
2014-03-10T14:00:00 196 81 9 18 1 2 7 1 2 2 2 5
2014-03-10T15:00:00 193 84 9 19 0 2 5 3 2 2 2 5
2014-03-10T16:00:00 200 92 10 20 0 2 5 4 2 3 3 6
2014-03-10T17:00:00 199 91 8 19 1 3 5 3 2 4 2 6
2014-03-10T18:00:00 196 91 7 18 3 3 5 6 1 3 2 8
2014-03-10T19:00:00 191 85 7 17 5 3 2 8 1 6 1 9
2014-03-10T20:00:00 199 89 5 19 5 2 2 10 1 6 1 14
2014-03-10T21:00:00 195 91 5 19 5 3 1 10 2 6 1 15
2014-03-10T22:00:00 183 82 6 18 6 4 0 10 1 8 0 16
2014-03-10T23:00:00 164 80 12 18 7 4 0 12 1 7 1 15
2014-03-18T09:00:00 183 48 1 4 2 1 0 2 2 1 1 1
2014-03-18T10:00:00 186 61 2 4 1 1 0 5 2 1 2 2
2014-03-18T11:00:00 195 77 2 6 1 1 0 5 2 1 3 2
2014-03-18T12:00:00 226 92 3 8 1 2 1 8 2 1 3 3
2014-03-18T13:00:00 215 95 5 9 2 4 1 10 1 2 2 6
2014-03-18T14:00:00 200 92 5 14 1 5 2 14 1 5 2 6
2014-03-18T15:00:00 214 90 6 17 3 7 3 17 2 5 2 9
2014-03-18T16:00:00 211 88 5 22 3 7 3 15 2 6 1 10
2014-03-18T17:00:00 206 86 5 23 5 7 4 19 2 7 0 13
2014-03-18T18:00:00 199 83 5 26 8 6 3 18 2 7 0 14
2014-03-18T19:00:00 193 85 5 29 8 4 3 20 1 8 0 11
2014-03-18T20:00:00 190 80 4 25 10 4 2 18 1 5 0 14
2014-03-18T21:00:00 180 81 6 23 10 2 2 18 1 4 0 12
2014-03-18T22:00:00 179 76 9 19 11 2 2 21 1 4 1 11
2014-03-18T23:00:00 185 73 9 19 9 2 1 18 1 5 1 8
2014-03-19T00:00:00 192 63 10 17 6 2 1 19 2 6 1 9
2014-03-19T01:00:00 183 52 9 14 5 1 1 15 2 4 1 10
2014-03-19T02:00:00 174 43 9 12 3 0 1 11 2 4 1 7
2014-03-19T03:00:00 163 31 7 10 1 0 0 8 1 4 1 5
2014-03-19T04:00:00 153 24 4 8 0 0 0 5 1 3 0 4
2014-03-19T05:00:00 153 14 5 5 0 0 0 4 1 1 0 4
2014-03-19T06:00:00 155 8 3 2 0 0 0 1 0 0 0 1
2014-03-19T07:00:00 146 14 2 1 0 0 0 2 0 0 0 0
2014-04-17T09:00:00 150 57 3 7 2 1 1 5 1 1 0 7
2014-04-17T10:00:00 165 75 4 8 2 2 1 11 0 1 0 8
2014-04-17T11:00:00 190 95 5 10 1 2 1 15 1 2 0 9
2014-04-17T12:00:00 205 110 4 17 1 3 3 20 2 2 1 10
2014-04-17T13:00:00 209 114 3 21 2 4 6 23 2 2 1 9
2014-04-17T14:00:00 219 116 5 23 2 5 6 22 2 3 1 4
2014-04-17T15:00:00 227 103 8 25 3 4 7 22 2 4 1 6
2014-04-17T16:00:00 243 108 7 26 4 3 7 18 2 5 1 5
2014-04-17T17:00:00 252 100 7 25 5 3 7 18 1 5 1 5
2014-04-17T18:00:00 259 92 9 19 5 3 5 15 0 6 0 5
2014-04-17T19:00:00 249 94 10 16 4 3 2 15 2 6 0 7
2014-04-17T20:00:00 230 81 8 16 5 2 2 17 2 5 0 7
2014-04-17T21:00:00 220 85 5 11 5 4 1 15 2 4 0 4
2014-04-17T22:00:00 213 77 9 9 6 5 3 20 4 4 1 6
2014-04-17T23:00:00 208 73 9 10 6 5 4 22 4 3 1 5
2014-04-18T00:00:00 207 77 10 12 8 4 3 23 4 3 1 8
2014-04-18T01:00:00 208 66 11 11 8 3 3 22 3 3 1 8
2014-04-18T02:00:00 208 65 12 7 8 3 3 20 3 3 1 9
2014-04-18T03:00:00 187 46 11 7 7 1 3 19 3 2 1 10
2014-04-18T04:00:00 154 31 7 6 5 0 1 12 1 1 0 8
2014-05-21T11:00:00 151 76 4 8 1 3 2 9 0 7 4 10
2014-05-21T12:00:00 155 88 6 10 2 5 3 13 0 8 3 13
2014-05-21T13:00:00 160 95 8 12 4 6 3 16 0 11 5 14
2014-05-21T14:00:00 178 92 8 14 5 8 3 20 0 15 5 14
2014-05-21T15:00:00 190 93 9 17 7 6 4 21 1 15 8 14
2014-05-21T16:00:00 188 100 13 19 9 6 3 24 1 16 8 15
2014-05-21T17:00:00 187 103 13 21 9 5 3 27 1 15 7 12
2014-05-21T18:00:00 187 107 15 23 9 3 3 28 2 13 7 9
2014-05-21T19:00:00 188 112 14 22 8 4 3 25 2 11 5 12
2014-05-21T20:00:00 183 113 14 24 8 5 2 23 3 7 4 15
2014-05-21T21:00:00 163 108 14 24 8 8 1 21 2 4 2 11
2014-05-21T22:00:00 165 107 14 21 6 9 3 18 2 3 2 10
2014-05-21T23:00:00 171 105 15 18 7 9 3 19 2 2 2 10
2014-05-22T00:00:00 182 98 14 20 6 9 2 15 1 2 3 12
2014-05-22T01:00:00 177 81 12 24 5 7 3 14 1 2 3 8
2014-05-22T02:00:00 171 68 12 22 4 4 3 12 0 2 3 5
2014-05-22T03:00:00 156 53 13 19 2 1 4 9 0 2 2 5
2014-05-22T04:00:00 153 37 9 17 1 0 2 8 0 2 1 4
2014-05-22T05:00:00 147 27 6 14 0 0 2 2 0 1 1 3
2014-05-22T06:00:00 146 19 3 8 0 1 2 1 0 1 0 1
2014-05-22T07:00:00 140 22 4 5 0 1 1 3 0 0 0 2
2014-05-22T08:00:00 140 30 3 5 0 2 1 5 0 1 0 2
2014-05-27T23:00:00 252 93 9 27 7 3 1 26 0 6 4 7
2014-05-28T00:00:00 248 82 11 31 5 3 2 26 0 6 3 9
2014-05-28T01:00:00 245 70 10 29 5 4 2 23 0 7 3 9
2014-05-28T02:00:00 258 57 10 23 3 3 1 19 0 7 3 9
2014-05-28T03:00:00 247 50 7 21 4 2 1 11 0 6 3 8
2014-05-28T04:00:00 237 33 5 17 3 2 1 9 0 5 1 5
2014-05-28T05:00:00 211 24 2 10 2 1 1 5 0 3 0 4
2014-05-28T06:00:00 196 20 1 3 2 1 0 1 0 1 0 3
2014-05-28T07:00:00 171 25 2 2 1 0 0 4 1 0 0 5
2014-05-28T08:00:00 168 46 3 2 1 0 0 7 1 0 0 6
2014-05-28T09:00:00 166 60 6 3 1 0 0 7 1 2 0 8
2014-05-28T10:00:00 171 75 10 7 2 0 0 9 2 3 1 9
2014-05-29T13:00:00 151 113 5 17 1 1 0 23 3 7 2 5
2014-05-29T14:00:00 155 113 9 19 2 1 0 23 3 7 2 7
2014-05-29T17:00:00 170 117 11 16 6 7 5 21 1 4 4 10
2014-05-29T18:00:00 181 110 12 17 6 8 5 19 1 4 4 11
2014-05-29T19:00:00 194 113 11 20 6 8 8 15 1 2 4 13
2014-05-29T20:00:00 204 104 9 21 5 8 9 17 1 1 4 17
2014-05-29T21:00:00 221 104 8 22 6 6 6 17 1 2 4 20
2014-05-29T22:00:00 230 100 8 26 5 6 5 19 2 3 2 20
2014-05-29T23:00:00 228 98 12 25 4 5 4 18 2 3 3 21
2014-05-30T00:00:00 174 100 12 26 5 5 4 19 2 3 4 21
2014-05-30T01:00:00 207 86 13 21 5 4 1 19 2 3 4 19
2014-05-30T02:00:00 192 74 12 21 5 4 0 16 2 3 4 13
2014-05-30T03:00:00 181 57 11 18 4 3 0 15 2 2 3 8
2014-05-30T04:00:00 181 43 9 14 4 2 0 10 1 0 2 6
2014-05-30T05:00:00 178 31 4 12 3 1 0 9 1 0 1 3
2014-05-30T06:00:00 177 22 3 9 1 0 0 6 0 0 0 2
2014-05-30T07:00:00 168 29 1 7 1 0 0 5 0 0 0 1
2014-05-30T08:00:00 159 48 1 4 1 1 1 6 0 0 0 2
2014-05-30T09:00:00 147 69 4 4 1 1 1 7 0 0 0 2
2014-11-06T15:00:00 187 59 10 22 8 4 6 31 3 5 2 13
2014-11-06T16:00:00 185 58 8 20 9 3 4 35 3 5 2 10
2014-11-06T17:00:00 185 61 7 22 8 4 3 37 4 6 3 8
2014-11-06T18:00:00 189 69 5 22 8 4 2 37 3 5 3 10
2014-11-06T19:00:00 196 81 6 24 11 4 2 37 3 5 4 7
2014-11-06T20:00:00 200 75 7 26 11 4 0 35 3 6 5 7
2014-11-06T21:00:00 188 86 10 30 10 7 0 30 5 6 7 10
2014-11-06T22:00:00 177 90 10 33 10 9 1 27 5 5 6 13
2014-11-06T23:00:00 184 92 13 33 9 10 3 20 4 4 8 15
2014-11-07T00:00:00 182 83 14 36 10 11 3 18 4 3 9 15
2014-11-07T01:00:00 169 65 13 35 6 11 4 16 3 4 8 17
2014-11-07T02:00:00 148 56 13 31 5 10 4 14 3 3 7 15
2014-11-11T23:00:00 154 67 20 31 14 9 6 19 1 4 5 19
2014-11-12T00:00:00 180 71 20 33 12 10 4 23 1 4 5 19
2014-11-12T01:00:00 205 69 22 32 12 7 3 23 1 3 5 20
2014-11-12T02:00:00 227 57 20 24 6 6 0 20 1 3 3 17
2014-11-12T03:00:00 234 35 15 20 6 5 0 16 1 2 3 14
2014-11-12T04:00:00 236 29 13 17 4 4 0 14 1 1 4 12
2014-11-12T05:00:00 238 16 8 10 4 2 0 10 1 0 2 5
2014-11-12T06:00:00 240 9 6 5 3 1 0 5 2 0 2 2
2014-11-12T07:00:00 242 8 2 2 2 1 0 2 1 2 3 0
2014-11-12T08:00:00 248 20 1 3 1 0 0 3 1 2 5 1
2014-11-12T09:00:00 256 40 0 3 1 0 1 5 1 2 4 3
2014-11-12T10:00:00 264 47 1 6 2 1 2 6 1 2 4 5
2014-11-12T11:00:00 274 54 1 8 5 2 3 11 1 2 4 6
2014-11-12T12:00:00 252 66 4 10 5 2 4 15 1 4 5 8
2014-11-12T13:00:00 225 76 5 13 8 2 4 17 1 6 4 8
2014-11-12T14:00:00 198 76 5 14 12 3 4 18 1 7 2 8
2014-11-12T15:00:00 153 71 6 20 13 3 4 22 2 7 2 7
2014-12-28T21:00:00 151 0 0 0 0 0 0 0 0 0 0 0
2014-12-28T22:00:00 163 0 0 0 0 0 0 0 0 0 0 0
2014-12-28T23:00:00 180 0 0 0 0 0 0 0 0 0 0 0
2014-12-29T00:00:00 196 0 0 0 0 0 0 0 0 0 0 0
2014-12-29T01:00:00 208 0 0 0 0 0 0 0 0 0 0 0
2014-12-29T02:00:00 214 0 0 0 0 0 0 0 0 0 0 0
