2013-05-28T00:00:00 49 109 15 21 11 3 6 17 1 7 2 10
2013-05-28T01:00:00 52 92 15 21 11 1 6 15 1 7 3 10
2013-05-28T02:00:00 52 74 12 19 8 0 4 9 0 5 4 8
2013-05-28T03:00:00 54 56 11 17 6 0 2 6 0 5 4 7
2013-05-28T04:00:00 55 28 8 12 4 0 2 3 0 2 4 7
2013-05-28T05:00:00 56 19 5 8 5 0 2 2 0 1 3 4
2013-05-28T06:00:00 57 15 2 5 5 0 1 1 0 2 3 3
2013-05-28T07:00:00 58 23 2 2 2 1 1 2 0 2 1 4
2013-05-28T08:00:00 60 35 3 5 2 2 1 4 1 2 0 2
2013-05-28T09:00:00 60 51 4 8 3 3 1 4 1 2 0 4
2013-05-28T10:00:00 61 66 5 12 4 3 1 6 1 3 1 6
2013-05-28T11:00:00 61 81 5 17 5 3 4 8 1 3 2 9
2013-05-28T12:00:00 62 95 7 19 8 4 4 10 2 2 2 16
2013-05-28T13:00:00 62 98 10 23 13 5 5 13 2 2 2 17
2013-05-28T14:00:00 64 99 11 30 16 4 6 13 2 6 2 21
2013-05-28T15:00:00 66 99 9 34 17 5 8 16 3 8 5 21
2013-05-28T16:00:00 68 102 9 33 18 5 9 22 3 7 4 24
2013-05-28T17:00:00 71 102 11 34 17 7 7 20 3 11 3 22
2013-05-28T18:00:00 76 95 11 34 20 8 6 24 3 12 3 19
2013-05-28T19:00:00 81 99 8 33 19 9 8 22 3 11 4 19
2013-05-28T20:00:00 81 99 11 27 24 10 9 20 3 7 4 22
2013-05-28T21:00:00 81 100 12 22 23 9 7 19 2 6 2 23
2013-05-28T22:00:00 80 99 12 21 23 10 8 13 2 6 2 21
2013-05-28T23:00:00 83 105 14 18 22 10 8 16 2 3 2 21
2013-05-30T10:00:00 115 86 4 12 3 4 1 5 2 3 2 9
2013-05-30T11:00:00 110 102 6 17 7 4 1 9 3 5 3 11
2013-05-30T12:00:00 105 111 8 18 7 4 1 14 3 5 2 13
2013-05-30T13:00:00 100 115 7 23 12 3 1 16 3 8 2 14
2013-05-30T14:00:00 95 106 11 28 14 2 1 20 2 10 1 15
2013-05-30T15:00:00 90 96 14 28 16 2 1 24 3 12 1 13
2013-05-30T16:00:00 86 87 19 29 20 2 1 22 2 10 3 14
2013-05-30T17:00:00 81 87 18 28 16 2 3 23 1 9 3 14
2013-05-30T18:00:00 77 90 17 31 18 1 3 20 1 10 4 16
2013-05-30T19:00:00 73 89 19 27 16 6 3 19 2 7 4 15
2013-05-30T20:00:00 69 85 20 26 15 7 4 15 2 7 4 17
2013-05-30T21:00:00 66 93 17 23 15 8 3 16 1 7 6 17
2013-05-30T22:00:00 63 91 18 21 13 11 5 16 1 8 4 19
2013-05-30T23:00:00 60 84 19 23 13 11 3 11 3 8 4 20
2013-05-31T00:00:00 58 75 19 23 10 11 3 11 3 8 5 21
2013-05-31T01:00:00 56 68 16 23 8 6 3 12 2 7 5 23
2013-05-31T02:00:00 54 56 11 19 6 5 3 11 2 6 5 16
2013-05-31T03:00:00 51 35 11 18 3 4 3 6 2 4 3 16
2013-05-31T04:00:00 49 27 5 16 1 0 1 5 2 4 3 12
2013-05-31T05:00:00 47 17 3 10 1 0 1 5 0 3 2 9
2013-05-31T06:00:00 47 12 2 6 1 0 2 3 0 2 1 4
2013-05-31T07:00:00 47 25 2 5 0 0 2 2 0 2 1 1
2013-05-31T08:00:00 47 43 4 4 1 0 1 4 1 1 1 2
2013-05-31T09:00:00 46 58 7 10 2 0 2 8 3 3 2 1
2013-05-31T10:00:00 45 81 10 13 4 1 3 13 4 4 2 4
2013-05-31T11:00:00 44 99 11 14 4 3 5 16 4 6 2 5
2013-05-31T12:00:00 42 111 12 16 6 4 4 19 4 9 2 9
2013-05-31T13:00:00 42 109 14 17 11 4 5 24 5 11 4 14
2013-05-31T14:00:00 43 101 13 21 10 4 7 28 5 13 5 15
2013-05-31T15:00:00 43 102 12 17 10 7 6 25 3 13 6 16
2013-05-31T16:00:00 43 101 13 16 10 7 8 25 4 12 6 15
2013-05-31T17:00:00 44 102 13 15 11 7 7 24 5 11 6 16
2013-05-31T18:00:00 45 108 13 17 10 10 8 26 6 8 7 18
2013-05-31T19:00:00 46 110 12 18 12 12 8 26 6 7 5 17
2013-05-31T20:00:00 48 121 15 13 21 14 8 20 5 6 5 22
2013-05-31T21:00:00 52 137 15 11 26 14 9 22 7 6 3 24
2013-05-31T22:00:00 57 146 14 11 31 16 7 21 5 8 4 23
2013-05-31T23:00:00 60 151 16 10 32 15 6 22 5 8 4 23
2013-06-01T00:00:00 63 148 18 7 31 11 6 19 5 8 2 18
2013-06-01T01:00:00 65 140 18 6 24 10 7 16 4 7 4 17
2013-06-01T02:00:00 67 123 15 7 15 9 6 17 4 6 4 14
2013-06-01T03:00:00 69 93 13 7 9 6 6 14 2 5 4 15
2013-06-01T04:00:00 72 63 12 5 2 3 5 10 2 2 3 14
2013-06-01T05:00:00 75 39 9 5 1 2 5 6 1 1 3 12
2013-06-01T06:00:00 78 29 6 4 1 2 4 4 1 1 3 11
2013-06-01T07:00:00 82 43 7 5 1 1 2 2 1 1 1 8
2013-06-01T08:00:00 85 74 6 8 1 0 1 6 1 5 1 5
2013-06-01T09:00:00 89 99 11 9 1 2 1 8 1 10 1 5
2013-06-01T10:00:00 92 121 10 12 2 7 2 17 2 14 2 10
2013-06-01T11:00:00 94 146 16 15 4 8 4 31 5 16 6 23
2013-06-01T12:00:00 96 174 19 21 13 13 10 58 4 24 11 32
2013-06-01T13:00:00 98 173 20 22 30 22 14 75 4 31 14 37
2013-06-01T14:00:00 101 175 29 23 44 31 21 94 6 31 15 47
2013-06-01T15:00:00 105 182 26 27 49 38 21 118 8 28 20 50
2013-06-01T16:00:00 109 187 25 31 53 45 23 133 7 31 22 55
2013-06-01T17:00:00 114 183 24 31 60 51 21 139 5 39 21 45
2013-06-01T18:00:00 119 181 26 26 63 56 16 120 5 32 17 44
2013-06-01T19:00:00 122 179 29 24 60 53 12 111 5 29 17 47
2013-06-01T20:00:00 124 174 22 21 55 53 8 95 4 30 16 39
2013-06-05T09:00:00 51 65 3 3 5 0 1 2 0 0 1 5
2013-06-05T10:00:00 52 75 5 9 6 0 1 5 0 3 4 7
2013-06-05T11:00:00 51 95 6 13 6 0 2 6 0 4 7 8
2013-06-05T12:00:00 52 107 7 19 8 1 2 10 2 8 7 16
2013-06-05T13:00:00 52 109 8 21 9 1 3 16 5 9 7 20
2013-06-05T14:00:00 52 99 8 28 13 2 5 25 8 11 8 21
2013-06-05T15:00:00 51 97 11 33 16 6 4 33 10 14 8 19
2013-06-05T16:00:00 50 100 9 29 16 8 6 32 11 13 5 18
2013-06-05T17:00:00 49 87 11 28 19 10 7 37 11 15 3 19
2013-06-05T18:00:00 48 83 11 27 23 12 9 36 10 12 3 15
2013-06-05T19:00:00 48 81 10 32 27 16 8 33 7 11 3 12
2013-06-05T20:00:00 47 79 13 27 25 15 8 26 5 11 2 13
2013-06-05T21:00:00 45 84 19 22 23 12 8 18 4 8 1 14
2013-06-05T22:00:00 44 79 22 23 23 11 8 20 4 7 1 13
2013-06-05T23:00:00 43 80 19 21 20 9 7 14 5 5 0 13
2013-06-06T00:00:00 42 89 18 20 15 6 7 12 4 4 0 11
2013-06-06T01:00:00 44 88 17 20 10 3 7 10 4 4 0 14
2013-06-06T02:00:00 41 74 14 20 6 3 5 8 3 2 0 11
2013-06-06T03:00:00 40 56 5 18 3 2 5 7 2 2 0 8
2013-06-06T04:00:00 40 48 4 14 2 1 3 3 1 1 0 8
2013-06-06T05:00:00 40 40 3 13 2 1 2 3 0 0 0 7
2013-06-06T06:00:00 40 25 3 9 1 1 0 2 1 0 0 6
2013-06-06T07:00:00 40 24 3 4 0 0 0 1 1 0 0 3
2013-06-06T08:00:00 39 49 5 2 1 0 0 2 1 0 0 3
2013-06-06T09:00:00 38 66 6 5 1 0 0 2 1 0 2 8
2013-06-06T10:00:00 38 86 8 10 1 0 1 4 2 1 2 10
2013-06-06T11:00:00 39 111 10 14 1 0 5 13 3 2 2 11
2013-06-06T12:00:00 39 135 13 20 6 0 5 22 2 2 2 14
2013-06-06T13:00:00 39 140 14 24 14 3 5 24 3 6 4 17
2013-06-06T14:00:00 40 132 14 29 15 5 6 32 5 9 4 24
2013-06-06T15:00:00 42 134 16 29 15 6 8 40 7 14 3 24
2013-06-06T16:00:00 43 132 13 33 17 6 8 43 8 16 3 24
2013-06-06T17:00:00 44 118 14 36 17 7 4 38 8 16 3 24
2013-06-06T18:00:00 44 101 16 33 16 9 4 33 8 20 3 22
2013-06-06T19:00:00 44 106 20 33 14 8 5 32 7 16 2 23
2013-06-06T20:00:00 43 108 20 32 14 9 5 26 6 14 2 23
2013-06-06T21:00:00 41 108 20 29 15 11 5 18 4 12 1 22
2013-06-06T22:00:00 40 107 25 25 13 13 6 17 3 11 1 24
2013-06-06T23:00:00 39 103 23 23 15 12 7 15 2 11 3 23
2013-06-07T00:00:00 38 104 21 21 11 11 8 13 2 8 3 23
2013-06-07T01:00:00 39 91 17 18 5 10 7 14 2 9 2 19
2013-06-07T02:00:00 36 73 14 16 3 7 6 11 1 8 2 12
2013-06-07T03:00:00 37 55 11 16 3 5 4 10 1 5 2 8
2013-06-07T04:00:00 37 38 5 12 3 4 2 6 0 3 2 4
2013-06-07T05:00:00 37 27 5 7 1 4 1 4 0 2 0 3
2013-06-07T06:00:00 36 22 2 6 1 3 0 2 0 1 0 1
2013-06-07T07:00:00 36 31 3 7 1 3 0 2 1 0 0 1
2013-06-07T08:00:00 36 63 6 7 3 4 0 3 1 0 2 4
2013-06-07T09:00:00 36 85 7 14 4 4 2 7 3 1 2 7
2013-06-07T10:00:00 36 100 12 14 6 5 4 10 5 5 2 9
2013-06-07T11:00:00 35 117 13 18 7 5 5 10 6 8 2 12
2013-06-07T12:00:00 35 137 15 20 8 6 6 12 6 10 3 15
2013-06-07T13:00:00 35 138 16 23 13 6 7 17 8 14 5 17
2013-06-07T14:00:00 35 127 18 30 12 6 9 20 9 15 3 23
2013-06-07T15:00:00 36 125 18 34 10 7 8 19 8 15 3 22
2013-06-07T16:00:00 36 130 14 44 8 7 8 19 7 11 5 23
2013-06-07T17:00:00 37 143 13 42 9 8 9 20 6 8 7 23
2013-06-07T18:00:00 38 133 13 49 8 7 8 21 6 8 7 20
2013-06-07T19:00:00 40 132 11 46 6 8 7 18 4 6 5 20
2013-06-08T03:00:00 38 154 4 20 2 8 3 12 2 2 1 11
2013-06-08T04:00:00 36 134 5 17 2 7 1 6 0 3 1 11
2013-06-08T05:00:00 33 113 3 12 0 3 1 4 0 1 1 4
2013-06-08T06:00:00 31 78 3 8 0 0 0 5 0 1 0 2
2013-06-08T07:00:00 30 75 3 5 0 0 0 5 0 1 1 3
2013-06-08T08:00:00 29 94 2 6 2 0 0 4 0 3 2 5
2013-06-08T09:00:00 28 113 3 11 2 0 0 5 0 4 2 8
2013-06-08T10:00:00 29 141 2 13 4 2 1 12 0 3 4 11
2013-06-08T11:00:00 30 183 2 15 5 5 2 18 1 6 5 16
2013-06-08T12:00:00 31 244 4 19 5 7 3 21 1 9 8 18
2013-06-08T13:00:00 34 278 6 19 9 8 4 27 1 14 8 21
2013-06-08T14:00:00 36 290 9 18 7 11 5 31 1 13 8 28
2013-06-08T15:00:00 39 318 10 18 8 13 6 40 2 17 8 26
2013-06-08T16:00:00 41 321 14 17 9 13 5 44 3 21 7 27
2013-06-08T17:00:00 43 312 16 18 9 12 4 40 2 20 7 24
2013-06-08T18:00:00 43 295 18 17 15 13 5 34 2 19 6 23
2013-06-08T19:00:00 43 274 19 20 19 15 6 31 4 17 5 24
2013-06-08T20:00:00 43 272 19 21 23 16 6 30 6 19 4 16
2013-06-08T21:00:00 45 270 21 16 27 15 5 23 6 14 4 18
2013-06-08T22:00:00 46 274 20 16 28 14 7 14 5 10 3 15
2013-06-08T23:00:00 46 273 24 16 28 12 8 13 6 9 4 14
2013-06-09T00:00:00 47 257 25 16 24 9 6 14 6 9 2 17
2013-06-09T01:00:00 49 246 22 12 16 7 4 11 4 8 2 13
2013-06-09T02:00:00 50 207 20 9 12 3 3 8 2 5 3 12
2013-06-09T03:00:00 51 162 17 10 7 2 3 5 1 5 3 9
2013-06-09T04:00:00 52 126 14 7 3 1 1 3 1 5 3 8
2013-06-09T05:00:00 54 87 8 4 2 2 0 3 0 4 1 7
2013-06-09T06:00:00 55 56 3 1 1 2 0 2 0 2 1 2
2013-06-09T07:00:00 56 57 4 2 1 2 0 2 0 1 1 2
2013-06-09T08:00:00 57 97 5 2 3 3 0 4 0 2 0 1
2013-06-09T09:00:00 58 145 5 3 4 3 1 6 0 5 2 1
2013-06-09T10:00:00 59 188 7 6 5 4 2 10 1 7 3 2
2013-06-09T11:00:00 60 249 9 11 7 3 2 16 3 12 6 7
2013-06-15T17:00:00 44 295 18 24 33 41 11 118 4 33 7 32
2013-06-15T18:00:00 44 281 18 22 37 44 9 113 4 31 7 32
2013-06-15T19:00:00 45 281 16 19 44 40 8 105 2 27 5 36
2013-06-15T20:00:00 45 279 15 16 44 34 8 82 2 23 7 32
2013-06-15T21:00:00 45 286 14 14 51 31 6 58 1 22 7 28
2013-06-15T22:00:00 45 272 14 12 48 24 7 40 1 25 7 26
2013-06-15T23:00:00 44 254 10 12 49 14 8 30 1 21 8 24
2013-06-16T00:00:00 43 231 14 7 36 8 8 18 1 19 7 20
2013-06-16T01:00:00 45 196 19 10 27 6 7 15 2 15 8 18
2013-06-16T02:00:00 42 164 17 11 19 5 6 11 2 11 4 17
2013-06-16T03:00:00 42 123 16 10 8 2 4 8 2 11 3 17
2013-06-16T04:00:00 42 91 15 9 4 0 2 6 2 7 3 15
2013-06-16T05:00:00 42 70 13 8 1 0 1 4 2 5 1 14
2013-06-16T06:00:00 42 57 8 6 1 0 1 5 2 2 1 13
2013-06-16T07:00:00 42 77 1 3 1 2 1 4 1 4 0 10
2013-06-16T08:00:00 42 92 3 4 0 2 0 3 0 4 0 10
2013-06-16T09:00:00 43 129 4 10 0 2 0 6 0 4 1 9
2013-06-16T10:00:00 43 173 7 12 3 3 1 14 0 3 4 12
2013-06-16T11:00:00 45 217 7 14 6 6 3 24 0 4 5 16
2013-06-16T12:00:00 47 262 7 19 13 15 4 40 2 10 6 22
2013-06-16T13:00:00 49 291 12 23 23 18 5 55 4 13 7 27
2013-06-16T14:00:00 50 307 14 23 30 23 9 75 6 18 8 31
2013-06-16T15:00:00 71 313 18 25 38 31 11 90 6 21 10 33
2013-06-16T16:00:00 69 316 18 24 41 38 13 93 8 28 7 35
2013-06-16T17:00:00 61 305 21 23 43 45 12 91 8 29 6 34
2013-06-16T18:00:00 65 289 22 20 43 42 13 83 6 26 6 29
2013-06-22T21:00:00 87 271 25 24 34 36 20 62 1 34 5 50
2013-06-22T22:00:00 87 275 25 19 33 30 17 46 1 28 5 49
2013-06-22T23:00:00 87 280 27 18 35 26 14 35 1 21 4 39
2013-06-23T00:00:00 86 271 24 16 31 17 14 26 1 17 4 38
2013-06-23T01:00:00 86 253 23 15 22 14 11 21 1 12 1 34
2013-06-23T02:00:00 86 223 17 14 11 8 7 14 1 8 1 30
2013-06-23T03:00:00 86 159 13 9 7 2 4 11 1 7 1 23
2013-06-23T04:00:00 85 110 11 7 4 1 2 7 1 3 1 12
2013-06-23T05:00:00 85 71 4 6 2 0 1 4 0 2 1 11
2013-06-23T06:00:00 85 47 3 3 1 0 0 4 0 2 1 7
2013-06-23T07:00:00 86 50 2 2 1 1 0 2 0 0 0 4
2013-06-23T08:00:00 88 83 3 2 3 3 0 4 0 2 1 5
2013-06-23T09:00:00 89 126 3 6 4 3 1 11 0 2 2 9
2013-06-23T10:00:00 90 173 4 11 5 6 2 16 2 6 3 10
2013-06-23T11:00:00 92 232 6 15 6 10 4 26 2 7 5 15
2013-06-23T12:00:00 94 294 10 18 11 14 6 33 2 9 5 19
2013-06-23T13:00:00 96 310 13 21 17 15 9 43 3 15 6 27
2013-06-23T14:00:00 97 300 14 24 19 19 13 54 4 18 7 33
2013-06-23T15:00:00 99 296 18 24 22 26 13 62 6 21 7 39
2013-06-23T16:00:00 101 290 21 21 24 31 14 67 5 20 7 41
2013-06-23T17:00:00 106 305 26 19 26 36 15 68 5 22 7 38
2013-07-18T02:00:00 47 165 19 22 8 3 4 29 1 11 2 17
2013-07-18T03:00:00 47 130 17 16 4 3 2 17 1 6 1 15
2013-07-18T04:00:00 46 99 14 15 2 1 2 10 1 4 1 15
2013-07-18T05:00:00 46 66 8 6 2 1 1 9 1 2 0 11
2013-07-18T06:00:00 46 52 4 7 2 1 1 5 0 1 0 10
2013-07-18T07:00:00 45 62 4 5 1 1 1 2 0 1 0 7
2013-07-18T08:00:00 44 103 4 4 0 0 0 5 0 4 0 7
2013-07-18T09:00:00 44 121 3 6 1 0 0 11 1 5 4 10
2013-07-18T10:00:00 43 150 6 8 2 0 1 16 1 7 4 12
2013-07-18T11:00:00 42 192 8 9 2 3 1 23 1 7 4 14
2013-07-18T12:00:00 41 222 14 8 3 3 2 31 2 7 5 18
2013-07-18T13:00:00 41 235 18 8 9 6 4 38 6 9 7 19
2013-07-18T14:00:00 40 231 18 8 13 8 6 47 7 9 9 20
2013-07-18T15:00:00 41 242 20 10 13 12 8 53 6 9 5 23
2013-07-18T16:00:00 43 238 22 11 12 14 7 54 7 10 5 22
2013-07-18T17:00:00 44 230 26 13 14 15 7 56 7 12 5 22
2013-07-18T18:00:00 46 216 23 17 14 21 6 58 7 13 4 17
2013-07-18T19:00:00 46 185 20 20 12 23 6 60 4 14 2 18
2013-07-18T20:00:00 44 172 23 23 11 24 5 56 3 13 0 18
2013-07-18T21:00:00 43 178 21 22 14 22 6 46 3 14 0 17
2013-07-18T22:00:00 42 179 20 19 19 22 6 42 2 11 0 18
2013-07-18T23:00:00 41 185 19 20 19 20 8 35 3 12 1 19
2013-07-19T00:00:00 40 189 17 19 19 15 8 26 2 10 1 22
2013-07-19T01:00:00 40 194 18 16 15 10 7 21 1 10 1 23
2013-07-21T02:00:00 60 232 26 10 13 7 7 98 3 10 3 27
2013-07-21T03:00:00 61 198 23 8 9 4 4 54 2 10 3 24
2013-07-21T04:00:00 62 146 18 8 5 2 1 27 2 7 3 20
2013-07-21T05:00:00 63 101 14 5 2 2 1 13 0 5 1 13
2013-07-21T06:00:00 65 61 13 5 1 1 0 11 0 4 1 7
2013-07-21T07:00:00 66 65 8 5 1 0 0 7 0 3 1 8
2013-07-21T08:00:00 67 97 6 5 2 0 0 17 0 7 1 10
2013-07-21T09:00:00 67 129 8 6 2 2 1 23 0 9 2 12
2013-07-21T10:00:00 68 171 9 7 2 2 2 30 1 18 4 15
2013-07-21T11:00:00 68 239 10 10 4 9 3 46 1 21 6 24
2013-07-21T12:00:00 69 334 15 8 8 11 5 60 2 21 7 40
2013-07-21T13:00:00 78 404 18 7 10 16 6 81 3 32 8 49
2013-07-21T14:00:00 84 414 18 10 14 19 10 89 4 30 9 48
2013-07-21T15:00:00 79 437 19 9 17 25 12 101 6 34 8 46
2013-07-21T16:00:00 81 443 23 9 19 30 12 130 6 28 6 48
2013-07-21T17:00:00 86 422 23 7 18 31 12 141 6 27 4 45
2013-07-21T18:00:00 87 377 18 9 21 33 12 154 5 27 3 36
2013-07-21T19:00:00 85 340 20 12 27 30 11 165 5 18 5 29
2013-07-21T20:00:00 78 344 22 11 30 31 8 197 4 20 4 35
2013-07-21T21:00:00 73 328 25 14 31 31 8 215 2 15 4 37
2013-07-21T22:00:00 68 316 25 12 31 30 11 205 4 15 6 38
2013-07-21T23:00:00 64 318 27 11 32 24 11 209 4 15 8 34
2013-07-22T00:00:00 60 294 34 9 25 21 11 207 4 15 8 29
2013-07-22T01:00:00 58 262 30 5 18 19 11 182 3 13 5 26
2013-08-20T11:00:00 28 169 6 4 7 3 2 10 3 3 2 10
2013-08-20T12:00:00 25 203 8 8 8 5 2 18 2 3 2 9
2013-08-20T13:00:00 25 233 11 8 10 7 4 22 2 7 2 12
2013-08-20T14:00:00 25 219 13 11 12 7 6 26 2 10 2 13
2013-08-20T15:00:00 25 218 13 11 12 8 6 29 2 13 2 12
2013-08-20T16:00:00 25 218 16 10 9 9 5 32 2 13 1 14
2013-08-20T17:00:00 26 215 17 13 7 7 8 32 1 13 1 14
2013-08-20T18:00:00 25 216 15 10 6 7 8 27 1 14 2 17
2013-08-20T19:00:00 26 196 13 11 7 9 8 28 2 12 2 17
2013-08-20T20:00:00 27 194 13 12 5 13 7 24 2 12 3 21
2013-08-20T21:00:00 29 195 14 12 6 14 8 21 2 15 3 26
2013-08-20T22:00:00 29 180 12 12 7 12 7 16 3 16 3 22
2013-08-20T23:00:00 29 174 11 12 10 12 4 19 2 15 6 23
2013-08-21T00:00:00 30 162 16 15 11 10 4 18 2 15 5 22
2013-08-21T01:00:00 31 144 15 14 8 7 2 13 1 14 5 19
2013-08-21T02:00:00 32 122 13 10 7 4 2 12 1 11 4 13
2013-08-21T03:00:00 32 97 9 8 5 2 1 12 2 5 4 6
2013-08-21T04:00:00 33 76 7 7 4 3 1 9 1 3 3 6
2013-08-21T05:00:00 33 52 7 5 1 3 1 4 1 2 0 3
2013-08-21T06:00:00 34 30 2 2 0 3 2 4 1 2 0 1
2013-08-21T07:00:00 34 37 2 2 0 3 2 4 1 1 1 1
2013-08-21T10:00:00 35 123 12 5 2 3 1 13 2 3 4 11
2013-08-21T11:00:00 36 155 11 7 5 5 4 17 3 3 5 15
2013-08-21T12:00:00 37 183 13 7 6 6 3 21 3 4 8 20
2013-08-21T13:00:00 37 204 12 8 7 7 7 24 6 4 8 19
2013-08-21T14:00:00 38 193 13 10 10 10 9 29 6 5 10 21
2013-08-21T15:00:00 38 190 9 9 9 13 9 28 5 6 7 20
2013-08-21T16:00:00 39 196 9 9 12 14 9 30 4 7 8 23
2013-09-04T12:00:00 47 160 14 18 2 4 3 15 2 4 6 9
2013-09-04T13:00:00 46 176 18 22 3 6 3 19 3 7 7 9
2013-09-04T14:00:00 48 167 18 21 4 7 3 22 3 9 4 10
2013-09-04T15:00:00 47 168 17 24 4 7 3 23 2 12 4 10
2013-09-04T16:00:00 49 166 13 21 2 7 3 25 3 12 5 9
2013-09-04T17:00:00 50 157 13 18 3 7 6 25 4 10 6 10
2013-09-04T18:00:00 51 148 12 18 4 6 6 21 4 10 6 12
2013-09-04T19:00:00 50 141 13 14 7 4 6 18 3 8 4 15
2013-09-04T20:00:00 49 137 12 18 7 5 7 17 3 6 4 15
2013-09-04T21:00:00 47 143 13 14 9 9 5 17 3 4 3 14
2013-09-04T22:00:00 46 136 16 16 9 11 6 14 1 3 3 14
2013-09-04T23:00:00 44 133 16 16 8 11 4 11 0 4 3 12
2013-09-05T00:00:00 43 134 16 17 8 12 5 12 0 4 2 12
2013-09-05T01:00:00 43 126 14 18 6 12 5 11 0 3 2 10
2013-09-05T02:00:00 42 108 12 15 5 10 4 7 0 4 2 10
2013-09-05T03:00:00 42 78 12 15 3 5 4 4 0 3 3 9
2013-09-05T04:00:00 42 56 8 10 3 2 3 3 0 3 2 8
2013-09-05T05:00:00 42 39 6 7 3 1 1 2 0 2 1 8
2013-09-05T06:00:00 42 27 5 5 3 0 0 2 0 1 1 6
2013-09-05T07:00:00 41 39 4 2 2 0 0 4 2 1 1 3
2013-09-13T07:00:00 40 44 2 2 0 0 1 4 0 1 2 0
2013-09-13T08:00:00 42 67 5 7 1 0 1 5 1 2 1 3
2013-09-13T09:00:00 43 98 5 10 1 0 1 9 1 3 1 3
2013-09-13T10:00:00 43 127 6 13 2 0 1 11 1 4 1 3
2013-09-13T11:00:00 44 151 7 19 3 1 1 14 1 5 1 9
2013-09-13T12:00:00 48 164 9 24 3 1 1 24 1 7 1 10
2013-09-13T13:00:00 71 173 10 25 3 2 0 27 2 9 1 12
2013-09-13T14:00:00 68 175 9 24 2 5 3 35 1 10 1 13
2013-09-13T15:00:00 59 171 13 26 4 6 4 40 1 10 1 18
2013-09-13T16:00:00 64 179 12 28 4 10 5 52 2 10 3 19
2013-09-13T17:00:00 70 185 16 26 4 9 6 50 2 9 3 16
2013-09-13T18:00:00 69 203 15 31 5 11 7 44 2 7 4 19
2013-09-13T19:00:00 64 225 17 32 9 11 7 50 3 10 4 20
2013-09-13T20:00:00 56 227 17 31 12 14 7 46 3 8 4 20
2013-09-13T21:00:00 54 247 16 28 12 14 7 38 4 10 3 19
2013-09-13T22:00:00 53 254 19 28 13 11 7 28 3 11 2 22
2013-09-13T23:00:00 55 280 22 29 14 11 9 30 3 14 2 26
2013-09-14T00:00:00 55 282 23 25 13 9 8 29 4 15 1 25
2013-09-14T01:00:00 56 288 21 24 10 8 8 22 2 10 1 24
2013-09-14T02:00:00 56 304 21 22 7 2 6 19 2 11 2 20
2013-09-14T03:00:00 56 289 18 20 5 1 5 17 1 8 2 17
2013-09-14T04:00:00 56 262 16 15 3 1 4 13 1 6 1 13
2013-09-14T05:00:00 57 206 9 10 1 2 1 10 1 3 1 6
2013-09-14T06:00:00 57 176 7 4 1 2 2 8 0 2 1 3
2013-10-08T03:00:00 27 151 18 17 2 1 3 13 0 3 3 11
2013-10-08T04:00:00 28 111 15 15 1 1 2 9 0 3 3 11
2013-10-08T05:00:00 28 70 9 13 1 1 1 5 0 2 1 5
2013-10-08T06:00:00 28 52 6 11 1 1 0 3 1 2 0 2
2013-10-08T07:00:00 27 56 7 7 1 1 1 6 1 2 0 6
2013-10-08T08:00:00 25 96 11 12 1 5 2 6 1 5 1 6
2013-10-08T09:00:00 24 146 19 18 2 8 3 8 4 8 6 8
2013-10-08T10:00:00 23 185 27 29 2 10 3 9 6 7 6 16
2013-10-08T11:00:00 22 222 32 45 2 10 4 13 6 11 11 17
2013-10-08T12:00:00 22 249 35 56 3 10 4 17 6 12 11 21
2013-10-08T13:00:00 21 269 33 62 7 12 3 20 10 13 11 19
2013-10-08T14:00:00 21 249 29 61 7 8 2 24 10 11 10 19
2013-10-08T15:00:00 28 234 21 60 6 7 1 34 7 8 5 19
2013-10-08T16:00:00 22 224 13 53 7 5 1 43 6 8 5 12
2013-10-08T17:00:00 21 224 11 37 7 5 0 45 6 4 0 15
2013-10-08T18:00:00 22 225 11 30 7 6 0 48 5 3 0 13
2013-10-08T19:00:00 9 222 13 23 4 4 1 53 1 2 3 16
2013-10-08T20:00:00 9 220 14 23 4 5 1 55 1 2 3 17
2013-10-08T21:00:00 9 215 16 18 8 2 2 52 2 5 3 21
2013-10-08T22:00:00 9 209 18 15 9 4 2 50 2 5 3 25
2013-10-08T23:00:00 10 201 18 19 9 5 2 48 2 6 4 24
2013-10-17T01:00:00 47 95 17 39 8 5 0 13 3 1 3 12
2013-10-17T02:00:00 41 74 16 22 4 5 0 11 2 0 3 11
2013-10-17T03:00:00 43 60 13 18 3 4 0 8 1 0 2 9
2013-10-17T04:00:00 41 44 10 14 2 0 0 4 1 0 2 8
2013-10-17T05:00:00 45 33 3 12 1 0 0 2 0 0 2 8
2013-10-17T06:00:00 41 23 2 7 1 0 0 2 0 0 1 6
2013-10-17T07:00:00 42 30 1 3 1 1 0 3 0 0 0 3
2013-10-17T08:00:00 40 51 2 4 0 1 0 5 2 2 1 4
2013-10-17T09:00:00 39 71 6 10 0 2 0 9 2 4 2 5
2013-10-17T10:00:00 40 86 6 14 1 4 0 12 2 4 2 8
2013-10-17T11:00:00 41 105 6 17 1 6 0 17 2 5 3 8
2013-10-17T12:00:00 47 114 9 22 3 6 0 20 6 5 4 10
2013-10-17T13:00:00 47 122 8 27 7 5 0 29 6 7 6 12
2013-10-17T14:00:00 47 124 8 29 9 5 1 33 6 7 6 12
2013-10-17T15:00:00 47 120 7 29 13 4 1 33 6 5 6 13
2013-10-17T16:00:00 46 125 7 29 12 2 2 35 6 6 7 13
2013-10-17T17:00:00 46 128 9 31 13 1 2 38 6 7 6 14
2013-10-17T18:00:00 45 138 9 33 13 2 2 40 5 8 7 12
2014-02-11T08:00:00 53 30 4 1 0 0 0 1 0 1 0 3
2014-02-11T09:00:00 62 46 4 2 0 0 1 6 0 1 1 6
2014-02-11T10:00:00 58 65 3 3 1 0 1 8 0 2 1 7
2014-02-11T11:00:00 62 85 5 5 2 0 1 12 0 2 1 6
2014-02-11T12:00:00 55 104 5 5 3 2 1 13 0 2 2 7
2014-02-11T13:00:00 55 120 6 7 4 3 1 14 1 2 2 7
2014-02-11T14:00:00 56 107 5 6 4 3 1 18 1 2 2 8
2014-02-11T15:00:00 59 103 5 5 4 5 2 16 1 2 2 6
2014-02-11T16:00:00 62 107 5 4 3 5 3 14 1 3 4 6
2014-02-11T17:00:00 63 109 4 3 4 6 3 13 2 4 5 6
2014-02-11T18:00:00 58 106 8 3 4 5 4 15 2 6 4 7
2014-02-11T19:00:00 52 95 6 1 4 6 4 16 1 6 4 6
2014-02-11T20:00:00 47 103 7 2 5 6 6 13 1 5 4 5
2014-02-11T21:00:00 39 107 7 2 7 4 4 11 2 5 3 6
2014-02-11T22:00:00 37 97 9 2 8 5 3 11 2 5 1 6
2014-02-11T23:00:00 34 93 9 4 7 4 5 10 1 4 1 8
2014-02-12T00:00:00 34 85 8 5 7 4 5 9 1 2 1 7
2014-02-12T01:00:00 39 80 11 6 6 2 5 7 1 2 1 8
2014-02-12T02:00:00 31 68 9 5 5 2 4 6 1 2 1 8
2014-02-12T03:00:00 29 52 11 5 3 2 4 5 0 2 1 6
2014-02-12T04:00:00 28 40 9 5 3 1 4 5 0 0 1 5
2014-02-12T05:00:00 31 23 8 2 2 1 2 3 0 0 1 3
2014-02-12T06:00:00 33 15 6 1 1 0 1 1 0 0 1 2
2014-02-12T07:00:00 34 11 2 0 1 0 1 1 0 0 1 1
2014-02-12T08:00:00 39 28 2 0 2 0 1 2 0 0 1 0
2014-02-12T09:00:00 45 45 4 1 3 0 1 3 1 1 2 2
2014-02-12T10:00:00 48 55 8 1 2 1 1 4 1 1 2 3
2014-02-12T11:00:00 56 71 10 1 2 1 2 5 2 2 1 3
2014-02-13T02:00:00 26 60 15 4 6 4 0 6 1 2 1 8
2014-02-13T03:00:00 27 50 12 4 2 3 0 5 1 2 0 7
2014-02-13T04:00:00 26 32 9 3 0 2 0 4 0 1 0 6
2014-02-13T05:00:00 36 21 7 3 0 1 0 4 0 1 0 5
2014-02-13T06:00:00 50 17 3 1 0 0 0 3 0 0 0 2
2014-02-13T07:00:00 59 17 3 0 0 0 1 1 0 0 0 1
2014-02-13T08:00:00 62 29 2 2 0 0 1 2 0 0 0 3
2014-02-13T09:00:00 58 52 3 4 0 0 3 4 1 1 0 4
2014-02-13T10:00:00 48 69 6 4 1 0 3 6 1 2 1 7
2014-02-13T11:00:00 39 83 5 5 2 0 3 8 1 2 1 8
2014-02-13T12:00:00 32 108 6 6 3 3 4 9 1 2 1 11
2014-02-13T13:00:00 32 124 9 7 4 3 3 9 2 5 1 14
2014-02-13T14:00:00 29 128 9 6 8 6 5 11 2 5 1 13
2014-02-13T15:00:00 28 123 10 4 8 8 3 14 2 4 1 13
2014-02-13T16:00:00 32 130 10 6 9 9 4 12 2 7 0 11
2014-02-13T17:00:00 35 128 9 5 9 9 4 16 2 7 1 12
2014-02-13T18:00:00 38 116 11 5 10 7 3 18 3 8 1 9
2014-02-13T19:00:00 36 107 9 4 12 8 3 20 2 7 2 7
2014-02-13T20:00:00 36 105 12 4 9 6 3 18 2 8 2 6
2014-02-13T21:00:00 37 107 12 7 13 5 3 15 1 8 3 5
2014-02-13T22:00:00 40 103 11 5 12 4 2 16 2 5 4 5
2014-02-13T23:00:00 40 108 15 5 12 5 2 11 3 8 3 6
2014-02-15T09:00:00 39 46 4 3 0 1 3 5 0 1 2 5
2014-02-15T10:00:00 34 66 6 3 0 3 3 8 0 2 1 7
2014-02-15T11:00:00 31 90 9 6 0 3 3 9 0 2 3 7
2014-02-15T12:00:00 32 122 14 5 1 5 3 11 0 3 3 7
2014-02-15T13:00:00 34 139 14 4 3 7 3 17 2 4 5 8
2014-02-15T14:00:00 36 151 17 3 6 11 2 21 2 3 6 8
2014-02-15T15:00:00 37 147 19 3 6 11 3 29 3 6 6 9
2014-02-15T16:00:00 38 151 19 4 9 11 4 36 3 7 8 13
2014-02-15T17:00:00 38 149 19 4 9 11 4 39 3 10 6 12
2014-02-15T18:00:00 35 134 17 4 9 12 4 45 3 10 7 13
2014-02-15T19:00:00 39 131 16 4 9 14 5 44 1 11 5 13
2014-02-15T20:00:00 45 122 14 5 8 13 6 40 1 12 5 15
2014-02-15T21:00:00 42 136 14 6 9 14 4 34 0 10 4 12
2014-02-15T22:00:00 40 120 16 5 7 13 7 30 0 11 2 8
2014-02-15T23:00:00 40 118 21 3 10 14 8 30 0 9 2 10
2014-02-16T00:00:00 34 112 21 3 9 11 8 23 0 8 3 10
2014-02-16T01:00:00 41 97 21 5 7 6 7 21 0 7 4 8
2014-02-16T02:00:00 30 82 20 6 5 3 6 21 0 7 3 5
2014-02-16T03:00:00 28 54 19 5 4 2 5 19 0 6 3 5
2014-02-16T04:00:00 24 46 14 5 3 1 1 12 0 3 3 3
2014-02-16T05:00:00 24 24 7 4 0 0 0 8 0 2 3 1
2014-06-07T16:00:00 99 122 12 23 11 9 4 57 0 21 5 21
2014-06-07T17:00:00 91 105 9 22 11 8 5 55 1 26 3 18
2014-06-07T18:00:00 86 105 11 22 9 10 5 54 1 27 5 17
2014-06-07T19:00:00 80 110 11 29 9 10 4 53 1 28 6 18
2014-06-07T20:00:00 75 112 11 33 7 11 4 48 1 29 5 15
2014-06-07T21:00:00 71 101 11 31 6 11 4 41 1 22 6 13
2014-06-07T22:00:00 68 93 15 31 6 11 4 42 1 21 6 11
2014-06-07T23:00:00 65 98 19 28 7 13 2 45 0 15 6 13
2014-06-08T00:00:00 59 100 22 28 6 11 3 47 2 13 5 13
2014-06-08T01:00:00 59 80 22 22 6 9 4 43 2 10 4 14
2014-06-08T02:00:00 56 64 21 16 6 7 4 41 2 7 4 12
2014-06-08T03:00:00 57 56 19 12 5 7 3 36 2 4 3 10
2014-06-08T04:00:00 59 43 16 8 5 4 3 29 2 2 3 8
2014-06-08T05:00:00 58 26 11 8 2 1 3 18 2 4 2 5
2014-06-08T06:00:00 62 12 7 6 2 1 3 8 0 4 1 3
2014-06-08T07:00:00 67 20 5 3 1 1 2 4 0 3 0 3
2014-06-08T08:00:00 69 30 6 5 1 1 4 7 0 5 1 5
2014-06-08T09:00:00 69 44 8 7 1 0 4 10 0 7 1 7
2014-06-08T10:00:00 70 62 9 11 1 0 4 15 0 8 1 7
2014-06-08T11:00:00 70 76 9 11 2 2 5 25 0 8 1 10
2014-06-08T12:00:00 64 94 8 10 4 3 7 31 0 9 4 13
2014-06-08T13:00:00 67 103 7 15 5 5 7 41 0 13 4 12
2014-06-08T14:00:00 66 123 6 17 5 5 7 49 0 12 3 15
2014-06-09T23:00:00 40 105 8 22 4 9 4 15 4 6 0 13
2014-06-10T00:00:00 36 104 10 24 4 8 4 17 4 6 0 15
2014-06-10T01:00:00 33 97 13 27 3 9 4 15 4 5 2 10
2014-06-10T02:00:00 30 81 11 26 2 9 3 14 4 2 2 9
2014-06-10T03:00:00 31 61 11 23 2 7 3 11 5 2 2 7
2014-06-10T04:00:00 34 41 10 18 3 3 3 5 2 2 2 5
2014-06-10T05:00:00 37 31 8 14 1 2 1 4 1 1 2 2
2014-06-10T06:00:00 45 20 6 10 1 2 1 1 1 0 2 0
2014-06-10T07:00:00 47 21 4 5 1 2 1 4 1 0 0 3
2014-06-10T08:00:00 49 34 5 4 1 2 0 3 1 1 0 4
2014-06-10T09:00:00 48 42 5 3 2 2 1 3 0 3 0 5
2014-06-10T10:00:00 46 53 7 8 2 2 2 4 0 4 0 9
2014-06-10T11:00:00 45 72 8 10 2 2 2 5 0 5 0 11
2014-06-10T12:00:00 47 80 9 14 4 2 3 8 0 5 1 12
2014-06-10T13:00:00 46 91 8 18 7 1 3 8 0 6 3 10
2014-06-10T14:00:00 44 89 8 19 8 5 5 11 0 6 4 10
2014-06-10T15:00:00 43 98 7 24 8 5 5 14 0 4 5 10
2014-06-10T16:00:00 41 96 7 21 7 6 4 15 1 5 5 9
2014-06-10T17:00:00 39 90 7 25 7 5 4 17 1 4 7 7
2014-06-10T18:00:00 42 91 7 26 5 6 3 16 1 4 6 9
2014-06-10T19:00:00 41 87 8 32 2 8 5 16 1 5 4 11
2014-06-10T20:00:00 48 83 9 32 3 4 4 17 1 4 3 12
2014-06-10T21:00:00 51 75 13 31 4 4 3 15 1 5 2 12
2014-06-10T22:00:00 55 82 13 34 7 3 3 17 0 5 3 10
2014-06-11T01:00:00 49 65 19 31 10 1 1 15 0 5 3 6
2014-06-11T02:00:00 47 59 19 32 8 1 0 11 0 5 3 4
2014-06-11T03:00:00 45 49 16 28 6 1 0 10 0 5 3 3
2014-06-11T04:00:00 43 33 14 25 3 1 0 7 0 2 2 3
2014-06-11T05:00:00 43 17 11 19 1 1 0 4 0 0 1 1
2014-06-11T06:00:00 41 14 6 15 0 1 0 1 0 0 0 1
2014-06-18T17:00:00 47 111 5 22 4 2 7 29 3 4 5 8
2014-06-18T18:00:00 43 106 6 22 6 1 6 35 0 6 4 7
2014-06-18T19:00:00 40 100 6 24 4 1 4 36 2 5 3 5
2014-06-20T11:00:00 27 85 6 16 4 3 0 11 2 3 3 5
2014-06-20T12:00:00 35 102 6 22 3 3 0 14 2 2 2 7
2014-06-20T13:00:00 43 109 7 22 3 2 0 14 1 2 2 8
2014-06-20T14:00:00 47 107 7 23 2 2 1 19 2 2 3 9
2014-06-20T15:00:00 45 107 6 21 3 2 2 27 2 3 3 7
2014-06-20T16:00:00 45 114 6 19 3 3 5 24 2 3 2 7
2014-06-20T17:00:00 56 108 6 19 3 1 5 25 1 3 2 7
2014-06-20T18:00:00 67 113 10 19 5 1 5 27 1 5 2 7
2014-06-20T19:00:00 72 116 11 21 5 1 7 29 1 5 2 11
2014-06-20T20:00:00 73 121 13 22 4 2 6 27 0 4 1 11
2014-06-20T21:00:00 74 123 14 27 7 2 5 22 0 6 2 14
2014-06-20T22:00:00 75 114 14 30 10 1 2 24 0 7 2 16
2014-06-20T23:00:00 78 120 15 31 12 3 2 22 0 7 3 16
2014-06-21T00:00:00 78 111 14 31 11 3 3 21 0 5 3 17
2014-06-21T01:00:00 76 102 14 34 12 3 1 20 0 5 4 13
2014-06-21T02:00:00 71 85 11 34 12 2 1 18 0 5 3 12
2014-06-21T03:00:00 72 72 11 29 8 2 1 14 0 2 2 9
2014-06-21T04:00:00 74 59 10 24 5 2 1 11 0 1 2 6
2014-06-21T05:00:00 74 40 8 20 3 0 1 9 0 0 1 5
2014-06-21T06:00:00 65 26 6 12 3 0 0 5 0 0 1 3
2014-06-21T07:00:00 46 25 7 10 1 0 0 3 0 0 0 3
2014-06-21T10:00:00 25 92 10 11 2 1 1 10 2 4 5 8
2014-06-21T11:00:00 25 114 13 15 3 1 3 16 4 6 6 9
2014-06-21T12:00:00 25 144 13 24 3 2 5 21 4 7 9 11
2014-06-21T13:00:00 26 164 10 24 5 2 6 26 4 11 11 12
2014-06-21T14:00:00 29 150 11 29 6 3 8 24 3 14 9 13
2014-06-25T18:00:00 25 117 12 30 6 2 5 20 1 9 8 9
2014-06-26T08:00:00 24 33 3 2 1 1 0 2 1 5 1 6
2014-06-26T09:00:00 27 42 4 7 2 2 0 4 1 5 0 5
2014-06-26T10:00:00 26 59 6 12 2 2 2 7 1 5 0 7
2014-06-26T13:00:00 29 107 11 27 6 8 3 20 1 9 2 15
2014-06-26T14:00:00 30 108 13 28 7 7 5 26 0 7 2 19
2014-06-26T15:00:00 28 114 13 28 7 6 6 26 1 9 2 22
2014-06-26T16:00:00 29 118 11 29 8 6 5 26 3 10 3 22
2014-06-26T17:00:00 31 118 7 29 10 3 5 26 3 8 3 19
2014-06-26T18:00:00 39 113 10 27 9 4 4 24 3 7 2 20
2014-06-26T19:00:00 45 107 11 26 7 3 5 23 3 8 2 20
2014-06-26T20:00:00 47 105 12 27 11 4 5 21 4 8 2 17
2014-06-26T21:00:00 49 102 12 27 12 4 7 21 4 9 3 18
2014-06-26T22:00:00 50 102 13 24 13 4 6 19 3 10 2 23
2014-06-26T23:00:00 44 113 15 25 11 6 6 20 4 8 1 22
2014-06-27T00:00:00 32 105 14 30 13 4 6 20 4 9 1 22
2014-06-27T01:00:00 29 97 12 35 14 3 6 20 4 9 1 20
2014-06-27T02:00:00 25 91 7 34 9 2 4 16 3 7 1 20
2014-06-27T03:00:00 27 78 8 32 7 2 1 15 2 4 0 18
2014-06-27T04:00:00 27 62 7 31 5 2 1 14 1 2 0 10
2014-06-27T05:00:00 29 38 5 25 4 0 1 10 0 2 1 9
2014-06-27T06:00:00 29 30 3 18 1 0 1 7 0 1 1 7
2014-06-27T07:00:00 28 28 4 12 0 0 0 5 0 0 1 5
2014-06-27T08:00:00 29 31 5 11 0 0 0 6 0 0 1 5
2014-08-23T05:00:00 68 37 10 8 5 1 1 17 1 7 3 7
2014-08-23T06:00:00 67 24 7 3 3 0 1 9 0 3 2 4
2014-08-23T07:00:00 67 24 2 1 2 1 0 8 0 2 2 3
2014-08-23T08:00:00 68 37 4 0 2 1 0 13 0 0 0 4
2014-08-23T09:00:00 67 49 5 1 2 1 0 16 0 1 0 4
2014-08-23T10:00:00 72 62 6 1 0 2 1 19 0 3 0 6
2014-08-23T11:00:00 73 79 10 1 3 2 1 23 0 3 2 8
2014-08-23T12:00:00 70 105 12 3 8 3 2 31 1 5 3 12
2014-08-23T13:00:00 73 116 15 5 10 5 3 35 1 6 3 15
2014-08-23T14:00:00 76 133 18 7 10 6 4 41 1 9 4 18
2014-08-23T17:00:00 73 155 16 10 12 13 7 58 1 12 9 33
2014-08-23T18:00:00 74 147 17 8 11 14 8 57 0 13 8 31
2014-08-23T19:00:00 83 148 14 8 13 13 7 58 1 15 8 28
2014-08-23T20:00:00 88 148 14 7 16 12 7 52 1 14 7 26
2014-08-23T21:00:00 89 149 14 7 17 11 6 51 1 15 2 25
2014-08-23T22:00:00 86 144 16 8 16 7 5 48 2 11 1 22
2014-08-23T23:00:00 86 148 21 7 16 6 6 50 2 12 1 20
2014-08-24T00:00:00 86 145 22 8 16 5 5 47 3 12 1 26
2014-08-24T01:00:00 87 134 26 9 13 4 6 44 2 15 2 25
2014-08-24T02:00:00 80 106 22 8 12 5 5 38 2 14 2 23
2014-08-24T03:00:00 74 89 19 7 10 4 3 31 2 13 2 18
2014-08-24T04:00:00 71 66 15 5 9 4 3 22 1 13 1 15
2014-08-24T05:00:00 69 45 9 4 7 3 2 11 1 11 1 10
2014-08-24T06:00:00 71 32 6 4 3 2 1 5 0 8 1 1
2014-08-24T07:00:00 75 32 2 2 2 1 1 6 0 2 0 1
2014-08-24T08:00:00 88 48 3 2 0 2 1 7 0 3 0 1
2014-08-24T09:00:00 101 73 4 2 1 2 2 12 0 3 0 3
2014-08-24T10:00:00 113 85 6 7 2 3 3 16 0 4 2 6
2014-08-24T11:00:00 118 106 7 8 4 4 3 25 0 9 2 10
2014-08-24T12:00:00 106 127 7 10 7 4 3 37 0 13 3 11
2014-08-24T13:00:00 102 139 9 9 10 7 4 44 0 15 3 14
2014-08-24T14:00:00 103 155 9 12 10 5 5 50 0 16 4 16
2014-08-24T15:00:00 93 162 12 15 11 8 5 50 0 16 6 18
2014-09-09T20:00:00 51 100 9 9 5 5 5 12 2 5 1 10
2014-09-09T21:00:00 50 99 10 6 4 5 3 10 3 5 2 15
2014-09-09T22:00:00 47 100 15 7 5 5 4 11 3 6 3 16
2014-09-09T23:00:00 45 101 20 10 6 6 2 13 4 7 3 18
2014-09-10T00:00:00 46 103 21 14 5 3 2 13 4 6 3 17
2014-09-10T01:00:00 47 90 20 14 6 3 2 12 4 5 4 18
2014-09-10T02:00:00 51 72 18 12 5 2 2 11 4 5 5 17
2014-09-10T03:00:00 49 59 17 12 5 1 2 10 3 5 4 11
2014-09-10T04:00:00 50 47 12 12 3 1 1 7 2 3 3 9
2014-09-10T05:00:00 49 32 7 9 2 0 1 2 1 1 3 5
2014-09-10T06:00:00 49 22 2 5 2 0 1 2 1 1 2 4
2014-09-10T07:00:00 46 24 1 4 0 0 0 2 0 1 1 3
2014-09-10T08:00:00 47 35 2 2 0 0 0 4 0 1 1 3
2014-09-10T09:00:00 49 51 3 5 0 1 0 5 0 2 2 8
2014-09-10T10:00:00 69 69 6 6 0 2 0 7 0 3 2 11
2014-09-10T11:00:00 96 89 6 12 1 3 0 12 1 4 2 13
2014-09-10T12:00:00 101 115 7 18 1 3 1 19 1 8 4 15
2014-09-10T13:00:00 107 138 7 20 2 3 2 19 1 8 4 17
2014-09-10T14:00:00 113 136 13 21 3 6 2 20 1 8 3 17
2014-09-10T15:00:00 114 136 13 22 4 6 4 21 2 7 2 15
2014-09-10T16:00:00 115 134 11 23 4 5 4 20 2 7 2 12
2014-09-10T17:00:00 89 133 13 19 4 7 5 16 1 7 2 12
2014-09-10T18:00:00 76 120 15 16 7 8 4 13 1 5 0 14
2014-09-10T19:00:00 64 109 15 15 6 11 4 19 2 5 2 13
2014-10-08T01:00:00 53 132 16 24 11 6 3 52 4 12 3 35
2014-10-08T02:00:00 47 105 14 20 7 5 4 46 3 6 3 33
2014-10-08T03:00:00 45 73 10 16 4 3 5 38 3 6 2 24
2014-10-08T04:00:00 44 51 7 14 2 1 5 30 3 2 2 19
2014-10-08T05:00:00 44 34 4 11 0 1 3 14 2 1 1 12
2014-10-08T06:00:00 45 22 2 8 0 0 2 7 1 0 1 7
2014-10-08T07:00:00 52 35 0 0 0 0 3 4 0 0 0 7
2014-10-08T08:00:00 56 59 1 1 2 0 2 6 0 0 2 5
2014-10-08T09:00:00 52 69 3 5 2 1 1 7 0 2 2 10
2014-10-08T10:00:00 48 83 5 11 3 3 1 12 1 4 4 11
2014-10-08T11:00:00 44 105 5 17 3 4 1 15 1 5 5 13
2014-10-08T12:00:00 40 123 7 22 4 5 2 18 1 5 5 17
2014-10-08T13:00:00 42 118 8 25 5 6 3 28 2 5 8 19
2014-10-08T14:00:00 44 121 9 26 4 8 3 29 2 7 6 21
2014-10-08T15:00:00 42 125 7 24 5 8 3 34 2 7 7 18
2014-10-08T16:00:00 45 131 10 21 6 6 3 42 1 8 5 22
2014-10-08T17:00:00 45 121 14 21 7 6 3 51 1 8 4 24
2014-10-08T18:00:00 45 119 15 20 6 6 4 56 1 10 4 23
2014-10-08T19:00:00 45 128 17 24 6 6 3 61 1 11 1 24
2014-10-08T20:00:00 46 116 16 28 6 9 3 68 1 10 3 25
2014-10-08T21:00:00 43 117 17 31 8 10 3 66 1 9 4 29
2014-10-08T22:00:00 41 108 16 32 7 10 3 65 1 7 4 29
2014-10-08T23:00:00 43 111 15 30 7 10 3 68 2 8 5 39
2014-10-09T00:00:00 41 100 16 32 10 10 1 72 2 10 6 42
2014-10-09T01:00:00 41 84 16 28 9 9 0 68 1 9 7 45
