2013-06-11T23:00:00 156 263 21 13 44 31 10 54 4 20 8 20
2013-06-12T00:00:00 164 252 25 15 35 22 10 46 3 12 8 16
2013-06-12T01:00:00 171 242 24 12 21 14 10 44 2 12 7 14
2013-06-12T02:00:00 177 194 21 12 12 8 8 33 1 11 4 18
2013-06-12T03:00:00 183 148 18 10 10 2 5 24 0 7 3 19
2013-06-12T04:00:00 187 111 14 7 5 0 4 19 1 5 1 17
2013-06-12T05:00:00 191 78 11 5 4 0 1 12 2 4 0 13
2013-06-12T06:00:00 195 62 5 2 2 0 1 8 2 5 0 10
2013-11-07T08:00:00 209 36 1 8 0 0 1 4 0 0 2 3
2013-11-07T09:00:00 213 52 3 9 0 0 1 6 0 2 2 4
2013-11-07T10:00:00 217 64 4 19 0 1 2 11 0 3 2 4
2013-11-07T11:00:00 229 84 6 29 0 2 2 17 1 3 1 9
2013-11-07T12:00:00 227 108 8 33 4 3 1 20 1 4 1 10
2013-11-07T13:00:00 225 124 10 36 7 5 2 26 1 6 0 13
2013-11-07T14:00:00 225 116 9 36 8 5 2 32 1 6 0 12
2013-11-07T15:00:00 226 113 8 36 9 5 4 33 1 7 0 13
2013-11-07T16:00:00 226 119 8 32 10 5 4 31 1 7 0 18
2013-11-07T17:00:00 227 112 8 27 10 6 5 29 1 10 0 15
2013-11-07T18:00:00 228 103 8 29 8 6 8 28 1 10 0 16
2013-11-07T19:00:00 230 101 9 28 7 6 8 29 1 8 0 16
2013-11-07T20:00:00 233 108 9 28 8 8 8 23 1 8 0 18
2013-11-15T08:00:00 154 41 2 3 2 1 1 1 0 1 0 4
2013-11-15T09:00:00 163 55 3 7 3 1 0 5 0 2 0 3
2013-11-16T13:00:00 214 138 9 12 15 7 5 54 2 13 7 20
2013-11-16T14:00:00 211 139 11 13 20 14 7 86 2 19 6 25
2013-11-16T15:00:00 209 142 11 17 23 17 10 103 2 25 6 25
2013-11-16T16:00:00 206 149 9 17 29 24 8 117 2 31 5 29
2013-11-16T17:00:00 204 146 10 20 31 25 9 125 2 33 3 27
2013-12-08T18:00:00 150 165 3 16 13 11 6 42 2 11 8 14
2013-12-08T19:00:00 152 151 4 17 14 12 5 39 1 13 8 13
2013-12-08T20:00:00 151 143 7 21 11 10 2 32 1 12 7 16
2013-12-08T21:00:00 151 143 8 22 11 7 1 28 1 11 6 15
2013-12-08T22:00:00 151 139 10 24 14 6 3 18 0 9 4 16
2013-12-08T23:00:00 151 127 11 23 12 5 2 15 1 6 2 15
2013-12-09T00:00:00 152 111 17 23 11 4 2 16 1 5 2 16
2013-12-09T01:00:00 153 105 20 21 10 2 2 13 2 3 1 13
2013-12-09T02:00:00 153 89 18 20 8 2 2 10 2 2 1 9
2013-12-09T03:00:00 152 66 16 17 6 1 2 9 2 2 1 7
2013-12-09T04:00:00 152 47 14 14 3 1 0 8 2 3 0 4
2013-12-09T05:00:00 153 34 12 10 3 1 0 5 1 1 0 2
2013-12-09T06:00:00 156 29 7 3 3 2 0 3 1 2 0 0
2013-12-09T07:00:00 168 22 4 3 1 2 0 4 0 2 0 2
2013-12-09T08:00:00 181 35 3 1 2 1 0 6 0 2 1 3
2013-12-09T09:00:00 188 55 4 7 3 1 0 6 0 3 1 5
2013-12-09T10:00:00 194 68 4 16 5 2 0 7 0 2 1 7
2013-12-09T11:00:00 199 87 5 21 4 2 1 8 0 3 1 7
2013-12-09T12:00:00 204 102 4 28 5 2 1 8 0 3 1 9
2013-12-05T00:00:00 150 62 6 22 10 4 1 7 0 3 1 9
2013-12-05T01:00:00 153 57 7 21 7 4 1 6 0 4 1 9
2013-12-05T02:00:00 155 47 7 18 3 3 0 6 0 1 1 10
2013-12-05T03:00:00 158 34 5 14 3 2 0 5 0 1 1 7
2013-12-05T04:00:00 160 26 5 13 2 2 0 3 0 1 1 5
2013-12-05T05:00:00 162 22 4 6 1 2 0 1 0 1 0 5
2013-12-05T06:00:00 164 17 5 5 2 2 0 2 0 1 0 1
2013-12-05T07:00:00 165 23 4 5 2 1 0 3 0 0 0 4
2013-12-05T08:00:00 166 40 4 9 2 0 2 6 0 2 1 6
2013-12-05T09:00:00 167 75 9 18 3 2 4 8 0 2 3 9
2013-12-05T10:00:00 171 93 9 25 3 3 4 12 0 4 4 10
2013-12-05T11:00:00 177 103 9 30 4 3 4 13 0 6 4 12
2013-12-05T12:00:00 183 122 10 34 3 3 4 17 0 6 4 13
2013-12-05T13:00:00 188 130 12 39 4 4 4 20 0 7 5 10
2013-12-05T17:00:00 218 110 11 22 4 2 0 20 0 5 3 4
2013-12-05T18:00:00 226 112 10 24 5 4 1 15 2 5 3 3
2013-12-05T19:00:00 234 108 9 28 6 4 2 14 2 4 2 9
2013-12-05T20:00:00 242 109 10 44 9 4 3 17 3 1 2 15
2013-12-05T21:00:00 251 108 9 58 12 5 4 15 3 1 2 17
2013-12-05T22:00:00 260 112 12 71 13 7 5 16 3 1 2 20
2013-12-05T23:00:00 270 105 13 72 13 7 6 16 3 3 3 22
2013-12-06T00:00:00 281 93 12 71 12 5 5 19 1 4 4 24
2013-12-06T01:00:00 293 94 11 65 12 4 4 17 1 5 4 18
2013-12-06T02:00:00 305 90 8 52 9 3 3 11 0 5 3 12
2013-12-06T03:00:00 317 76 8 36 5 2 2 8 0 5 3 9
2013-12-06T04:00:00 326 57 3 19 4 0 1 6 0 4 2 7
2013-12-06T05:00:00 335 42 3 17 3 0 0 4 0 2 1 4
2013-12-06T06:00:00 344 36 3 13 3 0 0 1 0 1 0 2
2013-12-06T09:00:00 372 66 8 7 1 2 0 7 0 1 2 6
2013-12-06T10:00:00 380 79 12 11 1 2 2 7 0 3 3 8
2013-12-06T11:00:00 390 97 15 13 2 3 2 10 1 4 3 10
2013-12-06T12:00:00 399 118 17 18 3 3 2 14 2 6 4 11
2013-12-06T13:00:00 409 128 18 25 4 5 2 18 2 6 4 10
2013-12-06T14:00:00 417 121 19 28 4 7 6 23 2 7 3 11
2013-12-06T15:00:00 425 129 18 24 4 7 6 22 2 9 2 11
2013-12-06T16:00:00 431 145 14 26 5 7 6 27 2 8 3 13
2013-12-06T17:00:00 436 153 12 25 4 7 8 28 1 8 5 11
2013-12-06T18:00:00 439 143 12 21 4 9 8 32 0 7 4 15
2013-12-06T19:00:00 441 145 13 16 4 7 9 30 1 6 6 17
2013-12-06T20:00:00 442 148 11 13 5 6 5 25 1 8 6 17
2013-12-06T21:00:00 440 146 12 19 5 5 6 23 1 7 7 17
2013-12-06T22:00:00 437 134 16 19 7 8 5 21 1 8 5 13
2013-12-06T23:00:00 432 127 15 18 7 7 3 19 1 7 3 18
2013-12-07T00:00:00 427 130 14 18 8 5 3 13 2 8 4 13
2013-12-07T01:00:00 421 118 11 16 7 6 2 10 1 8 2 12
2013-12-07T02:00:00 415 102 10 20 6 5 3 12 1 5 2 11
2013-12-07T03:00:00 409 80 8 14 5 4 2 12 1 4 1 9
2013-12-07T04:00:00 405 61 4 9 2 1 1 10 1 2 1 8
2013-12-07T05:00:00 401 40 3 8 2 1 1 8 1 2 1 3
2013-12-07T06:00:00 396 20 2 6 0 1 1 6 0 0 0 3
2013-12-07T07:00:00 395 18 2 6 1 0 1 7 0 0 0 2
2013-12-07T08:00:00 399 38 1 4 1 0 0 4 0 2 2 5
2013-12-07T09:00:00 376 53 5 6 1 2 0 7 0 2 4 11
2013-12-07T10:00:00 361 76 8 12 1 2 0 9 0 5 7 13
2013-12-07T11:00:00 348 103 11 17 2 2 1 12 0 12 7 15
2013-12-07T12:00:00 333 127 13 19 9 3 2 18 1 16 9 15
2013-12-07T13:00:00 315 140 14 22 9 3 3 26 3 19 10 19
2013-12-07T14:00:00 300 134 17 21 13 6 4 33 3 21 10 19
2013-12-07T15:00:00 284 143 14 19 17 6 8 37 4 23 9 14
2013-12-07T16:00:00 268 139 13 16 18 9 9 46 4 24 7 21
2013-12-07T17:00:00 255 133 15 12 19 9 9 58 4 22 9 27
2013-12-07T18:00:00 240 128 14 14 14 13 8 59 4 18 9 30
2013-12-01T06:00:00 152 25 2 8 3 0 1 5 1 4 0 4
2013-12-01T07:00:00 155 28 1 5 4 0 1 3 0 2 0 4
2013-12-01T08:00:00 158 53 4 5 3 0 0 5 0 3 1 2
2013-12-01T09:00:00 161 83 7 4 6 1 1 13 0 3 2 6
2013-12-01T10:00:00 167 104 9 6 7 1 1 16 2 7 3 10
2013-12-01T11:00:00 174 129 10 7 9 2 2 22 2 9 5 14
2013-12-01T12:00:00 183 157 12 8 11 2 2 29 2 11 6 15
2013-12-01T13:00:00 190 175 18 15 13 2 3 37 3 11 8 17
2013-12-01T14:00:00 196 173 19 17 18 5 6 50 3 18 9 25
2013-12-01T15:00:00 201 167 21 21 19 5 6 51 4 21 8 26
2013-12-01T16:00:00 206 172 22 28 20 6 8 59 3 17 10 27
2013-12-01T17:00:00 212 161 22 31 20 6 7 60 3 17 9 23
2013-12-01T18:00:00 218 152 22 31 23 6 7 53 3 17 8 24
2013-12-01T19:00:00 225 136 18 31 23 7 7 46 2 17 6 22
2013-12-01T20:00:00 231 126 15 36 21 4 6 34 2 10 4 17
2013-12-01T21:00:00 237 135 13 38 19 4 6 26 2 6 4 12
2013-12-01T22:00:00 243 126 15 28 17 4 4 18 2 6 1 7
2013-12-01T23:00:00 248 118 18 31 16 4 4 14 2 5 0 8
2013-12-02T00:00:00 253 108 19 31 13 4 4 14 2 3 0 9
2013-12-02T01:00:00 258 96 18 27 10 3 3 14 2 2 0 8
2013-12-02T02:00:00 262 85 17 20 7 3 1 12 2 1 0 5
2013-12-02T03:00:00 266 53 14 16 5 2 0 11 1 1 0 5
2013-12-02T04:00:00 269 37 9 16 5 1 0 9 0 1 0 5
2013-12-02T05:00:00 273 27 5 8 4 0 0 6 0 1 0 4
2013-12-02T06:00:00 277 17 2 7 2 0 0 5 0 1 0 1
2013-12-02T07:00:00 282 16 2 6 1 0 0 3 0 2 0 1
2013-12-02T08:00:00 286 31 4 6 2 1 0 3 0 4 2 2
2013-12-02T09:00:00 290 39 5 5 2 1 1 4 0 5 2 4
2013-12-02T10:00:00 293 43 5 12 2 1 1 5 2 6 3 6
2013-12-02T11:00:00 293 55 5 17 2 2 2 7 3 5 3 9
2013-12-02T12:00:00 294 78 8 19 1 2 3 9 3 6 4 8
2013-12-02T13:00:00 294 93 11 22 5 4 4 9 4 5 4 8
2013-12-02T14:00:00 293 95 10 29 5 3 4 11 4 3 2 8
2013-12-02T15:00:00 292 97 9 33 7 4 3 13 4 2 4 8
2013-12-02T16:00:00 290 110 10 31 7 4 3 14 2 1 3 6
2013-12-02T17:00:00 288 110 10 30 8 3 3 16 1 1 3 4
2013-12-02T18:00:00 286 98 7 30 8 4 2 15 1 1 2 5
2013-12-02T19:00:00 285 94 6 27 5 3 1 17 1 1 2 7
2013-12-02T20:00:00 284 90 5 22 5 3 2 15 1 2 2 7
2013-12-02T21:00:00 283 101 7 21 6 4 3 15 1 3 0 11
2013-12-02T22:00:00 282 95 11 16 7 4 4 12 1 5 0 12
2013-12-02T23:00:00 279 89 13 17 7 4 5 10 1 6 0 14
2013-12-03T00:00:00 275 89 15 20 8 4 6 10 1 6 0 14
2013-12-03T01:00:00 271 80 14 19 7 3 6 7 0 7 1 13
2013-12-03T02:00:00 267 64 14 17 7 4 5 6 0 6 1 12
2013-12-03T03:00:00 261 44 12 14 4 2 4 4 0 5 1 6
2013-12-03T04:00:00 256 33 7 14 3 2 3 5 0 3 1 5
2013-12-03T05:00:00 251 27 4 9 2 2 1 3 0 2 1 2
2013-12-03T06:00:00 246 20 2 3 1 1 0 3 0 1 1 1
2013-12-03T07:00:00 241 25 2 2 1 1 0 3 0 0 0 0
2013-12-03T08:00:00 236 34 2 3 0 0 0 3 1 0 0 0
2013-12-03T09:00:00 231 45 3 6 1 0 0 4 3 1 0 1
2013-12-03T10:00:00 227 56 4 7 3 1 0 3 3 1 0 1
2013-12-03T11:00:00 223 71 5 8 3 1 0 6 3 6 0 3
2013-12-03T12:00:00 220 79 7 11 6 1 0 8 3 6 2 4
2013-12-03T13:00:00 217 77 6 13 9 5 1 14 3 8 3 5
2013-12-03T14:00:00 214 76 8 13 11 5 3 19 2 10 4 5
2013-12-03T15:00:00 210 69 8 12 11 5 4 19 0 11 5 5
2013-12-03T16:00:00 208 68 8 12 10 4 4 22 1 12 5 7
2013-12-03T17:00:00 205 70 9 13 10 4 4 22 1 11 5 8
2013-12-03T18:00:00 202 65 9 11 8 5 4 20 1 11 3 8
2013-12-03T19:00:00 198 70 12 15 7 1 4 19 1 9 3 10
2013-12-03T20:00:00 194 79 15 17 6 2 2 14 3 7 3 11
2013-12-03T21:00:00 189 82 14 15 7 3 1 17 3 5 2 11
2013-12-03T22:00:00 185 82 15 18 7 4 1 15 3 5 4 11
2013-12-03T23:00:00 181 71 15 19 8 5 1 13 3 1 4 9
2013-12-04T00:00:00 178 73 16 24 9 5 1 12 3 2 5 8
2013-12-29T08:00:00 151 37 2 6 2 2 1 10 1 3 0 4
2013-12-29T09:00:00 154 49 2 11 2 1 1 11 1 4 0 5
2013-12-29T10:00:00 158 68 3 12 2 2 1 15 1 7 1 8
2013-12-29T11:00:00 161 93 5 14 4 3 2 14 1 13 2 10
2013-12-29T12:00:00 166 108 5 13 4 3 4 21 1 14 2 12
2013-12-29T13:00:00 170 118 7 13 7 5 3 23 1 18 3 14
2013-12-29T14:00:00 172 122 7 15 6 6 3 24 1 20 4 13
2013-12-29T15:00:00 173 130 9 13 7 12 4 29 2 23 4 13
2013-12-29T16:00:00 174 135 9 14 8 15 5 36 4 23 3 15
2013-12-29T17:00:00 175 140 9 18 6 17 5 41 4 18 3 17
2013-12-29T18:00:00 175 136 9 20 8 18 4 40 4 18 3 17
2013-12-29T19:00:00 176 139 7 20 11 20 5 38 3 14 2 14
2013-12-29T20:00:00 177 137 10 18 10 20 6 34 3 12 1 15
2013-12-29T21:00:00 179 144 8 20 9 14 6 29 2 8 1 16
2013-12-29T22:00:00 180 135 9 22 10 11 5 18 1 5 1 12
2013-12-29T23:00:00 182 118 8 17 11 8 6 14 1 3 0 8
2013-12-30T00:00:00 183 117 11 18 10 8 5 8 1 3 2 6
2013-12-30T01:00:00 184 101 14 21 5 4 5 7 1 2 2 5
2013-12-30T02:00:00 185 85 11 22 6 3 4 6 1 1 2 4
2013-12-30T03:00:00 186 59 10 19 6 3 3 5 1 1 2 2
2013-12-30T04:00:00 187 44 7 14 4 2 4 7 0 2 2 1
2013-12-30T05:00:00 188 32 8 13 3 2 2 6 1 2 2 1
2013-12-30T06:00:00 188 21 5 8 3 0 3 6 1 1 0 1
2013-12-30T07:00:00 188 24 2 5 2 1 2 5 1 1 0 2
2013-12-30T08:00:00 188 48 3 4 1 1 2 6 1 2 0 2
2013-12-30T09:00:00 188 68 6 7 1 2 2 5 1 2 0 2
2013-12-30T10:00:00 186 79 8 12 1 2 1 8 1 1 0 3
2013-12-30T11:00:00 186 97 8 14 1 3 1 8 1 3 0 4
2013-12-30T12:00:00 184 117 9 18 0 3 0 10 1 3 0 5
2013-12-30T13:00:00 183 125 10 24 0 3 2 10 1 3 1 9
2013-12-30T14:00:00 182 119 10 24 0 4 3 10 1 3 2 10
2014-01-19T19:00:00 179 144 11 3 10 9 3 20 1 12 4 11
2014-01-19T20:00:00 187 136 13 4 11 7 2 18 1 11 4 11
2014-01-19T21:00:00 173 114 12 4 12 8 2 15 1 5 3 10
2014-01-18T07:00:00 158 29 4 1 1 0 1 2 3 1 0 2
2014-01-18T08:00:00 200 47 1 1 1 1 0 2 3 1 0 1
2014-01-18T09:00:00 217 57 1 2 3 1 0 3 3 2 2 1
2014-01-18T10:00:00 220 81 6 2 4 1 1 7 2 2 2 1
2014-01-18T11:00:00 224 112 10 4 6 3 2 10 3 7 2 2
2014-01-18T12:00:00 233 133 9 7 7 6 2 12 3 8 2 4
2014-01-18T13:00:00 243 152 13 8 9 8 3 17 2 10 2 9
2014-01-18T14:00:00 250 156 14 9 12 9 3 24 2 12 2 12
2014-01-18T15:00:00 250 170 15 10 12 14 4 27 2 12 1 12
2014-01-18T16:00:00 243 166 10 13 10 17 5 30 2 14 2 15
2014-01-18T17:00:00 215 165 9 13 9 15 4 33 1 9 2 17
2014-01-18T18:00:00 188 164 12 10 10 13 5 34 2 9 3 19
2014-01-18T19:00:00 192 154 8 9 9 12 6 29 1 8 5 16
2014-01-18T20:00:00 197 156 9 8 9 11 6 24 1 5 5 14
2014-01-18T21:00:00 203 155 10 6 11 6 5 21 2 5 4 16
2014-01-18T22:00:00 204 154 11 5 12 4 3 17 2 4 5 17
2014-01-18T23:00:00 197 135 14 5 13 6 5 13 2 5 5 17
2014-01-19T00:00:00 185 114 16 8 11 5 5 14 1 5 4 14
2014-01-19T01:00:00 172 99 17 9 11 4 3 14 1 4 4 14
2014-01-30T00:00:00 152 143 14 4 5 9 3 8 1 4 1 13
2014-01-30T01:00:00 163 125 12 5 3 7 2 7 1 5 1 12
2014-01-30T02:00:00 171 102 13 5 2 6 2 5 0 4 1 11
2014-01-30T03:00:00 180 81 9 4 1 2 2 3 0 4 1 6
2014-01-30T04:00:00 180 61 6 3 1 1 0 2 0 4 0 5
2014-01-30T05:00:00 180 43 3 1 1 1 0 1 0 3 0 4
2014-01-30T06:00:00 198 30 2 1 0 0 0 1 0 3 0 3
2014-01-30T07:00:00 203 25 1 0 0 0 0 0 0 2 0 1
2014-01-30T08:00:00 207 46 0 1 0 0 0 2 0 2 0 1
2014-01-30T09:00:00 211 73 0 1 1 1 0 6 1 1 1 3
2014-01-30T10:00:00 223 109 2 1 3 2 0 8 1 0 2 3
2014-01-30T11:00:00 234 132 4 1 3 2 0 10 1 4 2 6
2014-01-30T12:00:00 243 160 4 1 4 2 0 14 1 6 2 8
2014-01-30T13:00:00 220 177 4 1 5 3 0 17 1 7 2 11
2014-01-30T14:00:00 216 176 6 0 6 7 0 17 1 9 2 12
2014-05-26T06:00:00 168 14 3 4 2 0 1 5 1 1 1 5
2014-05-26T07:00:00 185 22 2 3 3 0 1 4 1 1 1 4
2014-05-26T08:00:00 209 45 2 3 3 0 1 4 0 2 0 2
2014-05-26T09:00:00 223 63 1 5 3 0 0 4 0 2 1 2
2014-05-26T10:00:00 223 80 1 8 2 0 1 7 0 2 1 4
2014-05-26T11:00:00 199 100 2 8 2 0 1 11 1 1 3 6
2014-05-26T12:00:00 167 107 2 11 2 2 2 17 2 3 3 6
2014-05-26T13:00:00 135 110 2 16 3 2 2 18 2 5 5 7
2014-05-26T14:00:00 133 102 3 20 3 3 3 22 2 5 5 7
2014-05-26T15:00:00 143 93 5 22 4 4 3 25 2 8 4 8
2014-05-26T16:00:00 153 92 5 21 6 6 2 23 2 8 4 5
2014-05-26T17:00:00 161 86 8 27 6 6 2 21 2 9 2 5
2014-05-26T18:00:00 192 91 9 23 8 4 1 21 1 10 2 5
2014-05-26T19:00:00 200 89 9 23 8 5 1 19 1 11 0 5
2014-05-26T20:00:00 223 90 8 20 8 4 0 15 1 10 0 7
2014-05-26T21:00:00 192 92 8 22 7 3 1 13 2 8 0 7
2014-05-26T22:00:00 181 88 12 23 5 2 1 13 2 9 0 10
2014-07-10T18:00:00 156 132 15 11 8 4 5 31 3 7 4 15
2014-07-10T19:00:00 178 131 13 13 10 4 5 30 2 10 4 16
2014-07-10T20:00:00 227 131 14 14 12 4 4 31 1 10 4 17
2014-07-10T21:00:00 243 134 12 16 12 4 5 28 1 14 5 16
2013-12-01T06:00:00 152 25 2 8 3 0 1 5 1 4 0 4
2013-12-01T07:00:00 155 28 1 5 4 0 1 3 0 2 0 4
2013-12-01T08:00:00 158 53 4 5 3 0 0 5 0 3 1 2
2013-12-01T09:00:00 161 83 7 4 6 1 1 13 0 3 2 6
2013-12-01T10:00:00 167 104 9 6 7 1 1 16 2 7 3 10
2013-12-01T11:00:00 174 129 10 7 9 2 2 22 2 9 5 14
2013-12-01T12:00:00 183 157 12 8 11 2 2 29 2 11 6 15
2013-12-01T13:00:00 190 175 18 15 13 2 3 37 3 11 8 17
2013-12-01T14:00:00 196 173 19 17 18 5 6 50 3 18 9 25
2013-12-01T15:00:00 201 167 21 21 19 5 6 51 4 21 8 26
2013-12-01T16:00:00 206 172 22 28 20 6 8 59 3 17 10 27
2013-12-01T17:00:00 212 161 22 31 20 6 7 60 3 17 9 23
2013-12-01T18:00:00 218 152 22 31 23 6 7 53 3 17 8 24
2013-12-01T19:00:00 225 136 18 31 23 7 7 46 2 17 6 22
2013-12-01T20:00:00 231 126 15 36 21 4 6 34 2 10 4 17
2013-12-01T21:00:00 237 135 13 38 19 4 6 26 2 6 4 12
2013-12-01T22:00:00 243 126 15 28 17 4 4 18 2 6 1 7
2013-12-01T23:00:00 248 118 18 31 16 4 4 14 2 5 0 8
2013-12-02T00:00:00 253 108 19 31 13 4 4 14 2 3 0 9
2013-12-02T01:00:00 258 96 18 27 10 3 3 14 2 2 0 8
2013-12-02T02:00:00 262 85 17 20 7 3 1 12 2 1 0 5
2013-12-02T03:00:00 266 53 14 16 5 2 0 11 1 1 0 5
2013-12-02T04:00:00 269 37 9 16 5 1 0 9 0 1 0 5
2013-12-02T05:00:00 273 27 5 8 4 0 0 6 0 1 0 4
2013-12-02T06:00:00 277 17 2 7 2 0 0 5 0 1 0 1
2013-12-02T07:00:00 282 16 2 6 1 0 0 3 0 2 0 1
2013-12-02T08:00:00 286 31 4 6 2 1 0 3 0 4 2 2
2013-12-02T09:00:00 290 39 5 5 2 1 1 4 0 5 2 4
2013-12-02T10:00:00 293 43 5 12 2 1 1 5 2 6 3 6
2013-12-02T11:00:00 293 55 5 17 2 2 2 7 3 5 3 9
2013-12-02T12:00:00 294 78 8 19 1 2 3 9 3 6 4 8
2013-12-02T13:00:00 294 93 11 22 5 4 4 9 4 5 4 8
2013-12-02T14:00:00 293 95 10 29 5 3 4 11 4 3 2 8
2013-12-02T15:00:00 292 97 9 33 7 4 3 13 4 2 4 8
2013-12-02T16:00:00 290 110 10 31 7 4 3 14 2 1 3 6
2013-12-02T17:00:00 288 110 10 30 8 3 3 16 1 1 3 4
2013-12-02T18:00:00 286 98 7 30 8 4 2 15 1 1 2 5
2013-12-02T19:00:00 285 94 6 27 5 3 1 17 1 1 2 7
2013-12-02T20:00:00 284 90 5 22 5 3 2 15 1 2 2 7
2013-12-02T21:00:00 283 101 7 21 6 4 3 15 1 3 0 11
2013-12-02T22:00:00 282 95 11 16 7 4 4 12 1 5 0 12
2013-12-02T23:00:00 279 89 13 17 7 4 5 10 1 6 0 14
2013-12-03T00:00:00 275 89 15 20 8 4 6 10 1 6 0 14
2013-12-03T01:00:00 271 80 14 19 7 3 6 7 0 7 1 13
2013-12-03T02:00:00 267 64 14 17 7 4 5 6 0 6 1 12
2013-12-03T03:00:00 261 44 12 14 4 2 4 4 0 5 1 6
2013-12-03T04:00:00 256 33 7 14 3 2 3 5 0 3 1 5
2013-12-03T05:00:00 251 27 4 9 2 2 1 3 0 2 1 2
2013-12-03T06:00:00 246 20 2 3 1 1 0 3 0 1 1 1
2013-12-03T07:00:00 241 25 2 2 1 1 0 3 0 0 0 0
2013-12-03T08:00:00 236 34 2 3 0 0 0 3 1 0 0 0
2013-12-03T09:00:00 231 45 3 6 1 0 0 4 3 1 0 1
2013-12-03T10:00:00 227 56 4 7 3 1 0 3 3 1 0 1
2013-12-03T11:00:00 223 71 5 8 3 1 0 6 3 6 0 3
2013-12-03T12:00:00 220 79 7 11 6 1 0 8 3 6 2 4
2013-12-05T02:00:00 155 47 7 18 3 3 0 6 0 1 1 10
2013-12-05T03:00:00 158 34 5 14 3 2 0 5 0 1 1 7
2013-12-05T04:00:00 160 26 5 13 2 2 0 3 0 1 1 5
2013-12-05T05:00:00 162 22 4 6 1 2 0 1 0 1 0 5
2013-12-05T06:00:00 164 17 5 5 2 2 0 2 0 1 0 1
2013-12-05T07:00:00 165 23 4 5 2 1 0 3 0 0 0 4
2013-12-05T08:00:00 166 40 4 9 2 0 2 6 0 2 1 6
2013-12-05T09:00:00 167 75 9 18 3 2 4 8 0 2 3 9
2013-12-05T10:00:00 171 93 9 25 3 3 4 12 0 4 4 10
2013-12-05T11:00:00 177 103 9 30 4 3 4 13 0 6 4 12
2013-12-05T12:00:00 183 122 10 34 3 3 4 17 0 6 4 13
2013-12-05T13:00:00 188 130 12 39 4 4 4 20 0 7 5 10
2013-12-05T17:00:00 218 110 11 22 4 2 0 20 0 5 3 4
2013-12-05T18:00:00 226 112 10 24 5 4 1 15 2 5 3 3
2013-12-05T19:00:00 234 108 9 28 6 4 2 14 2 4 2 9
2013-12-05T20:00:00 242 109 10 44 9 4 3 17 3 1 2 15
2013-12-05T21:00:00 251 108 9 58 12 5 4 15 3 1 2 17
2013-12-05T22:00:00 260 112 12 71 13 7 5 16 3 1 2 20
2013-12-05T23:00:00 270 105 13 72 13 7 6 16 3 3 3 22
2013-12-06T00:00:00 281 93 12 71 12 5 5 19 1 4 4 24
2013-12-06T01:00:00 293 94 11 65 12 4 4 17 1 5 4 18
2013-12-06T02:00:00 305 90 8 52 9 3 3 11 0 5 3 12
2013-12-06T03:00:00 317 76 8 36 5 2 2 8 0 5 3 9
2013-12-06T04:00:00 326 57 3 19 4 0 1 6 0 4 2 7
2013-12-06T05:00:00 335 42 3 17 3 0 0 4 0 2 1 4
2013-12-06T06:00:00 344 36 3 13 3 0 0 1 0 1 0 2
2013-12-06T09:00:00 372 66 8 7 1 2 0 7 0 1 2 6
2013-12-06T10:00:00 380 79 12 11 1 2 2 7 0 3 3 8
2013-12-06T11:00:00 390 97 15 13 2 3 2 10 1 4 3 10
2013-12-06T12:00:00 399 118 17 18 3 3 2 14 2 6 4 11
2013-12-06T13:00:00 409 128 18 25 4 5 2 18 2 6 4 10
2013-12-06T14:00:00 417 121 19 28 4 7 6 23 2 7 3 11
2013-12-06T15:00:00 425 129 18 24 4 7 6 22 2 9 2 11
2013-12-06T16:00:00 431 145 14 26 5 7 6 27 2 8 3 13
2013-12-06T17:00:00 436 153 12 25 4 7 8 28 1 8 5 11
2013-12-06T18:00:00 439 143 12 21 4 9 8 32 0 7 4 15
2013-12-06T19:00:00 441 145 13 16 4 7 9 30 1 6 6 17
2013-12-06T20:00:00 442 148 11 13 5 6 5 25 1 8 6 17
2013-12-06T21:00:00 440 146 12 19 5 5 6 23 1 7 7 17
2013-12-06T22:00:00 437 134 16 19 7 8 5 21 1 8 5 13
2013-12-06T23:00:00 432 127 15 18 7 7 3 19 1 7 3 18
2013-12-07T00:00:00 427 130 14 18 8 5 3 13 2 8 4 13
2013-12-07T01:00:00 421 118 11 16 7 6 2 10 1 8 2 12
2013-12-07T02:00:00 415 102 10 20 6 5 3 12 1 5 2 11
2013-12-07T03:00:00 409 80 8 14 5 4 2 12 1 4 1 9
2013-12-07T04:00:00 405 61 4 9 2 1 1 10 1 2 1 8
2013-12-07T05:00:00 401 40 3 8 2 1 1 8 1 2 1 3
2013-12-07T06:00:00 396 20 2 6 0 1 1 6 0 0 0 3
2013-12-07T07:00:00 395 18 2 6 1 0 1 7 0 0 0 2
2013-12-07T08:00:00 399 38 1 4 1 0 0 4 0 2 2 5
2013-12-07T09:00:00 376 53 5 6 1 2 0 7 0 2 4 11
2013-12-07T10:00:00 361 76 8 12 1 2 0 9 0 5 7 13
2013-12-07T11:00:00 348 103 11 17 2 2 1 12 0 12 7 15
