2013-06-11T23:00:00Z 115 215 56 51 87
2013-06-12T00:00:00Z 102 225 70 54 97
2013-06-12T01:00:00Z 91 207 72 58 113
2013-06-12T02:00:00Z 81 175 70 58 113
2013-06-12T03:00:00Z 85 160 67 63 114
2013-06-12T04:00:00Z 85 157 67 63 102
2013-06-12T05:00:00Z 103 147 68 68 99
2013-06-12T06:00:00Z 98 153 70 64 97
2013-06-12T07:00:00Z 98 163 72 69 97
2013-06-12T08:00:00Z 103 161 73 76 107
2013-06-12T09:00:00Z 101 155 72 82 102
2013-06-12T10:00:00Z 110 111 71 83 89
2013-06-12T11:00:00Z 110 114 68 79 65
2013-06-12T12:00:00Z 106 114 68 74 57
2013-06-12T13:00:00Z 105 115 72 74 49
2013-11-07T08:00:00Z 170 210 148 215 239
2013-11-07T09:00:00Z 168 233 140 218 160
2013-11-07T10:00:00Z 161 221 126 211 148
2013-11-07T11:00:00Z 145 199 119 181 160
2013-11-07T12:00:00Z 132 182 88 158 130
2013-11-07T13:00:00Z 102 139 60 114 110
2013-11-07T14:00:00Z 94 130 54 95 103
2013-11-07T15:00:00Z 106 129 58 88 89
2013-11-07T16:00:00Z 121 126 62 84 62
2013-11-07T17:00:00Z 119 134 83 89 33
2013-11-07T18:00:00Z 111 154 125 101 21
2013-11-07T19:00:00Z 132 203 142 129 29
2013-11-07T20:00:00Z 151 250 180 167 30
2013-11-07T21:00:00Z 161 247 209 181 36
2013-11-07T22:00:00Z -1 240 236 173 33
2013-11-07T23:00:00Z 186 254 224 177 29
2013-11-08T00:00:00Z 186 273 209 192 28
2013-11-08T03:00:00Z 179 259 209 236 30
2013-11-08T04:00:00Z 187 249 211 240 40
2013-11-08T05:00:00Z 181 248 211 222 67
2013-11-08T06:00:00Z 181 251 222 242 107
2013-11-08T07:00:00Z 163 261 210 243 73
2013-11-08T08:00:00Z 161 237 215 246 -1
2013-11-08T09:00:00Z -1 -1 -1 -1 -1
2013-11-15T08:00:00Z 114 163 80 115 218
2013-11-15T09:00:00Z 127 175 77 120 238
2013-11-16T13:00:00Z 77 117 48 70 84
2013-11-16T14:00:00Z 73 113 54 70 82
2013-11-16T15:00:00Z 77 90 51 71 80
2013-11-16T16:00:00Z 79 89 51 71 76
2013-11-16T17:00:00Z 75 90 60 81 87
2013-11-16T18:00:00Z 72 97 81 91 102
2013-11-16T19:00:00Z 74 106 92 88 123
2013-11-16T20:00:00Z 77 98 79 89 131
2013-11-16T21:00:00Z 84 99 80 81 147
2013-11-16T22:00:00Z 115 100 79 75 137
2013-11-16T23:00:00Z 97 101 75 76 136
2013-11-20T22:00:00Z 195 186 194 182 89
2013-11-20T23:00:00Z 196 198 228 192 84
2013-11-21T00:00:00Z -1 194 250 -1 78
2013-11-21T01:00:00Z 200 191 231 197 74
2013-11-26T06:00:00Z 78 105 66 100 128
2013-11-26T07:00:00Z 76 114 66 108 137
2013-11-26T08:00:00Z 87 134 85 124 136
2013-11-26T09:00:00Z 95 134 96 127 156
2013-11-26T10:00:00Z 84 124 77 130 137
2013-11-26T11:00:00Z 80 120 64 114 115
2013-11-26T12:00:00Z 68 121 57 90 86
2013-11-26T13:00:00Z -1 -1 -1 -1 -1
2013-11-26T14:00:00Z 63 102 50 59 83
2013-11-26T15:00:00Z 67 104 61 59 73
2013-11-26T16:00:00Z 71 95 74 60 71
2013-11-26T17:00:00Z 63 81 85 63 86
2013-11-26T18:00:00Z 67 70 95 68 98
2013-11-26T19:00:00Z 74 72 117 86 117
2013-12-01T11:00:00Z 143 -1 109 155 154
2013-12-01T12:00:00Z 159 267 107 154 118
2013-12-01T13:00:00Z 173 255 118 146 107
2013-12-01T14:00:00Z 174 206 145 166 113
2013-12-01T15:00:00Z 203 170 154 175 117
2013-12-01T16:00:00Z 216 168 158 168 126
2013-12-01T17:00:00Z 219 164 168 187 146
2013-12-01T18:00:00Z 220 169 180 204 173
2013-12-01T19:00:00Z 228 186 187 228 214
2013-12-01T20:00:00Z 232 217 191 240 289
2013-12-01T21:00:00Z -1 -1 -1 -1 -1
2013-12-01T22:00:00Z 189 272 189 208 215
2013-12-01T23:00:00Z 190 296 185 212 237
2013-12-02T00:00:00Z 195 292 185 256 233
2013-12-02T01:00:00Z 192 303 176 255 244
2013-12-02T02:00:00Z 188 293 174 297 378
2013-12-02T03:00:00Z 215 282 173 286 269
2013-12-02T04:00:00Z 223 295 168 277 275
2013-12-02T05:00:00Z 220 287 164 271 290
2013-12-02T06:00:00Z 212 282 156 278 328
2013-12-02T07:00:00Z 210 287 160 287 379
2013-12-02T08:00:00Z 219 303 165 294 394
2013-12-02T09:00:00Z 237 315 168 316 411
2013-12-02T10:00:00Z 253 332 167 311 436
2013-12-02T11:00:00Z 250 300 148 252 364
2013-12-02T12:00:00Z 229 252 127 198 331
2013-12-02T13:00:00Z 198 202 99 156 353
2013-12-02T14:00:00Z 178 194 73 125 299
2013-12-02T15:00:00Z 147 178 72 109 238
2013-12-02T16:00:00Z 119 173 74 101 278
2013-12-02T17:00:00Z 109 172 83 111 372
2013-12-02T18:00:00Z 108 190 114 126 462
2013-12-02T19:00:00Z 121 210 170 141 628
2013-12-02T20:00:00Z 157 211 277 126 707
2013-12-02T21:00:00Z 214 218 238 136 621
2013-12-02T22:00:00Z 252 245 200 149 520
2013-12-02T23:00:00Z 250 258 182 172 432
2013-12-03T00:00:00Z 225 256 210 196 428
2013-12-03T01:00:00Z 197 269 226 207 389
2013-12-03T02:00:00Z 181 281 253 229 288
2013-12-03T03:00:00Z 177 263 274 220 315
2013-12-03T04:00:00Z 173 213 274 255 339
2013-12-03T05:00:00Z 165 195 241 271 345
2013-12-04T00:00:00Z 233 225 219 504 179
2013-12-04T01:00:00Z 237 193 187 525 176
2013-12-04T02:00:00Z 240 155 174 479 184
2013-12-04T03:00:00Z 216 138 172 404 220
2013-12-04T04:00:00Z 222 135 187 303 225
2013-12-04T05:00:00Z 226 138 215 282 153
2013-12-04T06:00:00Z 199 128 253 252 151
2013-12-04T07:00:00Z 208 132 274 230 135
2013-12-04T08:00:00Z 211 147 302 234 136
2013-12-04T09:00:00Z 211 145 318 227 176
2013-12-04T10:00:00Z 228 157 338 236 275
2013-12-04T11:00:00Z 229 180 350 206 334
2013-12-04T12:00:00Z 204 185 360 202 343
2013-12-04T13:00:00Z 153 161 350 195 345
2013-12-05T00:00:00Z -1 277 -1 -1 325
2013-12-05T01:00:00Z 284 292 323 349 307
2013-12-05T02:00:00Z 281 267 304 376 262
2013-12-05T03:00:00Z 219 205 280 381 251
2013-12-05T04:00:00Z 191 160 253 387 233
2013-12-05T05:00:00Z 188 148 267 408 177
2013-12-05T06:00:00Z 199 147 256 407 176
2013-12-05T07:00:00Z 195 141 229 412 213
2013-12-05T08:00:00Z -1 -1 -1 -1 -1
2013-12-05T09:00:00Z 243 137 214 352 225
2013-12-05T10:00:00Z 285 173 246 347 271
2013-12-05T11:00:00Z 253 231 271 330 324
2013-12-05T12:00:00Z 184 234 286 297 369
2013-12-05T13:00:00Z 215 208 268 280 387
2013-12-05T17:00:00Z 262 203 226 251 357
2013-12-05T18:00:00Z -1 -1 -1 -1 -1
2013-12-05T19:00:00Z 315 233 381 303 390
2013-12-05T20:00:00Z 321 253 369 303 435
2013-12-05T21:00:00Z 339 276 338 300 504
2013-12-05T22:00:00Z 329 323 269 322 523
2013-12-05T23:00:00Z 315 351 227 329 487
2013-12-06T00:00:00Z 286 385 224 310 456
2013-12-06T01:00:00Z 279 411 236 285 438
2013-12-06T02:00:00Z 277 456 242 272 293
2013-12-06T03:00:00Z 296 502 245 270 240
2013-12-06T04:00:00Z 303 531 248 271 170
2013-12-06T05:00:00Z 310 565 242 301 104
2013-12-06T06:00:00Z 303 558 240 343 79
2013-12-06T09:00:00Z 343 435 313 375 100
2013-12-06T10:00:00Z 401 408 357 370 99
2013-12-06T11:00:00Z 441 417 381 356 93
2013-12-06T12:00:00Z 458 394 415 337 73
2013-12-06T13:00:00Z 466 389 449 305 73
2013-12-06T14:00:00Z 449 301 444 269 83
2013-12-06T15:00:00Z 432 227 393 252 85
2013-12-06T16:00:00Z 418 109 372 211 87
2013-12-06T17:00:00Z 399 85 322 209 87
2013-12-06T18:00:00Z 397 83 301 266 83
2013-12-06T19:00:00Z 400 104 297 293 72
2013-12-06T20:00:00Z 375 101 332 333 63
2013-12-06T21:00:00Z 385 102 367 336 68
2013-12-06T22:00:00Z 382 104 346 346 68
2013-12-06T23:00:00Z 380 104 332 361 72
2013-12-07T00:00:00Z 379 97 336 377 77
2013-12-07T01:00:00Z 368 99 370 362 84
2013-12-07T02:00:00Z 365 103 374 360 80
2013-12-07T03:00:00Z 318 107 346 357 78
2013-12-07T04:00:00Z 290 98 314 366 80
2013-12-07T05:00:00Z 279 106 278 368 96
2013-12-07T06:00:00Z 273 108 264 365 104
2013-12-07T07:00:00Z 273 106 263 353 106
2013-12-07T08:00:00Z 284 107 276 353 112
2013-12-07T09:00:00Z 313 112 312 420 117
2013-12-07T10:00:00Z 310 118 355 462 112
2013-12-07T11:00:00Z 280 119 357 376 106
2013-12-07T12:00:00Z 266 109 391 284 99
2013-12-07T13:00:00Z 242 114 396 269 126
2013-12-07T14:00:00Z 205 122 395 256 138
2013-12-07T15:00:00Z 136 128 404 231 121
2013-12-07T16:00:00Z 120 124 454 231 118
2013-12-07T17:00:00Z 165 135 486 255 116
2013-12-07T18:00:00Z 172 142 370 277 120
2013-12-07T19:00:00Z 175 165 569 300 115
2013-12-07T20:00:00Z 185 164 588 309 117
2013-12-07T21:00:00Z 208 169 498 295 114
2013-12-07T22:00:00Z 185 165 432 282 108
2013-12-07T23:00:00Z 159 157 394 264 102
2013-12-08T00:00:00Z 163 159 328 251 87
2013-12-08T01:00:00Z 160 160 262 237 84
2013-12-08T02:00:00Z 147 152 243 223 83
2013-12-08T03:00:00Z 146 145 273 211 95
2013-12-08T04:00:00Z 156 145 330 193 101
2013-12-08T05:00:00Z 166 150 352 187 100
2013-12-08T06:00:00Z 182 143 355 195 107
2013-12-08T07:00:00Z 192 134 351 208 115
2013-12-08T18:00:00Z 292 203 476 390 247
2013-12-08T19:00:00Z 312 235 558 442 237
2013-12-08T20:00:00Z -1 -1 -1 -1 -1
2013-12-08T21:00:00Z -1 -1 -1 -1 -1
2013-12-08T22:00:00Z -1 -1 -1 -1 -1
2013-12-08T23:00:00Z 249 234 493 385 243
2013-12-09T08:00:00Z 236 189 174 230 285
2013-12-09T09:00:00Z 226 212 166 258 220
2013-12-09T10:00:00Z 234 260 180 289 150
2013-12-09T11:00:00Z 256 332 224 255 80
2013-12-09T12:00:00Z 277 326 248 151 94
2013-12-09T13:00:00Z 277 276 251 766 134
2013-12-09T14:00:00Z 144 162 227 91 131
2013-12-09T15:00:00Z 80 117 210 109 100
2013-12-09T16:00:00Z 81 140 193 94 83
2013-12-09T17:00:00Z 102 154 170 82 73
2013-12-09T18:00:00Z 103 150 168 68 59
2013-12-09T19:00:00Z 99 154 154 75 56
2013-12-09T20:00:00Z 87 141 155 82 58
2013-12-09T21:00:00Z 92 117 151 83 67
2013-12-09T22:00:00Z 104 106 136 80 67
2013-12-09T23:00:00Z 91 79 102 72 63
2013-12-26T07:00:00Z 337 332 249 283 330
2013-12-26T08:00:00Z 321 325 244 298 345
2013-12-26T09:00:00Z 319 322 238 298 342
2013-12-26T10:00:00Z 325 329 268 264 285
2013-12-26T11:00:00Z 292 346 277 296 173
2013-12-26T12:00:00Z 284 370 279 319 95
2013-12-26T13:00:00Z 289 386 293 334 102
2013-12-26T14:00:00Z -1 -1 -1 -1 -1
2013-12-26T15:00:00Z 336 220 338 286 65
2013-12-26T16:00:00Z 352 160 369 221 43
2013-12-26T17:00:00Z 320 126 361 182 28
2013-12-26T18:00:00Z 233 113 299 183 29
2013-12-26T19:00:00Z 178 96 290 192 35
2013-12-26T20:00:00Z 166 51 243 153 39
2013-12-26T21:00:00Z 145 37 232 101 43
2013-12-26T22:00:00Z 112 38 154 59 42
2013-12-26T23:00:00Z 60 40 89 53 41
2013-12-27T00:00:00Z 46 42 49 50 36
2013-12-27T01:00:00Z 40 40 39 55 34
2013-12-27T02:00:00Z 43 41 30 51 28
2013-12-27T03:00:00Z 43 47 31 63 29
2013-12-27T04:00:00Z -1 -1 -1 -1 -1
2013-12-29T13:00:00Z 101 88 75 137 74
2013-12-29T14:00:00Z 90 79 68 110 66
2013-12-29T15:00:00Z -1 -1 -1 -1 -1
2013-12-29T16:00:00Z 113 71 91 104 76
2013-12-29T17:00:00Z 85 76 95 96 82
2013-12-29T18:00:00Z 79 97 95 94 85
2013-12-29T19:00:00Z 92 117 114 101 102
2013-12-29T20:00:00Z 112 125 143 104 143
2013-12-29T21:00:00Z 128 121 126 120 158
2014-01-30T02:00:00Z 120 160 101 123 120
2014-01-30T03:00:00Z 121 165 90 123 134
2014-01-30T04:00:00Z 121 170 70 129 148
2014-01-30T05:00:00Z 122 190 65 122 148
2014-01-30T06:00:00Z 131 196 64 121 147
2014-01-30T07:00:00Z 136 184 58 124 145
2014-01-30T08:00:00Z 118 179 48 121 150
2014-01-30T09:00:00Z 107 184 52 116 158
2013-12-30T10:00:00Z 181 133 123 158 120
2013-12-30T11:00:00Z 172 134 98 141 117
2013-12-30T12:00:00Z 135 139 79 121 115
2013-12-30T13:00:00Z -1 -1 -1 -1 -1
2013-12-30T14:00:00Z 87 136 60 87 102
2013-12-30T15:00:00Z 86 122 52 85 90
2013-12-30T16:00:00Z 85 103 45 87 89
2013-12-30T17:00:00Z 76 103 52 90 97
2013-12-30T18:00:00Z 76 115 71 98 108
2014-01-03T08:00:00Z 144 158 197 219 126
2014-01-03T09:00:00Z 157 165 193 245 124
2014-01-03T10:00:00Z 169 168 206 279 127
2014-01-03T11:00:00Z 189 196 203 300 162
2014-01-03T12:00:00Z 208 191 190 261 208
2014-01-03T13:00:00Z 217 196 180 227 219
2014-01-03T14:00:00Z 215 171 153 181 228
2014-01-03T15:00:00Z 239 170 149 170 225
2014-01-03T16:00:00Z 263 131 154 156 225
2014-01-03T17:00:00Z 261 122 172 164 229
2014-01-03T18:00:00Z 274 147 214 218 253
2014-01-03T19:00:00Z 264 187 234 214 282
2014-01-17T20:00:00Z 159 205 172 183 159
2014-01-17T21:00:00Z 174 217 172 185 108
2014-01-17T22:00:00Z 191 233 181 183 111
2014-01-17T23:00:00Z 204 212 195 191 139
2014-01-18T00:00:00Z 206 134 214 191 186
2014-01-18T01:00:00Z 211 90 220 190 202
2014-01-18T02:00:00Z 216 79 226 173 187
2014-01-18T03:00:00Z 194 85 255 161 183
2014-01-18T04:00:00Z 167 108 263 155 173
2014-01-18T05:00:00Z 159 140 258 163 156
2014-01-18T06:00:00Z 157 159 262 181 147
2014-01-18T07:00:00Z 170 176 253 194 133
2014-01-18T08:00:00Z 198 180 259 198 142
2014-01-18T09:00:00Z 216 188 270 202 180
2014-01-18T10:00:00Z 228 200 271 210 207
2014-01-18T11:00:00Z 225 194 279 213 216
2014-01-18T12:00:00Z 224 173 275 205 202
2014-01-18T13:00:00Z 237 151 264 203 180
2014-01-18T14:00:00Z 245 132 246 190 184
2014-01-18T15:00:00Z 250 136 250 191 160
2014-01-18T16:00:00Z 253 118 243 193 144
2014-01-18T17:00:00Z 248 123 243 191 146
2014-01-18T18:00:00Z 238 148 246 195 158
2014-01-18T19:00:00Z 248 173 260 223 178
2014-01-18T20:00:00Z 258 190 265 248 197
2014-01-18T21:00:00Z 257 199 267 272 219
2014-01-18T22:00:00Z 267 207 264 288 231
2014-01-20T06:00:00Z 215 243 205 203 298
2014-01-20T07:00:00Z 217 251 183 207 298
2014-01-20T08:00:00Z 222 254 173 215 309
2014-01-20T09:00:00Z 222 261 161 218 310
2014-01-20T10:00:00Z 224 275 145 227 328
2014-01-20T11:00:00Z -1 -1 -1 -1 -1
2014-01-30T05:00:00Z 122 190 65 122 148
2014-01-30T06:00:00Z 131 196 64 121 147
2014-01-30T07:00:00Z 136 184 58 124 145
2014-01-30T08:00:00Z 118 179 48 121 150
2014-01-30T09:00:00Z 107 184 52 116 158
2014-01-30T10:00:00Z 110 198 71 126 168
2014-01-30T11:00:00Z 125 206 115 143 175
2014-01-30T12:00:00Z 164 228 132 158 173
2014-01-30T13:00:00Z 204 252 147 155 170
2014-01-30T14:00:00Z 214 234 158 155 174
2014-01-30T15:00:00Z 197 243 158 149 178
2014-01-30T16:00:00Z 196 249 128 161 191
2014-01-30T17:00:00Z 191 257 103 160 207
2014-01-30T18:00:00Z 217 278 127 162 217
2014-01-30T19:00:00Z 239 300 157 199 240
2014-01-30T20:00:00Z 284 334 169 311 302
2014-01-30T21:00:00Z 365 415 198 420 372
2014-01-30T22:00:00Z 404 419 212 476 371
2014-01-30T23:00:00Z 335 379 254 420 274
2014-01-31T00:00:00Z 288 305 302 371 225
2014-02-01T22:00:00Z 149 220 140 180 103
2014-02-01T23:00:00Z 159 230 207 201 94
2014-02-02T00:00:00Z 172 238 238 205 104
2014-02-02T01:00:00Z 202 238 245 207 112
2014-02-02T02:00:00Z 217 228 249 206 127
2014-02-02T03:00:00Z 220 222 249 201 137
2014-02-02T04:00:00Z 235 209 259 199 142
2014-02-02T05:00:00Z 231 192 261 189 148
2014-03-09T20:00:00Z 88 137 92 112 162
2014-03-09T21:00:00Z 100 146 87 111 172
2014-03-09T22:00:00Z 105 159 79 127 154
2014-03-09T23:00:00Z 111 143 80 127 142
2014-03-10T00:00:00Z 117 141 78 125 151
2014-03-10T01:00:00Z 121 142 78 123 152
2014-03-10T02:00:00Z 115 138 75 122 142
2014-03-10T03:00:00Z 115 134 74 123 163
2014-03-10T04:00:00Z 110 133 74 127 169
2014-03-10T05:00:00Z 115 137 74 130 165
2014-03-10T06:00:00Z 123 144 75 131 162
2014-03-10T07:00:00Z 129 151 78 138 169
2014-03-10T08:00:00Z 141 156 90 160 169
2014-03-10T09:00:00Z 173 172 106 196 176
2014-03-10T10:00:00Z 183 167 103 202 177
2014-03-10T11:00:00Z 160 168 94 181 180
2014-03-18T08:00:00Z 144 153 89 124 118
2014-03-18T09:00:00Z 165 174 100 129 121
2014-03-18T10:00:00Z 170 172 101 135 129
2014-03-18T11:00:00Z 150 149 94 154 136
2014-03-18T12:00:00Z 165 142 86 132 151
2014-03-18T13:00:00Z 176 121 68 107 138
2014-03-18T14:00:00Z 165 121 64 99 122
2014-03-18T15:00:00Z 147 125 88 97 100
2014-03-18T16:00:00Z 122 125 120 103 89
2014-11-06T05:00:00Z 132 143 98 104 117
2014-11-06T06:00:00Z 134 123 92 96 125
2014-11-06T07:00:00Z 132 128 91 82 137
2014-11-06T08:00:00Z 129 119 89 85 153
2014-11-06T09:00:00Z 117 126 72 83 175
2014-11-06T10:00:00Z -1 -1 70 -1 190
2014-11-06T11:00:00Z 116 149 67 104 162
2014-11-06T12:00:00Z -1 -1 -1 -1 -1
2014-11-06T13:00:00Z 133 153 62 135 88
2014-11-12T00:00:00Z 142 177 125 107 153
2014-11-12T01:00:00Z 162 180 127 160 155
2014-12-28T22:00:00Z 129 174 111 139 179
2014-12-28T23:00:00Z 131 176 99 125 192
2014-12-29T00:00:00Z 119 179 87 120 207
2014-12-29T01:00:00Z 114 166 105 134 232
2014-12-29T02:00:00Z 117 153 108 136 249
2014-12-29T03:00:00Z 130 155 107 138 254
2014-12-29T04:00:00Z 129 165 104 143 248
2014-12-29T05:00:00Z 134 177 101 145 249
2014-12-29T06:00:00Z 142 189 91 145 245
2014-12-29T07:00:00Z 139 189 96 147 243
2014-12-29T08:00:00Z 138 201 104 155 -1
2014-12-29T09:00:00Z 142 204 106 167 263
2014-12-29T10:00:00Z 136 212 97 167 226
2014-12-29T11:00:00Z 137 224 91 157 213
2014-12-29T12:00:00Z 106 189 84 134 153
2014-12-29T13:00:00Z 92 170 78 114 104
2014-12-29T14:00:00Z 89 179 66 103 82
2014-12-29T15:00:00Z 86 181 60 97 87
2014-12-29T16:00:00Z 86 156 67 93 111
2014-12-29T17:00:00Z 87 137 75 84 124
2014-12-29T18:00:00Z 94 131 75 81 140
2014-12-29T19:00:00Z 112 141 90 104 149
