2014-01-04T11:00:00Z 49 106 58 8 -1
2014-01-04T10:00:00Z 33 62 76 22 -1
2014-01-04T09:00:00Z 35 3 13 6 -1
2014-01-04T08:00:00Z 32 3 52 -6 -1
2014-01-04T07:00:00Z 12 24 56 -6 -1
2014-01-04T06:00:00Z 19 41 37 11 12
2014-01-04T10:00:00Z 33 62 76 22 -1
2014-01-04T09:00:00Z 35 3 13 6 -1
2014-01-04T08:00:00Z 32 3 52 -6 -1
2014-01-04T07:00:00Z 12 24 56 -6 -1
2014-01-04T06:00:00Z 19 41 37 11 12
2014-01-04T05:00:00Z 27 36 32 31 14
2014-01-04T09:00:00Z 35 3 13 6 -1
2014-01-04T08:00:00Z 32 3 52 -6 -1
2014-01-04T07:00:00Z 12 24 56 -6 -1
2014-01-04T06:00:00Z 19 41 37 11 12
2014-01-04T05:00:00Z 27 36 32 31 14
2014-01-04T04:00:00Z 55 49 33 45 16
2014-01-04T08:00:00Z 32 3 52 -6 -1
2014-01-04T07:00:00Z 12 24 56 -6 -1
2014-01-04T06:00:00Z 19 41 37 11 12
2014-01-04T05:00:00Z 27 36 32 31 14
2014-01-04T04:00:00Z 55 49 33 45 16
2014-01-04T03:00:00Z 56 107 55 47 19
2014-01-04T07:00:00Z 12 24 56 -6 -1
2014-01-04T06:00:00Z 19 41 37 11 12
2014-01-04T05:00:00Z 27 36 32 31 14
2014-01-04T04:00:00Z 55 49 33 45 16
2014-01-04T03:00:00Z 56 107 55 47 19
2014-01-04T02:00:00Z 73 102 48 59 27
2014-01-04T06:00:00Z 19 41 37 11 12
2014-01-04T05:00:00Z 27 36 32 31 14
2014-01-04T04:00:00Z 55 49 33 45 16
2014-01-04T03:00:00Z 56 107 55 47 19
2014-01-04T02:00:00Z 73 102 48 59 27
2014-01-04T01:00:00Z 69 114 24 52 28
2014-01-06T11:00:00Z 53 -7 77 13 1
2014-01-06T10:00:00Z 42 -50 73 20 24
2014-01-06T09:00:00Z 43 -81 45 5 -9
2014-01-06T08:00:00Z 19 -77 31 6 -14
2014-01-06T07:00:00Z 13 -90 137 4 -21
2014-01-06T06:00:00Z 85 -74 145 7 -28
2014-01-06T10:00:00Z 42 -50 73 20 24
2014-01-06T09:00:00Z 43 -81 45 5 -9
2014-01-06T08:00:00Z 19 -77 31 6 -14
2014-01-06T07:00:00Z 13 -90 137 4 -21
2014-01-06T06:00:00Z 85 -74 145 7 -28
2014-01-06T05:00:00Z 93 -31 142 22 -16
2014-01-06T09:00:00Z 43 -81 45 5 -9
2014-01-06T08:00:00Z 19 -77 31 6 -14
2014-01-06T07:00:00Z 13 -90 137 4 -21
2014-01-06T06:00:00Z 85 -74 145 7 -28
2014-01-06T05:00:00Z 93 -31 142 22 -16
2014-01-06T04:00:00Z 117 14 151 38 21
2014-01-06T08:00:00Z 19 -77 31 6 -14
2014-01-06T07:00:00Z 13 -90 137 4 -21
2014-01-06T06:00:00Z 85 -74 145 7 -28
2014-01-06T05:00:00Z 93 -31 142 22 -16
2014-01-06T04:00:00Z 117 14 151 38 21
2014-01-06T03:00:00Z 128 29 167 46 27
2014-01-06T07:00:00Z 13 -90 137 4 -21
2014-01-06T06:00:00Z 85 -74 145 7 -28
2014-01-06T05:00:00Z 93 -31 142 22 -16
2014-01-06T04:00:00Z 117 14 151 38 21
2014-01-06T03:00:00Z 128 29 167 46 27
2014-01-06T02:00:00Z -1 -1 -1 -1 -1
2014-01-06T06:00:00Z 85 -74 145 7 -28
2014-01-06T05:00:00Z 93 -31 142 22 -16
2014-01-06T04:00:00Z 117 14 151 38 21
2014-01-06T03:00:00Z 128 29 167 46 27
2014-01-06T02:00:00Z -1 -1 -1 -1 -1
2014-01-06T01:00:00Z 120 9 56 20 24
2014-01-14T21:00:00Z -8 116 57 -26 78
2014-01-14T20:00:00Z 30 74 65 -33 55
2014-01-14T19:00:00Z -16 41 49 -40 22
2014-01-14T18:00:00Z -42 -2 38 -44 19
2014-01-14T17:00:00Z -62 -33 -45 -46 24
2014-01-14T16:00:00Z -1 -1 -1 -1 -1
2014-01-14T20:00:00Z 30 74 65 -33 55
2014-01-14T19:00:00Z -16 41 49 -40 22
2014-01-14T18:00:00Z -42 -2 38 -44 19
2014-01-14T17:00:00Z -62 -33 -45 -46 24
2014-01-14T16:00:00Z -1 -1 -1 -1 -1
2014-01-14T15:00:00Z -1 -1 -1 -1 -1
2014-01-14T19:00:00Z -16 41 49 -40 22
2014-01-14T18:00:00Z -42 -2 38 -44 19
2014-01-14T17:00:00Z -62 -33 -45 -46 24
2014-01-14T16:00:00Z -1 -1 -1 -1 -1
2014-01-14T15:00:00Z -1 -1 -1 -1 -1
2014-01-14T14:00:00Z -174 -90 -60 -9 9
2014-01-14T18:00:00Z -42 -2 38 -44 19
2014-01-14T17:00:00Z -62 -33 -45 -46 24
2014-01-14T16:00:00Z -1 -1 -1 -1 -1
2014-01-14T15:00:00Z -1 -1 -1 -1 -1
2014-01-14T14:00:00Z -174 -90 -60 -9 9
2014-01-14T13:00:00Z -167 -71 -170 -20 -5
2014-01-14T17:00:00Z -62 -33 -45 -46 24
2014-01-14T16:00:00Z -1 -1 -1 -1 -1
2014-01-14T15:00:00Z -1 -1 -1 -1 -1
2014-01-14T14:00:00Z -174 -90 -60 -9 9
2014-01-14T13:00:00Z -167 -71 -170 -20 -5
2014-01-14T12:00:00Z -190 -109 -257 -13 -8
2014-01-22T16:00:00Z 22 20 -11 14 48
2014-01-22T15:00:00Z 73 64 57 2 18
2014-01-22T14:00:00Z 100 37 59 0 27
2014-01-22T13:00:00Z 32 30 89 5 23
2014-01-22T12:00:00Z 69 -6 80 9 31
2014-01-22T11:00:00Z 107 -16 154 39 22
2014-01-22T15:00:00Z 73 64 57 2 18
2014-01-22T14:00:00Z 100 37 59 0 27
2014-01-22T13:00:00Z 32 30 89 5 23
2014-01-22T12:00:00Z 69 -6 80 9 31
2014-01-22T11:00:00Z 107 -16 154 39 22
2014-01-22T10:00:00Z 91 -45 74 25 19
2014-01-22T14:00:00Z 100 37 59 0 27
2014-01-22T13:00:00Z 32 30 89 5 23
2014-01-22T12:00:00Z 69 -6 80 9 31
2014-01-22T11:00:00Z 107 -16 154 39 22
2014-01-22T10:00:00Z 91 -45 74 25 19
2014-01-22T09:00:00Z 85 6 61 3 2
2014-01-22T13:00:00Z 32 30 89 5 23
2014-01-22T12:00:00Z 69 -6 80 9 31
2014-01-22T11:00:00Z 107 -16 154 39 22
2014-01-22T10:00:00Z 91 -45 74 25 19
2014-01-22T09:00:00Z 85 6 61 3 2
2014-01-22T08:00:00Z 61 -1 74 -10 28
2014-01-22T12:00:00Z 69 -6 80 9 31
2014-01-22T11:00:00Z 107 -16 154 39 22
2014-01-22T10:00:00Z 91 -45 74 25 19
2014-01-22T09:00:00Z 85 6 61 3 2
2014-01-22T08:00:00Z 61 -1 74 -10 28
2014-01-22T07:00:00Z 57 8 108 -1 1
2014-01-22T11:00:00Z 107 -16 154 39 22
2014-01-22T10:00:00Z 91 -45 74 25 19
2014-01-22T09:00:00Z 85 6 61 3 2
2014-01-22T08:00:00Z 61 -1 74 -10 28
2014-01-22T07:00:00Z 57 8 108 -1 1
2014-01-22T06:00:00Z 47 20 109 13 6
2014-01-29T11:00:00Z 55 27 32 20 62
2014-01-29T10:00:00Z 35 76 52 16 44
2014-01-29T09:00:00Z 13 94 85 11 37
2014-01-29T08:00:00Z 21 117 131 16 35
2014-01-29T07:00:00Z -1 -1 -1 -1 -1
2014-01-29T06:00:00Z 0 88 223 26 20
2014-01-29T10:00:00Z 35 76 52 16 44
2014-01-29T09:00:00Z 13 94 85 11 37
2014-01-29T08:00:00Z 21 117 131 16 35
2014-01-29T07:00:00Z -1 -1 -1 -1 -1
2014-01-29T06:00:00Z 0 88 223 26 20
2014-01-29T05:00:00Z 34 77 137 34 14
2014-01-29T09:00:00Z 13 94 85 11 37
2014-01-29T08:00:00Z 21 117 131 16 35
2014-01-29T07:00:00Z -1 -1 -1 -1 -1
2014-01-29T06:00:00Z 0 88 223 26 20
2014-01-29T05:00:00Z 34 77 137 34 14
2014-01-29T04:00:00Z 33 68 100 47 28
2014-01-29T08:00:00Z 21 117 131 16 35
2014-01-29T07:00:00Z -1 -1 -1 -1 -1
2014-01-29T06:00:00Z 0 88 223 26 20
2014-01-29T05:00:00Z 34 77 137 34 14
2014-01-29T04:00:00Z 33 68 100 47 28
2014-01-29T03:00:00Z 42 63 109 56 34
2014-01-29T07:00:00Z -1 -1 -1 -1 -1
2014-01-29T06:00:00Z 0 88 223 26 20
2014-01-29T05:00:00Z 34 77 137 34 14
2014-01-29T04:00:00Z 33 68 100 47 28
2014-01-29T03:00:00Z 42 63 109 56 34
2014-01-29T02:00:00Z -1 -1 -1 -1 -1
2014-01-29T06:00:00Z 0 88 223 26 20
2014-01-29T05:00:00Z 34 77 137 34 14
2014-01-29T04:00:00Z 33 68 100 47 28
2014-01-29T03:00:00Z 42 63 109 56 34
2014-01-29T02:00:00Z -1 -1 -1 -1 -1
2014-01-29T01:00:00Z 16 91 86 48 24
2014-01-30T18:00:00Z -57 -70 -76 -18 -147
2014-01-30T17:00:00Z -121 -56 -69 -85 -151
2014-01-30T16:00:00Z -153 -83 -65 -101 -144
2014-01-30T15:00:00Z -168 -130 -58 -96 -155
2014-01-30T14:00:00Z -210 -98 -57 -119 -167
2014-01-30T13:00:00Z -246 -52 -46 -130 -158
2014-01-30T17:00:00Z -121 -56 -69 -85 -151
2014-01-30T16:00:00Z -153 -83 -65 -101 -144
2014-01-30T15:00:00Z -168 -130 -58 -96 -155
2014-01-30T14:00:00Z -210 -98 -57 -119 -167
2014-01-30T13:00:00Z -246 -52 -46 -130 -158
2014-01-30T12:00:00Z -261 -59 11 -149 -138
2014-01-30T16:00:00Z -153 -83 -65 -101 -144
2014-01-30T15:00:00Z -168 -130 -58 -96 -155
2014-01-30T14:00:00Z -210 -98 -57 -119 -167
2014-01-30T13:00:00Z -246 -52 -46 -130 -158
2014-01-30T12:00:00Z -261 -59 11 -149 -138
2014-01-30T11:00:00Z -284 -48 -13 -149 -137
2014-01-30T15:00:00Z -168 -130 -58 -96 -155
2014-01-30T14:00:00Z -210 -98 -57 -119 -167
2014-01-30T13:00:00Z -246 -52 -46 -130 -158
2014-01-30T12:00:00Z -261 -59 11 -149 -138
2014-01-30T11:00:00Z -284 -48 -13 -149 -137
2014-01-30T10:00:00Z -239 19 -4 -135 -130
2014-01-30T14:00:00Z -210 -98 -57 -119 -167
2014-01-30T13:00:00Z -246 -52 -46 -130 -158
2014-01-30T12:00:00Z -261 -59 11 -149 -138
2014-01-30T11:00:00Z -284 -48 -13 -149 -137
2014-01-30T10:00:00Z -239 19 -4 -135 -130
2014-01-30T09:00:00Z -270 25 -5 -135 -144
2014-01-30T13:00:00Z -246 -52 -46 -130 -158
2014-01-30T12:00:00Z -261 -59 11 -149 -138
2014-01-30T11:00:00Z -284 -48 -13 -149 -137
2014-01-30T10:00:00Z -239 19 -4 -135 -130
2014-01-30T09:00:00Z -270 25 -5 -135 -144
2014-01-30T08:00:00Z -265 -5 -48 -109 -25
2014-01-31T16:00:00Z -96 -45 -126 -219 10
2014-01-31T15:00:00Z -187 -102 -92 -276 29
2014-01-31T14:00:00Z -97 -164 -56 -345 51
2014-01-31T13:00:00Z -22 -161 -61 -692 1
2014-01-31T12:00:00Z -227 -78 -120 -527 -227
2014-01-31T11:00:00Z 13 -63 -74 -105 -46
2014-01-31T15:00:00Z -187 -102 -92 -276 29
2014-01-31T14:00:00Z -97 -164 -56 -345 51
2014-01-31T13:00:00Z -22 -161 -61 -692 1
2014-01-31T12:00:00Z -227 -78 -120 -527 -227
2014-01-31T11:00:00Z 13 -63 -74 -105 -46
2014-01-31T10:00:00Z -21 37 -126 63 -147
2014-01-31T14:00:00Z -97 -164 -56 -345 51
2014-01-31T13:00:00Z -22 -161 -61 -692 1
2014-01-31T12:00:00Z -227 -78 -120 -527 -227
2014-01-31T11:00:00Z 13 -63 -74 -105 -46
2014-01-31T10:00:00Z -21 37 -126 63 -147
2014-01-31T09:00:00Z -1 -1 -1 -1 -1
2014-01-31T13:00:00Z -22 -161 -61 -692 1
2014-01-31T12:00:00Z -227 -78 -120 -527 -227
2014-01-31T11:00:00Z 13 -63 -74 -105 -46
2014-01-31T10:00:00Z -21 37 -126 63 -147
2014-01-31T09:00:00Z -1 -1 -1 -1 -1
2014-01-31T08:00:00Z -27 -21 1 127 -70
2014-01-31T12:00:00Z -227 -78 -120 -527 -227
2014-01-31T11:00:00Z 13 -63 -74 -105 -46
2014-01-31T10:00:00Z -21 37 -126 63 -147
2014-01-31T09:00:00Z -1 -1 -1 -1 -1
2014-01-31T08:00:00Z -27 -21 1 127 -70
2014-01-31T07:00:00Z -29 -149 43 133 -72
2014-01-31T11:00:00Z 13 -63 -74 -105 -46
2014-01-31T10:00:00Z -21 37 -126 63 -147
2014-01-31T09:00:00Z -1 -1 -1 -1 -1
2014-01-31T08:00:00Z -27 -21 1 127 -70
2014-01-31T07:00:00Z -29 -149 43 133 -72
2014-01-31T06:00:00Z 76 -146 97 215 5
2014-02-05T22:00:00Z 102 40 28 47 -41
2014-02-05T21:00:00Z 21 28 18 44 -67
2014-02-05T20:00:00Z -2 11 19 8 -60
2014-02-05T19:00:00Z -20 12 26 3 -57
2014-02-05T18:00:00Z 11 42 18 4 -26
2014-02-05T17:00:00Z -1 -1 -1 -1 -1
2014-02-05T21:00:00Z 21 28 18 44 -67
2014-02-05T20:00:00Z -2 11 19 8 -60
2014-02-05T19:00:00Z -20 12 26 3 -57
2014-02-05T18:00:00Z 11 42 18 4 -26
2014-02-05T17:00:00Z -1 -1 -1 -1 -1
2014-02-05T16:00:00Z -38 9 74 -7 -10
2014-02-05T20:00:00Z -2 11 19 8 -60
2014-02-05T19:00:00Z -20 12 26 3 -57
2014-02-05T18:00:00Z 11 42 18 4 -26
2014-02-05T17:00:00Z -1 -1 -1 -1 -1
2014-02-05T16:00:00Z -38 9 74 -7 -10
2014-02-05T15:00:00Z -22 39 93 -15 -9
2014-02-05T19:00:00Z -20 12 26 3 -57
2014-02-05T18:00:00Z 11 42 18 4 -26
2014-02-05T17:00:00Z -1 -1 -1 -1 -1
2014-02-05T16:00:00Z -38 9 74 -7 -10
2014-02-05T15:00:00Z -22 39 93 -15 -9
2014-02-05T14:00:00Z -17 36 73 -26 -5
2014-02-05T18:00:00Z 11 42 18 4 -26
2014-02-05T17:00:00Z -1 -1 -1 -1 -1
2014-02-05T16:00:00Z -38 9 74 -7 -10
2014-02-05T15:00:00Z -22 39 93 -15 -9
2014-02-05T14:00:00Z -17 36 73 -26 -5
2014-02-05T13:00:00Z -11 16 49 -26 -12
2014-02-05T17:00:00Z -1 -1 -1 -1 -1
2014-02-05T16:00:00Z -38 9 74 -7 -10
2014-02-05T15:00:00Z -22 39 93 -15 -9
2014-02-05T14:00:00Z -17 36 73 -26 -5
2014-02-05T13:00:00Z -11 16 49 -26 -12
2014-02-05T12:00:00Z -16 7 32 -20 29
2014-02-11T14:00:00Z 38 -1 135 13 58
2014-02-11T13:00:00Z 190 -1 171 15 53
2014-02-11T12:00:00Z 270 -1 135 -1 68
2014-02-11T11:00:00Z 108 -1 130 -13 -1
2014-02-11T10:00:00Z 131 -1 14 11 53
2014-02-11T09:00:00Z 112 -1 17 7 13
2014-02-11T13:00:00Z 190 -1 171 15 53
2014-02-11T12:00:00Z 270 -1 135 -1 68
2014-02-11T11:00:00Z 108 -1 130 -13 -1
2014-02-11T10:00:00Z 131 -1 14 11 53
2014-02-11T09:00:00Z 112 -1 17 7 13
2014-02-11T08:00:00Z 83 -1 12 2 25
2014-02-11T12:00:00Z 270 -1 135 -1 68
2014-02-11T11:00:00Z 108 -1 130 -13 -1
2014-02-11T10:00:00Z 131 -1 14 11 53
2014-02-11T09:00:00Z 112 -1 17 7 13
2014-02-11T08:00:00Z 83 -1 12 2 25
2014-02-11T07:00:00Z 85 -1 19 11 22
2014-02-11T11:00:00Z 108 -1 130 -13 -1
2014-02-11T10:00:00Z 131 -1 14 11 53
2014-02-11T09:00:00Z 112 -1 17 7 13
2014-02-11T08:00:00Z 83 -1 12 2 25
2014-02-11T07:00:00Z 85 -1 19 11 22
2014-02-11T06:00:00Z 94 -1 24 18 14
2014-02-11T10:00:00Z 131 -1 14 11 53
2014-02-11T09:00:00Z 112 -1 17 7 13
2014-02-11T08:00:00Z 83 -1 12 2 25
2014-02-11T07:00:00Z 85 -1 19 11 22
2014-02-11T06:00:00Z 94 -1 24 18 14
2014-02-11T05:00:00Z 79 -1 17 19 22
2014-02-11T09:00:00Z 112 -1 17 7 13
2014-02-11T08:00:00Z 83 -1 12 2 25
2014-02-11T07:00:00Z 85 -1 19 11 22
2014-02-11T06:00:00Z 94 -1 24 18 14
2014-02-11T05:00:00Z 79 -1 17 19 22
2014-02-11T04:00:00Z 40 -1 16 25 29
2014-02-12T16:00:00Z -51 -80 87 -53 -46
2014-02-12T15:00:00Z -55 -35 10 -56 -36
2014-02-12T14:00:00Z -31 11 -40 -56 -56
2014-02-12T13:00:00Z 19 16 13 -64 -43
2014-02-12T12:00:00Z -14 10 60 -47 -25
2014-02-12T11:00:00Z 55 -27 36 -3 -19
2014-02-12T15:00:00Z -55 -35 10 -56 -36
2014-02-12T14:00:00Z -31 11 -40 -56 -56
2014-02-12T13:00:00Z 19 16 13 -64 -43
2014-02-12T12:00:00Z -14 10 60 -47 -25
2014-02-12T11:00:00Z 55 -27 36 -3 -19
2014-02-12T10:00:00Z 67 -14 28 9 11
2014-02-12T14:00:00Z -31 11 -40 -56 -56
2014-02-12T13:00:00Z 19 16 13 -64 -43
2014-02-12T12:00:00Z -14 10 60 -47 -25
2014-02-12T11:00:00Z 55 -27 36 -3 -19
2014-02-12T10:00:00Z 67 -14 28 9 11
2014-02-12T09:00:00Z 108 -3 11 -14 5
2014-02-12T13:00:00Z 19 16 13 -64 -43
2014-02-12T12:00:00Z -14 10 60 -47 -25
2014-02-12T11:00:00Z 55 -27 36 -3 -19
2014-02-12T10:00:00Z 67 -14 28 9 11
2014-02-12T09:00:00Z 108 -3 11 -14 5
2014-02-12T08:00:00Z 143 10 -67 -17 -5
2014-02-12T12:00:00Z -14 10 60 -47 -25
2014-02-12T11:00:00Z 55 -27 36 -3 -19
2014-02-12T10:00:00Z 67 -14 28 9 11
2014-02-12T09:00:00Z 108 -3 11 -14 5
2014-02-12T08:00:00Z 143 10 -67 -17 -5
2014-02-12T07:00:00Z 92 52 43 -4 5
2014-02-12T11:00:00Z 55 -27 36 -3 -19
2014-02-12T10:00:00Z 67 -14 28 9 11
2014-02-12T09:00:00Z 108 -3 11 -14 5
2014-02-12T08:00:00Z 143 10 -67 -17 -5
2014-02-12T07:00:00Z 92 52 43 -4 5
2014-02-12T06:00:00Z 104 79 114 8 49
2014-02-19T22:00:00Z 14 17 42 -59 27
2014-02-19T21:00:00Z 7 -10 29 -99 -6
2014-02-19T20:00:00Z 11 -1 -21 -113 13
2014-02-19T19:00:00Z 2 -18 -53 -94 10
2014-02-19T18:00:00Z -3 -24 -62 -86 13
2014-02-19T17:00:00Z 12 -39 -33 -85 5
2014-02-19T21:00:00Z 7 -10 29 -99 -6
2014-02-19T20:00:00Z 11 -1 -21 -113 13
2014-02-19T19:00:00Z 2 -18 -53 -94 10
2014-02-19T18:00:00Z -3 -24 -62 -86 13
2014-02-19T17:00:00Z 12 -39 -33 -85 5
2014-02-19T16:00:00Z -10 -53 -33 -80 33
2014-02-19T20:00:00Z 11 -1 -21 -113 13
2014-02-19T19:00:00Z 2 -18 -53 -94 10
2014-02-19T18:00:00Z -3 -24 -62 -86 13
2014-02-19T17:00:00Z 12 -39 -33 -85 5
2014-02-19T16:00:00Z -10 -53 -33 -80 33
2014-02-19T15:00:00Z -15 -63 -54 -76 32
2014-02-19T19:00:00Z 2 -18 -53 -94 10
2014-02-19T18:00:00Z -3 -24 -62 -86 13
2014-02-19T17:00:00Z 12 -39 -33 -85 5
2014-02-19T16:00:00Z -10 -53 -33 -80 33
2014-02-19T15:00:00Z -15 -63 -54 -76 32
2014-02-19T14:00:00Z -16 -77 -52 -64 37
2014-02-19T18:00:00Z -3 -24 -62 -86 13
2014-02-19T17:00:00Z 12 -39 -33 -85 5
2014-02-19T16:00:00Z -10 -53 -33 -80 33
2014-02-19T15:00:00Z -15 -63 -54 -76 32
2014-02-19T14:00:00Z -16 -77 -52 -64 37
2014-02-19T13:00:00Z -1 -1 -1 -1 -1
2014-02-19T17:00:00Z 12 -39 -33 -85 5
2014-02-19T16:00:00Z -10 -53 -33 -80 33
2014-02-19T15:00:00Z -15 -63 -54 -76 32
2014-02-19T14:00:00Z -16 -77 -52 -64 37
2014-02-19T13:00:00Z -1 -1 -1 -1 -1
2014-02-19T12:00:00Z 61 -100 -43 -11 11
2014-03-01T22:00:00Z 24 -67 -62 -43 19
2014-03-01T21:00:00Z -55 -152 -55 -66 19
2014-03-01T20:00:00Z -118 -148 -69 -76 -1
2014-03-01T19:00:00Z -136 -154 -60 -73 -1
2014-03-01T18:00:00Z -1 -1 -1 -1 -1
2014-03-01T17:00:00Z -1 -1 -1 -1 -1
2014-03-01T21:00:00Z -55 -152 -55 -66 19
2014-03-01T20:00:00Z -118 -148 -69 -76 -1
2014-03-01T19:00:00Z -136 -154 -60 -73 -1
2014-03-01T18:00:00Z -1 -1 -1 -1 -1
2014-03-01T17:00:00Z -1 -1 -1 -1 -1
2014-03-01T16:00:00Z -1 -1 -1 -1 -1
2014-03-01T20:00:00Z -118 -148 -69 -76 -1
2014-03-01T19:00:00Z -136 -154 -60 -73 -1
2014-03-01T18:00:00Z -1 -1 -1 -1 -1
2014-03-01T17:00:00Z -1 -1 -1 -1 -1
2014-03-01T16:00:00Z -1 -1 -1 -1 -1
2014-03-01T15:00:00Z -1 -1 -1 -1 -1
2014-03-01T19:00:00Z -136 -154 -60 -73 -1
2014-03-01T18:00:00Z -1 -1 -1 -1 -1
2014-03-01T17:00:00Z -1 -1 -1 -1 -1
2014-03-01T16:00:00Z -1 -1 -1 -1 -1
2014-03-01T15:00:00Z -1 -1 -1 -1 -1
2014-03-01T14:00:00Z -1 -1 -1 -1 -1
2014-03-01T18:00:00Z -1 -1 -1 -1 -1
2014-03-01T17:00:00Z -1 -1 -1 -1 -1
2014-03-01T16:00:00Z -1 -1 -1 -1 -1
2014-03-01T15:00:00Z -1 -1 -1 -1 -1
2014-03-01T14:00:00Z -1 -1 -1 -1 -1
2014-03-01T13:00:00Z -1 -1 -1 -1 -1
2014-03-01T17:00:00Z -1 -1 -1 -1 -1
2014-03-01T16:00:00Z -1 -1 -1 -1 -1
2014-03-01T15:00:00Z -1 -1 -1 -1 -1
2014-03-01T14:00:00Z -1 -1 -1 -1 -1
2014-03-01T13:00:00Z -1 -1 -1 -1 -1
2014-03-01T12:00:00Z -1 -1 -1 -1 -1
2014-03-16T16:00:00Z 10 14 15 12 37
2014-03-16T15:00:00Z -1 -67 -8 -5 22
2014-03-16T14:00:00Z -34 -101 -16 -14 14
2014-03-16T13:00:00Z -50 -49 -18 -17 4
2014-03-16T12:00:00Z -70 -53 7 -16 4
2014-03-16T11:00:00Z -87 -70 14 -18 -2
2014-03-16T15:00:00Z -1 -67 -8 -5 22
2014-03-16T14:00:00Z -34 -101 -16 -14 14
2014-03-16T13:00:00Z -50 -49 -18 -17 4
2014-03-16T12:00:00Z -70 -53 7 -16 4
2014-03-16T11:00:00Z -87 -70 14 -18 -2
2014-03-16T10:00:00Z -88 -54 59 -5 -17
2014-03-16T14:00:00Z -34 -101 -16 -14 14
2014-03-16T13:00:00Z -50 -49 -18 -17 4
2014-03-16T12:00:00Z -70 -53 7 -16 4
2014-03-16T11:00:00Z -87 -70 14 -18 -2
2014-03-16T10:00:00Z -88 -54 59 -5 -17
2014-03-16T09:00:00Z -82 -52 64 5 -46
2014-03-16T13:00:00Z -50 -49 -18 -17 4
2014-03-16T12:00:00Z -70 -53 7 -16 4
2014-03-16T11:00:00Z -87 -70 14 -18 -2
2014-03-16T10:00:00Z -88 -54 59 -5 -17
2014-03-16T09:00:00Z -82 -52 64 5 -46
2014-03-16T08:00:00Z -116 -30 98 -6 -71
2014-03-16T12:00:00Z -70 -53 7 -16 4
2014-03-16T11:00:00Z -87 -70 14 -18 -2
2014-03-16T10:00:00Z -88 -54 59 -5 -17
2014-03-16T09:00:00Z -82 -52 64 5 -46
2014-03-16T08:00:00Z -116 -30 98 -6 -71
2014-03-16T07:00:00Z -88 -16 132 -2 -72
2014-03-16T11:00:00Z -87 -70 14 -18 -2
2014-03-16T10:00:00Z -88 -54 59 -5 -17
2014-03-16T09:00:00Z -82 -52 64 5 -46
2014-03-16T08:00:00Z -116 -30 98 -6 -71
2014-03-16T07:00:00Z -88 -16 132 -2 -72
2014-03-16T06:00:00Z -36 -27 106 7 -54
2014-03-27T20:00:00Z -143 44 16 60 -90
2014-03-27T19:00:00Z -132 36 78 48 -132
2014-03-27T18:00:00Z -176 71 154 45 -128
2014-03-27T17:00:00Z -129 47 122 30 -151
2014-03-27T16:00:00Z -1 -1 -1 -1 -1
2014-03-27T15:00:00Z -1 -1 -1 -1 -1
2014-03-27T19:00:00Z -132 36 78 48 -132
2014-03-27T18:00:00Z -176 71 154 45 -128
2014-03-27T17:00:00Z -129 47 122 30 -151
2014-03-27T16:00:00Z -1 -1 -1 -1 -1
2014-03-27T15:00:00Z -1 -1 -1 -1 -1
2014-03-27T14:00:00Z -8 18 82 -55 -191
2014-03-27T18:00:00Z -176 71 154 45 -128
2014-03-27T17:00:00Z -129 47 122 30 -151
2014-03-27T16:00:00Z -1 -1 -1 -1 -1
2014-03-27T15:00:00Z -1 -1 -1 -1 -1
2014-03-27T14:00:00Z -8 18 82 -55 -191
2014-03-27T13:00:00Z 99 76 61 -140 -203
2014-03-27T17:00:00Z -129 47 122 30 -151
2014-03-27T16:00:00Z -1 -1 -1 -1 -1
2014-03-27T15:00:00Z -1 -1 -1 -1 -1
2014-03-27T14:00:00Z -8 18 82 -55 -191
2014-03-27T13:00:00Z 99 76 61 -140 -203
2014-03-27T12:00:00Z 118 68 74 -191 -225
2014-03-28T18:00:00Z -49 -66 -102 -111 -39
2014-03-28T17:00:00Z -60 -54 -114 -101 -62
2014-03-28T16:00:00Z -107 -61 -73 -104 -74
2014-03-28T15:00:00Z -1 -1 -1 -1 -1
2014-03-28T14:00:00Z -152 16 -38 -84 -137
2014-03-28T13:00:00Z -117 24 -63 -70 -152
2014-03-28T17:00:00Z -60 -54 -114 -101 -62
2014-03-28T16:00:00Z -107 -61 -73 -104 -74
2014-03-28T15:00:00Z -1 -1 -1 -1 -1
2014-03-28T14:00:00Z -152 16 -38 -84 -137
2014-03-28T13:00:00Z -117 24 -63 -70 -152
2014-03-28T12:00:00Z -56 65 -131 -59 -155
2014-03-28T16:00:00Z -107 -61 -73 -104 -74
2014-03-28T15:00:00Z -1 -1 -1 -1 -1
2014-03-28T14:00:00Z -152 16 -38 -84 -137
2014-03-28T13:00:00Z -117 24 -63 -70 -152
2014-03-28T12:00:00Z -56 65 -131 -59 -155
2014-03-28T11:00:00Z 30 28 -119 -17 -126
2014-03-28T15:00:00Z -1 -1 -1 -1 -1
2014-03-28T14:00:00Z -152 16 -38 -84 -137
2014-03-28T13:00:00Z -117 24 -63 -70 -152
2014-03-28T12:00:00Z -56 65 -131 -59 -155
2014-03-28T11:00:00Z 30 28 -119 -17 -126
2014-03-28T10:00:00Z 52 17 -53 28 -123
2014-03-28T14:00:00Z -152 16 -38 -84 -137
2014-03-28T13:00:00Z -117 24 -63 -70 -152
2014-03-28T12:00:00Z -56 65 -131 -59 -155
2014-03-28T11:00:00Z 30 28 -119 -17 -126
2014-03-28T10:00:00Z 52 17 -53 28 -123
2014-03-28T09:00:00Z 43 -22 -47 36 28
2014-03-28T13:00:00Z -117 24 -63 -70 -152
2014-03-28T12:00:00Z -56 65 -131 -59 -155
2014-03-28T11:00:00Z 30 28 -119 -17 -126
2014-03-28T10:00:00Z 52 17 -53 28 -123
2014-03-28T09:00:00Z 43 -22 -47 36 28
2014-03-28T08:00:00Z 64 -67 -55 26 -9
2014-03-31T02:00:00Z 109 99 129 15 25
2014-03-31T01:00:00Z 108 121 53 4 48
2014-03-31T00:00:00Z 113 93 7 2 91
2014-03-30T23:00:00Z -1 -1 -1 -1 -1
2014-03-30T22:00:00Z 48 26 2 -4 -6
2014-03-30T21:00:00Z -23 -54 -29 6 -21
2014-03-31T01:00:00Z 108 121 53 4 48
2014-03-31T00:00:00Z 113 93 7 2 91
2014-03-30T23:00:00Z -1 -1 -1 -1 -1
2014-03-30T22:00:00Z 48 26 2 -4 -6
2014-03-30T21:00:00Z -23 -54 -29 6 -21
2014-03-30T20:00:00Z -28 -90 1 -8 -48
2014-03-31T00:00:00Z 113 93 7 2 91
2014-03-30T23:00:00Z -1 -1 -1 -1 -1
2014-03-30T22:00:00Z 48 26 2 -4 -6
2014-03-30T21:00:00Z -23 -54 -29 6 -21
2014-03-30T20:00:00Z -28 -90 1 -8 -48
2014-03-30T19:00:00Z -88 -120 68 -30 -18
2014-03-30T23:00:00Z -1 -1 -1 -1 -1
2014-03-30T22:00:00Z 48 26 2 -4 -6
2014-03-30T21:00:00Z -23 -54 -29 6 -21
2014-03-30T20:00:00Z -28 -90 1 -8 -48
2014-03-30T19:00:00Z -88 -120 68 -30 -18
2014-03-30T18:00:00Z -130 -124 -86 -12 -7
2014-03-30T22:00:00Z 48 26 2 -4 -6
2014-03-30T21:00:00Z -23 -54 -29 6 -21
2014-03-30T20:00:00Z -28 -90 1 -8 -48
2014-03-30T19:00:00Z -88 -120 68 -30 -18
2014-03-30T18:00:00Z -130 -124 -86 -12 -7
2014-03-30T17:00:00Z -134 -119 -74 -10 -59
2014-03-30T21:00:00Z -23 -54 -29 6 -21
2014-03-30T20:00:00Z -28 -90 1 -8 -48
2014-03-30T19:00:00Z -88 -120 68 -30 -18
2014-03-30T18:00:00Z -130 -124 -86 -12 -7
2014-03-30T17:00:00Z -134 -119 -74 -10 -59
2014-03-30T16:00:00Z -142 -136 -119 -14 -67
2014-04-17T21:00:00Z 7 27 26 10 17
2014-04-17T20:00:00Z 11 60 31 -5 -14
2014-04-17T19:00:00Z 5 69 44 -5 -25
2014-04-17T18:00:00Z 27 29 45 -12 -45
2014-04-17T17:00:00Z -5 12 41 -18 -41
2014-04-17T16:00:00Z -15 32 26 -12 -32
2014-04-17T20:00:00Z 11 60 31 -5 -14
2014-04-17T19:00:00Z 5 69 44 -5 -25
2014-04-17T18:00:00Z 27 29 45 -12 -45
2014-04-17T17:00:00Z -5 12 41 -18 -41
2014-04-17T16:00:00Z -15 32 26 -12 -32
2014-04-17T15:00:00Z -16 -1 39 2 -34
2014-04-17T19:00:00Z 5 69 44 -5 -25
2014-04-17T18:00:00Z 27 29 45 -12 -45
2014-04-17T17:00:00Z -5 12 41 -18 -41
2014-04-17T16:00:00Z -15 32 26 -12 -32
2014-04-17T15:00:00Z -16 -1 39 2 -34
2014-04-17T14:00:00Z 33 -5 14 13 -22
2014-04-17T18:00:00Z 27 29 45 -12 -45
2014-04-17T17:00:00Z -5 12 41 -18 -41
2014-04-17T16:00:00Z -15 32 26 -12 -32
2014-04-17T15:00:00Z -16 -1 39 2 -34
2014-04-17T14:00:00Z 33 -5 14 13 -22
2014-04-17T13:00:00Z 58 -19 17 11 -33
2014-04-17T17:00:00Z -5 12 41 -18 -41
2014-04-17T16:00:00Z -15 32 26 -12 -32
2014-04-17T15:00:00Z -16 -1 39 2 -34
2014-04-17T14:00:00Z 33 -5 14 13 -22
2014-04-17T13:00:00Z 58 -19 17 11 -33
2014-04-17T12:00:00Z 49 -4 0 4 -18
2014-04-17T16:00:00Z -15 32 26 -12 -32
2014-04-17T15:00:00Z -16 -1 39 2 -34
2014-04-17T14:00:00Z 33 -5 14 13 -22
2014-04-17T13:00:00Z 58 -19 17 11 -33
2014-04-17T12:00:00Z 49 -4 0 4 -18
2014-04-17T11:00:00Z 27 6 -1 9 5
2014-04-23T07:00:00Z 95 84 73 25 -1
2014-04-23T06:00:00Z 103 53 107 35 23
2014-04-23T05:00:00Z 108 18 83 40 -10
2014-04-23T04:00:00Z 52 28 105 34 -13
2014-04-23T03:00:00Z 43 35 53 23 -1
2014-04-23T02:00:00Z 32 1 74 30 -17
2014-04-23T06:00:00Z 103 53 107 35 23
2014-04-23T05:00:00Z 108 18 83 40 -10
2014-04-23T04:00:00Z 52 28 105 34 -13
2014-04-23T03:00:00Z 43 35 53 23 -1
2014-04-23T02:00:00Z 32 1 74 30 -17
2014-04-23T01:00:00Z 21 -6 57 36 -10
2014-04-23T05:00:00Z 108 18 83 40 -10
2014-04-23T04:00:00Z 52 28 105 34 -13
2014-04-23T03:00:00Z 43 35 53 23 -1
2014-04-23T02:00:00Z 32 1 74 30 -17
2014-04-23T01:00:00Z 21 -6 57 36 -10
2014-04-23T00:00:00Z 9 0 42 34 3
2014-04-23T04:00:00Z 52 28 105 34 -13
2014-04-23T03:00:00Z 43 35 53 23 -1
2014-04-23T02:00:00Z 32 1 74 30 -17
2014-04-23T01:00:00Z 21 -6 57 36 -10
2014-04-23T00:00:00Z 9 0 42 34 3
2014-04-22T23:00:00Z 4 -15 -29 20 15
2014-04-23T03:00:00Z 43 35 53 23 -1
2014-04-23T02:00:00Z 32 1 74 30 -17
2014-04-23T01:00:00Z 21 -6 57 36 -10
2014-04-23T00:00:00Z 9 0 42 34 3
2014-04-22T23:00:00Z 4 -15 -29 20 15
2014-04-22T22:00:00Z -55 -68 35 3 10
2014-04-23T02:00:00Z 32 1 74 30 -17
2014-04-23T01:00:00Z 21 -6 57 36 -10
2014-04-23T00:00:00Z 9 0 42 34 3
2014-04-22T23:00:00Z 4 -15 -29 20 15
2014-04-22T22:00:00Z -55 -68 35 3 10
2014-04-22T21:00:00Z -62 -92 -44 1 -23
2014-05-01T02:00:00Z -1 -1 -1 -1 -1
2014-05-01T01:00:00Z -1 -1 -1 -1 -1
2014-05-01T00:00:00Z -1 -1 -1 -1 -1
2014-04-30T23:00:00Z -1 -1 -1 -1 -1
2014-04-30T22:00:00Z -1 -1 -1 -1 -1
2014-04-30T21:00:00Z -28 -27 -8 13 -16
2014-05-01T01:00:00Z -1 -1 -1 -1 -1
2014-05-01T00:00:00Z -1 -1 -1 -1 -1
2014-04-30T23:00:00Z -1 -1 -1 -1 -1
2014-04-30T22:00:00Z -1 -1 -1 -1 -1
2014-04-30T21:00:00Z -28 -27 -8 13 -16
2014-04-30T20:00:00Z -26 -19 -19 26 -34
2014-05-01T00:00:00Z -1 -1 -1 -1 -1
2014-04-30T23:00:00Z -1 -1 -1 -1 -1
2014-04-30T22:00:00Z -1 -1 -1 -1 -1
2014-04-30T21:00:00Z -28 -27 -8 13 -16
2014-04-30T20:00:00Z -26 -19 -19 26 -34
2014-04-30T19:00:00Z -19 -31 -54 17 -25
2014-04-30T23:00:00Z -1 -1 -1 -1 -1
2014-04-30T22:00:00Z -1 -1 -1 -1 -1
2014-04-30T21:00:00Z -28 -27 -8 13 -16
2014-04-30T20:00:00Z -26 -19 -19 26 -34
2014-04-30T19:00:00Z -19 -31 -54 17 -25
2014-04-30T18:00:00Z 9 -39 -33 -6 -38
2014-04-30T22:00:00Z -1 -1 -1 -1 -1
2014-04-30T21:00:00Z -28 -27 -8 13 -16
2014-04-30T20:00:00Z -26 -19 -19 26 -34
2014-04-30T19:00:00Z -19 -31 -54 17 -25
2014-04-30T18:00:00Z 9 -39 -33 -6 -38
2014-04-30T17:00:00Z -20 -44 -41 -50 -12
2014-04-30T21:00:00Z -28 -27 -8 13 -16
2014-04-30T20:00:00Z -26 -19 -19 26 -34
2014-04-30T19:00:00Z -19 -31 -54 17 -25
2014-04-30T18:00:00Z 9 -39 -33 -6 -38
2014-04-30T17:00:00Z -20 -44 -41 -50 -12
2014-04-30T16:00:00Z -1 -1 -1 -1 -1
2014-05-15T13:00:00Z 24 25 -17 -11 -1
2014-05-15T12:00:00Z 27 3 -35 -6 -1
2014-05-15T11:00:00Z 35 -39 -36 6 -1
2014-05-15T10:00:00Z 41 -38 -25 4 -1
2014-05-15T09:00:00Z 39 -6 -25 -1 -1
2014-05-15T08:00:00Z 57 23 -17 2 13
2014-05-15T12:00:00Z 27 3 -35 -6 -1
2014-05-15T11:00:00Z 35 -39 -36 6 -1
2014-05-15T10:00:00Z 41 -38 -25 4 -1
2014-05-15T09:00:00Z 39 -6 -25 -1 -1
2014-05-15T08:00:00Z 57 23 -17 2 13
2014-05-15T07:00:00Z 62 49 2 2 8
2014-05-15T11:00:00Z 35 -39 -36 6 -1
2014-05-15T10:00:00Z 41 -38 -25 4 -1
2014-05-15T09:00:00Z 39 -6 -25 -1 -1
2014-05-15T08:00:00Z 57 23 -17 2 13
2014-05-15T07:00:00Z 62 49 2 2 8
2014-05-15T06:00:00Z 45 49 23 0 9
2014-05-15T10:00:00Z 41 -38 -25 4 -1
2014-05-15T09:00:00Z 39 -6 -25 -1 -1
2014-05-15T08:00:00Z 57 23 -17 2 13
2014-05-15T07:00:00Z 62 49 2 2 8
2014-05-15T06:00:00Z 45 49 23 0 9
2014-05-15T05:00:00Z 33 64 39 5 2
2014-05-15T09:00:00Z 39 -6 -25 -1 -1
2014-05-15T08:00:00Z 57 23 -17 2 13
2014-05-15T07:00:00Z 62 49 2 2 8
2014-05-15T06:00:00Z 45 49 23 0 9
2014-05-15T05:00:00Z 33 64 39 5 2
2014-05-15T04:00:00Z 26 59 41 12 -4
2014-05-15T08:00:00Z 57 23 -17 2 13
2014-05-15T07:00:00Z 62 49 2 2 8
2014-05-15T06:00:00Z 45 49 23 0 9
2014-05-15T05:00:00Z 33 64 39 5 2
2014-05-15T04:00:00Z 26 59 41 12 -4
2014-05-15T03:00:00Z 14 48 23 7 -14
2014-05-18T17:00:00Z 18 49 42 13 13
2014-05-18T16:00:00Z 18 46 29 11 21
2014-05-18T15:00:00Z -18 30 67 19 5
2014-05-18T14:00:00Z 13 25 30 11 -17
2014-05-18T13:00:00Z 39 -20 38 8 -10
2014-05-18T12:00:00Z -1 -1 -1 -1 -1
2014-05-18T16:00:00Z 18 46 29 11 21
2014-05-18T15:00:00Z -18 30 67 19 5
2014-05-18T14:00:00Z 13 25 30 11 -17
2014-05-18T13:00:00Z 39 -20 38 8 -10
2014-05-18T12:00:00Z -1 -1 -1 -1 -1
2014-05-18T11:00:00Z 32 0 38 9 -6
2014-05-18T15:00:00Z -18 30 67 19 5
2014-05-18T14:00:00Z 13 25 30 11 -17
2014-05-18T13:00:00Z 39 -20 38 8 -10
2014-05-18T12:00:00Z -1 -1 -1 -1 -1
2014-05-18T11:00:00Z 32 0 38 9 -6
2014-05-18T10:00:00Z 51 20 100 9 -3
2014-05-18T14:00:00Z 13 25 30 11 -17
2014-05-18T13:00:00Z 39 -20 38 8 -10
2014-05-18T12:00:00Z -1 -1 -1 -1 -1
2014-05-18T11:00:00Z 32 0 38 9 -6
2014-05-18T10:00:00Z 51 20 100 9 -3
2014-05-18T09:00:00Z 49 32 80 1 -7
2014-05-18T13:00:00Z 39 -20 38 8 -10
2014-05-18T12:00:00Z -1 -1 -1 -1 -1
2014-05-18T11:00:00Z 32 0 38 9 -6
2014-05-18T10:00:00Z 51 20 100 9 -3
2014-05-18T09:00:00Z 49 32 80 1 -7
2014-05-18T08:00:00Z 38 36 75 -3 -5
2014-05-18T12:00:00Z -1 -1 -1 -1 -1
2014-05-18T11:00:00Z 32 0 38 9 -6
2014-05-18T10:00:00Z 51 20 100 9 -3
2014-05-18T09:00:00Z 49 32 80 1 -7
2014-05-18T08:00:00Z 38 36 75 -3 -5
2014-05-18T07:00:00Z 66 34 58 -20 5
2014-05-21T14:00:00Z 12 43 -77 -1 -15
2014-05-21T13:00:00Z 16 16 -105 9 -12
2014-05-21T12:00:00Z -1 -1 -1 -1 -1
2014-05-21T11:00:00Z 14 43 -85 6 -22
2014-05-21T10:00:00Z 10 88 -68 6 -34
2014-05-21T09:00:00Z 16 80 -21 1 -7
2014-05-21T13:00:00Z 16 16 -105 9 -12
2014-05-21T12:00:00Z -1 -1 -1 -1 -1
2014-05-21T11:00:00Z 14 43 -85 6 -22
2014-05-21T10:00:00Z 10 88 -68 6 -34
2014-05-21T09:00:00Z 16 80 -21 1 -7
2014-05-21T08:00:00Z 13 71 27 -9 22
2014-05-21T12:00:00Z -1 -1 -1 -1 -1
2014-05-21T11:00:00Z 14 43 -85 6 -22
2014-05-21T10:00:00Z 10 88 -68 6 -34
2014-05-21T09:00:00Z 16 80 -21 1 -7
2014-05-21T08:00:00Z 13 71 27 -9 22
2014-05-21T07:00:00Z -43 55 22 -6 -7
2014-05-21T11:00:00Z 14 43 -85 6 -22
2014-05-21T10:00:00Z 10 88 -68 6 -34
2014-05-21T09:00:00Z 16 80 -21 1 -7
2014-05-21T08:00:00Z 13 71 27 -9 22
2014-05-21T07:00:00Z -43 55 22 -6 -7
2014-05-21T06:00:00Z -22 43 21 19 3
2014-05-21T10:00:00Z 10 88 -68 6 -34
2014-05-21T09:00:00Z 16 80 -21 1 -7
2014-05-21T08:00:00Z 13 71 27 -9 22
2014-05-21T07:00:00Z -43 55 22 -6 -7
2014-05-21T06:00:00Z -22 43 21 19 3
2014-05-21T05:00:00Z 65 38 24 30 -5
2014-05-21T09:00:00Z 16 80 -21 1 -7
2014-05-21T08:00:00Z 13 71 27 -9 22
2014-05-21T07:00:00Z -43 55 22 -6 -7
2014-05-21T06:00:00Z -22 43 21 19 3
2014-05-21T05:00:00Z 65 38 24 30 -5
2014-05-21T04:00:00Z 82 22 93 29 -3
2014-05-25T04:00:00Z 2 -1 7 6 -5
2014-05-25T03:00:00Z 11 -1 -11 -1 -2
2014-05-25T02:00:00Z -8 -1 18 -11 1
2014-05-25T01:00:00Z -7 -1 20 -22 1
2014-05-25T00:00:00Z -10 -1 8 -28 6
2014-05-24T23:00:00Z -2 -1 25 -24 3
2014-05-25T03:00:00Z 11 -1 -11 -1 -2
2014-05-25T02:00:00Z -8 -1 18 -11 1
2014-05-25T01:00:00Z -7 -1 20 -22 1
2014-05-25T00:00:00Z -10 -1 8 -28 6
2014-05-24T23:00:00Z -2 -1 25 -24 3
2014-05-24T22:00:00Z -2 -1 34 -28 8
2014-05-25T02:00:00Z -8 -1 18 -11 1
2014-05-25T01:00:00Z -7 -1 20 -22 1
2014-05-25T00:00:00Z -10 -1 8 -28 6
2014-05-24T23:00:00Z -2 -1 25 -24 3
2014-05-24T22:00:00Z -2 -1 34 -28 8
2014-05-24T21:00:00Z 24 -1 15 -28 -1
2014-05-25T01:00:00Z -7 -1 20 -22 1
2014-05-25T00:00:00Z -10 -1 8 -28 6
2014-05-24T23:00:00Z -2 -1 25 -24 3
2014-05-24T22:00:00Z -2 -1 34 -28 8
2014-05-24T21:00:00Z 24 -1 15 -28 -1
2014-05-24T20:00:00Z 25 39 1 -27 -1
2014-05-25T00:00:00Z -10 -1 8 -28 6
2014-05-24T23:00:00Z -2 -1 25 -24 3
2014-05-24T22:00:00Z -2 -1 34 -28 8
2014-05-24T21:00:00Z 24 -1 15 -28 -1
2014-05-24T20:00:00Z 25 39 1 -27 -1
2014-05-24T19:00:00Z 53 16 33 -21 3
2014-05-24T23:00:00Z -2 -1 25 -24 3
2014-05-24T22:00:00Z -2 -1 34 -28 8
2014-05-24T21:00:00Z 24 -1 15 -28 -1
2014-05-24T20:00:00Z 25 39 1 -27 -1
2014-05-24T19:00:00Z 53 16 33 -21 3
2014-05-24T18:00:00Z 60 26 18 -19 9
2014-06-16T21:00:00Z -57 -39 -102 95 51
2014-06-16T20:00:00Z -41 -57 -86 114 98
2014-06-16T19:00:00Z -52 -35 -87 109 73
2014-06-16T18:00:00Z -27 -60 -1 76 96
2014-06-16T17:00:00Z -47 -55 -30 44 95
2014-06-16T16:00:00Z -22 -6 -28 33 118
2014-06-16T20:00:00Z -41 -57 -86 114 98
2014-06-16T19:00:00Z -52 -35 -87 109 73
2014-06-16T18:00:00Z -27 -60 -1 76 96
2014-06-16T17:00:00Z -47 -55 -30 44 95
2014-06-16T16:00:00Z -22 -6 -28 33 118
2014-06-16T15:00:00Z -18 -5 9 24 101
2014-06-16T19:00:00Z -52 -35 -87 109 73
2014-06-16T18:00:00Z -27 -60 -1 76 96
2014-06-16T17:00:00Z -47 -55 -30 44 95
2014-06-16T16:00:00Z -22 -6 -28 33 118
2014-06-16T15:00:00Z -18 -5 9 24 101
2014-06-16T14:00:00Z 22 5 -22 12 77
2014-06-16T18:00:00Z -27 -60 -1 76 96
2014-06-16T17:00:00Z -47 -55 -30 44 95
2014-06-16T16:00:00Z -22 -6 -28 33 118
2014-06-16T15:00:00Z -18 -5 9 24 101
2014-06-16T14:00:00Z 22 5 -22 12 77
2014-06-16T13:00:00Z 3 28 3 -15 117
2014-06-16T17:00:00Z -47 -55 -30 44 95
2014-06-16T16:00:00Z -22 -6 -28 33 118
2014-06-16T15:00:00Z -18 -5 9 24 101
2014-06-16T14:00:00Z 22 5 -22 12 77
2014-06-16T13:00:00Z 3 28 3 -15 117
2014-06-16T12:00:00Z -1 -1 -1 -1 -1
2014-07-28T01:00:00Z -16 9 -4 18 -11
2014-07-28T00:00:00Z -35 -11 -39 45 -9
2014-07-27T23:00:00Z -29 -25 -51 26 -7
2014-07-27T22:00:00Z -33 -36 -61 27 -1
2014-07-27T21:00:00Z -33 -64 -19 4 6
2014-07-27T20:00:00Z -49 -1 -29 -1 12
2014-07-28T00:00:00Z -35 -11 -39 45 -9
2014-07-27T23:00:00Z -29 -25 -51 26 -7
2014-07-27T22:00:00Z -33 -36 -61 27 -1
2014-07-27T21:00:00Z -33 -64 -19 4 6
2014-07-27T20:00:00Z -49 -1 -29 -1 12
2014-07-27T19:00:00Z -52 -1 -86 -16 14
2014-07-27T23:00:00Z -29 -25 -51 26 -7
2014-07-27T22:00:00Z -33 -36 -61 27 -1
2014-07-27T21:00:00Z -33 -64 -19 4 6
2014-07-27T20:00:00Z -49 -1 -29 -1 12
2014-07-27T19:00:00Z -52 -1 -86 -16 14
2014-07-27T18:00:00Z -33 -1 -69 -13 13
2014-07-27T22:00:00Z -33 -36 -61 27 -1
2014-07-27T21:00:00Z -33 -64 -19 4 6
2014-07-27T20:00:00Z -49 -1 -29 -1 12
2014-07-27T19:00:00Z -52 -1 -86 -16 14
2014-07-27T18:00:00Z -33 -1 -69 -13 13
2014-07-27T17:00:00Z -32 -1 -69 -11 17
2014-07-27T21:00:00Z -33 -64 -19 4 6
2014-07-27T20:00:00Z -49 -1 -29 -1 12
2014-07-27T19:00:00Z -52 -1 -86 -16 14
2014-07-27T18:00:00Z -33 -1 -69 -13 13
2014-07-27T17:00:00Z -32 -1 -69 -11 17
2014-07-27T16:00:00Z -33 -1 -36 8 21
2014-07-27T20:00:00Z -49 -1 -29 -1 12
2014-07-27T19:00:00Z -52 -1 -86 -16 14
2014-07-27T18:00:00Z -33 -1 -69 -13 13
2014-07-27T17:00:00Z -32 -1 -69 -11 17
2014-07-27T16:00:00Z -33 -1 -36 8 21
2014-07-27T15:00:00Z -35 -1 3 14 22
2014-07-30T08:00:00Z 16 11 56 -127 -17
2014-07-30T07:00:00Z 55 -51 71 -116 -23
2014-07-30T06:00:00Z 31 -51 96 -102 -25
2014-07-30T05:00:00Z 22 -37 50 -81 -28
2014-07-30T04:00:00Z -20 -53 45 13 -28
2014-07-30T03:00:00Z -44 -40 31 1 -22
2014-07-30T07:00:00Z 55 -51 71 -116 -23
2014-07-30T06:00:00Z 31 -51 96 -102 -25
2014-07-30T05:00:00Z 22 -37 50 -81 -28
2014-07-30T04:00:00Z -20 -53 45 13 -28
2014-07-30T03:00:00Z -44 -40 31 1 -22
2014-07-30T02:00:00Z -1 -1 -1 -1 -1
2014-07-30T06:00:00Z 31 -51 96 -102 -25
2014-07-30T05:00:00Z 22 -37 50 -81 -28
2014-07-30T04:00:00Z -20 -53 45 13 -28
2014-07-30T03:00:00Z -44 -40 31 1 -22
2014-07-30T02:00:00Z -1 -1 -1 -1 -1
2014-07-30T01:00:00Z 5 -33 -98 31 -16
2014-07-30T05:00:00Z 22 -37 50 -81 -28
2014-07-30T04:00:00Z -20 -53 45 13 -28
2014-07-30T03:00:00Z -44 -40 31 1 -22
2014-07-30T02:00:00Z -1 -1 -1 -1 -1
2014-07-30T01:00:00Z 5 -33 -98 31 -16
2014-07-30T00:00:00Z 2 -42 -134 51 -11
2014-07-30T04:00:00Z -20 -53 45 13 -28
2014-07-30T03:00:00Z -44 -40 31 1 -22
2014-07-30T02:00:00Z -1 -1 -1 -1 -1
2014-07-30T01:00:00Z 5 -33 -98 31 -16
2014-07-30T00:00:00Z 2 -42 -134 51 -11
2014-07-29T23:00:00Z -1 -1 -1 -1 -1
2014-07-30T03:00:00Z -44 -40 31 1 -22
2014-07-30T02:00:00Z -1 -1 -1 -1 -1
2014-07-30T01:00:00Z 5 -33 -98 31 -16
2014-07-30T00:00:00Z 2 -42 -134 51 -11
2014-07-29T23:00:00Z -1 -1 -1 -1 -1
2014-07-29T22:00:00Z 30 -67 -139 63 17
2014-08-20T03:00:00Z 12 15 70 28 30
2014-08-20T02:00:00Z 8 -17 54 25 33
2014-08-20T01:00:00Z 7 12 52 18 31
2014-08-20T00:00:00Z 3 5 23 13 46
2014-08-19T23:00:00Z -2 2 7 4 54
2014-08-19T22:00:00Z -4 -18 -4 24 47
2014-08-20T02:00:00Z 8 -17 54 25 33
2014-08-20T01:00:00Z 7 12 52 18 31
2014-08-20T00:00:00Z 3 5 23 13 46
2014-08-19T23:00:00Z -2 2 7 4 54
2014-08-19T22:00:00Z -4 -18 -4 24 47
2014-08-19T21:00:00Z -10 -43 -13 16 36
2014-08-20T01:00:00Z 7 12 52 18 31
2014-08-20T00:00:00Z 3 5 23 13 46
2014-08-19T23:00:00Z -2 2 7 4 54
2014-08-19T22:00:00Z -4 -18 -4 24 47
2014-08-19T21:00:00Z -10 -43 -13 16 36
2014-08-19T20:00:00Z -5 -63 -48 36 9
2014-08-20T00:00:00Z 3 5 23 13 46
2014-08-19T23:00:00Z -2 2 7 4 54
2014-08-19T22:00:00Z -4 -18 -4 24 47
2014-08-19T21:00:00Z -10 -43 -13 16 36
2014-08-19T20:00:00Z -5 -63 -48 36 9
2014-08-19T19:00:00Z -10 -61 -62 11 -1
2014-08-19T23:00:00Z -2 2 7 4 54
2014-08-19T22:00:00Z -4 -18 -4 24 47
2014-08-19T21:00:00Z -10 -43 -13 16 36
2014-08-19T20:00:00Z -5 -63 -48 36 9
2014-08-19T19:00:00Z -10 -61 -62 11 -1
2014-08-19T18:00:00Z -7 -31 -55 -6 -5
2014-08-19T22:00:00Z -4 -18 -4 24 47
2014-08-19T21:00:00Z -10 -43 -13 16 36
2014-08-19T20:00:00Z -5 -63 -48 36 9
2014-08-19T19:00:00Z -10 -61 -62 11 -1
2014-08-19T18:00:00Z -7 -31 -55 -6 -5
2014-08-19T17:00:00Z -4 -31 -45 4 -6
2014-08-21T01:00:00Z 29 -3 8 -48 76
2014-08-21T00:00:00Z 27 -1 18 -36 61
2014-08-20T23:00:00Z 44 -50 -9 -32 20
2014-08-20T22:00:00Z 13 -33 -23 -24 -3
2014-08-20T21:00:00Z 1 -54 -70 25 -15
2014-08-20T20:00:00Z -30 -48 -26 31 -18
2014-08-21T00:00:00Z 27 -1 18 -36 61
2014-08-20T23:00:00Z 44 -50 -9 -32 20
2014-08-20T22:00:00Z 13 -33 -23 -24 -3
2014-08-20T21:00:00Z 1 -54 -70 25 -15
2014-08-20T20:00:00Z -30 -48 -26 31 -18
2014-08-20T19:00:00Z -1 -1 -1 -1 -1
2014-08-20T23:00:00Z 44 -50 -9 -32 20
2014-08-20T22:00:00Z 13 -33 -23 -24 -3
2014-08-20T21:00:00Z 1 -54 -70 25 -15
2014-08-20T20:00:00Z -30 -48 -26 31 -18
2014-08-20T19:00:00Z -1 -1 -1 -1 -1
2014-08-20T18:00:00Z -10 -66 -22 17 -24
2014-08-20T22:00:00Z 13 -33 -23 -24 -3
2014-08-20T21:00:00Z 1 -54 -70 25 -15
2014-08-20T20:00:00Z -30 -48 -26 31 -18
2014-08-20T19:00:00Z -1 -1 -1 -1 -1
2014-08-20T18:00:00Z -10 -66 -22 17 -24
2014-08-20T17:00:00Z 11 -39 -17 35 -26
2014-08-20T21:00:00Z 1 -54 -70 25 -15
2014-08-20T20:00:00Z -30 -48 -26 31 -18
2014-08-20T19:00:00Z -1 -1 -1 -1 -1
2014-08-20T18:00:00Z -10 -66 -22 17 -24
2014-08-20T17:00:00Z 11 -39 -17 35 -26
2014-08-20T16:00:00Z 8 -29 -16 2 -28
2014-08-20T20:00:00Z -30 -48 -26 31 -18
2014-08-20T19:00:00Z -1 -1 -1 -1 -1
2014-08-20T18:00:00Z -10 -66 -22 17 -24
2014-08-20T17:00:00Z 11 -39 -17 35 -26
2014-08-20T16:00:00Z 8 -29 -16 2 -28
2014-08-20T15:00:00Z 12 19 2 2 -35
2014-08-30T02:00:00Z 9 16 -30 -24 14
2014-08-30T01:00:00Z -1 -1 -1 -1 -1
2014-08-30T00:00:00Z 21 -7 34 -5 17
2014-08-29T23:00:00Z 28 -2 44 -5 14
2014-08-29T22:00:00Z 47 17 37 -6 5
2014-08-29T21:00:00Z -1 -1 -1 -1 -1
2014-08-30T01:00:00Z -1 -1 -1 -1 -1
2014-08-30T00:00:00Z 21 -7 34 -5 17
2014-08-29T23:00:00Z 28 -2 44 -5 14
2014-08-29T22:00:00Z 47 17 37 -6 5
2014-08-29T21:00:00Z -1 -1 -1 -1 -1
2014-08-29T20:00:00Z 2 1 46 -1 -5
2014-08-30T00:00:00Z 21 -7 34 -5 17
2014-08-29T23:00:00Z 28 -2 44 -5 14
2014-08-29T22:00:00Z 47 17 37 -6 5
2014-08-29T21:00:00Z -1 -1 -1 -1 -1
2014-08-29T20:00:00Z 2 1 46 -1 -5
2014-08-29T19:00:00Z -15 14 81 -10 -5
2014-08-29T23:00:00Z 28 -2 44 -5 14
2014-08-29T22:00:00Z 47 17 37 -6 5
2014-08-29T21:00:00Z -1 -1 -1 -1 -1
2014-08-29T20:00:00Z 2 1 46 -1 -5
2014-08-29T19:00:00Z -15 14 81 -10 -5
2014-08-29T18:00:00Z 15 7 57 -14 -7
2014-08-29T22:00:00Z 47 17 37 -6 5
2014-08-29T21:00:00Z -1 -1 -1 -1 -1
2014-08-29T20:00:00Z 2 1 46 -1 -5
2014-08-29T19:00:00Z -15 14 81 -10 -5
2014-08-29T18:00:00Z 15 7 57 -14 -7
2014-08-29T17:00:00Z -2 20 36 -2 -15
2014-08-29T21:00:00Z -1 -1 -1 -1 -1
2014-08-29T20:00:00Z 2 1 46 -1 -5
2014-08-29T19:00:00Z -15 14 81 -10 -5
2014-08-29T18:00:00Z 15 7 57 -14 -7
2014-08-29T17:00:00Z -2 20 36 -2 -15
2014-08-29T16:00:00Z 15 27 56 20 -13
2014-09-01T09:00:00Z 19 26 31 0 -1
2014-09-01T08:00:00Z 20 35 14 12 -1
2014-09-01T07:00:00Z 4 11 16 -8 -1
2014-09-01T06:00:00Z 33 35 39 9 -1
2014-09-01T05:00:00Z 28 37 31 23 -1
2014-09-01T04:00:00Z 49 45 17 37 -1
2014-09-01T08:00:00Z 20 35 14 12 -1
2014-09-01T07:00:00Z 4 11 16 -8 -1
2014-09-01T06:00:00Z 33 35 39 9 -1
2014-09-01T05:00:00Z 28 37 31 23 -1
2014-09-01T04:00:00Z 49 45 17 37 -1
2014-09-01T03:00:00Z 41 37 -8 41 -1
2014-09-01T07:00:00Z 4 11 16 -8 -1
2014-09-01T06:00:00Z 33 35 39 9 -1
2014-09-01T05:00:00Z 28 37 31 23 -1
2014-09-01T04:00:00Z 49 45 17 37 -1
2014-09-01T03:00:00Z 41 37 -8 41 -1
2014-09-01T02:00:00Z 41 37 -44 39 -1
2014-09-01T06:00:00Z 33 35 39 9 -1
2014-09-01T05:00:00Z 28 37 31 23 -1
2014-09-01T04:00:00Z 49 45 17 37 -1
2014-09-01T03:00:00Z 41 37 -8 41 -1
2014-09-01T02:00:00Z 41 37 -44 39 -1
2014-09-01T01:00:00Z 36 34 -22 36 -1
2014-09-01T05:00:00Z 28 37 31 23 -1
2014-09-01T04:00:00Z 49 45 17 37 -1
2014-09-01T03:00:00Z 41 37 -8 41 -1
2014-09-01T02:00:00Z 41 37 -44 39 -1
2014-09-01T01:00:00Z 36 34 -22 36 -1
2014-09-01T00:00:00Z -1 -1 -1 -1 -1
2014-09-01T04:00:00Z 49 45 17 37 -1
2014-09-01T03:00:00Z 41 37 -8 41 -1
2014-09-01T02:00:00Z 41 37 -44 39 -1
2014-09-01T01:00:00Z 36 34 -22 36 -1
2014-09-01T00:00:00Z -1 -1 -1 -1 -1
2014-08-31T23:00:00Z 5 21 7 38 -1
2014-09-05T20:00:00Z 11 -66 14 -1 15
2014-09-05T19:00:00Z 0 -42 31 -1 9
2014-09-05T18:00:00Z 12 -38 49 -1 -1
2014-09-05T17:00:00Z 23 -32 83 -1 -1
2014-09-05T16:00:00Z 36 -24 58 -1 -1
2014-09-05T15:00:00Z 29 18 40 -1 1
2014-09-05T19:00:00Z 0 -42 31 -1 9
2014-09-05T18:00:00Z 12 -38 49 -1 -1
2014-09-05T17:00:00Z 23 -32 83 -1 -1
2014-09-05T16:00:00Z 36 -24 58 -1 -1
2014-09-05T15:00:00Z 29 18 40 -1 1
2014-09-05T14:00:00Z 28 28 16 -1 -2
2014-09-05T18:00:00Z 12 -38 49 -1 -1
2014-09-05T17:00:00Z 23 -32 83 -1 -1
2014-09-05T16:00:00Z 36 -24 58 -1 -1
2014-09-05T15:00:00Z 29 18 40 -1 1
2014-09-05T14:00:00Z 28 28 16 -1 -2
2014-09-05T13:00:00Z 48 40 5 -1 -6
2014-09-05T17:00:00Z 23 -32 83 -1 -1
2014-09-05T16:00:00Z 36 -24 58 -1 -1
2014-09-05T15:00:00Z 29 18 40 -1 1
2014-09-05T14:00:00Z 28 28 16 -1 -2
2014-09-05T13:00:00Z 48 40 5 -1 -6
2014-09-05T12:00:00Z -1 -1 -1 -1 -1
2014-09-05T16:00:00Z 36 -24 58 -1 -1
2014-09-05T15:00:00Z 29 18 40 -1 1
2014-09-05T14:00:00Z 28 28 16 -1 -2
2014-09-05T13:00:00Z 48 40 5 -1 -6
2014-09-05T12:00:00Z -1 -1 -1 -1 -1
2014-09-05T11:00:00Z 47 71 11 -1 -11
2014-09-05T15:00:00Z 29 18 40 -1 1
2014-09-05T14:00:00Z 28 28 16 -1 -2
2014-09-05T13:00:00Z 48 40 5 -1 -6
2014-09-05T12:00:00Z -1 -1 -1 -1 -1
2014-09-05T11:00:00Z 47 71 11 -1 -11
2014-09-05T10:00:00Z 61 81 4 -1 -24
2014-09-25T08:00:00Z -21 -5 67 -5 -12
2014-09-25T07:00:00Z -1 16 77 -18 -3
2014-09-25T06:00:00Z -1 -1 -1 -1 -1
2014-09-25T05:00:00Z 4 23 27 10 9
2014-09-25T04:00:00Z 11 11 47 4 16
2014-09-25T03:00:00Z 15 47 12 4 23
2014-09-25T07:00:00Z -1 16 77 -18 -3
2014-09-25T06:00:00Z -1 -1 -1 -1 -1
2014-09-25T05:00:00Z 4 23 27 10 9
2014-09-25T04:00:00Z 11 11 47 4 16
2014-09-25T03:00:00Z 15 47 12 4 23
2014-09-25T02:00:00Z 31 52 11 8 30
2014-09-25T06:00:00Z -1 -1 -1 -1 -1
2014-09-25T05:00:00Z 4 23 27 10 9
2014-09-25T04:00:00Z 11 11 47 4 16
2014-09-25T03:00:00Z 15 47 12 4 23
2014-09-25T02:00:00Z 31 52 11 8 30
2014-09-25T01:00:00Z 38 40 0 6 39
2014-09-25T05:00:00Z 4 23 27 10 9
2014-09-25T04:00:00Z 11 11 47 4 16
2014-09-25T03:00:00Z 15 47 12 4 23
2014-09-25T02:00:00Z 31 52 11 8 30
2014-09-25T01:00:00Z 38 40 0 6 39
2014-09-25T00:00:00Z 42 57 -2 16 44
2014-09-25T04:00:00Z 11 11 47 4 16
2014-09-25T03:00:00Z 15 47 12 4 23
2014-09-25T02:00:00Z 31 52 11 8 30
2014-09-25T01:00:00Z 38 40 0 6 39
2014-09-25T00:00:00Z 42 57 -2 16 44
2014-09-24T23:00:00Z 25 97 -4 10 41
2014-09-25T03:00:00Z 15 47 12 4 23
2014-09-25T02:00:00Z 31 52 11 8 30
2014-09-25T01:00:00Z 38 40 0 6 39
2014-09-25T00:00:00Z 42 57 -2 16 44
2014-09-24T23:00:00Z 25 97 -4 10 41
2014-09-24T22:00:00Z 46 14 -10 5 23
2014-10-07T13:00:00Z 49 101 73 15 49
2014-10-07T12:00:00Z 37 57 21 7 39
2014-10-07T11:00:00Z 73 69 38 -14 6
2014-10-07T10:00:00Z 65 88 86 5 9
2014-10-07T09:00:00Z 47 86 136 -1 10
2014-10-07T08:00:00Z 51 39 110 -3 13
2014-10-07T12:00:00Z 37 57 21 7 39
2014-10-07T11:00:00Z 73 69 38 -14 6
2014-10-07T10:00:00Z 65 88 86 5 9
2014-10-07T09:00:00Z 47 86 136 -1 10
2014-10-07T08:00:00Z 51 39 110 -3 13
2014-10-07T07:00:00Z 51 8 25 0 18
2014-10-07T11:00:00Z 73 69 38 -14 6
2014-10-07T10:00:00Z 65 88 86 5 9
2014-10-07T09:00:00Z 47 86 136 -1 10
2014-10-07T08:00:00Z 51 39 110 -3 13
2014-10-07T07:00:00Z 51 8 25 0 18
2014-10-07T06:00:00Z 70 27 22 -5 28
2014-10-07T10:00:00Z 65 88 86 5 9
2014-10-07T09:00:00Z 47 86 136 -1 10
2014-10-07T08:00:00Z 51 39 110 -3 13
2014-10-07T07:00:00Z 51 8 25 0 18
2014-10-07T06:00:00Z 70 27 22 -5 28
2014-10-07T05:00:00Z 91 56 50 0 33
2014-10-17T14:00:00Z 21 -47 -7 19 27
2014-10-17T13:00:00Z 28 -13 68 19 45
2014-10-17T12:00:00Z 39 11 2 9 47
2014-10-17T11:00:00Z 44 18 -9 5 45
2014-10-17T10:00:00Z 54 17 21 18 40
2014-10-17T09:00:00Z 50 42 14 20 28
2014-10-17T13:00:00Z 28 -13 68 19 45
2014-10-17T12:00:00Z 39 11 2 9 47
2014-10-17T11:00:00Z 44 18 -9 5 45
2014-10-17T10:00:00Z 54 17 21 18 40
2014-10-17T09:00:00Z 50 42 14 20 28
2014-10-17T08:00:00Z 35 42 44 4 21
2014-10-17T12:00:00Z 39 11 2 9 47
2014-10-17T11:00:00Z 44 18 -9 5 45
2014-10-17T10:00:00Z 54 17 21 18 40
2014-10-17T09:00:00Z 50 42 14 20 28
2014-10-17T08:00:00Z 35 42 44 4 21
2014-10-17T07:00:00Z 32 28 63 11 18
2014-10-17T11:00:00Z 44 18 -9 5 45
2014-10-17T10:00:00Z 54 17 21 18 40
2014-10-17T09:00:00Z 50 42 14 20 28
2014-10-17T08:00:00Z 35 42 44 4 21
2014-10-17T07:00:00Z 32 28 63 11 18
2014-10-17T06:00:00Z 47 57 42 17 15
2014-10-17T10:00:00Z 54 17 21 18 40
2014-10-17T09:00:00Z 50 42 14 20 28
2014-10-17T08:00:00Z 35 42 44 4 21
2014-10-17T07:00:00Z 32 28 63 11 18
2014-10-17T06:00:00Z 47 57 42 17 15
2014-10-17T05:00:00Z 46 64 71 7 14
2014-10-17T09:00:00Z 50 42 14 20 28
2014-10-17T08:00:00Z 35 42 44 4 21
2014-10-17T07:00:00Z 32 28 63 11 18
2014-10-17T06:00:00Z 47 57 42 17 15
2014-10-17T05:00:00Z 46 64 71 7 14
2014-10-17T04:00:00Z 71 103 63 14 -1
2014-10-18T08:00:00Z -12 4 -40 -3 -65
2014-10-18T07:00:00Z 44 8 -24 7 -35
2014-10-18T06:00:00Z -1 -1 -1 -1 -19
2014-10-18T05:00:00Z 89 85 -23 11 -3
2014-10-18T04:00:00Z 145 60 -3 11 18
2014-10-18T03:00:00Z 141 75 26 18 31
2014-10-18T07:00:00Z 44 8 -24 7 -35
2014-10-18T06:00:00Z -1 -1 -1 -1 -19
2014-10-18T05:00:00Z 89 85 -23 11 -3
2014-10-18T04:00:00Z 145 60 -3 11 18
2014-10-18T03:00:00Z 141 75 26 18 31
2014-10-18T02:00:00Z 119 67 20 -2 73
2014-10-18T06:00:00Z -1 -1 -1 -1 -19
2014-10-18T05:00:00Z 89 85 -23 11 -3
2014-10-18T04:00:00Z 145 60 -3 11 18
2014-10-18T03:00:00Z 141 75 26 18 31
2014-10-18T02:00:00Z 119 67 20 -2 73
2014-10-18T01:00:00Z -1 -1 -1 -1 -1
2014-10-18T05:00:00Z 89 85 -23 11 -3
2014-10-18T04:00:00Z 145 60 -3 11 18
2014-10-18T03:00:00Z 141 75 26 18 31
2014-10-18T02:00:00Z 119 67 20 -2 73
2014-10-18T01:00:00Z -1 -1 -1 -1 -1
2014-10-18T00:00:00Z 101 89 -2 8 73
2014-10-29T15:00:00Z -1 -1 -1 -1 -1
2014-10-29T14:00:00Z -1 -1 -1 -1 -1
2014-10-29T13:00:00Z -1 -1 -1 -1 -1
2014-10-29T12:00:00Z -1 -1 -1 -1 -1
2014-10-29T11:00:00Z -1 -1 -1 -1 -1
2014-10-29T10:00:00Z -1 -1 -1 -1 -1
2014-10-29T14:00:00Z -1 -1 -1 -1 -1
2014-10-29T13:00:00Z -1 -1 -1 -1 -1
2014-10-29T12:00:00Z -1 -1 -1 -1 -1
2014-10-29T11:00:00Z -1 -1 -1 -1 -1
2014-10-29T10:00:00Z -1 -1 -1 -1 -1
2014-10-29T09:00:00Z -1 -1 -1 -1 -1
2014-10-29T13:00:00Z -1 -1 -1 -1 -1
2014-10-29T12:00:00Z -1 -1 -1 -1 -1
2014-10-29T11:00:00Z -1 -1 -1 -1 -1
2014-10-29T10:00:00Z -1 -1 -1 -1 -1
2014-10-29T09:00:00Z -1 -1 -1 -1 -1
2014-10-29T08:00:00Z -1 -1 -1 -1 -1
2014-10-29T12:00:00Z -1 -1 -1 -1 -1
2014-10-29T11:00:00Z -1 -1 -1 -1 -1
2014-10-29T10:00:00Z -1 -1 -1 -1 -1
2014-10-29T09:00:00Z -1 -1 -1 -1 -1
2014-10-29T08:00:00Z -1 -1 -1 -1 -1
2014-10-29T07:00:00Z -1 -1 -1 -1 -1
2014-10-29T11:00:00Z -1 -1 -1 -1 -1
2014-10-29T10:00:00Z -1 -1 -1 -1 -1
2014-10-29T09:00:00Z -1 -1 -1 -1 -1
2014-10-29T08:00:00Z -1 -1 -1 -1 -1
2014-10-29T07:00:00Z -1 -1 -1 -1 -1
2014-10-29T06:00:00Z -1 -1 -1 -1 -1
2014-10-29T10:00:00Z -1 -1 -1 -1 -1
2014-10-29T09:00:00Z -1 -1 -1 -1 -1
2014-10-29T08:00:00Z -1 -1 -1 -1 -1
2014-10-29T07:00:00Z -1 -1 -1 -1 -1
2014-10-29T06:00:00Z -1 -1 -1 -1 -1
2014-10-29T05:00:00Z -1 -1 -1 -1 -1
