2013-12-26T10:00:00Z -6 13 -67 -5 -66
2013-12-26T09:00:00Z -4 -20 -346 -10 -118
2013-12-26T08:00:00Z -14 -246 -602 -9 -193
2013-12-26T07:00:00Z -23 -595 -829 -6 -267
2013-12-26T06:00:00Z -93 -546 -840 -12 -287
2013-12-26T05:00:00Z -361 -474 -796 -19 -277
2014-01-03T01:00:00Z 110 217 156 41 116
2014-01-03T00:00:00Z 137 182 209 53 95
2014-01-02T23:00:00Z 133 166 184 61 95
2014-01-02T22:00:00Z 165 119 163 57 72
2014-01-02T21:00:00Z -1 -1 -1 -1 -1
2014-01-02T20:00:00Z -1 -1 -1 -1 -1
2014-01-06T03:00:00Z 122 66 137 50 10
2014-01-06T02:00:00Z -1 -1 -1 -1 -1
2014-01-06T01:00:00Z 109 2 136 40 31
2014-01-06T00:00:00Z 101 0 120 30 30
2014-01-05T23:00:00Z -1 -1 -1 -1 -1
2014-01-11T05:00:00Z 43 109 37 16 -43
2014-01-11T04:00:00Z 47 175 81 27 -9
2014-01-11T03:00:00Z 48 168 120 39 23
2014-01-11T02:00:00Z 33 115 131 36 58
2014-01-11T01:00:00Z -1 -1 -1 -1 -1
2014-01-11T00:00:00Z 54 173 130 46 81
2014-01-11T23:00:00Z 35 205 137 27 187
2014-01-11T22:00:00Z 34 110 110 22 159
2014-01-11T21:00:00Z 14 37 47 32 155
2014-01-11T20:00:00Z 35 10 120 5 182
2014-01-11T19:00:00Z 35 67 105 4 166
2014-01-11T18:00:00Z 13 12 23 7 144
2014-01-15T07:00:00Z 103 19 -38 -10 -12
2014-01-15T06:00:00Z 68 35 18 -14 11
2014-01-15T05:00:00Z 87 127 6 26 38
2014-01-15T04:00:00Z 102 186 34 44 57
2014-01-15T03:00:00Z 78 221 127 42 67
2014-01-15T02:00:00Z -1 -1 -1 -1 -1
2014-01-24T15:00:00Z -159 -50 -54 -25 29
2014-01-24T14:00:00Z -86 -67 -76 14 26
2014-01-24T13:00:00Z -83 -59 -85 18 15
2014-01-24T12:00:00Z -94 -75 -74 17 24
2014-01-24T11:00:00Z -89 -80 -52 -9 27
2014-01-24T10:00:00Z -42 -60 -33 -15 30
2014-01-30T03:00:00Z -5 38 -126 22 82
2014-01-30T02:00:00Z 16 64 -141 64 101
2014-01-30T01:00:00Z 80 59 -144 89 102
2014-01-30T00:00:00Z 99 40 -108 77 77
2014-01-29T23:00:00Z -1 -1 -1 -1 -1
2014-01-29T22:00:00Z 150 47 2 53 66
2014-01-31T07:00:00Z -10 -129 -18 99 -17
2014-01-31T06:00:00Z 88 -107 41 141 15
2014-01-31T05:00:00Z 141 30 97 196 27
2014-01-31T04:00:00Z 183 163 110 280 41
2014-01-31T03:00:00Z 164 227 131 433 103
2014-01-31T02:00:00Z 285 251 205 417 207
2014-02-02T09:00:00Z 68 93 11 -35 32
2014-02-02T08:00:00Z 85 86 18 -45 37
2014-02-02T07:00:00Z -1 -1 -1 -1 -1
2014-02-02T06:00:00Z 46 67 7 -31 37
2014-02-02T05:00:00Z 22 44 20 -5 25
2014-02-02T04:00:00Z 11 58 37 -22 38
2014-02-12T09:00:00Z 60 23 47 -15 -9
2014-02-12T08:00:00Z 76 46 6 -14 -16
2014-02-12T07:00:00Z 78 88 60 -18 -7
2014-02-12T06:00:00Z 116 106 78 -8 21
2014-02-12T05:00:00Z 122 73 70 21 29
2014-02-12T04:00:00Z 126 80 72 19 41
2014-02-17T02:00:00Z -118 9 -95 22 22
2014-02-17T01:00:00Z -131 -71 -159 26 20
2014-02-17T00:00:00Z -176 -86 -150 21 8
2014-02-16T23:00:00Z -196 -106 -145 -37 12
2014-02-16T22:00:00Z -217 -81 -171 -123 4
2014-02-16T21:00:00Z -235 -90 -195 -157 -5
2014-03-04T05:00:00Z -12 -73 -121 -76 29
2014-03-04T04:00:00Z 9 -69 -115 -35 57
2014-03-04T03:00:00Z 35 -37 -56 29 65
2014-03-04T02:00:00Z 46 -21 8 65 55
2014-03-04T01:00:00Z 35 -8 33 115 40
2014-03-04T00:00:00Z 41 27 47 133 62
2014-03-14T00:00:00Z 22 30 46 38 33
2014-03-13T23:00:00Z 25 63 42 45 16
2014-03-13T22:00:00Z 21 60 19 24 18
2014-03-13T21:00:00Z 14 27 1 7 15
2014-03-16T06:00:00Z -46 -21 93 -30 -46
2014-03-16T05:00:00Z -15 46 93 -4 -22
2014-03-16T04:00:00Z 29 134 92 25 -13
2014-03-16T03:00:00Z 62 166 100 42 -3
2014-03-16T02:00:00Z 66 145 91 51 -8
2014-03-16T01:00:00Z 73 143 66 50 -49
2014-03-17T17:00:00Z -112 64 -125 -73 47
2014-03-17T16:00:00Z -91 43 -127 -67 58
2014-03-17T15:00:00Z -72 18 -126 -61 76
2014-03-17T14:00:00Z -30 12 -63 -52 75
2014-03-17T13:00:00Z -1 -1 -1 -1 -1
2014-03-17T12:00:00Z 55 -29 3 12 47
2014-03-28T12:00:00Z -37 9 -130 -64 -135
2014-03-28T11:00:00Z -20 46 -110 -39 -96
2014-03-28T10:00:00Z 54 26 -56 -10 -101
2014-03-28T09:00:00Z 62 -17 -59 19 -25
2014-03-28T08:00:00Z 75 -91 -77 17 -50
2014-03-28T07:00:00Z 97 -172 -77 7 -10
2014-03-29T01:00:00Z -1 -1 -1 -1 -1
2014-03-29T00:00:00Z 115 4 27 -8 39
2014-03-28T23:00:00Z 98 -26 13 -15 45
2014-03-28T22:00:00Z 52 -65 18 -13 25
2014-03-28T21:00:00Z 59 -79 -36 -29 -7
2014-03-28T20:00:00Z -28 -80 -105 -73 12
2014-04-01T14:00:00Z -1 -1 -1 -1 -1
2014-04-01T13:00:00Z -1 -1 -1 -1 -1
2014-04-01T12:00:00Z -1 -1 -1 -1 -1
2014-04-01T11:00:00Z -1 -1 -1 -1 -1
2014-04-01T10:00:00Z -1 -1 -1 58 -1
2014-04-01T09:00:00Z 46 47 62 12 18
2014-04-02T10:00:00Z 27 39 39 -16 32
2014-04-02T09:00:00Z 47 32 44 -2 56
2014-04-02T08:00:00Z 34 38 32 -13 55
2014-04-02T07:00:00Z 27 41 49 -7 48
2014-04-02T20:00:00Z -54 -32 -32 -45 -152
2014-04-02T19:00:00Z -49 -2 -2 -66 -160
2014-04-02T18:00:00Z -12 2 35 -54 -157
2014-04-02T17:00:00Z 32 -6 25 -56 -154
2014-04-15T08:00:00Z 46 59 52 -120 -76
2014-04-15T07:00:00Z -54 33 49 -94 -72
2014-04-15T06:00:00Z -102 32 59 -83 -52
2014-04-15T05:00:00Z -93 22 46 -62 -32
2014-04-15T04:00:00Z -93 -12 48 4 -10
2014-04-15T03:00:00Z -121 -91 26 39 -14
2014-04-23T19:00:00Z -61 -69 -107 55 -8
2014-04-23T18:00:00Z -56 -71 -82 42 15
2014-04-23T17:00:00Z -24 -58 -76 4 77
2014-04-23T16:00:00Z 3 -28 -68 -13 40
2014-04-23T15:00:00Z 43 -3 -33 -10 36
2014-04-23T14:00:00Z 63 19 16 -12 6
2014-04-25T21:00:00Z -37 15 -130 13 13
2014-04-25T20:00:00Z -61 -30 -111 -32 12
2014-04-25T19:00:00Z -53 -58 -81 -39 4
2014-04-25T18:00:00Z -1 -1 -1 -1 -1
2014-04-25T17:00:00Z -1 -1 -1 -1 -1
2014-05-01T17:00:00Z -37 -5 19 -34 -9
2014-05-01T16:00:00Z -25 -17 83 -41 -23
2014-05-01T15:00:00Z -18 -5 90 -22 -12
2014-05-01T14:00:00Z -11 19 70 -19 -5
2014-05-01T13:00:00Z -1 40 70 -1 -4
2014-05-01T12:00:00Z 11 34 78 -6 24
2014-05-07T08:00:00Z 16 34 55 25 21
2014-05-07T07:00:00Z 24 47 60 31 13
2014-05-07T06:00:00Z 29 27 65 28 16
2014-05-07T05:00:00Z 39 29 62 25 12
2014-05-07T04:00:00Z 34 31 56 44 10
2014-05-07T03:00:00Z 41 9 51 40 12
2014-05-16T07:00:00Z 1 27 -14 17 -10
2014-05-16T06:00:00Z -6 40 -12 31 7
2014-05-16T05:00:00Z -16 40 -1 24 15
2014-05-16T04:00:00Z -44 41 6 21 29
2014-05-16T03:00:00Z -20 31 9 20 55
2014-05-18T23:00:00Z 20 16 -7 15 5
2014-05-18T22:00:00Z -1 -1 -1 -1 -1
2014-05-18T21:00:00Z 32 3 -5 37 15
2014-05-18T20:00:00Z 45 4 -20 34 17
2014-05-18T19:00:00Z 51 8 -38 -6 16
2014-05-18T18:00:00Z 42 26 -28 -10 19
2014-05-20T07:00:00Z -1 -1 -1 -1 -1
2014-05-20T06:00:00Z 98 13 3 13 -5
2014-05-20T05:00:00Z 70 37 -6 49 -6
2014-05-20T04:00:00Z 120 52 0 66 3
2014-05-20T03:00:00Z 103 42 20 66 -10
2014-05-20T02:00:00Z 97 30 35 80 -5
2014-05-21T01:00:00Z 124 57 51 23 28
2014-05-21T00:00:00Z 100 23 44 49 33
2014-05-20T23:00:00Z 85 12 18 42 -2
2014-05-20T22:00:00Z 5 -12 19 24 -28
2014-05-22T13:00:00Z -112 -113 4 7 -42
2014-05-22T12:00:00Z -1 -1 -1 -1 -1
2014-05-22T11:00:00Z -4 -123 59 36 -37
2014-05-22T10:00:00Z 50 -98 75 26 -18
2014-05-22T09:00:00Z 99 -130 65 42 -23
2014-05-22T08:00:00Z 93 -80 63 70 2
2014-05-25T11:00:00Z 73 -54 -91 74 35
2014-05-25T10:00:00Z 81 -80 -91 38 28
2014-05-25T09:00:00Z 59 -67 -87 31 -7
2014-05-25T08:00:00Z 48 -47 -72 12 3
2014-05-25T07:00:00Z 42 41 -60 5 -1
2014-05-25T06:00:00Z 25 67 -51 2 10
2014-06-17T04:00:00Z -1 -1 -1 -1 -1
2014-06-17T03:00:00Z 14 61 27 47 -21
2014-06-17T02:00:00Z 12 55 19 43 -44
2014-06-17T01:00:00Z 20 68 -20 51 -34
2014-06-17T00:00:00Z 53 43 -23 57 -5
2014-06-16T23:00:00Z 43 16 -10 41 24
2014-06-17T16:00:00Z 37 -61 32 -82 -81
2014-06-17T15:00:00Z 10 -46 60 -97 -70
2014-06-17T14:00:00Z -1 -1 -1 -1 -1
2014-06-17T13:00:00Z -11 -16 66 -128 -21
2014-07-05T11:00:00Z 16 -15 21 17 -34
2014-07-05T10:00:00Z 10 6 33 36 -15
2014-07-05T09:00:00Z 17 16 54 51 -17
2014-07-05T08:00:00Z 24 37 44 30 -19
2014-07-05T07:00:00Z 8 73 47 64 -11
2014-07-18T19:00:00Z -21 -112 -159 -13 25
2014-07-18T18:00:00Z -7 -142 -123 0 34
2014-07-18T17:00:00Z -1 -1 -1 -1 -1
2014-07-18T16:00:00Z -9 -155 -91 9 38
2014-07-18T15:00:00Z -2 -99 -41 1 35
2014-07-18T14:00:00Z 23 -74 29 -3 21
2014-07-29T12:00:00Z -57 -18 46 -2 -30
2014-07-29T11:00:00Z -29 41 54 13 -47
2014-07-29T10:00:00Z -1 -1 -1 -1 -1
2014-07-29T09:00:00Z -1 -1 -1 -1 -1
2014-07-29T08:00:00Z -1 -1 -1 -1 -1
2014-07-29T07:00:00Z -1 -1 -1 -1 -1
2014-08-03T15:00:00Z 26 -36 -17 -42 -14
2014-08-03T14:00:00Z -9 -36 -8 -25 -15
2014-08-03T13:00:00Z -22 -41 -26 -45 -8
2014-08-03T12:00:00Z -1 -1 -1 -1 -1
2014-08-03T11:00:00Z 3 0 -3 -36 -8
2014-08-03T10:00:00Z 19 20 13 -21 -14
2014-08-09T12:00:00Z -1 -1 -1 -1 -1
2014-08-09T11:00:00Z -1 -1 -1 -1 -1
2014-08-09T10:00:00Z -1 -1 -1 -1 -1
2014-08-09T09:00:00Z -1 -1 -1 -1 -1
2014-08-09T08:00:00Z -1 -1 -1 -1 -1
2014-08-19T11:00:00Z 18 28 16 -38 -2
2014-08-19T10:00:00Z -1 41 38 -34 21
2014-08-19T09:00:00Z 13 45 44 -31 32
2014-08-19T08:00:00Z 9 50 34 -17 34
2014-08-20T18:00:00Z -12 -58 -37 12 -20
2014-08-20T17:00:00Z 3 -68 -25 3 -32
2014-08-20T16:00:00Z 21 -34 -11 1 -42
2014-08-20T15:00:00Z 15 -8 8 -3 -48
2014-08-20T14:00:00Z 19 -12 -1 1 -45
2014-08-21T21:00:00Z -13 37 -41 -7 -33
2014-08-21T20:00:00Z -18 65 -26 8 -44
2014-08-21T19:00:00Z -34 52 -26 8 -46
2014-08-21T18:00:00Z -44 23 30 8 -62
2014-08-21T17:00:00Z -63 19 46 14 -58
2014-08-21T16:00:00Z -51 17 19 16 -48
2014-08-23T22:00:00Z 10 40 26 -50 -24
2014-08-23T21:00:00Z 6 15 35 -45 -16
2014-08-23T20:00:00Z -1 -1 -1 -1 -1
2014-08-23T19:00:00Z -13 32 5 -39 -30
2014-08-30T23:00:00Z -23 45 -49 27 4
2014-08-30T22:00:00Z -55 32 -32 27 -6
2014-08-30T21:00:00Z -56 59 -27 33 5
2014-08-30T20:00:00Z -6 78 -33 26 -13
2014-08-30T19:00:00Z -30 59 -35 11 -18
2014-08-30T18:00:00Z -44 54 -10 44 -20
2014-09-07T22:00:00Z -22 116 -15 24 3
2014-09-07T21:00:00Z -23 103 -35 10 -1
2014-09-07T20:00:00Z -38 94 -54 -26 0
2014-09-07T19:00:00Z -69 36 -44 -9 -14
2014-09-21T06:00:00Z -59 46 4 -5 -13
2014-09-21T05:00:00Z -12 54 16 -1 -24
2014-09-21T04:00:00Z -11 33 38 -2 -38
2014-09-21T03:00:00Z -1 -1 -1 -1 -1
2014-09-21T02:00:00Z 29 43 43 -3 -25
2014-09-21T01:00:00Z -1 -1 -1 -1 -1
2014-09-25T23:00:00Z -14 5 -62 27 37
2014-09-25T22:00:00Z -9 -28 -60 32 20
2014-09-25T21:00:00Z 1 -27 -77 27 2
2014-09-25T20:00:00Z 61 -55 -92 16 -2
2014-09-25T19:00:00Z 44 -55 -77 14 -8
2014-09-25T18:00:00Z 31 -33 -68 0 -18
2014-09-26T23:00:00Z 3 35 24 45 34
2014-09-26T22:00:00Z -1 -1 -1 -1 -1
2014-09-26T21:00:00Z 78 63 35 25 29
2014-09-26T20:00:00Z 87 69 14 44 22
2014-09-26T19:00:00Z 78 59 14 63 22
2014-09-26T18:00:00Z 70 56 21 38 1
2014-10-11T19:00:00Z 72 -9 -1 -93 -39
2014-10-11T18:00:00Z 55 -24 22 -42 -12
2014-10-11T17:00:00Z 22 -44 -21 11 -6
2014-10-11T16:00:00Z -1 -1 -1 -1 -1
2014-10-11T15:00:00Z -60 -70 2 45 26
2014-10-11T14:00:00Z -86 -65 2 53 4
2014-10-20T23:00:00Z -1 -1 -1 -1 -1
2014-10-20T22:00:00Z -1 -1 -1 -1 -1
2014-10-20T21:00:00Z -24 12 -164 -133 -56
2014-10-20T20:00:00Z 74 60 -20 -154 -83
