2013-12-26T10:00:00Z -11 6 -23 -3 -15
2013-12-26T09:00:00Z -4 -91 -90 -3 -23
2013-12-26T08:00:00Z -3 -331 -212 -5 -179
2013-12-26T07:00:00Z -17 -586 -406 -7 -310
2013-12-26T06:00:00Z -78 -554 -422 -5 -312
2013-12-26T05:00:00Z -369 -1 -407 -18 -283
2013-12-26T09:00:00Z -4 -91 -90 -3 -23
2013-12-26T08:00:00Z -3 -331 -212 -5 -179
2013-12-26T07:00:00Z -17 -586 -406 -7 -310
2013-12-26T06:00:00Z -78 -554 -422 -5 -312
2013-12-26T05:00:00Z -369 -1 -407 -18 -283
2013-12-26T04:00:00Z -1 -1 -1 -1 -1
2013-12-26T08:00:00Z -3 -331 -212 -5 -179
2013-12-26T07:00:00Z -17 -586 -406 -7 -310
2013-12-26T06:00:00Z -78 -554 -422 -5 -312
2013-12-26T05:00:00Z -369 -1 -407 -18 -283
2013-12-26T04:00:00Z -1 -1 -1 -1 -1
2013-12-26T03:00:00Z -345 -456 -422 -178 -278
2013-12-26T07:00:00Z -17 -586 -406 -7 -310
2013-12-26T06:00:00Z -78 -554 -422 -5 -312
2013-12-26T05:00:00Z -369 -1 -407 -18 -283
2013-12-26T04:00:00Z -1 -1 -1 -1 -1
2013-12-26T03:00:00Z -345 -456 -422 -178 -278
2013-12-26T02:00:00Z -340 -443 -353 -165 -261
2013-12-26T06:00:00Z -78 -554 -422 -5 -312
2013-12-26T05:00:00Z -369 -1 -407 -18 -283
2013-12-26T04:00:00Z -1 -1 -1 -1 -1
2013-12-26T03:00:00Z -345 -456 -422 -178 -278
2013-12-26T02:00:00Z -340 -443 -353 -165 -261
2013-12-26T01:00:00Z -339 -1 -384 -155 -280
2013-12-26T05:00:00Z -369 -1 -407 -18 -283
2013-12-26T04:00:00Z -1 -1 -1 -1 -1
2013-12-26T03:00:00Z -345 -456 -422 -178 -278
2013-12-26T02:00:00Z -340 -443 -353 -165 -261
2013-12-26T01:00:00Z -339 -1 -384 -155 -280
2013-12-26T00:00:00Z -359 -305 -381 -140 -244
2014-01-03T01:00:00Z 118 154 155 48 101
2014-01-03T00:00:00Z 188 -1 201 49 89
2014-01-02T23:00:00Z 142 -1 164 57 98
2014-01-02T22:00:00Z 178 -1 168 35 56
2014-01-02T21:00:00Z -1 -1 -1 -1 -1
2014-01-02T20:00:00Z -1 -1 -1 -1 -1
2014-01-03T00:00:00Z 188 -1 201 49 89
2014-01-02T23:00:00Z 142 -1 164 57 98
2014-01-02T22:00:00Z 178 -1 168 35 56
2014-01-02T21:00:00Z -1 -1 -1 -1 -1
2014-01-02T20:00:00Z -1 -1 -1 -1 -1
2014-01-02T19:00:00Z -1 -1 -1 -1 -1
2014-01-02T23:00:00Z 142 -1 164 57 98
2014-01-02T22:00:00Z 178 -1 168 35 56
2014-01-02T21:00:00Z -1 -1 -1 -1 -1
2014-01-02T20:00:00Z -1 -1 -1 -1 -1
2014-01-02T19:00:00Z -1 -1 -1 -1 -1
2014-01-02T18:00:00Z -1 -1 -1 -1 -1
2014-01-02T22:00:00Z 178 -1 168 35 56
2014-01-02T21:00:00Z -1 -1 -1 -1 -1
2014-01-02T20:00:00Z -1 -1 -1 -1 -1
2014-01-02T19:00:00Z -1 -1 -1 -1 -1
2014-01-02T18:00:00Z -1 -1 -1 -1 -1
2014-01-02T17:00:00Z -1 -1 -1 -1 -1
2014-01-02T21:00:00Z -1 -1 -1 -1 -1
2014-01-02T20:00:00Z -1 -1 -1 -1 -1
2014-01-02T19:00:00Z -1 -1 -1 -1 -1
2014-01-02T18:00:00Z -1 -1 -1 -1 -1
2014-01-02T17:00:00Z -1 -1 -1 -1 -1
2014-01-02T16:00:00Z -1 -1 -1 -1 -1
2014-01-02T20:00:00Z -1 -1 -1 -1 -1
2014-01-02T19:00:00Z -1 -1 -1 -1 -1
2014-01-02T18:00:00Z -1 -1 -1 -1 -1
2014-01-02T17:00:00Z -1 -1 -1 -1 -1
2014-01-02T16:00:00Z -1 -1 -1 -1 -1
2014-01-02T15:00:00Z -1 -1 -1 -1 -1
2014-01-06T03:00:00Z 128 29 167 46 27
2014-01-06T02:00:00Z -1 -1 -1 -1 -1
2014-01-06T01:00:00Z 120 9 56 20 24
2014-01-06T00:00:00Z 101 3 -1 -12 37
2014-01-05T23:00:00Z -1 -1 -1 -1 -1
2014-01-05T22:00:00Z 31 -28 -133 -1 31
2014-01-06T02:00:00Z -1 -1 -1 -1 -1
2014-01-06T01:00:00Z 120 9 56 20 24
2014-01-06T00:00:00Z 101 3 -1 -12 37
2014-01-05T23:00:00Z -1 -1 -1 -1 -1
2014-01-05T22:00:00Z 31 -28 -133 -1 31
2014-01-05T21:00:00Z -46 -50 -147 -96 36
2014-01-06T01:00:00Z 120 9 56 20 24
2014-01-06T00:00:00Z 101 3 -1 -12 37
2014-01-05T23:00:00Z -1 -1 -1 -1 -1
2014-01-05T22:00:00Z 31 -28 -133 -1 31
2014-01-05T21:00:00Z -46 -50 -147 -96 36
2014-01-05T20:00:00Z -115 -51 -117 -77 41
2014-01-06T00:00:00Z 101 3 -1 -12 37
2014-01-05T23:00:00Z -1 -1 -1 -1 -1
2014-01-05T22:00:00Z 31 -28 -133 -1 31
2014-01-05T21:00:00Z -46 -50 -147 -96 36
2014-01-05T20:00:00Z -115 -51 -117 -77 41
2014-01-05T19:00:00Z -127 -20 -109 -67 74
2014-01-05T23:00:00Z -1 -1 -1 -1 -1
2014-01-05T22:00:00Z 31 -28 -133 -1 31
2014-01-05T21:00:00Z -46 -50 -147 -96 36
2014-01-05T20:00:00Z -115 -51 -117 -77 41
2014-01-05T19:00:00Z -127 -20 -109 -67 74
2014-01-05T18:00:00Z -148 -73 -84 -73 46
2014-01-11T05:00:00Z 48 60 74 21 -54
2014-01-11T04:00:00Z 39 117 67 29 -51
2014-01-11T03:00:00Z 34 124 103 28 -30
2014-01-11T02:00:00Z 14 112 13 22 -1
2014-01-11T01:00:00Z -1 -1 -1 -1 -1
2014-01-11T00:00:00Z 42 103 89 30 70
2014-01-11T04:00:00Z 39 117 67 29 -51
2014-01-11T03:00:00Z 34 124 103 28 -30
2014-01-11T02:00:00Z 14 112 13 22 -1
2014-01-11T01:00:00Z -1 -1 -1 -1 -1
2014-01-11T00:00:00Z 42 103 89 30 70
2014-01-10T23:00:00Z 12 -48 161 39 63
2014-01-11T03:00:00Z 34 124 103 28 -30
2014-01-11T02:00:00Z 14 112 13 22 -1
2014-01-11T01:00:00Z -1 -1 -1 -1 -1
2014-01-11T00:00:00Z 42 103 89 30 70
2014-01-10T23:00:00Z 12 -48 161 39 63
2014-01-10T22:00:00Z 31 -51 88 23 30
2014-01-11T02:00:00Z 14 112 13 22 -1
2014-01-11T01:00:00Z -1 -1 -1 -1 -1
2014-01-11T00:00:00Z 42 103 89 30 70
2014-01-10T23:00:00Z 12 -48 161 39 63
2014-01-10T22:00:00Z 31 -51 88 23 30
2014-01-10T21:00:00Z -22 -78 76 -8 39
2014-01-11T01:00:00Z -1 -1 -1 -1 -1
2014-01-11T00:00:00Z 42 103 89 30 70
2014-01-10T23:00:00Z 12 -48 161 39 63
2014-01-10T22:00:00Z 31 -51 88 23 30
2014-01-10T21:00:00Z -22 -78 76 -8 39
2014-01-10T20:00:00Z 40 -68 90 -9 8
2014-01-11T00:00:00Z 42 103 89 30 70
2014-01-10T23:00:00Z 12 -48 161 39 63
2014-01-10T22:00:00Z 31 -51 88 23 30
2014-01-10T21:00:00Z -22 -78 76 -8 39
2014-01-10T20:00:00Z 40 -68 90 -9 8
2014-01-10T19:00:00Z -10 -67 9 -16 54
2014-01-11T23:00:00Z 89 97 192 43 172
2014-01-11T22:00:00Z 70 75 224 37 189
2014-01-11T21:00:00Z 38 73 193 2 204
2014-01-11T20:00:00Z 50 55 226 -19 185
2014-01-11T19:00:00Z 59 84 183 -2 189
2014-01-11T18:00:00Z 32 28 -25 -4 154
2014-01-11T22:00:00Z 70 75 224 37 189
2014-01-11T21:00:00Z 38 73 193 2 204
2014-01-11T20:00:00Z 50 55 226 -19 185
2014-01-11T19:00:00Z 59 84 183 -2 189
2014-01-11T18:00:00Z 32 28 -25 -4 154
2014-01-11T17:00:00Z 0 -29 -9 -3 190
2014-01-11T21:00:00Z 38 73 193 2 204
2014-01-11T20:00:00Z 50 55 226 -19 185
2014-01-11T19:00:00Z 59 84 183 -2 189
2014-01-11T18:00:00Z 32 28 -25 -4 154
2014-01-11T17:00:00Z 0 -29 -9 -3 190
2014-01-11T16:00:00Z -12 -40 -1 1 132
2014-01-11T20:00:00Z 50 55 226 -19 185
2014-01-11T19:00:00Z 59 84 183 -2 189
2014-01-11T18:00:00Z 32 28 -25 -4 154
2014-01-11T17:00:00Z 0 -29 -9 -3 190
2014-01-11T16:00:00Z -12 -40 -1 1 132
2014-01-11T15:00:00Z 18 -52 163 -16 99
2014-01-11T19:00:00Z 59 84 183 -2 189
2014-01-11T18:00:00Z 32 28 -25 -4 154
2014-01-11T17:00:00Z 0 -29 -9 -3 190
2014-01-11T16:00:00Z -12 -40 -1 1 132
2014-01-11T15:00:00Z 18 -52 163 -16 99
2014-01-11T14:00:00Z 97 6 124 -23 49
2014-01-11T18:00:00Z 32 28 -25 -4 154
2014-01-11T17:00:00Z 0 -29 -9 -3 190
2014-01-11T16:00:00Z -12 -40 -1 1 132
2014-01-11T15:00:00Z 18 -52 163 -16 99
2014-01-11T14:00:00Z 97 6 124 -23 49
2014-01-11T13:00:00Z 151 110 30 -29 41
2014-01-15T07:00:00Z 67 15 11 5 -12
2014-01-15T06:00:00Z 57 66 54 14 10
2014-01-15T05:00:00Z 100 110 32 36 51
2014-01-15T04:00:00Z 88 121 41 46 70
2014-01-15T03:00:00Z 52 174 104 46 61
2014-01-15T02:00:00Z -1 -1 -1 -1 -1
2014-01-15T06:00:00Z 57 66 54 14 10
2014-01-15T05:00:00Z 100 110 32 36 51
2014-01-15T04:00:00Z 88 121 41 46 70
2014-01-15T03:00:00Z 52 174 104 46 61
2014-01-15T02:00:00Z -1 -1 -1 -1 -1
2014-01-15T01:00:00Z -1 -1 -1 -1 -1
2014-01-15T05:00:00Z 100 110 32 36 51
2014-01-15T04:00:00Z 88 121 41 46 70
2014-01-15T03:00:00Z 52 174 104 46 61
2014-01-15T02:00:00Z -1 -1 -1 -1 -1
2014-01-15T01:00:00Z -1 -1 -1 -1 -1
2014-01-15T00:00:00Z -50 255 220 4 60
2014-01-15T04:00:00Z 88 121 41 46 70
2014-01-15T03:00:00Z 52 174 104 46 61
2014-01-15T02:00:00Z -1 -1 -1 -1 -1
2014-01-15T01:00:00Z -1 -1 -1 -1 -1
2014-01-15T00:00:00Z -50 255 220 4 60
2014-01-14T23:00:00Z -48 219 190 10 86
2014-01-15T03:00:00Z 52 174 104 46 61
2014-01-15T02:00:00Z -1 -1 -1 -1 -1
2014-01-15T01:00:00Z -1 -1 -1 -1 -1
2014-01-15T00:00:00Z -50 255 220 4 60
2014-01-14T23:00:00Z -48 219 190 10 86
2014-01-14T22:00:00Z -96 157 118 4 93
2014-01-15T02:00:00Z -1 -1 -1 -1 -1
2014-01-15T01:00:00Z -1 -1 -1 -1 -1
2014-01-15T00:00:00Z -50 255 220 4 60
2014-01-14T23:00:00Z -48 219 190 10 86
2014-01-14T22:00:00Z -96 157 118 4 93
2014-01-14T21:00:00Z -8 116 57 -26 78
2014-01-24T15:00:00Z -201 -82 -9 34 53
2014-01-24T14:00:00Z -104 -88 -54 30 34
2014-01-24T13:00:00Z -137 -66 -85 25 31
2014-01-24T12:00:00Z -153 -56 -97 8 43
2014-01-24T11:00:00Z -103 -50 -82 9 55
2014-01-24T10:00:00Z 0 -35 -109 -8 56
2014-01-24T14:00:00Z -104 -88 -54 30 34
2014-01-24T13:00:00Z -137 -66 -85 25 31
2014-01-24T12:00:00Z -153 -56 -97 8 43
2014-01-24T11:00:00Z -103 -50 -82 9 55
2014-01-24T10:00:00Z 0 -35 -109 -8 56
2014-01-24T09:00:00Z -58 -45 -124 -24 41
2014-01-24T13:00:00Z -137 -66 -85 25 31
2014-01-24T12:00:00Z -153 -56 -97 8 43
2014-01-24T11:00:00Z -103 -50 -82 9 55
2014-01-24T10:00:00Z 0 -35 -109 -8 56
2014-01-24T09:00:00Z -58 -45 -124 -24 41
2014-01-24T08:00:00Z -96 -10 -150 8 26
2014-01-24T12:00:00Z -153 -56 -97 8 43
2014-01-24T11:00:00Z -103 -50 -82 9 55
2014-01-24T10:00:00Z 0 -35 -109 -8 56
2014-01-24T09:00:00Z -58 -45 -124 -24 41
2014-01-24T08:00:00Z -96 -10 -150 8 26
2014-01-24T07:00:00Z -17 -8 -122 16 20
2014-01-24T11:00:00Z -103 -50 -82 9 55
2014-01-24T10:00:00Z 0 -35 -109 -8 56
2014-01-24T09:00:00Z -58 -45 -124 -24 41
2014-01-24T08:00:00Z -96 -10 -150 8 26
2014-01-24T07:00:00Z -17 -8 -122 16 20
2014-01-24T06:00:00Z 13 -7 -103 28 32
2014-01-24T10:00:00Z 0 -35 -109 -8 56
2014-01-24T09:00:00Z -58 -45 -124 -24 41
2014-01-24T08:00:00Z -96 -10 -150 8 26
2014-01-24T07:00:00Z -17 -8 -122 16 20
2014-01-24T06:00:00Z 13 -7 -103 28 32
2014-01-24T05:00:00Z 34 8 -87 45 41
2014-01-30T03:00:00Z 20 -20 -102 26 65
2014-01-30T02:00:00Z 20 16 -205 56 -1
2014-01-30T01:00:00Z 87 26 -167 63 -1
2014-01-30T00:00:00Z 100 27 -157 47 -1
2014-01-29T23:00:00Z -1 -1 -1 -1 -1
2014-01-29T22:00:00Z 203 24 -12 38 -1
2014-01-30T02:00:00Z 20 16 -205 56 -1
2014-01-30T01:00:00Z 87 26 -167 63 -1
2014-01-30T00:00:00Z 100 27 -157 47 -1
2014-01-29T23:00:00Z -1 -1 -1 -1 -1
2014-01-29T22:00:00Z 203 24 -12 38 -1
2014-01-29T21:00:00Z 206 5 25 48 77
2014-01-30T01:00:00Z 87 26 -167 63 -1
2014-01-30T00:00:00Z 100 27 -157 47 -1
2014-01-29T23:00:00Z -1 -1 -1 -1 -1
2014-01-29T22:00:00Z 203 24 -12 38 -1
2014-01-29T21:00:00Z 206 5 25 48 77
2014-01-29T20:00:00Z 162 -81 -52 31 95
2014-01-30T00:00:00Z 100 27 -157 47 -1
2014-01-29T23:00:00Z -1 -1 -1 -1 -1
2014-01-29T22:00:00Z 203 24 -12 38 -1
2014-01-29T21:00:00Z 206 5 25 48 77
2014-01-29T20:00:00Z 162 -81 -52 31 95
2014-01-29T19:00:00Z 193 -88 -4 30 91
2014-01-29T23:00:00Z -1 -1 -1 -1 -1
2014-01-29T22:00:00Z 203 24 -12 38 -1
2014-01-29T21:00:00Z 206 5 25 48 77
2014-01-29T20:00:00Z 162 -81 -52 31 95
2014-01-29T19:00:00Z 193 -88 -4 30 91
2014-01-29T18:00:00Z 151 -98 -56 33 95
2014-01-29T22:00:00Z 203 24 -12 38 -1
2014-01-29T21:00:00Z 206 5 25 48 77
2014-01-29T20:00:00Z 162 -81 -52 31 95
2014-01-29T19:00:00Z 193 -88 -4 30 91
2014-01-29T18:00:00Z 151 -98 -56 33 95
2014-01-29T17:00:00Z 163 -82 -33 27 54
2014-01-31T07:00:00Z -29 -149 43 133 -72
2014-01-31T06:00:00Z 76 -146 97 215 5
2014-01-31T05:00:00Z 175 14 103 332 27
2014-01-31T04:00:00Z 201 136 97 420 34
2014-01-31T03:00:00Z 162 206 113 825 56
2014-01-31T02:00:00Z 375 166 208 712 281
2014-01-31T06:00:00Z 76 -146 97 215 5
2014-01-31T05:00:00Z 175 14 103 332 27
2014-01-31T04:00:00Z 201 136 97 420 34
2014-01-31T03:00:00Z 162 206 113 825 56
2014-01-31T02:00:00Z 375 166 208 712 281
2014-01-31T01:00:00Z 121 188 133 330 140
2014-01-31T05:00:00Z 175 14 103 332 27
2014-01-31T04:00:00Z 201 136 97 420 34
2014-01-31T03:00:00Z 162 206 113 825 56
2014-01-31T02:00:00Z 375 166 208 712 281
2014-01-31T01:00:00Z 121 188 133 330 140
2014-01-31T00:00:00Z 165 132 241 159 221
2014-01-31T04:00:00Z 201 136 97 420 34
2014-01-31T03:00:00Z 162 206 113 825 56
2014-01-31T02:00:00Z 375 166 208 712 281
2014-01-31T01:00:00Z 121 188 133 330 140
2014-01-31T00:00:00Z 165 132 241 159 221
2014-01-30T23:00:00Z 133 103 126 108 267
2014-01-31T03:00:00Z 162 206 113 825 56
2014-01-31T02:00:00Z 375 166 208 712 281
2014-01-31T01:00:00Z 121 188 133 330 140
2014-01-31T00:00:00Z 165 132 241 159 221
2014-01-30T23:00:00Z 133 103 126 108 267
2014-01-30T22:00:00Z 111 141 33 62 70
2014-01-31T02:00:00Z 375 166 208 712 281
2014-01-31T01:00:00Z 121 188 133 330 140
2014-01-31T00:00:00Z 165 132 241 159 221
2014-01-30T23:00:00Z 133 103 126 108 267
2014-01-30T22:00:00Z 111 141 33 62 70
2014-01-30T21:00:00Z 138 204 30 82 52
2014-02-02T09:00:00Z 75 107 52 -77 34
2014-02-02T08:00:00Z 105 100 81 -82 48
2014-02-02T07:00:00Z -1 -1 -1 -1 -1
2014-02-02T06:00:00Z 69 80 28 -44 43
2014-02-02T05:00:00Z 22 45 55 -18 37
2014-02-02T04:00:00Z -1 29 50 21 49
2014-02-02T08:00:00Z 105 100 81 -82 48
2014-02-02T07:00:00Z -1 -1 -1 -1 -1
2014-02-02T06:00:00Z 69 80 28 -44 43
2014-02-02T05:00:00Z 22 45 55 -18 37
2014-02-02T04:00:00Z -1 29 50 21 49
2014-02-02T03:00:00Z 3 55 86 18 111
2014-02-02T07:00:00Z -1 -1 -1 -1 -1
2014-02-02T06:00:00Z 69 80 28 -44 43
2014-02-02T05:00:00Z 22 45 55 -18 37
2014-02-02T04:00:00Z -1 29 50 21 49
2014-02-02T03:00:00Z 3 55 86 18 111
2014-02-02T02:00:00Z 4 10 49 23 94
2014-02-02T06:00:00Z 69 80 28 -44 43
2014-02-02T05:00:00Z 22 45 55 -18 37
2014-02-02T04:00:00Z -1 29 50 21 49
2014-02-02T03:00:00Z 3 55 86 18 111
2014-02-02T02:00:00Z 4 10 49 23 94
2014-02-02T01:00:00Z -14 -8 3 38 69
2014-02-02T05:00:00Z 22 45 55 -18 37
2014-02-02T04:00:00Z -1 29 50 21 49
2014-02-02T03:00:00Z 3 55 86 18 111
2014-02-02T02:00:00Z 4 10 49 23 94
2014-02-02T01:00:00Z -14 -8 3 38 69
2014-02-02T00:00:00Z -40 -11 59 31 27
2014-02-02T04:00:00Z -1 29 50 21 49
2014-02-02T03:00:00Z 3 55 86 18 111
2014-02-02T02:00:00Z 4 10 49 23 94
2014-02-02T01:00:00Z -14 -8 3 38 69
2014-02-02T00:00:00Z -40 -11 59 31 27
2014-02-01T23:00:00Z -50 -20 20 34 23
2014-02-12T09:00:00Z 108 -3 11 -14 5
2014-02-12T08:00:00Z 143 10 -67 -17 -5
2014-02-12T07:00:00Z 92 52 43 -4 5
2014-02-12T06:00:00Z 104 79 114 8 49
2014-02-12T05:00:00Z 145 50 103 23 44
2014-02-12T04:00:00Z 125 59 158 23 37
2014-02-12T08:00:00Z 143 10 -67 -17 -5
2014-02-12T07:00:00Z 92 52 43 -4 5
2014-02-12T06:00:00Z 104 79 114 8 49
2014-02-12T05:00:00Z 145 50 103 23 44
2014-02-12T04:00:00Z 125 59 158 23 37
2014-02-12T03:00:00Z 90 78 74 41 41
2014-02-12T07:00:00Z 92 52 43 -4 5
2014-02-12T06:00:00Z 104 79 114 8 49
2014-02-12T05:00:00Z 145 50 103 23 44
2014-02-12T04:00:00Z 125 59 158 23 37
2014-02-12T03:00:00Z 90 78 74 41 41
2014-02-12T02:00:00Z 87 126 32 39 34
2014-02-12T06:00:00Z 104 79 114 8 49
2014-02-12T05:00:00Z 145 50 103 23 44
2014-02-12T04:00:00Z 125 59 158 23 37
2014-02-12T03:00:00Z 90 78 74 41 41
2014-02-12T02:00:00Z 87 126 32 39 34
2014-02-12T01:00:00Z 58 163 86 22 48
2014-02-12T05:00:00Z 145 50 103 23 44
2014-02-12T04:00:00Z 125 59 158 23 37
2014-02-12T03:00:00Z 90 78 74 41 41
2014-02-12T02:00:00Z 87 126 32 39 34
2014-02-12T01:00:00Z 58 163 86 22 48
2014-02-12T00:00:00Z 21 100 98 30 21
2014-02-12T04:00:00Z 125 59 158 23 37
2014-02-12T03:00:00Z 90 78 74 41 41
2014-02-12T02:00:00Z 87 126 32 39 34
2014-02-12T01:00:00Z 58 163 86 22 48
2014-02-12T00:00:00Z 21 100 98 30 21
2014-02-11T23:00:00Z -154 81 73 31 29
2014-02-17T02:00:00Z -131 3 -55 16 15
2014-02-17T01:00:00Z -161 -37 -157 0 7
2014-02-17T00:00:00Z -195 -72 -160 -44 4
2014-02-16T23:00:00Z -238 -115 -128 -143 7
2014-02-16T22:00:00Z -236 -99 -159 -234 4
2014-02-16T21:00:00Z -260 -121 -202 -294 -24
2014-02-17T01:00:00Z -161 -37 -157 0 7
2014-02-17T00:00:00Z -195 -72 -160 -44 4
2014-02-16T23:00:00Z -238 -115 -128 -143 7
2014-02-16T22:00:00Z -236 -99 -159 -234 4
2014-02-16T21:00:00Z -260 -121 -202 -294 -24
2014-02-16T20:00:00Z -244 -177 -177 -275 -46
2014-02-17T00:00:00Z -195 -72 -160 -44 4
2014-02-16T23:00:00Z -238 -115 -128 -143 7
2014-02-16T22:00:00Z -236 -99 -159 -234 4
2014-02-16T21:00:00Z -260 -121 -202 -294 -24
2014-02-16T20:00:00Z -244 -177 -177 -275 -46
2014-02-16T19:00:00Z -258 -227 -176 -231 -92
2014-02-16T23:00:00Z -238 -115 -128 -143 7
2014-02-16T22:00:00Z -236 -99 -159 -234 4
2014-02-16T21:00:00Z -260 -121 -202 -294 -24
2014-02-16T20:00:00Z -244 -177 -177 -275 -46
2014-02-16T19:00:00Z -258 -227 -176 -231 -92
2014-02-16T18:00:00Z -265 -255 -183 -220 -125
2014-02-16T22:00:00Z -236 -99 -159 -234 4
2014-02-16T21:00:00Z -260 -121 -202 -294 -24
2014-02-16T20:00:00Z -244 -177 -177 -275 -46
2014-02-16T19:00:00Z -258 -227 -176 -231 -92
2014-02-16T18:00:00Z -265 -255 -183 -220 -125
2014-02-16T17:00:00Z -252 -244 -229 -231 -174
2014-02-16T21:00:00Z -260 -121 -202 -294 -24
2014-02-16T20:00:00Z -244 -177 -177 -275 -46
2014-02-16T19:00:00Z -258 -227 -176 -231 -92
2014-02-16T18:00:00Z -265 -255 -183 -220 -125
2014-02-16T17:00:00Z -252 -244 -229 -231 -174
2014-02-16T16:00:00Z -210 -207 -272 -222 -173
2014-03-04T05:00:00Z -9 -67 -122 -44 39
2014-03-04T04:00:00Z 6 -60 -125 -3 62
2014-03-04T03:00:00Z 29 -37 -66 35 46
2014-03-04T02:00:00Z 47 -51 11 74 69
2014-03-04T01:00:00Z 28 -31 49 101 65
2014-03-04T00:00:00Z 30 21 63 128 84
2014-03-04T04:00:00Z 6 -60 -125 -3 62
2014-03-04T03:00:00Z 29 -37 -66 35 46
2014-03-04T02:00:00Z 47 -51 11 74 69
2014-03-04T01:00:00Z 28 -31 49 101 65
2014-03-04T00:00:00Z 30 21 63 128 84
2014-03-03T23:00:00Z 55 57 47 142 44
2014-03-04T03:00:00Z 29 -37 -66 35 46
2014-03-04T02:00:00Z 47 -51 11 74 69
2014-03-04T01:00:00Z 28 -31 49 101 65
2014-03-04T00:00:00Z 30 21 63 128 84
2014-03-03T23:00:00Z 55 57 47 142 44
2014-03-03T22:00:00Z 58 52 102 136 -1
2014-03-04T02:00:00Z 47 -51 11 74 69
2014-03-04T01:00:00Z 28 -31 49 101 65
2014-03-04T00:00:00Z 30 21 63 128 84
2014-03-03T23:00:00Z 55 57 47 142 44
2014-03-03T22:00:00Z 58 52 102 136 -1
2014-03-03T21:00:00Z 45 104 121 129 51
2014-03-04T01:00:00Z 28 -31 49 101 65
2014-03-04T00:00:00Z 30 21 63 128 84
2014-03-03T23:00:00Z 55 57 47 142 44
2014-03-03T22:00:00Z 58 52 102 136 -1
2014-03-03T21:00:00Z 45 104 121 129 51
2014-03-03T20:00:00Z -1 -1 -1 -1 -1
2014-03-04T00:00:00Z 30 21 63 128 84
2014-03-03T23:00:00Z 55 57 47 142 44
2014-03-03T22:00:00Z 58 52 102 136 -1
2014-03-03T21:00:00Z 45 104 121 129 51
2014-03-03T20:00:00Z -1 -1 -1 -1 -1
2014-03-03T19:00:00Z 26 -1 174 134 26
2014-03-14T00:00:00Z 22 2 46 21 18
2014-03-13T23:00:00Z 29 23 59 12 16
2014-03-13T22:00:00Z 14 23 10 -11 17
2014-03-13T21:00:00Z 10 11 -1 -7 6
2014-03-13T20:00:00Z -11 21 -18 -15 -6
2014-03-13T19:00:00Z -16 -13 -64 -30 -20
2014-03-13T23:00:00Z 29 23 59 12 16
2014-03-13T22:00:00Z 14 23 10 -11 17
2014-03-13T21:00:00Z 10 11 -1 -7 6
2014-03-13T20:00:00Z -11 21 -18 -15 -6
2014-03-13T19:00:00Z -16 -13 -64 -30 -20
2014-03-13T18:00:00Z -1 -1 -1 -1 -1
2014-03-13T22:00:00Z 14 23 10 -11 17
2014-03-13T21:00:00Z 10 11 -1 -7 6
2014-03-13T20:00:00Z -11 21 -18 -15 -6
2014-03-13T19:00:00Z -16 -13 -64 -30 -20
2014-03-13T18:00:00Z -1 -1 -1 -1 -1
2014-03-13T17:00:00Z -1 -1 -1 -1 -1
2014-03-13T21:00:00Z 10 11 -1 -7 6
2014-03-13T20:00:00Z -11 21 -18 -15 -6
2014-03-13T19:00:00Z -16 -13 -64 -30 -20
2014-03-13T18:00:00Z -1 -1 -1 -1 -1
2014-03-13T17:00:00Z -1 -1 -1 -1 -1
2014-03-13T16:00:00Z -1 -1 -1 -1 -1
2014-03-16T06:00:00Z -36 -27 106 7 -54
2014-03-16T05:00:00Z -34 82 122 8 -21
2014-03-16T04:00:00Z 11 150 93 7 -9
2014-03-16T03:00:00Z 66 153 102 8 -3
2014-03-16T02:00:00Z 74 152 83 30 -23
2014-03-16T01:00:00Z 78 151 30 44 -66
2014-03-16T05:00:00Z -34 82 122 8 -21
2014-03-16T04:00:00Z 11 150 93 7 -9
2014-03-16T03:00:00Z 66 153 102 8 -3
2014-03-16T02:00:00Z 74 152 83 30 -23
2014-03-16T01:00:00Z 78 151 30 44 -66
2014-03-16T00:00:00Z 62 105 51 26 -59
2014-03-16T04:00:00Z 11 150 93 7 -9
2014-03-16T03:00:00Z 66 153 102 8 -3
2014-03-16T02:00:00Z 74 152 83 30 -23
2014-03-16T01:00:00Z 78 151 30 44 -66
2014-03-16T00:00:00Z 62 105 51 26 -59
2014-03-15T23:00:00Z -1 -1 -1 -1 -1
2014-03-16T03:00:00Z 66 153 102 8 -3
2014-03-16T02:00:00Z 74 152 83 30 -23
2014-03-16T01:00:00Z 78 151 30 44 -66
2014-03-16T00:00:00Z 62 105 51 26 -59
2014-03-15T23:00:00Z -1 -1 -1 -1 -1
2014-03-15T22:00:00Z 122 54 57 6 -6
2014-03-16T02:00:00Z 74 152 83 30 -23
2014-03-16T01:00:00Z 78 151 30 44 -66
2014-03-16T00:00:00Z 62 105 51 26 -59
2014-03-15T23:00:00Z -1 -1 -1 -1 -1
2014-03-15T22:00:00Z 122 54 57 6 -6
2014-03-15T21:00:00Z 93 59 17 -2 -2
2014-03-16T01:00:00Z 78 151 30 44 -66
2014-03-16T00:00:00Z 62 105 51 26 -59
2014-03-15T23:00:00Z -1 -1 -1 -1 -1
2014-03-15T22:00:00Z 122 54 57 6 -6
2014-03-15T21:00:00Z 93 59 17 -2 -2
2014-03-15T20:00:00Z 63 83 -17 -17 -25
2014-03-17T17:00:00Z -114 40 -144 -76 34
2014-03-17T16:00:00Z -95 48 -155 -58 58
2014-03-17T15:00:00Z -74 21 -109 -38 72
2014-03-17T14:00:00Z -56 20 -71 -19 35
2014-03-17T13:00:00Z -1 -1 -1 -1 -1
2014-03-17T12:00:00Z 56 0 9 48 13
2014-03-17T16:00:00Z -95 48 -155 -58 58
2014-03-17T15:00:00Z -74 21 -109 -38 72
2014-03-17T14:00:00Z -56 20 -71 -19 35
2014-03-17T13:00:00Z -1 -1 -1 -1 -1
2014-03-17T12:00:00Z 56 0 9 48 13
2014-03-17T11:00:00Z 77 -25 -20 28 22
2014-03-17T15:00:00Z -74 21 -109 -38 72
2014-03-17T14:00:00Z -56 20 -71 -19 35
2014-03-17T13:00:00Z -1 -1 -1 -1 -1
2014-03-17T12:00:00Z 56 0 9 48 13
2014-03-17T11:00:00Z 77 -25 -20 28 22
2014-03-17T10:00:00Z 55 -18 11 21 59
2014-03-17T14:00:00Z -56 20 -71 -19 35
2014-03-17T13:00:00Z -1 -1 -1 -1 -1
2014-03-17T12:00:00Z 56 0 9 48 13
2014-03-17T11:00:00Z 77 -25 -20 28 22
2014-03-17T10:00:00Z 55 -18 11 21 59
2014-03-17T09:00:00Z 0 -2 -26 20 53
2014-03-17T13:00:00Z -1 -1 -1 -1 -1
2014-03-17T12:00:00Z 56 0 9 48 13
2014-03-17T11:00:00Z 77 -25 -20 28 22
2014-03-17T10:00:00Z 55 -18 11 21 59
2014-03-17T09:00:00Z 0 -2 -26 20 53
2014-03-17T08:00:00Z 3 -23 16 24 33
2014-03-17T12:00:00Z 56 0 9 48 13
2014-03-17T11:00:00Z 77 -25 -20 28 22
2014-03-17T10:00:00Z 55 -18 11 21 59
2014-03-17T09:00:00Z 0 -2 -26 20 53
2014-03-17T08:00:00Z 3 -23 16 24 33
2014-03-17T07:00:00Z -5 25 -1 20 74
2014-03-28T12:00:00Z -56 65 -131 -59 -155
2014-03-28T11:00:00Z 30 28 -119 -17 -126
2014-03-28T10:00:00Z 52 17 -53 28 -123
2014-03-28T09:00:00Z 43 -22 -47 36 28
2014-03-28T08:00:00Z 64 -67 -55 26 -9
2014-03-28T07:00:00Z 86 -126 -65 9 31
2014-03-28T11:00:00Z 30 28 -119 -17 -126
2014-03-28T10:00:00Z 52 17 -53 28 -123
2014-03-28T09:00:00Z 43 -22 -47 36 28
2014-03-28T08:00:00Z 64 -67 -55 26 -9
2014-03-28T07:00:00Z 86 -126 -65 9 31
2014-03-28T06:00:00Z 94 -130 -60 5 63
2014-03-28T10:00:00Z 52 17 -53 28 -123
2014-03-28T09:00:00Z 43 -22 -47 36 28
2014-03-28T08:00:00Z 64 -67 -55 26 -9
2014-03-28T07:00:00Z 86 -126 -65 9 31
2014-03-28T06:00:00Z 94 -130 -60 5 63
2014-03-28T05:00:00Z 80 -130 -89 -7 124
2014-03-28T09:00:00Z 43 -22 -47 36 28
2014-03-28T08:00:00Z 64 -67 -55 26 -9
2014-03-28T07:00:00Z 86 -126 -65 9 31
2014-03-28T06:00:00Z 94 -130 -60 5 63
2014-03-28T05:00:00Z 80 -130 -89 -7 124
2014-03-28T04:00:00Z 145 -121 -161 -12 145
2014-03-28T08:00:00Z 64 -67 -55 26 -9
2014-03-28T07:00:00Z 86 -126 -65 9 31
2014-03-28T06:00:00Z 94 -130 -60 5 63
2014-03-28T05:00:00Z 80 -130 -89 -7 124
2014-03-28T04:00:00Z 145 -121 -161 -12 145
2014-03-28T03:00:00Z 111 -84 -96 -9 168
2014-03-28T07:00:00Z 86 -126 -65 9 31
2014-03-28T06:00:00Z 94 -130 -60 5 63
2014-03-28T05:00:00Z 80 -130 -89 -7 124
2014-03-28T04:00:00Z 145 -121 -161 -12 145
2014-03-28T03:00:00Z 111 -84 -96 -9 168
2014-03-28T02:00:00Z -1 -1 -1 -1 -1
2014-03-29T01:00:00Z -1 -1 -1 -1 -1
2014-03-29T00:00:00Z 157 -26 4 -1 49
2014-03-28T23:00:00Z 108 -62 -18 -1 53
2014-03-28T22:00:00Z 60 -95 33 -17 24
2014-03-28T21:00:00Z 31 -106 -3 -42 8
2014-03-28T20:00:00Z -19 -113 -83 -96 34
2014-03-29T00:00:00Z 157 -26 4 -1 49
2014-03-28T23:00:00Z 108 -62 -18 -1 53
2014-03-28T22:00:00Z 60 -95 33 -17 24
2014-03-28T21:00:00Z 31 -106 -3 -42 8
2014-03-28T20:00:00Z -19 -113 -83 -96 34
2014-03-28T19:00:00Z -55 -70 -74 -112 -74
2014-03-28T23:00:00Z 108 -62 -18 -1 53
2014-03-28T22:00:00Z 60 -95 33 -17 24
2014-03-28T21:00:00Z 31 -106 -3 -42 8
2014-03-28T20:00:00Z -19 -113 -83 -96 34
2014-03-28T19:00:00Z -55 -70 -74 -112 -74
2014-03-28T18:00:00Z -49 -66 -102 -111 -39
2014-03-28T22:00:00Z 60 -95 33 -17 24
2014-03-28T21:00:00Z 31 -106 -3 -42 8
2014-03-28T20:00:00Z -19 -113 -83 -96 34
2014-03-28T19:00:00Z -55 -70 -74 -112 -74
2014-03-28T18:00:00Z -49 -66 -102 -111 -39
2014-03-28T17:00:00Z -60 -54 -114 -101 -62
2014-03-28T21:00:00Z 31 -106 -3 -42 8
2014-03-28T20:00:00Z -19 -113 -83 -96 34
2014-03-28T19:00:00Z -55 -70 -74 -112 -74
2014-03-28T18:00:00Z -49 -66 -102 -111 -39
2014-03-28T17:00:00Z -60 -54 -114 -101 -62
2014-03-28T16:00:00Z -107 -61 -73 -104 -74
2014-03-28T20:00:00Z -19 -113 -83 -96 34
2014-03-28T19:00:00Z -55 -70 -74 -112 -74
2014-03-28T18:00:00Z -49 -66 -102 -111 -39
2014-03-28T17:00:00Z -60 -54 -114 -101 -62
2014-03-28T16:00:00Z -107 -61 -73 -104 -74
2014-03-28T15:00:00Z -1 -1 -1 -1 -1
2014-04-01T14:00:00Z -1 -1 -1 -1 -1
2014-04-01T13:00:00Z -1 -1 -1 -1 -1
2014-04-01T12:00:00Z -1 -1 -1 -1 -1
2014-04-01T11:00:00Z -1 -1 -1 -1 -1
2014-04-01T10:00:00Z -1 -1 -1 -1 -1
2014-04-01T09:00:00Z 55 90 60 23 -2
2014-04-01T13:00:00Z -1 -1 -1 -1 -1
2014-04-01T12:00:00Z -1 -1 -1 -1 -1
2014-04-01T11:00:00Z -1 -1 -1 -1 -1
2014-04-01T10:00:00Z -1 -1 -1 -1 -1
2014-04-01T09:00:00Z 55 90 60 23 -2
2014-04-01T08:00:00Z 35 70 91 10 25
2014-04-01T12:00:00Z -1 -1 -1 -1 -1
2014-04-01T11:00:00Z -1 -1 -1 -1 -1
2014-04-01T10:00:00Z -1 -1 -1 -1 -1
2014-04-01T09:00:00Z 55 90 60 23 -2
2014-04-01T08:00:00Z 35 70 91 10 25
2014-04-01T07:00:00Z -1 -1 -1 -1 -1
2014-04-01T11:00:00Z -1 -1 -1 -1 -1
2014-04-01T10:00:00Z -1 -1 -1 -1 -1
2014-04-01T09:00:00Z 55 90 60 23 -2
2014-04-01T08:00:00Z 35 70 91 10 25
2014-04-01T07:00:00Z -1 -1 -1 -1 -1
2014-04-01T06:00:00Z 4 56 78 33 23
2014-04-01T10:00:00Z -1 -1 -1 -1 -1
2014-04-01T09:00:00Z 55 90 60 23 -2
2014-04-01T08:00:00Z 35 70 91 10 25
2014-04-01T07:00:00Z -1 -1 -1 -1 -1
2014-04-01T06:00:00Z 4 56 78 33 23
2014-04-01T05:00:00Z 28 68 92 47 62
2014-04-01T09:00:00Z 55 90 60 23 -2
2014-04-01T08:00:00Z 35 70 91 10 25
2014-04-01T07:00:00Z -1 -1 -1 -1 -1
2014-04-01T06:00:00Z 4 56 78 33 23
2014-04-01T05:00:00Z 28 68 92 47 62
2014-04-01T04:00:00Z -1 -1 -1 -1 -1
2014-04-02T10:00:00Z 30 70 12 1 45
2014-04-02T09:00:00Z 52 45 48 -3 80
2014-04-02T08:00:00Z 43 48 37 -1 12
2014-04-02T07:00:00Z -10 46 61 -10 31
2014-04-02T06:00:00Z 70 75 83 11 8
2014-04-02T05:00:00Z 73 91 139 28 16
2014-04-02T09:00:00Z 52 45 48 -3 80
2014-04-02T08:00:00Z 43 48 37 -1 12
2014-04-02T07:00:00Z -10 46 61 -10 31
2014-04-02T06:00:00Z 70 75 83 11 8
2014-04-02T05:00:00Z 73 91 139 28 16
2014-04-02T04:00:00Z 83 83 119 46 25
2014-04-02T08:00:00Z 43 48 37 -1 12
2014-04-02T07:00:00Z -10 46 61 -10 31
2014-04-02T06:00:00Z 70 75 83 11 8
2014-04-02T05:00:00Z 73 91 139 28 16
2014-04-02T04:00:00Z 83 83 119 46 25
2014-04-02T03:00:00Z 59 50 102 55 34
2014-04-02T07:00:00Z -10 46 61 -10 31
2014-04-02T06:00:00Z 70 75 83 11 8
2014-04-02T05:00:00Z 73 91 139 28 16
2014-04-02T04:00:00Z 83 83 119 46 25
2014-04-02T03:00:00Z 59 50 102 55 34
2014-04-02T02:00:00Z 69 55 124 65 106
2014-04-02T20:00:00Z -62 -66 -39 -83 -164
2014-04-02T19:00:00Z -57 -7 -15 -79 -186
2014-04-02T18:00:00Z -12 10 -3 -71 -150
2014-04-02T17:00:00Z -1 19 -24 -58 -164
2014-04-02T16:00:00Z -19 14 26 -58 -135
2014-04-02T15:00:00Z 88 -6 -23 -64 -124
2014-04-02T19:00:00Z -57 -7 -15 -79 -186
2014-04-02T18:00:00Z -12 10 -3 -71 -150
2014-04-02T17:00:00Z -1 19 -24 -58 -164
2014-04-02T16:00:00Z -19 14 26 -58 -135
2014-04-02T15:00:00Z 88 -6 -23 -64 -124
2014-04-02T14:00:00Z 49 -26 2 -68 -122
2014-04-02T18:00:00Z -12 10 -3 -71 -150
2014-04-02T17:00:00Z -1 19 -24 -58 -164
2014-04-02T16:00:00Z -19 14 26 -58 -135
2014-04-02T15:00:00Z 88 -6 -23 -64 -124
2014-04-02T14:00:00Z 49 -26 2 -68 -122
2014-04-02T13:00:00Z 83 27 54 -56 -86
2014-04-02T17:00:00Z -1 19 -24 -58 -164
2014-04-02T16:00:00Z -19 14 26 -58 -135
2014-04-02T15:00:00Z 88 -6 -23 -64 -124
2014-04-02T14:00:00Z 49 -26 2 -68 -122
2014-04-02T13:00:00Z 83 27 54 -56 -86
2014-04-02T12:00:00Z 56 105 30 -51 -65
2014-04-15T08:00:00Z 97 73 66 -132 -106
2014-04-15T07:00:00Z -59 37 72 -118 -103
2014-04-15T06:00:00Z -135 52 67 -114 -81
2014-04-15T05:00:00Z -144 20 44 -105 -41
2014-04-15T04:00:00Z -122 -23 86 -61 -34
2014-04-15T03:00:00Z -157 -106 27 21 -33
2014-04-15T07:00:00Z -59 37 72 -118 -103
2014-04-15T06:00:00Z -135 52 67 -114 -81
2014-04-15T05:00:00Z -144 20 44 -105 -41
2014-04-15T04:00:00Z -122 -23 86 -61 -34
2014-04-15T03:00:00Z -157 -106 27 21 -33
2014-04-15T02:00:00Z -143 -123 -15 -12 -31
2014-04-15T06:00:00Z -135 52 67 -114 -81
2014-04-15T05:00:00Z -144 20 44 -105 -41
2014-04-15T04:00:00Z -122 -23 86 -61 -34
2014-04-15T03:00:00Z -157 -106 27 21 -33
2014-04-15T02:00:00Z -143 -123 -15 -12 -31
2014-04-15T01:00:00Z -147 -146 -91 -8 -53
2014-04-15T05:00:00Z -144 20 44 -105 -41
2014-04-15T04:00:00Z -122 -23 86 -61 -34
2014-04-15T03:00:00Z -157 -106 27 21 -33
2014-04-15T02:00:00Z -143 -123 -15 -12 -31
2014-04-15T01:00:00Z -147 -146 -91 -8 -53
2014-04-15T00:00:00Z -156 -153 -147 -14 -32
2014-04-15T04:00:00Z -122 -23 86 -61 -34
2014-04-15T03:00:00Z -157 -106 27 21 -33
2014-04-15T02:00:00Z -143 -123 -15 -12 -31
2014-04-15T01:00:00Z -147 -146 -91 -8 -53
2014-04-15T00:00:00Z -156 -153 -147 -14 -32
2014-04-14T23:00:00Z -180 -148 -105 -18 -45
2014-04-15T03:00:00Z -157 -106 27 21 -33
2014-04-15T02:00:00Z -143 -123 -15 -12 -31
2014-04-15T01:00:00Z -147 -146 -91 -8 -53
2014-04-15T00:00:00Z -156 -153 -147 -14 -32
2014-04-14T23:00:00Z -180 -148 -105 -18 -45
2014-04-14T22:00:00Z -193 -121 -151 -20 -72
2014-04-23T19:00:00Z -94 -81 -1 44 -43
2014-04-23T18:00:00Z -90 -57 -148 37 9
2014-04-23T17:00:00Z -54 -58 -96 19 -1
2014-04-23T16:00:00Z -36 -32 -100 -13 63
2014-04-23T15:00:00Z -20 15 -32 -12 62
2014-04-23T14:00:00Z 49 49 -5 8 20
2014-04-23T18:00:00Z -90 -57 -148 37 9
2014-04-23T17:00:00Z -54 -58 -96 19 -1
2014-04-23T16:00:00Z -36 -32 -100 -13 63
2014-04-23T15:00:00Z -20 15 -32 -12 62
2014-04-23T14:00:00Z 49 49 -5 8 20
2014-04-23T13:00:00Z 65 38 57 7 -1
2014-04-23T17:00:00Z -54 -58 -96 19 -1
2014-04-23T16:00:00Z -36 -32 -100 -13 63
2014-04-23T15:00:00Z -20 15 -32 -12 62
2014-04-23T14:00:00Z 49 49 -5 8 20
2014-04-23T13:00:00Z 65 38 57 7 -1
2014-04-23T12:00:00Z -1 -1 -1 -1 -1
2014-04-23T16:00:00Z -36 -32 -100 -13 63
2014-04-23T15:00:00Z -20 15 -32 -12 62
2014-04-23T14:00:00Z 49 49 -5 8 20
2014-04-23T13:00:00Z 65 38 57 7 -1
2014-04-23T12:00:00Z -1 -1 -1 -1 -1
2014-04-23T11:00:00Z 53 71 56 18 43
2014-04-23T15:00:00Z -20 15 -32 -12 62
2014-04-23T14:00:00Z 49 49 -5 8 20
2014-04-23T13:00:00Z 65 38 57 7 -1
2014-04-23T12:00:00Z -1 -1 -1 -1 -1
2014-04-23T11:00:00Z 53 71 56 18 43
2014-04-23T10:00:00Z 98 75 105 15 97
2014-04-23T14:00:00Z 49 49 -5 8 20
2014-04-23T13:00:00Z 65 38 57 7 -1
2014-04-23T12:00:00Z -1 -1 -1 -1 -1
2014-04-23T11:00:00Z 53 71 56 18 43
2014-04-23T10:00:00Z 98 75 105 15 97
2014-04-23T09:00:00Z 99 78 74 15 81
2014-04-25T21:00:00Z -28 -18 -143 7 13
2014-04-25T20:00:00Z -69 -37 -118 -31 19
2014-04-25T19:00:00Z -70 -56 -73 -44 12
2014-04-25T18:00:00Z -1 -1 -1 -1 -1
2014-04-25T17:00:00Z -1 -1 -1 -1 -1
2014-04-25T16:00:00Z -1 -1 -1 -1 -1
2014-04-25T20:00:00Z -69 -37 -118 -31 19
2014-04-25T19:00:00Z -70 -56 -73 -44 12
2014-04-25T18:00:00Z -1 -1 -1 -1 -1
2014-04-25T17:00:00Z -1 -1 -1 -1 -1
2014-04-25T16:00:00Z -1 -1 -1 -1 -1
2014-04-25T15:00:00Z -1 -1 -1 -1 -1
2014-04-25T19:00:00Z -70 -56 -73 -44 12
2014-04-25T18:00:00Z -1 -1 -1 -1 -1
2014-04-25T17:00:00Z -1 -1 -1 -1 -1
2014-04-25T16:00:00Z -1 -1 -1 -1 -1
2014-04-25T15:00:00Z -1 -1 -1 -1 -1
2014-04-25T14:00:00Z -1 -1 -1 -1 -1
2014-04-25T18:00:00Z -1 -1 -1 -1 -1
2014-04-25T17:00:00Z -1 -1 -1 -1 -1
2014-04-25T16:00:00Z -1 -1 -1 -1 -1
2014-04-25T15:00:00Z -1 -1 -1 -1 -1
2014-04-25T14:00:00Z -1 -1 -1 -1 -1
2014-04-25T13:00:00Z -1 -1 -1 -1 -1
2014-04-25T17:00:00Z -1 -1 -1 -1 -1
2014-04-25T16:00:00Z -1 -1 -1 -1 -1
2014-04-25T15:00:00Z -1 -1 -1 -1 -1
2014-04-25T14:00:00Z -1 -1 -1 -1 -1
2014-04-25T13:00:00Z -1 -1 -1 -1 -1
2014-04-25T12:00:00Z -1 -1 -1 -1 -1
2014-05-01T17:00:00Z -35 -69 9 -20 -28
2014-05-01T16:00:00Z -28 -30 62 -20 -23
2014-05-01T15:00:00Z -27 6 46 -7 -15
2014-05-01T14:00:00Z -13 34 56 10 -22
2014-05-01T13:00:00Z -3 65 78 31 6
2014-05-01T12:00:00Z 18 56 86 27 14
2014-05-01T16:00:00Z -28 -30 62 -20 -23
2014-05-01T15:00:00Z -27 6 46 -7 -15
2014-05-01T14:00:00Z -13 34 56 10 -22
2014-05-01T13:00:00Z -3 65 78 31 6
2014-05-01T12:00:00Z 18 56 86 27 14
2014-05-01T11:00:00Z 33 52 99 9 74
2014-05-01T15:00:00Z -27 6 46 -7 -15
2014-05-01T14:00:00Z -13 34 56 10 -22
2014-05-01T13:00:00Z -3 65 78 31 6
2014-05-01T12:00:00Z 18 56 86 27 14
2014-05-01T11:00:00Z 33 52 99 9 74
2014-05-01T10:00:00Z -1 -1 -1 -1 -1
2014-05-01T14:00:00Z -13 34 56 10 -22
2014-05-01T13:00:00Z -3 65 78 31 6
2014-05-01T12:00:00Z 18 56 86 27 14
2014-05-01T11:00:00Z 33 52 99 9 74
2014-05-01T10:00:00Z -1 -1 -1 -1 -1
2014-05-01T09:00:00Z 48 47 68 10 56
2014-05-01T13:00:00Z -3 65 78 31 6
2014-05-01T12:00:00Z 18 56 86 27 14
2014-05-01T11:00:00Z 33 52 99 9 74
2014-05-01T10:00:00Z -1 -1 -1 -1 -1
2014-05-01T09:00:00Z 48 47 68 10 56
2014-05-01T08:00:00Z 56 78 38 11 57
2014-05-01T12:00:00Z 18 56 86 27 14
2014-05-01T11:00:00Z 33 52 99 9 74
2014-05-01T10:00:00Z -1 -1 -1 -1 -1
2014-05-01T09:00:00Z 48 47 68 10 56
2014-05-01T08:00:00Z 56 78 38 11 57
2014-05-01T07:00:00Z 68 89 63 14 62
2014-05-07T08:00:00Z 27 39 72 13 13
2014-05-07T07:00:00Z 35 31 62 11 12
2014-05-07T06:00:00Z 40 13 53 20 6
2014-05-07T05:00:00Z 56 8 63 21 7
2014-05-07T04:00:00Z 33 17 34 28 13
2014-05-07T03:00:00Z 54 19 41 28 12
2014-05-07T07:00:00Z 35 31 62 11 12
2014-05-07T06:00:00Z 40 13 53 20 6
2014-05-07T05:00:00Z 56 8 63 21 7
2014-05-07T04:00:00Z 33 17 34 28 13
2014-05-07T03:00:00Z 54 19 41 28 12
2014-05-07T02:00:00Z -1 -1 -1 -1 -1
2014-05-07T06:00:00Z 40 13 53 20 6
2014-05-07T05:00:00Z 56 8 63 21 7
2014-05-07T04:00:00Z 33 17 34 28 13
2014-05-07T03:00:00Z 54 19 41 28 12
2014-05-07T02:00:00Z -1 -1 -1 -1 -1
2014-05-07T01:00:00Z 58 0 46 42 6
2014-05-07T05:00:00Z 56 8 63 21 7
2014-05-07T04:00:00Z 33 17 34 28 13
2014-05-07T03:00:00Z 54 19 41 28 12
2014-05-07T02:00:00Z -1 -1 -1 -1 -1
2014-05-07T01:00:00Z 58 0 46 42 6
2014-05-07T00:00:00Z 27 -3 48 30 5
2014-05-07T04:00:00Z 33 17 34 28 13
2014-05-07T03:00:00Z 54 19 41 28 12
2014-05-07T02:00:00Z -1 -1 -1 -1 -1
2014-05-07T01:00:00Z 58 0 46 42 6
2014-05-07T00:00:00Z 27 -3 48 30 5
2014-05-06T23:00:00Z 24 -9 30 18 7
2014-05-07T03:00:00Z 54 19 41 28 12
2014-05-07T02:00:00Z -1 -1 -1 -1 -1
2014-05-07T01:00:00Z 58 0 46 42 6
2014-05-07T00:00:00Z 27 -3 48 30 5
2014-05-06T23:00:00Z 24 -9 30 18 7
2014-05-06T22:00:00Z 51 8 -24 24 6
2014-05-16T07:00:00Z 5 30 -1 8 -37
2014-05-16T06:00:00Z 3 35 -25 6 -9
2014-05-16T05:00:00Z -27 44 3 8 25
2014-05-16T04:00:00Z -5 33 20 9 49
2014-05-16T03:00:00Z -1 9 23 17 52
2014-05-16T02:00:00Z -1 -1 -1 -1 -1
2014-05-16T06:00:00Z 3 35 -25 6 -9
2014-05-16T05:00:00Z -27 44 3 8 25
2014-05-16T04:00:00Z -5 33 20 9 49
2014-05-16T03:00:00Z -1 9 23 17 52
2014-05-16T02:00:00Z -1 -1 -1 -1 -1
2014-05-16T01:00:00Z 34 19 69 22 -1
2014-05-16T05:00:00Z -27 44 3 8 25
2014-05-16T04:00:00Z -5 33 20 9 49
2014-05-16T03:00:00Z -1 9 23 17 52
2014-05-16T02:00:00Z -1 -1 -1 -1 -1
2014-05-16T01:00:00Z 34 19 69 22 -1
2014-05-16T00:00:00Z 38 -28 -1 25 -1
2014-05-16T04:00:00Z -5 33 20 9 49
2014-05-16T03:00:00Z -1 9 23 17 52
2014-05-16T02:00:00Z -1 -1 -1 -1 -1
2014-05-16T01:00:00Z 34 19 69 22 -1
2014-05-16T00:00:00Z 38 -28 -1 25 -1
2014-05-15T23:00:00Z 54 -20 -1 23 -1
2014-05-16T03:00:00Z -1 9 23 17 52
2014-05-16T02:00:00Z -1 -1 -1 -1 -1
2014-05-16T01:00:00Z 34 19 69 22 -1
2014-05-16T00:00:00Z 38 -28 -1 25 -1
2014-05-15T23:00:00Z 54 -20 -1 23 -1
2014-05-15T22:00:00Z 14 0 -1 21 -1
2014-05-18T23:00:00Z 2 14 -2 0 9
2014-05-18T22:00:00Z -1 -1 -1 -1 -1
2014-05-18T21:00:00Z 35 -11 2 30 29
2014-05-18T20:00:00Z 57 -25 -38 19 24
2014-05-18T19:00:00Z 63 -39 -48 8 23
2014-05-18T18:00:00Z 61 15 -63 3 23
2014-05-18T22:00:00Z -1 -1 -1 -1 -1
2014-05-18T21:00:00Z 35 -11 2 30 29
2014-05-18T20:00:00Z 57 -25 -38 19 24
2014-05-18T19:00:00Z 63 -39 -48 8 23
2014-05-18T18:00:00Z 61 15 -63 3 23
2014-05-18T17:00:00Z 18 49 42 13 13
2014-05-18T21:00:00Z 35 -11 2 30 29
2014-05-18T20:00:00Z 57 -25 -38 19 24
2014-05-18T19:00:00Z 63 -39 -48 8 23
2014-05-18T18:00:00Z 61 15 -63 3 23
2014-05-18T17:00:00Z 18 49 42 13 13
2014-05-18T16:00:00Z 18 46 29 11 21
2014-05-18T20:00:00Z 57 -25 -38 19 24
2014-05-18T19:00:00Z 63 -39 -48 8 23
2014-05-18T18:00:00Z 61 15 -63 3 23
2014-05-18T17:00:00Z 18 49 42 13 13
2014-05-18T16:00:00Z 18 46 29 11 21
2014-05-18T15:00:00Z -18 30 67 19 5
2014-05-18T19:00:00Z 63 -39 -48 8 23
2014-05-18T18:00:00Z 61 15 -63 3 23
2014-05-18T17:00:00Z 18 49 42 13 13
2014-05-18T16:00:00Z 18 46 29 11 21
2014-05-18T15:00:00Z -18 30 67 19 5
2014-05-18T14:00:00Z 13 25 30 11 -17
2014-05-18T18:00:00Z 61 15 -63 3 23
2014-05-18T17:00:00Z 18 49 42 13 13
2014-05-18T16:00:00Z 18 46 29 11 21
2014-05-18T15:00:00Z -18 30 67 19 5
2014-05-18T14:00:00Z 13 25 30 11 -17
2014-05-18T13:00:00Z 39 -20 38 8 -10
2014-05-20T07:00:00Z -1 -1 -1 -1 -1
2014-05-20T06:00:00Z 111 -3 -18 -6 -10
2014-05-20T05:00:00Z 65 7 9 23 -16
2014-05-20T04:00:00Z 153 30 -10 60 -12
2014-05-20T03:00:00Z 137 9 -10 63 -15
2014-05-20T02:00:00Z 107 -3 27 61 -6
2014-05-20T06:00:00Z 111 -3 -18 -6 -10
2014-05-20T05:00:00Z 65 7 9 23 -16
2014-05-20T04:00:00Z 153 30 -10 60 -12
2014-05-20T03:00:00Z 137 9 -10 63 -15
2014-05-20T02:00:00Z 107 -3 27 61 -6
2014-05-20T01:00:00Z 61 -7 34 76 0
2014-05-20T05:00:00Z 65 7 9 23 -16
2014-05-20T04:00:00Z 153 30 -10 60 -12
2014-05-20T03:00:00Z 137 9 -10 63 -15
2014-05-20T02:00:00Z 107 -3 27 61 -6
2014-05-20T01:00:00Z 61 -7 34 76 0
2014-05-20T00:00:00Z 11 -11 26 81 -1
2014-05-20T04:00:00Z 153 30 -10 60 -12
2014-05-20T03:00:00Z 137 9 -10 63 -15
2014-05-20T02:00:00Z 107 -3 27 61 -6
2014-05-20T01:00:00Z 61 -7 34 76 0
2014-05-20T00:00:00Z 11 -11 26 81 -1
2014-05-19T23:00:00Z 58 -15 -5 86 -1
2014-05-20T03:00:00Z 137 9 -10 63 -15
2014-05-20T02:00:00Z 107 -3 27 61 -6
2014-05-20T01:00:00Z 61 -7 34 76 0
2014-05-20T00:00:00Z 11 -11 26 81 -1
2014-05-19T23:00:00Z 58 -15 -5 86 -1
2014-05-19T22:00:00Z -1 -1 -1 -1 -1
2014-05-20T02:00:00Z 107 -3 27 61 -6
2014-05-20T01:00:00Z 61 -7 34 76 0
2014-05-20T00:00:00Z 11 -11 26 81 -1
2014-05-19T23:00:00Z 58 -15 -5 86 -1
2014-05-19T22:00:00Z -1 -1 -1 -1 -1
2014-05-19T21:00:00Z -1 -1 -1 -1 -1
2014-05-21T01:00:00Z 131 34 53 35 32
2014-05-21T00:00:00Z 106 21 70 26 27
2014-05-20T23:00:00Z 102 -1 49 17 4
2014-05-20T22:00:00Z 28 -16 5 12 -33
2014-05-20T21:00:00Z -111 -71 49 15 -20
2014-05-20T20:00:00Z -203 -138 73 0 -19
2014-05-21T00:00:00Z 106 21 70 26 27
2014-05-20T23:00:00Z 102 -1 49 17 4
2014-05-20T22:00:00Z 28 -16 5 12 -33
2014-05-20T21:00:00Z -111 -71 49 15 -20
2014-05-20T20:00:00Z -203 -138 73 0 -19
2014-05-20T19:00:00Z -283 -120 40 -18 -14
2014-05-20T23:00:00Z 102 -1 49 17 4
2014-05-20T22:00:00Z 28 -16 5 12 -33
2014-05-20T21:00:00Z -111 -71 49 15 -20
2014-05-20T20:00:00Z -203 -138 73 0 -19
2014-05-20T19:00:00Z -283 -120 40 -18 -14
2014-05-20T18:00:00Z -282 -73 -2 -43 8
2014-05-20T22:00:00Z 28 -16 5 12 -33
2014-05-20T21:00:00Z -111 -71 49 15 -20
2014-05-20T20:00:00Z -203 -138 73 0 -19
2014-05-20T19:00:00Z -283 -120 40 -18 -14
2014-05-20T18:00:00Z -282 -73 -2 -43 8
2014-05-20T17:00:00Z -298 -36 5 -57 17
2014-05-22T13:00:00Z -123 -21 3 20 -53
2014-05-22T12:00:00Z -1 -1 -1 -1 -1
2014-05-22T11:00:00Z -1 -77 42 16 -40
2014-05-22T10:00:00Z 75 -67 72 -3 -33
2014-05-22T09:00:00Z 121 -67 91 13 -1
2014-05-22T08:00:00Z 85 -74 69 25 -1
2014-05-22T12:00:00Z -1 -1 -1 -1 -1
2014-05-22T11:00:00Z -1 -77 42 16 -40
2014-05-22T10:00:00Z 75 -67 72 -3 -33
2014-05-22T09:00:00Z 121 -67 91 13 -1
2014-05-22T08:00:00Z 85 -74 69 25 -1
2014-05-22T07:00:00Z 80 -44 124 34 -23
2014-05-22T11:00:00Z -1 -77 42 16 -40
2014-05-22T10:00:00Z 75 -67 72 -3 -33
2014-05-22T09:00:00Z 121 -67 91 13 -1
2014-05-22T08:00:00Z 85 -74 69 25 -1
2014-05-22T07:00:00Z 80 -44 124 34 -23
2014-05-22T06:00:00Z 58 -14 131 42 20
2014-05-22T10:00:00Z 75 -67 72 -3 -33
2014-05-22T09:00:00Z 121 -67 91 13 -1
2014-05-22T08:00:00Z 85 -74 69 25 -1
2014-05-22T07:00:00Z 80 -44 124 34 -23
2014-05-22T06:00:00Z 58 -14 131 42 20
2014-05-22T05:00:00Z 72 -28 29 48 13
2014-05-22T09:00:00Z 121 -67 91 13 -1
2014-05-22T08:00:00Z 85 -74 69 25 -1
2014-05-22T07:00:00Z 80 -44 124 34 -23
2014-05-22T06:00:00Z 58 -14 131 42 20
2014-05-22T05:00:00Z 72 -28 29 48 13
2014-05-22T04:00:00Z 56 -30 -24 51 22
2014-05-22T08:00:00Z 85 -74 69 25 -1
2014-05-22T07:00:00Z 80 -44 124 34 -23
2014-05-22T06:00:00Z 58 -14 131 42 20
2014-05-22T05:00:00Z 72 -28 29 48 13
2014-05-22T04:00:00Z 56 -30 -24 51 22
2014-05-22T03:00:00Z 62 -42 -74 59 31
2014-05-25T11:00:00Z 59 -1 -123 97 26
2014-05-25T10:00:00Z 82 -1 -105 31 20
2014-05-25T09:00:00Z 52 -1 -97 20 14
2014-05-25T08:00:00Z 47 -1 -60 11 7
2014-05-25T07:00:00Z 26 -1 -60 17 -1
2014-05-25T06:00:00Z 33 -1 -39 17 2
2014-05-25T10:00:00Z 82 -1 -105 31 20
2014-05-25T09:00:00Z 52 -1 -97 20 14
2014-05-25T08:00:00Z 47 -1 -60 11 7
2014-05-25T07:00:00Z 26 -1 -60 17 -1
2014-05-25T06:00:00Z 33 -1 -39 17 2
2014-05-25T05:00:00Z 1 -1 -70 7 -6
2014-05-25T09:00:00Z 52 -1 -97 20 14
2014-05-25T08:00:00Z 47 -1 -60 11 7
2014-05-25T07:00:00Z 26 -1 -60 17 -1
2014-05-25T06:00:00Z 33 -1 -39 17 2
2014-05-25T05:00:00Z 1 -1 -70 7 -6
2014-05-25T04:00:00Z 2 -1 7 6 -5
2014-05-25T08:00:00Z 47 -1 -60 11 7
2014-05-25T07:00:00Z 26 -1 -60 17 -1
2014-05-25T06:00:00Z 33 -1 -39 17 2
2014-05-25T05:00:00Z 1 -1 -70 7 -6
2014-05-25T04:00:00Z 2 -1 7 6 -5
2014-05-25T03:00:00Z 11 -1 -11 -1 -2
2014-05-25T07:00:00Z 26 -1 -60 17 -1
2014-05-25T06:00:00Z 33 -1 -39 17 2
2014-05-25T05:00:00Z 1 -1 -70 7 -6
2014-05-25T04:00:00Z 2 -1 7 6 -5
2014-05-25T03:00:00Z 11 -1 -11 -1 -2
2014-05-25T02:00:00Z -8 -1 18 -11 1
2014-05-25T06:00:00Z 33 -1 -39 17 2
2014-05-25T05:00:00Z 1 -1 -70 7 -6
2014-05-25T04:00:00Z 2 -1 7 6 -5
2014-05-25T03:00:00Z 11 -1 -11 -1 -2
2014-05-25T02:00:00Z -8 -1 18 -11 1
2014-05-25T01:00:00Z -7 -1 20 -22 1
2014-06-17T04:00:00Z -1 -1 -1 -1 -1
2014-06-17T03:00:00Z 25 50 -4 29 -28
2014-06-17T02:00:00Z 14 14 13 47 -41
2014-06-17T01:00:00Z 18 45 -15 35 -36
2014-06-17T00:00:00Z 40 39 -20 24 -3
2014-06-16T23:00:00Z 44 6 12 68 -32
2014-06-17T03:00:00Z 25 50 -4 29 -28
2014-06-17T02:00:00Z 14 14 13 47 -41
2014-06-17T01:00:00Z 18 45 -15 35 -36
2014-06-17T00:00:00Z 40 39 -20 24 -3
2014-06-16T23:00:00Z 44 6 12 68 -32
2014-06-16T22:00:00Z -1 -1 -1 -1 -1
2014-06-17T02:00:00Z 14 14 13 47 -41
2014-06-17T01:00:00Z 18 45 -15 35 -36
2014-06-17T00:00:00Z 40 39 -20 24 -3
2014-06-16T23:00:00Z 44 6 12 68 -32
2014-06-16T22:00:00Z -1 -1 -1 -1 -1
2014-06-16T21:00:00Z -57 -39 -102 95 51
2014-06-17T01:00:00Z 18 45 -15 35 -36
2014-06-17T00:00:00Z 40 39 -20 24 -3
2014-06-16T23:00:00Z 44 6 12 68 -32
2014-06-16T22:00:00Z -1 -1 -1 -1 -1
2014-06-16T21:00:00Z -57 -39 -102 95 51
2014-06-16T20:00:00Z -41 -57 -86 114 98
2014-06-17T00:00:00Z 40 39 -20 24 -3
2014-06-16T23:00:00Z 44 6 12 68 -32
2014-06-16T22:00:00Z -1 -1 -1 -1 -1
2014-06-16T21:00:00Z -57 -39 -102 95 51
2014-06-16T20:00:00Z -41 -57 -86 114 98
2014-06-16T19:00:00Z -52 -35 -87 109 73
2014-06-16T23:00:00Z 44 6 12 68 -32
2014-06-16T22:00:00Z -1 -1 -1 -1 -1
2014-06-16T21:00:00Z -57 -39 -102 95 51
2014-06-16T20:00:00Z -41 -57 -86 114 98
2014-06-16T19:00:00Z -52 -35 -87 109 73
2014-06-16T18:00:00Z -27 -60 -1 76 96
2014-06-17T16:00:00Z 58 -7 29 -72 -62
2014-06-17T15:00:00Z 5 -6 69 -71 -43
2014-06-17T14:00:00Z -1 -1 -1 -1 -1
2014-06-17T13:00:00Z 17 -12 65 -109 0
2014-06-17T12:00:00Z -14 7 38 -103 0
2014-06-17T11:00:00Z -22 -38 -1 -71 29
2014-06-17T15:00:00Z 5 -6 69 -71 -43
2014-06-17T14:00:00Z -1 -1 -1 -1 -1
2014-06-17T13:00:00Z 17 -12 65 -109 0
2014-06-17T12:00:00Z -14 7 38 -103 0
2014-06-17T11:00:00Z -22 -38 -1 -71 29
2014-06-17T10:00:00Z -75 -32 23 -40 19
2014-06-17T14:00:00Z -1 -1 -1 -1 -1
2014-06-17T13:00:00Z 17 -12 65 -109 0
2014-06-17T12:00:00Z -14 7 38 -103 0
2014-06-17T11:00:00Z -22 -38 -1 -71 29
2014-06-17T10:00:00Z -75 -32 23 -40 19
2014-06-17T09:00:00Z -80 -43 -21 -50 5
2014-06-17T13:00:00Z 17 -12 65 -109 0
2014-06-17T12:00:00Z -14 7 38 -103 0
2014-06-17T11:00:00Z -22 -38 -1 -71 29
2014-06-17T10:00:00Z -75 -32 23 -40 19
2014-06-17T09:00:00Z -80 -43 -21 -50 5
2014-06-17T08:00:00Z -24 -27 -14 -62 -3
2014-07-05T11:00:00Z -3 14 22 -1 -15
2014-07-05T10:00:00Z -3 24 16 -1 -15
2014-07-05T09:00:00Z 17 42 56 -1 -10
2014-07-05T08:00:00Z 18 36 62 -1 -7
2014-07-05T07:00:00Z 15 90 58 -1 -7
2014-07-05T06:00:00Z 8 77 73 -1 -3
2014-07-05T10:00:00Z -3 24 16 -1 -15
2014-07-05T09:00:00Z 17 42 56 -1 -10
2014-07-05T08:00:00Z 18 36 62 -1 -7
2014-07-05T07:00:00Z 15 90 58 -1 -7
2014-07-05T06:00:00Z 8 77 73 -1 -3
2014-07-05T05:00:00Z 16 39 83 -1 3
2014-07-05T09:00:00Z 17 42 56 -1 -10
2014-07-05T08:00:00Z 18 36 62 -1 -7
2014-07-05T07:00:00Z 15 90 58 -1 -7
2014-07-05T06:00:00Z 8 77 73 -1 -3
2014-07-05T05:00:00Z 16 39 83 -1 3
2014-07-05T04:00:00Z -11 2 15 -1 5
2014-07-05T08:00:00Z 18 36 62 -1 -7
2014-07-05T07:00:00Z 15 90 58 -1 -7
2014-07-05T06:00:00Z 8 77 73 -1 -3
2014-07-05T05:00:00Z 16 39 83 -1 3
2014-07-05T04:00:00Z -11 2 15 -1 5
2014-07-05T03:00:00Z -27 17 21 -1 3
2014-07-05T07:00:00Z 15 90 58 -1 -7
2014-07-05T06:00:00Z 8 77 73 -1 -3
2014-07-05T05:00:00Z 16 39 83 -1 3
2014-07-05T04:00:00Z -11 2 15 -1 5
2014-07-05T03:00:00Z -27 17 21 -1 3
2014-07-05T02:00:00Z -109 -9 17 -1 15
2014-07-18T19:00:00Z -19 -81 -194 -55 -89
2014-07-18T18:00:00Z -17 -114 -162 -25 9
2014-07-18T17:00:00Z -1 -1 -1 -1 -1
2014-07-18T16:00:00Z -6 -79 -114 9 55
2014-07-18T15:00:00Z -8 -66 -47 -5 27
2014-07-18T14:00:00Z 13 -42 15 10 11
2014-07-18T18:00:00Z -17 -114 -162 -25 9
2014-07-18T17:00:00Z -1 -1 -1 -1 -1
2014-07-18T16:00:00Z -6 -79 -114 9 55
2014-07-18T15:00:00Z -8 -66 -47 -5 27
2014-07-18T14:00:00Z 13 -42 15 10 11
2014-07-18T13:00:00Z 43 -28 89 4 0
2014-07-18T17:00:00Z -1 -1 -1 -1 -1
2014-07-18T16:00:00Z -6 -79 -114 9 55
2014-07-18T15:00:00Z -8 -66 -47 -5 27
2014-07-18T14:00:00Z 13 -42 15 10 11
2014-07-18T13:00:00Z 43 -28 89 4 0
2014-07-18T12:00:00Z 59 -54 113 6 6
2014-07-18T16:00:00Z -6 -79 -114 9 55
2014-07-18T15:00:00Z -8 -66 -47 -5 27
2014-07-18T14:00:00Z 13 -42 15 10 11
2014-07-18T13:00:00Z 43 -28 89 4 0
2014-07-18T12:00:00Z 59 -54 113 6 6
2014-07-18T11:00:00Z 54 -47 150 -11 16
2014-07-18T15:00:00Z -8 -66 -47 -5 27
2014-07-18T14:00:00Z 13 -42 15 10 11
2014-07-18T13:00:00Z 43 -28 89 4 0
2014-07-18T12:00:00Z 59 -54 113 6 6
2014-07-18T11:00:00Z 54 -47 150 -11 16
2014-07-18T10:00:00Z 18 13 200 14 6
2014-07-18T14:00:00Z 13 -42 15 10 11
2014-07-18T13:00:00Z 43 -28 89 4 0
2014-07-18T12:00:00Z 59 -54 113 6 6
2014-07-18T11:00:00Z 54 -47 150 -11 16
2014-07-18T10:00:00Z 18 13 200 14 6
2014-07-18T09:00:00Z 6 1 204 20 35
2014-07-29T12:00:00Z -65 -13 107 -1 -29
2014-07-29T11:00:00Z -38 49 59 21 -1
2014-07-29T10:00:00Z -1 -1 -1 -1 -1
2014-07-29T09:00:00Z -1 -1 -1 -1 -1
2014-07-29T08:00:00Z -1 -1 -1 -1 -1
2014-07-29T07:00:00Z -1 -1 -1 -1 -1
2014-07-29T11:00:00Z -38 49 59 21 -1
2014-07-29T10:00:00Z -1 -1 -1 -1 -1
2014-07-29T09:00:00Z -1 -1 -1 -1 -1
2014-07-29T08:00:00Z -1 -1 -1 -1 -1
2014-07-29T07:00:00Z -1 -1 -1 -1 -1
2014-07-29T06:00:00Z 100 65 65 7 -20
2014-07-29T10:00:00Z -1 -1 -1 -1 -1
2014-07-29T09:00:00Z -1 -1 -1 -1 -1
2014-07-29T08:00:00Z -1 -1 -1 -1 -1
2014-07-29T07:00:00Z -1 -1 -1 -1 -1
2014-07-29T06:00:00Z 100 65 65 7 -20
2014-07-29T05:00:00Z 112 74 59 39 -19
2014-07-29T09:00:00Z -1 -1 -1 -1 -1
2014-07-29T08:00:00Z -1 -1 -1 -1 -1
2014-07-29T07:00:00Z -1 -1 -1 -1 -1
2014-07-29T06:00:00Z 100 65 65 7 -20
2014-07-29T05:00:00Z 112 74 59 39 -19
2014-07-29T04:00:00Z 102 54 45 42 -18
2014-07-29T08:00:00Z -1 -1 -1 -1 -1
2014-07-29T07:00:00Z -1 -1 -1 -1 -1
2014-07-29T06:00:00Z 100 65 65 7 -20
2014-07-29T05:00:00Z 112 74 59 39 -19
2014-07-29T04:00:00Z 102 54 45 42 -18
2014-07-29T03:00:00Z 88 67 26 28 -28
2014-07-29T07:00:00Z -1 -1 -1 -1 -1
2014-07-29T06:00:00Z 100 65 65 7 -20
2014-07-29T05:00:00Z 112 74 59 39 -19
2014-07-29T04:00:00Z 102 54 45 42 -18
2014-07-29T03:00:00Z 88 67 26 28 -28
2014-07-29T02:00:00Z 77 36 4 30 -26
2014-08-03T15:00:00Z 29 -12 -10 -42 -1
2014-08-03T14:00:00Z -25 -21 1 -50 -1
2014-08-03T13:00:00Z -29 -11 -20 -46 -1
2014-08-03T12:00:00Z -1 -1 -1 -1 -1
2014-08-03T11:00:00Z 5 5 6 -14 -13
2014-08-03T10:00:00Z 19 57 38 -35 -6
2014-08-03T14:00:00Z -25 -21 1 -50 -1
2014-08-03T13:00:00Z -29 -11 -20 -46 -1
2014-08-03T12:00:00Z -1 -1 -1 -1 -1
2014-08-03T11:00:00Z 5 5 6 -14 -13
2014-08-03T10:00:00Z 19 57 38 -35 -6
2014-08-03T09:00:00Z 6 42 23 -10 9
2014-08-03T13:00:00Z -29 -11 -20 -46 -1
2014-08-03T12:00:00Z -1 -1 -1 -1 -1
2014-08-03T11:00:00Z 5 5 6 -14 -13
2014-08-03T10:00:00Z 19 57 38 -35 -6
2014-08-03T09:00:00Z 6 42 23 -10 9
2014-08-03T08:00:00Z -28 58 34 21 26
2014-08-03T12:00:00Z -1 -1 -1 -1 -1
2014-08-03T11:00:00Z 5 5 6 -14 -13
2014-08-03T10:00:00Z 19 57 38 -35 -6
2014-08-03T09:00:00Z 6 42 23 -10 9
2014-08-03T08:00:00Z -28 58 34 21 26
2014-08-03T07:00:00Z -36 37 29 20 34
2014-08-03T11:00:00Z 5 5 6 -14 -13
2014-08-03T10:00:00Z 19 57 38 -35 -6
2014-08-03T09:00:00Z 6 42 23 -10 9
2014-08-03T08:00:00Z -28 58 34 21 26
2014-08-03T07:00:00Z -36 37 29 20 34
2014-08-03T06:00:00Z -8 49 49 12 28
2014-08-03T10:00:00Z 19 57 38 -35 -6
2014-08-03T09:00:00Z 6 42 23 -10 9
2014-08-03T08:00:00Z -28 58 34 21 26
2014-08-03T07:00:00Z -36 37 29 20 34
2014-08-03T06:00:00Z -8 49 49 12 28
2014-08-03T05:00:00Z 9 21 41 19 22
2014-08-09T12:00:00Z -1 -1 -1 -1 -1
2014-08-09T11:00:00Z -1 -1 -1 -1 -1
2014-08-09T10:00:00Z -1 -1 -1 -1 -1
2014-08-09T09:00:00Z -1 -1 -1 -1 -1
2014-08-09T08:00:00Z -1 -1 -1 -1 -1
2014-08-09T07:00:00Z -1 -1 -1 -1 -1
2014-08-09T11:00:00Z -1 -1 -1 -1 -1
2014-08-09T10:00:00Z -1 -1 -1 -1 -1
2014-08-09T09:00:00Z -1 -1 -1 -1 -1
2014-08-09T08:00:00Z -1 -1 -1 -1 -1
2014-08-09T07:00:00Z -1 -1 -1 -1 -1
2014-08-09T06:00:00Z -1 -1 -1 -1 -1
2014-08-09T10:00:00Z -1 -1 -1 -1 -1
2014-08-09T09:00:00Z -1 -1 -1 -1 -1
2014-08-09T08:00:00Z -1 -1 -1 -1 -1
2014-08-09T07:00:00Z -1 -1 -1 -1 -1
2014-08-09T06:00:00Z -1 -1 -1 -1 -1
2014-08-09T05:00:00Z -1 -1 -1 -1 -1
2014-08-09T09:00:00Z -1 -1 -1 -1 -1
2014-08-09T08:00:00Z -1 -1 -1 -1 -1
2014-08-09T07:00:00Z -1 -1 -1 -1 -1
2014-08-09T06:00:00Z -1 -1 -1 -1 -1
2014-08-09T05:00:00Z -1 -1 -1 -1 -1
2014-08-09T04:00:00Z -1 -1 -1 -1 -1
2014-08-09T08:00:00Z -1 -1 -1 -1 -1
2014-08-09T07:00:00Z -1 -1 -1 -1 -1
2014-08-09T06:00:00Z -1 -1 -1 -1 -1
2014-08-09T05:00:00Z -1 -1 -1 -1 -1
2014-08-09T04:00:00Z -1 -1 -1 -1 -1
2014-08-09T03:00:00Z -1 -1 -1 -1 -1
2014-08-19T11:00:00Z -6 31 11 -41 16
2014-08-19T10:00:00Z -9 48 60 -44 19
2014-08-19T09:00:00Z 22 66 65 -43 19
2014-08-19T08:00:00Z 13 29 43 -21 20
2014-08-19T07:00:00Z 9 24 24 -24 16
2014-08-19T06:00:00Z 21 6 18 -25 12
2014-08-19T10:00:00Z -9 48 60 -44 19
2014-08-19T09:00:00Z 22 66 65 -43 19
2014-08-19T08:00:00Z 13 29 43 -21 20
2014-08-19T07:00:00Z 9 24 24 -24 16
2014-08-19T06:00:00Z 21 6 18 -25 12
2014-08-19T05:00:00Z -6 18 6 17 5
2014-08-19T09:00:00Z 22 66 65 -43 19
2014-08-19T08:00:00Z 13 29 43 -21 20
2014-08-19T07:00:00Z 9 24 24 -24 16
2014-08-19T06:00:00Z 21 6 18 -25 12
2014-08-19T05:00:00Z -6 18 6 17 5
2014-08-19T04:00:00Z 1 17 6 50 7
2014-08-19T08:00:00Z 13 29 43 -21 20
2014-08-19T07:00:00Z 9 24 24 -24 16
2014-08-19T06:00:00Z 21 6 18 -25 12
2014-08-19T05:00:00Z -6 18 6 17 5
2014-08-19T04:00:00Z 1 17 6 50 7
2014-08-19T03:00:00Z 12 19 8 58 9
2014-08-20T18:00:00Z -10 -66 -22 17 -24
2014-08-20T17:00:00Z 11 -39 -17 35 -26
2014-08-20T16:00:00Z 8 -29 -16 2 -28
2014-08-20T15:00:00Z 12 19 2 2 -35
2014-08-20T14:00:00Z 27 5 -4 -6 -34
2014-08-20T13:00:00Z 8 36 -2 -10 -25
2014-08-20T17:00:00Z 11 -39 -17 35 -26
2014-08-20T16:00:00Z 8 -29 -16 2 -28
2014-08-20T15:00:00Z 12 19 2 2 -35
2014-08-20T14:00:00Z 27 5 -4 -6 -34
2014-08-20T13:00:00Z 8 36 -2 -10 -25
2014-08-20T12:00:00Z 18 51 0 -5 -25
2014-08-20T16:00:00Z 8 -29 -16 2 -28
2014-08-20T15:00:00Z 12 19 2 2 -35
2014-08-20T14:00:00Z 27 5 -4 -6 -34
2014-08-20T13:00:00Z 8 36 -2 -10 -25
2014-08-20T12:00:00Z 18 51 0 -5 -25
2014-08-20T11:00:00Z 29 59 35 -6 -19
2014-08-20T15:00:00Z 12 19 2 2 -35
2014-08-20T14:00:00Z 27 5 -4 -6 -34
2014-08-20T13:00:00Z 8 36 -2 -10 -25
2014-08-20T12:00:00Z 18 51 0 -5 -25
2014-08-20T11:00:00Z 29 59 35 -6 -19
2014-08-20T10:00:00Z 27 69 15 -7 -29
2014-08-20T14:00:00Z 27 5 -4 -6 -34
2014-08-20T13:00:00Z 8 36 -2 -10 -25
2014-08-20T12:00:00Z 18 51 0 -5 -25
2014-08-20T11:00:00Z 29 59 35 -6 -19
2014-08-20T10:00:00Z 27 69 15 -7 -29
2014-08-20T09:00:00Z 39 64 33 -7 -31
2014-08-21T21:00:00Z -21 -30 -47 -13 -25
2014-08-21T20:00:00Z -15 50 -26 4 -20
2014-08-21T19:00:00Z -28 26 -24 6 -26
2014-08-21T18:00:00Z -35 16 35 20 -41
2014-08-21T17:00:00Z -63 45 47 13 -44
2014-08-21T16:00:00Z -43 -13 18 30 -37
2014-08-21T20:00:00Z -15 50 -26 4 -20
2014-08-21T19:00:00Z -28 26 -24 6 -26
2014-08-21T18:00:00Z -35 16 35 20 -41
2014-08-21T17:00:00Z -63 45 47 13 -44
2014-08-21T16:00:00Z -43 -13 18 30 -37
2014-08-21T15:00:00Z -21 18 22 43 -29
2014-08-21T19:00:00Z -28 26 -24 6 -26
2014-08-21T18:00:00Z -35 16 35 20 -41
2014-08-21T17:00:00Z -63 45 47 13 -44
2014-08-21T16:00:00Z -43 -13 18 30 -37
2014-08-21T15:00:00Z -21 18 22 43 -29
2014-08-21T14:00:00Z 1 28 22 35 -30
2014-08-21T18:00:00Z -35 16 35 20 -41
2014-08-21T17:00:00Z -63 45 47 13 -44
2014-08-21T16:00:00Z -43 -13 18 30 -37
2014-08-21T15:00:00Z -21 18 22 43 -29
2014-08-21T14:00:00Z 1 28 22 35 -30
2014-08-21T13:00:00Z -1 -1 -1 -1 -1
2014-08-21T17:00:00Z -63 45 47 13 -44
2014-08-21T16:00:00Z -43 -13 18 30 -37
2014-08-21T15:00:00Z -21 18 22 43 -29
2014-08-21T14:00:00Z 1 28 22 35 -30
2014-08-21T13:00:00Z -1 -1 -1 -1 -1
2014-08-21T12:00:00Z 0 35 -24 43 -21
2014-08-21T16:00:00Z -43 -13 18 30 -37
2014-08-21T15:00:00Z -21 18 22 43 -29
2014-08-21T14:00:00Z 1 28 22 35 -30
2014-08-21T13:00:00Z -1 -1 -1 -1 -1
2014-08-21T12:00:00Z 0 35 -24 43 -21
2014-08-21T11:00:00Z 13 54 1 24 -21
2014-08-23T22:00:00Z 18 22 18 -68 -16
2014-08-23T21:00:00Z 31 5 31 -70 -13
2014-08-23T20:00:00Z -1 -1 -1 -1 -1
2014-08-23T19:00:00Z -23 60 6 -57 -18
2014-08-23T18:00:00Z -5 38 18 -39 -18
2014-08-23T17:00:00Z 19 -5 -18 -13 -10
2014-08-23T21:00:00Z 31 5 31 -70 -13
2014-08-23T20:00:00Z -1 -1 -1 -1 -1
2014-08-23T19:00:00Z -23 60 6 -57 -18
2014-08-23T18:00:00Z -5 38 18 -39 -18
2014-08-23T17:00:00Z 19 -5 -18 -13 -10
2014-08-23T16:00:00Z -1 -1 -1 -1 -1
2014-08-23T20:00:00Z -1 -1 -1 -1 -1
2014-08-23T19:00:00Z -23 60 6 -57 -18
2014-08-23T18:00:00Z -5 38 18 -39 -18
2014-08-23T17:00:00Z 19 -5 -18 -13 -10
2014-08-23T16:00:00Z -1 -1 -1 -1 -1
2014-08-23T15:00:00Z 12 -6 -57 5 2
2014-08-23T19:00:00Z -23 60 6 -57 -18
2014-08-23T18:00:00Z -5 38 18 -39 -18
2014-08-23T17:00:00Z 19 -5 -18 -13 -10
2014-08-23T16:00:00Z -1 -1 -1 -1 -1
2014-08-23T15:00:00Z 12 -6 -57 5 2
2014-08-23T14:00:00Z 27 -3 -63 18 5
2014-08-30T23:00:00Z -18 26 -35 15 -4
2014-08-30T22:00:00Z -61 10 -31 5 -1
2014-08-30T21:00:00Z -52 26 -39 10 -2
2014-08-30T20:00:00Z -19 33 -28 35 -5
2014-08-30T19:00:00Z -38 30 -27 11 -7
2014-08-30T18:00:00Z -43 31 -23 28 -8
2014-08-30T22:00:00Z -61 10 -31 5 -1
2014-08-30T21:00:00Z -52 26 -39 10 -2
2014-08-30T20:00:00Z -19 33 -28 35 -5
2014-08-30T19:00:00Z -38 30 -27 11 -7
2014-08-30T18:00:00Z -43 31 -23 28 -8
2014-08-30T17:00:00Z -57 27 -2 29 -11
2014-08-30T21:00:00Z -52 26 -39 10 -2
2014-08-30T20:00:00Z -19 33 -28 35 -5
2014-08-30T19:00:00Z -38 30 -27 11 -7
2014-08-30T18:00:00Z -43 31 -23 28 -8
2014-08-30T17:00:00Z -57 27 -2 29 -11
2014-08-30T16:00:00Z -32 24 9 43 -10
2014-08-30T20:00:00Z -19 33 -28 35 -5
2014-08-30T19:00:00Z -38 30 -27 11 -7
2014-08-30T18:00:00Z -43 31 -23 28 -8
2014-08-30T17:00:00Z -57 27 -2 29 -11
2014-08-30T16:00:00Z -32 24 9 43 -10
2014-08-30T15:00:00Z -1 -1 -1 -1 -1
2014-08-30T19:00:00Z -38 30 -27 11 -7
2014-08-30T18:00:00Z -43 31 -23 28 -8
2014-08-30T17:00:00Z -57 27 -2 29 -11
2014-08-30T16:00:00Z -32 24 9 43 -10
2014-08-30T15:00:00Z -1 -1 -1 -1 -1
2014-08-30T14:00:00Z -6 25 24 22 -1
2014-08-30T18:00:00Z -43 31 -23 28 -8
2014-08-30T17:00:00Z -57 27 -2 29 -11
2014-08-30T16:00:00Z -32 24 9 43 -10
2014-08-30T15:00:00Z -1 -1 -1 -1 -1
2014-08-30T14:00:00Z -6 25 24 22 -1
2014-08-30T13:00:00Z 19 17 21 20 4
2014-09-07T22:00:00Z -18 64 -17 -1 -6
2014-09-07T21:00:00Z -10 71 5 -1 -6
2014-09-07T20:00:00Z -27 53 -67 -1 -4
2014-09-07T19:00:00Z -57 5 -54 -1 2
2014-09-07T18:00:00Z -24 -38 -67 -1 12
2014-09-07T17:00:00Z -49 7 -18 -1 12
2014-09-07T21:00:00Z -10 71 5 -1 -6
2014-09-07T20:00:00Z -27 53 -67 -1 -4
2014-09-07T19:00:00Z -57 5 -54 -1 2
2014-09-07T18:00:00Z -24 -38 -67 -1 12
2014-09-07T17:00:00Z -49 7 -18 -1 12
2014-09-07T16:00:00Z -47 5 17 -1 11
2014-09-07T20:00:00Z -27 53 -67 -1 -4
2014-09-07T19:00:00Z -57 5 -54 -1 2
2014-09-07T18:00:00Z -24 -38 -67 -1 12
2014-09-07T17:00:00Z -49 7 -18 -1 12
2014-09-07T16:00:00Z -47 5 17 -1 11
2014-09-07T15:00:00Z -47 -44 21 -1 14
2014-09-07T19:00:00Z -57 5 -54 -1 2
2014-09-07T18:00:00Z -24 -38 -67 -1 12
2014-09-07T17:00:00Z -49 7 -18 -1 12
2014-09-07T16:00:00Z -47 5 17 -1 11
2014-09-07T15:00:00Z -47 -44 21 -1 14
2014-09-07T14:00:00Z -23 -26 15 -1 9
2014-09-21T06:00:00Z -40 80 31 -4 -21
2014-09-21T05:00:00Z -7 114 46 -6 -36
2014-09-21T04:00:00Z -11 49 59 -14 -32
2014-09-21T03:00:00Z -1 -1 -1 -1 -1
2014-09-21T02:00:00Z 24 29 45 -5 -29
2014-09-21T01:00:00Z -1 -1 -1 -1 -1
2014-09-21T05:00:00Z -7 114 46 -6 -36
2014-09-21T04:00:00Z -11 49 59 -14 -32
2014-09-21T03:00:00Z -1 -1 -1 -1 -1
2014-09-21T02:00:00Z 24 29 45 -5 -29
2014-09-21T01:00:00Z -1 -1 -1 -1 -1
2014-09-21T00:00:00Z 26 39 30 -73 -74
2014-09-21T04:00:00Z -11 49 59 -14 -32
2014-09-21T03:00:00Z -1 -1 -1 -1 -1
2014-09-21T02:00:00Z 24 29 45 -5 -29
2014-09-21T01:00:00Z -1 -1 -1 -1 -1
2014-09-21T00:00:00Z 26 39 30 -73 -74
2014-09-20T23:00:00Z 5 26 18 -60 -79
2014-09-21T03:00:00Z -1 -1 -1 -1 -1
2014-09-21T02:00:00Z 24 29 45 -5 -29
2014-09-21T01:00:00Z -1 -1 -1 -1 -1
2014-09-21T00:00:00Z 26 39 30 -73 -74
2014-09-20T23:00:00Z 5 26 18 -60 -79
2014-09-20T22:00:00Z 1 -11 17 -57 -74
2014-09-21T02:00:00Z 24 29 45 -5 -29
2014-09-21T01:00:00Z -1 -1 -1 -1 -1
2014-09-21T00:00:00Z 26 39 30 -73 -74
2014-09-20T23:00:00Z 5 26 18 -60 -79
2014-09-20T22:00:00Z 1 -11 17 -57 -74
2014-09-20T21:00:00Z -9 -4 43 -52 -74
2014-09-21T01:00:00Z -1 -1 -1 -1 -1
2014-09-21T00:00:00Z 26 39 30 -73 -74
2014-09-20T23:00:00Z 5 26 18 -60 -79
2014-09-20T22:00:00Z 1 -11 17 -57 -74
2014-09-20T21:00:00Z -9 -4 43 -52 -74
2014-09-20T20:00:00Z -3 -23 7 -44 -107
2014-09-25T23:00:00Z -18 3 -83 28 28
2014-09-25T22:00:00Z -23 -25 -77 23 24
2014-09-25T21:00:00Z -5 -46 -91 50 3
2014-09-25T20:00:00Z 65 -64 -102 36 -4
2014-09-25T19:00:00Z 43 -91 -99 24 -8
2014-09-25T18:00:00Z 31 -28 -104 13 -11
2014-09-25T22:00:00Z -23 -25 -77 23 24
2014-09-25T21:00:00Z -5 -46 -91 50 3
2014-09-25T20:00:00Z 65 -64 -102 36 -4
2014-09-25T19:00:00Z 43 -91 -99 24 -8
2014-09-25T18:00:00Z 31 -28 -104 13 -11
2014-09-25T17:00:00Z 34 -30 -84 16 -17
2014-09-25T21:00:00Z -5 -46 -91 50 3
2014-09-25T20:00:00Z 65 -64 -102 36 -4
2014-09-25T19:00:00Z 43 -91 -99 24 -8
2014-09-25T18:00:00Z 31 -28 -104 13 -11
2014-09-25T17:00:00Z 34 -30 -84 16 -17
2014-09-25T16:00:00Z -1 -1 -1 -1 -1
2014-09-25T20:00:00Z 65 -64 -102 36 -4
2014-09-25T19:00:00Z 43 -91 -99 24 -8
2014-09-25T18:00:00Z 31 -28 -104 13 -11
2014-09-25T17:00:00Z 34 -30 -84 16 -17
2014-09-25T16:00:00Z -1 -1 -1 -1 -1
2014-09-25T15:00:00Z 37 4 -51 7 -19
2014-09-25T19:00:00Z 43 -91 -99 24 -8
2014-09-25T18:00:00Z 31 -28 -104 13 -11
2014-09-25T17:00:00Z 34 -30 -84 16 -17
2014-09-25T16:00:00Z -1 -1 -1 -1 -1
2014-09-25T15:00:00Z 37 4 -51 7 -19
2014-09-25T14:00:00Z 21 20 -43 18 -27
2014-09-25T18:00:00Z 31 -28 -104 13 -11
2014-09-25T17:00:00Z 34 -30 -84 16 -17
2014-09-25T16:00:00Z -1 -1 -1 -1 -1
2014-09-25T15:00:00Z 37 4 -51 7 -19
2014-09-25T14:00:00Z 21 20 -43 18 -27
2014-09-25T13:00:00Z 29 -3 38 26 -32
2014-09-26T23:00:00Z 2 31 51 23 59
2014-09-26T22:00:00Z -1 -1 -1 -1 -1
2014-09-26T21:00:00Z 71 36 37 48 60
2014-09-26T20:00:00Z 89 56 38 64 42
2014-09-26T19:00:00Z 73 65 17 44 47
2014-09-26T18:00:00Z 63 55 12 57 4
2014-09-26T22:00:00Z -1 -1 -1 -1 -1
2014-09-26T21:00:00Z 71 36 37 48 60
2014-09-26T20:00:00Z 89 56 38 64 42
2014-09-26T19:00:00Z 73 65 17 44 47
2014-09-26T18:00:00Z 63 55 12 57 4
2014-09-26T17:00:00Z -1 -1 -1 -1 -1
2014-09-26T21:00:00Z 71 36 37 48 60
2014-09-26T20:00:00Z 89 56 38 64 42
2014-09-26T19:00:00Z 73 65 17 44 47
2014-09-26T18:00:00Z 63 55 12 57 4
2014-09-26T17:00:00Z -1 -1 -1 -1 -1
2014-09-26T16:00:00Z -1 -1 -18 -1 -12
2014-09-26T20:00:00Z 89 56 38 64 42
2014-09-26T19:00:00Z 73 65 17 44 47
2014-09-26T18:00:00Z 63 55 12 57 4
2014-09-26T17:00:00Z -1 -1 -1 -1 -1
2014-09-26T16:00:00Z -1 -1 -18 -1 -12
2014-09-26T15:00:00Z 82 18 -1 19 -1
2014-09-26T19:00:00Z 73 65 17 44 47
2014-09-26T18:00:00Z 63 55 12 57 4
2014-09-26T17:00:00Z -1 -1 -1 -1 -1
2014-09-26T16:00:00Z -1 -1 -18 -1 -12
2014-09-26T15:00:00Z 82 18 -1 19 -1
2014-09-26T14:00:00Z 86 25 17 -11 -6
2014-09-26T18:00:00Z 63 55 12 57 4
2014-09-26T17:00:00Z -1 -1 -1 -1 -1
2014-09-26T16:00:00Z -1 -1 -18 -1 -12
2014-09-26T15:00:00Z 82 18 -1 19 -1
2014-09-26T14:00:00Z 86 25 17 -11 -6
2014-09-26T13:00:00Z 83 23 35 2 -13
2014-10-11T19:00:00Z 44 -35 -28 -126 -10
2014-10-11T18:00:00Z 39 -58 1 -62 -19
2014-10-11T17:00:00Z 23 -99 -5 5 -25
2014-10-11T16:00:00Z -1 -1 -1 -1 -1
2014-10-11T15:00:00Z -85 -64 -26 16 5
2014-10-11T14:00:00Z -130 -65 -23 36 14
2014-10-11T18:00:00Z 39 -58 1 -62 -19
2014-10-11T17:00:00Z 23 -99 -5 5 -25
2014-10-11T16:00:00Z -1 -1 -1 -1 -1
2014-10-11T15:00:00Z -85 -64 -26 16 5
2014-10-11T14:00:00Z -130 -65 -23 36 14
2014-10-11T13:00:00Z -111 9 2 18 37
2014-10-11T17:00:00Z 23 -99 -5 5 -25
2014-10-11T16:00:00Z -1 -1 -1 -1 -1
2014-10-11T15:00:00Z -85 -64 -26 16 5
2014-10-11T14:00:00Z -130 -65 -23 36 14
2014-10-11T13:00:00Z -111 9 2 18 37
2014-10-11T12:00:00Z -55 16 -21 11 81
2014-10-11T16:00:00Z -1 -1 -1 -1 -1
2014-10-11T15:00:00Z -85 -64 -26 16 5
2014-10-11T14:00:00Z -130 -65 -23 36 14
2014-10-11T13:00:00Z -111 9 2 18 37
2014-10-11T12:00:00Z -55 16 -21 11 81
2014-10-11T11:00:00Z -113 9 16 -9 39
2014-10-11T15:00:00Z -85 -64 -26 16 5
2014-10-11T14:00:00Z -130 -65 -23 36 14
2014-10-11T13:00:00Z -111 9 2 18 37
2014-10-11T12:00:00Z -55 16 -21 11 81
2014-10-11T11:00:00Z -113 9 16 -9 39
2014-10-11T10:00:00Z -127 -80 30 -64 15
2014-10-11T14:00:00Z -130 -65 -23 36 14
2014-10-11T13:00:00Z -111 9 2 18 37
2014-10-11T12:00:00Z -55 16 -21 11 81
2014-10-11T11:00:00Z -113 9 16 -9 39
2014-10-11T10:00:00Z -127 -80 30 -64 15
2014-10-11T09:00:00Z -120 -83 30 -104 -3
2014-10-20T23:00:00Z -1 -1 -1 -1 -1
2014-10-20T22:00:00Z -1 -1 -1 -1 -1
2014-10-20T21:00:00Z -27 -17 -69 -180 -58
2014-10-20T20:00:00Z 82 62 -48 -174 -86
2014-10-20T19:00:00Z 105 42 -1 -150 -1
2014-10-20T18:00:00Z 94 25 8 -159 -69
2014-10-20T22:00:00Z -1 -1 -1 -1 -1
2014-10-20T21:00:00Z -27 -17 -69 -180 -58
2014-10-20T20:00:00Z 82 62 -48 -174 -86
2014-10-20T19:00:00Z 105 42 -1 -150 -1
2014-10-20T18:00:00Z 94 25 8 -159 -69
2014-10-20T17:00:00Z 112 53 -17 -158 -52
2014-10-20T21:00:00Z -27 -17 -69 -180 -58
2014-10-20T20:00:00Z 82 62 -48 -174 -86
2014-10-20T19:00:00Z 105 42 -1 -150 -1
2014-10-20T18:00:00Z 94 25 8 -159 -69
2014-10-20T17:00:00Z 112 53 -17 -158 -52
2014-10-20T16:00:00Z 97 73 -12 -135 -46
2014-10-20T20:00:00Z 82 62 -48 -174 -86
2014-10-20T19:00:00Z 105 42 -1 -150 -1
2014-10-20T18:00:00Z 94 25 8 -159 -69
2014-10-20T17:00:00Z 112 53 -17 -158 -52
2014-10-20T16:00:00Z 97 73 -12 -135 -46
2014-10-20T15:00:00Z -1 -1 -1 -1 -1
