2014-01-04T11:00:00Z 33 113 63 15 24
2014-01-04T10:00:00Z 29 75 71 19 27
2014-01-04T09:00:00Z 30 31 39 3 30
2014-01-04T08:00:00Z 11 11 13 -7 23
2014-01-04T07:00:00Z -20 -3 25 -10 7
2014-01-04T06:00:00Z -11 51 26 6 12
2014-01-06T11:00:00Z 35 9 22 10 3
2014-01-06T10:00:00Z 34 -8 1 0 26
2014-01-06T09:00:00Z 25 -71 17 -13 32
2014-01-06T08:00:00Z 11 -41 27 -13 23
2014-01-06T07:00:00Z 8 -91 69 -14 -9
2014-01-06T06:00:00Z 63 -35 80 -7 -12
2014-01-14T21:00:00Z -6 167 131 6 57
2014-01-14T20:00:00Z 32 115 69 -7 25
2014-01-14T19:00:00Z 0 62 79 -21 11
2014-01-14T18:00:00Z -45 -4 57 -47 30
2014-01-14T17:00:00Z -86 -52 -1 -38 19
2014-01-22T16:00:00Z 23 -3 -4 -1 36
2014-01-22T15:00:00Z 49 -23 27 -6 39
2014-01-22T14:00:00Z 85 -14 58 -12 40
2014-01-22T13:00:00Z 48 -5 61 -5 30
2014-01-22T12:00:00Z 63 -8 73 -2 24
2014-01-22T11:00:00Z 11 -20 100 8 14
2014-01-29T11:00:00Z 75 2 9 -5 46
2014-01-29T10:00:00Z 46 80 24 18 36
2014-01-29T09:00:00Z 23 108 44 -8 28
2014-01-29T08:00:00Z 16 151 61 -4 27
2014-01-29T07:00:00Z -1 -1 -1 -1 -1
2014-01-29T06:00:00Z 12 105 142 17 25
2014-01-30T18:00:00Z -51 -74 -69 -26 -94
2014-01-30T17:00:00Z -107 -93 -72 -57 -121
2014-01-30T16:00:00Z -167 -112 -96 -67 -117
2014-01-30T15:00:00Z -181 -154 -90 -94 -124
2014-01-30T14:00:00Z -190 -138 -84 -111 -117
2014-01-30T13:00:00Z -228 -128 -46 -113 -122
2014-01-31T16:00:00Z -98 -84 -85 -143 8
2014-01-31T15:00:00Z -144 -140 -86 -197 7
2014-01-31T14:00:00Z -69 -196 -68 -240 13
2014-01-31T13:00:00Z -27 -198 -67 -338 -52
2014-01-31T12:00:00Z -140 -168 -114 -281 -161
2014-01-31T11:00:00Z 5 -11 -51 -39 -91
2014-02-05T22:00:00Z 88 75 14 64 -35
2014-02-05T21:00:00Z 18 54 30 47 -60
2014-02-05T20:00:00Z -15 25 34 11 -57
2014-02-05T19:00:00Z -16 13 40 -14 -59
2014-02-05T18:00:00Z -14 39 37 -18 -45
2014-02-05T17:00:00Z -1 -1 -1 -1 -1
2014-02-11T14:00:00Z 5 -10 -1 -7 40
2014-02-11T13:00:00Z 144 -8 121 -12 30
2014-02-11T12:00:00Z 183 16 110 -15 52
2014-02-11T11:00:00Z 125 40 96 -7 31
2014-02-11T10:00:00Z 104 12 33 11 57
2014-02-11T09:00:00Z 97 25 43 20 37
2014-02-12T16:00:00Z -56 -42 65 -45 -32
2014-02-12T15:00:00Z -28 2 52 -63 -21
2014-02-12T14:00:00Z -11 -1 36 -51 -53
2014-02-12T13:00:00Z 15 -21 37 -65 -48
2014-02-12T12:00:00Z 10 -39 58 -59 -35
2014-02-12T11:00:00Z 25 -22 47 -42 -15
2014-02-19T22:00:00Z 14 42 28 -13 4
2014-02-19T21:00:00Z 5 11 14 -66 -12
2014-02-19T20:00:00Z 13 -1 -31 -75 6
2014-02-19T19:00:00Z 17 -31 -53 -107 12
2014-02-19T18:00:00Z 16 -45 -43 -97 18
2014-02-19T17:00:00Z 10 -45 -40 -88 -2
2014-03-01T22:00:00Z 29 -61 -23 -25 30
2014-03-01T21:00:00Z -48 -128 -73 -38 10
2014-03-01T20:00:00Z -91 -141 -73 -50 10
2014-03-01T19:00:00Z -99 -159 -73 -63 1
2014-03-01T18:00:00Z -1 -1 -1 -1 -1
2014-03-01T17:00:00Z -1 -1 -1 -1 -1
2014-03-16T16:00:00Z 8 -23 17 -15 36
2014-03-16T15:00:00Z -10 -67 11 -13 23
2014-03-16T14:00:00Z -31 -97 -13 -28 23
2014-03-16T13:00:00Z -47 -83 -9 -35 17
2014-03-16T12:00:00Z -62 -62 7 -38 -2
2014-03-16T11:00:00Z -75 -88 28 -31 -8
2014-03-27T20:00:00Z -136 54 40 90 -37
2014-03-27T19:00:00Z -132 56 101 50 -85
2014-03-27T18:00:00Z -145 -48 181 43 -98
2014-03-27T17:00:00Z -120 -50 164 20 -121
2014-03-28T18:00:00Z -57 -79 -101 -105 -15
2014-03-28T17:00:00Z -67 -58 -109 -117 -58
2014-03-28T16:00:00Z -90 -76 -104 -110 -87
2014-03-28T15:00:00Z -1 -1 -1 -1 -1
2014-03-28T14:00:00Z -130 -34 -118 -83 -107
2014-03-28T13:00:00Z -107 -24 -112 -68 -131
2014-03-31T02:00:00Z 121 103 65 21 46
2014-03-31T01:00:00Z 105 107 19 15 45
2014-03-31T00:00:00Z 106 82 -2 19 58
2014-03-30T23:00:00Z -1 -1 -1 -1 -1
2014-03-30T22:00:00Z 57 18 -6 12 29
2014-03-30T21:00:00Z 8 -55 -21 3 -9
2014-04-17T21:00:00Z 12 17 -1 -12 10
2014-04-17T20:00:00Z 11 35 -1 17 -13
2014-04-17T19:00:00Z 6 34 -1 -17 -33
2014-04-17T18:00:00Z 13 16 -1 -18 -55
2014-04-17T17:00:00Z -4 5 -1 -16 -46
2014-04-17T16:00:00Z -22 15 -1 -18 -28
2014-04-23T07:00:00Z 68 71 59 28 -1
2014-04-23T06:00:00Z 64 62 74 39 9
2014-04-23T05:00:00Z 66 54 73 38 14
2014-04-23T04:00:00Z 46 34 81 41 -4
2014-04-23T03:00:00Z 29 29 63 36 -5
2014-04-23T02:00:00Z 25 17 75 36 -4
2014-05-01T02:00:00Z -1 -1 -1 -1 -1
2014-05-01T01:00:00Z -1 -1 -1 -1 -1
2014-05-01T00:00:00Z -1 -1 -1 22 -1
2014-04-30T23:00:00Z -1 -1 -1 -1 -1
2014-04-30T22:00:00Z -1 -1 -1 -1 -1
2014-04-30T21:00:00Z -16 6 14 31 -5
2014-05-15T13:00:00Z 14 -16 -8 -13 -3
2014-05-15T12:00:00Z 24 -8 -18 -12 1
2014-05-15T11:00:00Z 34 -19 -21 -12 16
2014-05-15T10:00:00Z 27 -11 -15 -6 43
2014-05-15T09:00:00Z 36 3 -7 0 41
2014-05-15T08:00:00Z 49 22 3 10 13
2014-05-18T17:00:00Z 16 68 29 -18 10
2014-05-18T16:00:00Z 7 41 62 -23 22
2014-05-18T15:00:00Z -1 19 72 -13 17
2014-05-18T14:00:00Z 5 1 52 -6 5
2014-05-18T13:00:00Z 19 -20 41 -3 -5
2014-05-18T12:00:00Z -1 -1 -1 -1 -1
2014-05-21T14:00:00Z 23 -2 -75 -12 -12
2014-05-21T13:00:00Z 12 -9 -73 2 -13
2014-05-21T12:00:00Z -1 -1 -1 -1 -1
2014-05-21T11:00:00Z 0 7 -54 5 -22
2014-05-21T10:00:00Z 8 87 -44 -30 -26
2014-05-21T09:00:00Z 8 78 10 -36 -14
2014-05-25T04:00:00Z -7 106 6 -1 -11
2014-05-25T03:00:00Z -1 103 2 -3 2
2014-05-25T02:00:00Z -20 78 8 -9 4
2014-05-25T01:00:00Z -21 71 -1 -16 -4
2014-05-25T00:00:00Z -15 96 16 -27 -5
2014-05-24T23:00:00Z -7 96 16 -36 -3
2014-06-16T21:00:00Z -35 -38 -88 95 65
2014-06-16T20:00:00Z -31 -116 -83 120 55
2014-06-16T19:00:00Z -31 -75 -82 97 67
2014-06-16T18:00:00Z -7 -85 -66 65 96
2014-06-16T17:00:00Z -34 -39 -40 50 97
2014-07-28T01:00:00Z -10 9 2 35 -14
2014-07-28T00:00:00Z -21 -16 -42 33 -6
2014-07-27T23:00:00Z -30 -15 -55 33 -15
2014-07-27T22:00:00Z -33 -56 -70 30 -16
2014-07-27T21:00:00Z -34 -52 -60 15 5
2014-07-27T20:00:00Z -50 -1 -61 -1 34
2014-07-30T08:00:00Z 9 13 30 -119 -16
2014-07-30T07:00:00Z 49 -35 57 -91 -18
2014-07-30T06:00:00Z 41 -34 57 -96 -18
2014-07-30T05:00:00Z 9 -14 47 -66 -31
2014-07-30T04:00:00Z -18 -25 48 -15 -31
2014-07-30T03:00:00Z -49 -38 21 22 -33
2014-08-20T03:00:00Z 5 27 57 23 44
2014-08-20T02:00:00Z 8 -10 46 29 52
2014-08-20T01:00:00Z 7 14 32 34 36
2014-08-20T00:00:00Z 5 3 25 25 58
2014-08-19T23:00:00Z 6 -1 14 28 32
2014-08-19T22:00:00Z -2 -3 6 25 59
2014-08-21T01:00:00Z 40 4 -1 -30 78
2014-08-21T00:00:00Z 35 9 4 -17 84
2014-08-20T23:00:00Z 44 -6 -9 -26 52
2014-08-20T22:00:00Z 35 -26 -10 -10 13
2014-08-20T21:00:00Z -1 -45 -36 12 -16
2014-08-20T20:00:00Z -24 -57 -37 29 -5
2014-08-30T02:00:00Z 18 29 -14 -8 13
2014-08-30T01:00:00Z -1 -1 -1 -1 -1
2014-08-30T00:00:00Z 25 10 22 4 18
2014-08-29T23:00:00Z 27 20 48 6 16
2014-08-29T22:00:00Z 29 3 33 -4 11
2014-08-29T21:00:00Z -1 -1 -1 -1 -1
2014-09-01T09:00:00Z 15 0 7 7 3
2014-09-01T08:00:00Z 15 8 17 12 8
2014-09-01T07:00:00Z 7 5 21 -5 8
2014-09-01T06:00:00Z 21 35 30 9 8
2014-09-01T05:00:00Z 28 56 24 15 8
2014-09-01T04:00:00Z 41 50 10 6 5
2014-09-05T20:00:00Z 11 -48 -7 34 15
2014-09-05T19:00:00Z 3 -44 15 22 9
2014-09-05T18:00:00Z 7 -30 34 14 0
2014-09-05T17:00:00Z 11 -40 59 18 2
2014-09-05T16:00:00Z 31 3 75 9 1
2014-09-05T15:00:00Z 24 20 62 4 -2
2014-09-25T08:00:00Z -25 -18 35 -5 2
2014-09-25T07:00:00Z -5 -13 27 -8 8
2014-09-25T06:00:00Z -1 -1 -1 -1 -1
2014-09-25T05:00:00Z 18 33 19 13 18
2014-09-25T04:00:00Z 23 52 21 7 25
2014-09-25T03:00:00Z 14 79 16 9 28
2014-10-07T13:00:00Z 42 72 41 -6 105
2014-10-07T12:00:00Z 29 38 40 -1 44
2014-10-07T11:00:00Z 66 47 54 -1 22
2014-10-07T10:00:00Z 59 45 87 4 5
2014-10-17T14:00:00Z 16 -70 -5 -9 44
2014-10-17T13:00:00Z 20 -30 17 -10 46
2014-10-17T12:00:00Z 32 -30 26 -6 53
2014-10-17T11:00:00Z 52 20 42 3 50
2014-10-17T10:00:00Z 55 30 46 17 37
2014-10-17T09:00:00Z 59 38 30 31 31
2014-10-18T08:00:00Z -32 -26 -22 -7 -47
2014-10-18T07:00:00Z 23 -30 -11 -12 -24
2014-10-18T06:00:00Z -1 -1 -1 -1 13
2014-10-18T05:00:00Z 108 97 2 -9 44
2014-10-29T15:00:00Z -1 -1 -1 -1 -1
2014-10-29T14:00:00Z -1 -1 -1 -1 -1
2014-10-29T13:00:00Z -1 -1 -1 -1 -1
2014-10-29T12:00:00Z -1 -1 -1 -1 -1
2014-10-29T11:00:00Z -1 -1 -1 -1 -1
2014-10-29T10:00:00Z -1 -1 -1 -1 -1
