2013-12-24T22:00:00Z 41 187 0 77 53
2013-12-24T23:00:00Z 145 138 -8 58 100
2013-12-25T00:00:00Z 205 135 24 82 103
2013-12-25T01:00:00Z -1 -1 -1 -1 -1
2013-12-25T02:00:00Z -1 -1 -1 -1 -1
2013-12-25T03:00:00Z 230 184 -4 49 130
2013-12-25T04:00:00Z 187 188 -7 36 120
2013-12-25T05:00:00Z 158 120 9 -8 123
2013-12-25T06:00:00Z 99 224 25 -12 122
2013-12-25T07:00:00Z -1 -1 -1 -1 -1
2013-12-25T08:00:00Z 73 57 60 -9 97
2013-12-25T09:00:00Z 60 -97 134 27 71
2013-12-25T10:00:00Z 51 -117 101 14 103
2013-12-25T11:00:00Z 45 -112 119 31 101
2013-12-25T12:00:00Z -19 -204 166 9 96
2013-12-25T13:00:00Z -57 -219 177 -11 123
2013-12-25T14:00:00Z -99 -203 227 15 133
2013-12-25T15:00:00Z -119 -184 210 15 144
2013-12-25T16:00:00Z -146 -252 299 26 134
2013-12-25T17:00:00Z -150 -163 287 20 134
2013-12-25T18:00:00Z -1 -1 -1 -1 -1
2013-12-25T19:00:00Z -155 157 144 -126 91
2013-12-25T20:00:00Z -398 210 239 -136 65
2013-12-25T21:00:00Z -482 238 207 -142 42
2013-12-25T22:00:00Z -453 3 0 -117 -51
2013-12-25T23:00:00Z -395 -237 -288 -100 -137
2013-12-26T00:00:00Z -356 -330 -647 -116 -201
2013-12-26T01:00:00Z -345 -338 -725 -129 -253
2013-12-26T02:00:00Z -335 -382 -848 -135 -271
2013-12-26T03:00:00Z -334 -437 -842 -129 -285
2013-12-26T04:00:00Z -1 -1 -1 -1 -1
2014-01-02T14:00:00Z -1 -1 -1 -1 -1
2014-01-02T15:00:00Z -1 -1 -1 -1 -1
2014-01-02T16:00:00Z -1 -1 -1 -1 -1
2014-01-02T17:00:00Z -1 -1 -1 -1 -1
2014-01-02T18:00:00Z -1 -1 -1 -1 -1
2014-01-02T19:00:00Z -1 -1 -1 -1 -1
2014-01-04T12:00:00Z 47 122 22 -7 8
2014-01-04T13:00:00Z 32 108 51 -8 -17
2014-01-04T14:00:00Z 41 117 60 -19 -18
2014-01-04T15:00:00Z -1 -1 -1 -1 -1
2014-01-04T16:00:00Z 43 92 110 -1 -16
2014-01-04T17:00:00Z 58 64 144 0 -19
2014-01-04T18:00:00Z 40 45 119 11 -34
2014-01-04T19:00:00Z 34 37 93 49 -46
2014-01-04T20:00:00Z 30 0 129 52 -53
2014-01-04T21:00:00Z 20 -62 136 41 -44
2014-01-04T22:00:00Z 9 -52 172 62 -21
2014-01-04T23:00:00Z 58 -42 131 47 14
2014-01-05T00:00:00Z 88 -37 98 79 15
2014-01-06T12:00:00Z 19 52 14 10 9
2014-01-06T13:00:00Z -1 -1 -1 -1 -1
2014-01-06T14:00:00Z -47 35 14 15 -27
2014-01-06T15:00:00Z -45 33 80 28 -30
2014-01-06T16:00:00Z -44 45 79 17 -33
2014-01-06T17:00:00Z -38 62 121 28 -38
2014-01-10T23:00:00Z 11 100 180 37 72
2014-01-13T19:00:00Z 62 15 -35 -16 -14
2014-01-14T22:00:00Z -52 198 176 23 100
2014-01-14T23:00:00Z -58 228 225 25 96
2014-01-15T00:00:00Z -29 342 265 27 81
2014-01-15T01:00:00Z -1 -1 -1 -1 -1
2014-01-15T23:00:00Z 92 137 222 39 136
2014-01-16T00:00:00Z 79 93 169 46 213
2014-01-16T01:00:00Z 75 83 103 55 267
2014-01-16T02:00:00Z 55 83 70 66 240
2014-01-16T03:00:00Z 42 57 37 49 239
2014-01-16T04:00:00Z -1 -1 -1 -1 -1
2014-01-16T05:00:00Z -74 81 -6 27 199
2014-01-16T06:00:00Z -47 47 26 -17 203
2014-01-16T07:00:00Z -71 38 115 -7 98
2014-01-16T08:00:00Z -85 32 53 -4 59
2014-01-16T18:00:00Z 8 -54 -235 46 -134
2014-01-16T19:00:00Z 18 -8 -103 57 -144
2014-01-16T20:00:00Z -11 55 82 60 -105
2014-01-16T21:00:00Z -109 49 183 45 -91
2014-01-16T22:00:00Z -160 64 118 46 -70
2014-01-16T23:00:00Z -179 94 29 37 -82
2014-01-17T00:00:00Z -1 -1 -1 -1 -1
2014-01-17T01:00:00Z -144 72 50 0 -80
2014-01-17T02:00:00Z -163 130 159 -10 -103
2014-01-17T03:00:00Z -239 18 251 -15 -73
2014-01-17T04:00:00Z -299 -143 209 -48 -51
2014-01-17T05:00:00Z -354 -231 103 -61 -30
2014-01-17T06:00:00Z -354 -288 -40 -77 -15
2014-01-17T07:00:00Z -282 -272 -78 -45 4
2014-01-17T16:00:00Z -1 -1 -1 -1 -1
2014-01-17T17:00:00Z 100 -43 -20 -67 -10
2014-01-17T18:00:00Z 126 -39 -56 -64 -14
2014-01-18T20:00:00Z -141 106 76 -7 -33
2014-01-18T21:00:00Z -172 101 186 -2 -4
2014-01-18T22:00:00Z -163 61 150 31 -14
2014-01-18T23:00:00Z -86 51 320 31 -2
2014-01-19T00:00:00Z 5 53 276 43 1
2014-01-19T01:00:00Z 20 37 316 40 16
2014-01-19T10:00:00Z 13 -114 -157 3 16
2014-01-19T11:00:00Z 1 -174 -167 -2 9
2014-01-19T12:00:00Z 10 -180 -57 13 29
2014-01-22T17:00:00Z 38 -7 -3 -7 39
2014-01-22T18:00:00Z 52 14 22 12 38
2014-01-22T19:00:00Z 74 27 44 27 50
2014-01-22T20:00:00Z 114 134 29 4 28
2014-01-22T21:00:00Z 176 154 -24 26 44
2014-01-22T22:00:00Z 131 172 57 32 35
2014-01-22T23:00:00Z 162 230 133 35 16
2014-01-23T00:00:00Z 113 284 106 40 25
2014-01-23T01:00:00Z 107 311 100 33 29
2014-01-23T02:00:00Z 123 262 90 46 31
2014-01-23T03:00:00Z 114 217 86 31 15
2014-01-23T04:00:00Z 93 152 64 20 9
2014-01-23T05:00:00Z 55 122 31 -5 1
2014-01-23T06:00:00Z 24 -30 15 13 19
2014-01-23T07:00:00Z -48 -92 42 -5 6
2014-01-23T08:00:00Z -72 -109 -13 3 -26
2014-01-23T09:00:00Z -92 -144 -98 9 -11
2014-01-23T10:00:00Z -26 -202 -76 8 -6
2014-01-23T11:00:00Z 22 -236 -91 8 -10
2014-01-23T12:00:00Z 10 -181 -37 -3 0
2014-01-23T13:00:00Z 51 -192 -32 5 -2
2014-01-23T14:00:00Z 50 -160 -39 3 21
2014-01-23T15:00:00Z 40 -115 10 7 24
2014-01-23T16:00:00Z -13 -19 37 29 2
2014-01-23T17:00:00Z -37 38 61 34 -26
2014-01-23T18:00:00Z -15 30 81 43 -2
2014-01-23T19:00:00Z 39 25 147 52 1
2014-01-23T20:00:00Z 13 73 160 70 -8
2014-01-23T21:00:00Z -2 65 209 86 -4
2014-01-23T22:00:00Z 49 42 169 88 -4
2014-01-23T23:00:00Z 10 76 156 119 7
2014-01-24T00:00:00Z 21 86 149 99 -14
2014-01-24T01:00:00Z 55 78 103 98 8
2014-01-24T02:00:00Z 118 29 69 61 9
2014-01-24T03:00:00Z 126 16 39 48 48
2014-01-24T04:00:00Z 107 25 5 35 48
2014-01-24T05:00:00Z 47 7 -46 32 45
2014-01-24T06:00:00Z 34 -34 -57 1 27
2014-01-24T07:00:00Z 11 -49 -96 -3 30
2014-01-24T08:00:00Z -19 -61 -91 -9 26
2014-01-24T09:00:00Z -39 -74 -69 -32 23
2014-01-27T06:00:00Z 3 145 5 -4 49
2014-01-27T07:00:00Z -15 123 -6 -2 64
2014-01-27T08:00:00Z 7 105 20 -5 53
2014-01-29T12:00:00Z 87 -39 1 9 53
2014-01-29T13:00:00Z -1 -1 -1 -1 -1
2014-01-29T14:00:00Z 128 -25 52 -7 36
2014-01-29T15:00:00Z 147 -29 80 -5 12
2014-01-29T16:00:00Z 196 -55 52 9 12
2014-01-29T17:00:00Z 182 -100 34 15 15
2014-01-29T18:00:00Z 172 -122 1 11 32
2014-01-29T19:00:00Z 180 -122 -4 28 32
2014-01-29T20:00:00Z 170 -88 -30 23 45
2014-01-29T21:00:00Z 160 17 2 58 64
2014-01-30T19:00:00Z 65 -39 -79 26 -25
2014-01-30T20:00:00Z 92 47 -6 34 -17
2014-01-30T21:00:00Z 104 165 51 62 17
2014-01-30T22:00:00Z 112 154 91 61 45
2014-01-30T23:00:00Z 143 159 140 104 98
2014-01-31T00:00:00Z 168 130 178 102 111
2014-01-31T01:00:00Z 146 148 160 204 151
2014-01-31T17:00:00Z 19 -153 -84 -109 16
2014-02-01T04:00:00Z 10 39 8 53 -28
2014-02-01T05:00:00Z 11 25 27 8 -32
2014-02-01T06:00:00Z -4 16 40 9 -34
2014-02-01T07:00:00Z -1 -1 -1 -1 -1
2014-02-01T08:00:00Z -9 -13 47 2 -16
2014-02-01T09:00:00Z 4 -39 59 14 -15
2014-02-01T19:00:00Z -78 14 -43 15 36
2014-02-01T20:00:00Z -67 -5 -25 22 24
2014-02-01T21:00:00Z -65 -29 -33 15 30
2014-02-01T22:00:00Z -79 -28 -33 29 11
2014-02-01T23:00:00Z -41 -9 -1 25 7
2014-02-02T00:00:00Z -32 -5 33 8 28
2014-02-02T01:00:00Z 8 -1 35 -26 50
2014-02-02T02:00:00Z 12 23 44 -10 65
2014-02-02T03:00:00Z 11 55 65 -12 68
2014-02-05T23:00:00Z 53 87 12 65 10
2014-02-06T00:00:00Z 37 88 -11 71 13
2014-02-06T01:00:00Z 43 82 -14 64 17
2014-02-06T02:00:00Z 37 99 -34 56 17
2014-02-06T03:00:00Z 33 133 -24 58 19
2014-02-06T04:00:00Z 32 128 -18 42 16
2014-02-06T05:00:00Z 36 113 -26 35 17
2014-02-06T06:00:00Z 11 121 -17 7 25
2014-02-06T07:00:00Z -4 111 -12 10 39
2014-02-06T08:00:00Z -1 -1 -1 -1 -1
2014-02-06T09:00:00Z -17 62 3 0 8
2014-02-08T03:00:00Z -9 -46 -33 -22 13
2014-02-11T15:00:00Z -54 -14 117 -7 30
2014-02-11T16:00:00Z -43 -15 129 10 44
2014-02-11T17:00:00Z -51 -27 127 -13 31
2014-02-11T18:00:00Z -72 -8 125 -5 35
2014-02-11T19:00:00Z -73 -23 110 -14 21
2014-02-11T20:00:00Z -94 -8 90 4 0
2014-02-11T21:00:00Z -118 -17 40 37 32
2014-02-11T22:00:00Z -169 11 84 46 18
2014-02-11T23:00:00Z -96 61 65 46 34
2014-02-12T00:00:00Z 41 91 -1 50 36
2014-02-12T01:00:00Z 74 112 74 50 46
2014-02-12T02:00:00Z 77 137 47 32 33
2014-02-12T03:00:00Z 87 124 64 46 50
2014-02-13T00:00:00Z 2 109 35 41 2
2014-02-13T01:00:00Z 10 119 50 55 4
2014-02-13T02:00:00Z 50 132 56 42 9
2014-02-13T03:00:00Z 46 115 69 43 24
2014-02-13T04:00:00Z 37 95 68 39 9
2014-02-13T05:00:00Z 20 82 110 28 -14
2014-02-13T06:00:00Z -11 97 67 2 -26
2014-02-13T07:00:00Z -56 139 103 -7 -20
2014-02-13T08:00:00Z -76 47 129 -1 -13
2014-02-13T09:00:00Z -83 -4 92 7 -9
2014-02-13T10:00:00Z -46 -40 107 10 -25
2014-02-13T11:00:00Z -35 -58 87 -23 -53
2014-02-13T12:00:00Z -45 -67 77 -7 -43
2014-02-13T13:00:00Z -25 -72 -48 -7 -27
2014-02-13T14:00:00Z 10 -72 -122 6 -12
2014-02-13T15:00:00Z 15 -84 -237 52 -5
2014-02-13T16:00:00Z 36 -111 -252 77 -6
2014-02-13T17:00:00Z 40 -160 -286 77 -14
2014-02-13T18:00:00Z 25 -50 -303 89 -20
2014-02-13T19:00:00Z 13 -10 -262 89 -15
2014-02-13T20:00:00Z 66 4 -290 102 6
2014-02-13T21:00:00Z 72 13 -280 141 19
2014-02-13T22:00:00Z 45 22 -274 136 20
2014-02-13T23:00:00Z -53 32 -120 131 31
2014-02-14T00:00:00Z -79 43 -22 110 27
2014-02-14T01:00:00Z -70 49 89 79 37
2014-02-14T02:00:00Z -75 76 206 52 46
2014-02-14T03:00:00Z -66 98 244 48 38
2014-02-14T04:00:00Z -40 80 257 43 44
2014-02-14T05:00:00Z -40 79 239 20 29
2014-02-14T06:00:00Z -97 76 222 -8 14
2014-02-14T07:00:00Z -100 105 198 -13 4
2014-02-14T08:00:00Z -74 102 190 -8 7
2014-02-14T09:00:00Z 67 70 165 24 2
2014-02-14T10:00:00Z 126 63 117 33 -1
2014-02-14T11:00:00Z 178 -20 158 30 -18
2014-02-14T12:00:00Z 151 6 79 36 -25
2014-02-14T13:00:00Z 172 -31 3 8 7
2014-02-14T14:00:00Z 163 -61 -67 0 8
2014-02-14T15:00:00Z 177 -36 -95 11 8
2014-02-14T16:00:00Z 173 -2 -92 25 38
2014-02-14T17:00:00Z 168 -13 -133 0 57
2014-02-14T18:00:00Z 196 -51 -161 -6 76
2014-02-14T19:00:00Z 172 23 -145 6 98
2014-02-14T20:00:00Z 206 96 -115 43 134
2014-02-14T21:00:00Z 229 183 -139 111 183
2014-02-14T22:00:00Z 308 127 -105 84 208
2014-02-14T23:00:00Z 442 131 -63 112 176
2014-02-15T00:00:00Z 279 171 -6 103 143
2014-02-15T01:00:00Z 313 112 42 97 135
2014-02-15T02:00:00Z 240 30 66 82 110
2014-02-15T03:00:00Z 28 8 128 101 87
2014-02-15T04:00:00Z 167 98 170 95 66
2014-02-15T05:00:00Z 143 109 166 41 42
2014-02-15T06:00:00Z 34 2 135 -24 -3
2014-02-15T07:00:00Z -33 -81 91 -89 -40
2014-02-15T08:00:00Z -17 -75 78 -62 -55
2014-02-15T09:00:00Z -174 -59 88 -65 -23
2014-02-15T10:00:00Z 6 -112 103 -44 31
2014-02-15T11:00:00Z -77 -107 132 -39 76
2014-02-15T12:00:00Z -42 79 126 -33 65
2014-02-15T13:00:00Z 174 48 149 -68 36
2014-02-15T14:00:00Z 1 -26 136 -57 -5
2014-02-15T15:00:00Z 8 -99 136 -24 -34
2014-02-15T16:00:00Z -6 -50 90 6 -59
2014-02-15T17:00:00Z -73 53 77 -3 -64
2014-02-15T18:00:00Z -168 56 116 8 -58
2014-02-15T19:00:00Z -155 44 141 31 -86
2014-02-15T20:00:00Z -160 72 123 37 -94
2014-02-15T21:00:00Z -93 99 62 42 -106
2014-02-15T22:00:00Z -58 -43 63 48 -103
2014-02-15T23:00:00Z -58 -10 99 84 -57
2014-02-16T00:00:00Z -34 9 129 64 -9
2014-02-16T01:00:00Z -40 23 140 44 7
2014-02-16T02:00:00Z 5 10 190 44 52
2014-02-16T03:00:00Z 66 8 217 33 51
2014-02-16T04:00:00Z 78 0 183 18 32
2014-02-16T05:00:00Z 42 4 112 -12 6
2014-02-16T06:00:00Z 25 -30 96 -40 -14
2014-02-16T07:00:00Z -12 -26 65 -44 -45
2014-02-16T15:00:00Z -173 -133 -230 -219 -148
2014-02-16T16:00:00Z -207 -172 -274 -207 -150
2014-02-16T17:00:00Z -254 -147 -262 -210 -138
2014-02-16T18:00:00Z -260 -164 -213 -207 -95
2014-02-16T19:00:00Z -248 -128 -219 -200 -73
2014-02-16T20:00:00Z -240 -74 -212 -184 -39
2014-02-19T23:00:00Z -1 -1 -1 -1 -1
2014-02-20T00:00:00Z 50 145 65 16 34
2014-02-20T01:00:00Z 56 163 75 30 29
2014-02-20T02:00:00Z 57 172 63 34 33
2014-02-20T03:00:00Z 33 184 64 45 37
2014-02-20T04:00:00Z 15 176 74 38 28
2014-02-20T05:00:00Z 6 191 78 37 32
2014-02-20T06:00:00Z 4 -1 73 4 43
2014-02-20T07:00:00Z 8 159 53 15 48
2014-02-20T08:00:00Z 18 157 63 7 35
2014-02-20T09:00:00Z 38 133 81 18 23
2014-02-20T10:00:00Z 56 79 68 3 25
2014-02-21T13:00:00Z -1 -1 -1 -1 -1
2014-02-21T14:00:00Z -1 -1 -1 -1 -1
2014-02-21T15:00:00Z -1 -1 -1 -1 -1
2014-02-21T16:00:00Z -1 -1 -1 -1 -1
2014-02-21T17:00:00Z -1 -1 -1 -1 -1
2014-02-21T18:00:00Z -1 -1 -1 -1 -1
2014-02-21T19:00:00Z 19 -24 47 50 -79
2014-02-21T20:00:00Z -1 -1 -1 -1 -1
2014-02-21T21:00:00Z -1 -1 -1 -1 -1
2014-02-21T22:00:00Z -1 -1 -1 -1 -1
2014-02-21T23:00:00Z -1 -1 1 -1 -1
2014-02-22T00:00:00Z 88 -23 -1 16 39
2014-02-22T01:00:00Z 106 -15 21 28 38
2014-02-22T02:00:00Z 115 16 27 35 39
2014-02-22T03:00:00Z 109 48 21 15 14
2014-02-22T04:00:00Z 101 60 -1 1 28
2014-02-22T05:00:00Z 133 33 4 -18 41
2014-02-22T06:00:00Z 112 -1 -1 -32 16
2014-02-22T07:00:00Z -1 21 -1 -1 -1
2014-02-22T08:00:00Z 50 16 -5 -24 -13
2014-02-22T09:00:00Z 38 3 -4 -31 -33
2014-02-22T19:00:00Z -92 47 8 3 68
2014-02-22T20:00:00Z -130 53 24 4 21
2014-02-22T21:00:00Z -156 58 14 -18 2
2014-02-22T22:00:00Z -143 79 56 -18 15
2014-02-22T23:00:00Z -144 101 64 -23 9
2014-02-23T00:00:00Z -121 86 39 -14 5
2014-02-23T01:00:00Z -109 61 35 2 -25
2014-02-23T02:00:00Z -1 -1 -1 -1 -1
2014-02-23T03:00:00Z -1 -1 -1 -1 -1
2014-02-23T04:00:00Z -1 -1 -1 -1 -1
2014-02-23T05:00:00Z -72 -51 22 -15 -59
2014-02-23T06:00:00Z -46 -89 -6 -23 -35
2014-02-23T07:00:00Z -41 -109 1 7 -25
2014-02-23T08:00:00Z -59 -133 9 -12 -45
2014-02-23T09:00:00Z -48 -155 -1 4 -33
2014-02-23T10:00:00Z -31 -143 -32 12 -43
2014-02-23T11:00:00Z -22 -146 -53 11 -25
2014-02-23T12:00:00Z -14 -169 -66 17 -16
2014-02-23T13:00:00Z -4 -110 -59 0 -20
2014-02-23T14:00:00Z 5 -98 -54 29 -40
2014-02-23T15:00:00Z -8 -72 -39 33 -31
2014-02-23T16:00:00Z -2 -47 -22 36 -10
2014-02-23T17:00:00Z -2 -17 -23 23 -19
2014-02-23T18:00:00Z -3 -14 -60 45 -15
2014-02-23T19:00:00Z -2 8 -72 38 -19
2014-02-23T20:00:00Z 0 14 -45 29 -16
2014-02-23T21:00:00Z 17 23 -29 39 -20
2014-02-23T22:00:00Z 51 41 -8 53 -10
2014-02-23T23:00:00Z 67 14 -29 60 -7
2014-02-24T00:00:00Z 70 32 -43 45 17
2014-02-24T01:00:00Z 129 20 -52 42 17
2014-02-24T02:00:00Z 153 12 -65 44 -4
2014-02-24T03:00:00Z 166 -2 -71 38 19
2014-02-24T04:00:00Z 177 -4 -57 32 37
2014-02-24T05:00:00Z 169 -18 -50 25 27
2014-02-24T06:00:00Z 163 -12 -48 9 32
2014-02-24T07:00:00Z 152 -8 -46 7 26
2014-02-24T08:00:00Z 72 -9 -44 2 14
2014-02-24T09:00:00Z 20 -1 -14 -1 27
2014-02-24T10:00:00Z -23 2 -24 16 15
2014-02-24T11:00:00Z -11 6 -23 12 38
2014-02-24T12:00:00Z -28 -6 6 21 51
2014-02-24T13:00:00Z -46 17 -3 19 65
2014-02-24T14:00:00Z -86 38 -1 12 56
2014-02-24T23:00:00Z 27 152 80 -19 65
2014-02-25T00:00:00Z 73 112 86 -21 123
2014-02-25T01:00:00Z 85 175 88 -8 108
2014-03-01T23:00:00Z 53 53 12 4 17
2014-03-02T00:00:00Z 50 87 63 23 25
2014-03-02T01:00:00Z 78 125 84 33 33
2014-03-02T02:00:00Z 107 125 105 35 29
2014-03-02T03:00:00Z 140 115 105 35 26
2014-03-02T04:00:00Z 90 113 103 29 17
2014-03-02T05:00:00Z 68 108 90 26 9
2014-03-03T07:00:00Z -1 -1 -1 -1 -1
2014-03-03T08:00:00Z -1 -1 -1 -1 -1
2014-03-03T09:00:00Z -1 -1 -1 -1 -1
2014-03-03T10:00:00Z -1 -1 -1 -1 -1
2014-03-03T11:00:00Z -1 -1 -1 -1 -1
2014-03-03T12:00:00Z -1 -1 -1 -1 -1
2014-03-03T13:00:00Z -1 -1 -1 -1 -1
2014-03-03T14:00:00Z -1 -1 -1 -1 -1
2014-03-03T15:00:00Z -1 -1 -1 -1 -1
2014-03-03T16:00:00Z -1 -1 -1 -1 -1
2014-03-03T17:00:00Z 38 67 117 83 5
2014-03-03T18:00:00Z 46 102 146 104 26
2014-03-03T19:00:00Z 30 104 153 127 37
2014-03-03T20:00:00Z -1 -1 -1 -1 -1
2014-03-03T21:00:00Z 44 97 110 127 33
2014-03-03T22:00:00Z 55 70 97 150 28
2014-03-03T23:00:00Z 43 46 86 168 41
2014-03-09T09:00:00Z -1 -1 -1 -1 -1
2014-03-10T19:00:00Z 54 87 50 -8 -56
2014-03-10T20:00:00Z 64 84 68 17 -24
2014-03-10T21:00:00Z 101 105 92 42 8
2014-03-10T22:00:00Z 116 88 121 56 22
2014-03-10T23:00:00Z 123 57 115 50 30
2014-03-11T00:00:00Z 111 74 94 55 45
2014-03-11T01:00:00Z 104 89 87 52 61
2014-03-11T02:00:00Z 91 101 75 40 42
2014-03-11T03:00:00Z 88 77 56 44 53
2014-03-11T04:00:00Z 84 63 42 39 67
2014-03-11T05:00:00Z 91 44 37 25 81
2014-03-11T06:00:00Z 76 73 24 13 105
2014-03-11T07:00:00Z 55 57 4 6 119
2014-03-11T08:00:00Z 53 79 12 20 133
2014-03-11T09:00:00Z 70 84 7 39 136
2014-03-11T10:00:00Z 92 105 47 15 122
2014-03-11T11:00:00Z 106 79 50 22 83
2014-03-11T12:00:00Z 103 59 41 51 100
2014-03-11T13:00:00Z 104 3 41 43 80
2014-03-11T14:00:00Z 93 22 62 38 39
2014-03-11T15:00:00Z 83 18 41 24 36
2014-03-15T21:00:00Z 93 55 -6 39 -17
2014-03-15T22:00:00Z 101 67 42 34 -10
2014-03-15T23:00:00Z -1 -1 -1 -1 -1
2014-03-16T00:00:00Z 63 115 64 44 -38
2014-03-16T17:00:00Z 23 -21 -17 -16 29
2014-03-16T18:00:00Z 45 -19 -10 3 19
2014-03-16T19:00:00Z 49 33 20 5 24
2014-03-16T20:00:00Z 60 49 45 21 32
2014-03-16T21:00:00Z 51 61 79 39 46
2014-03-16T22:00:00Z 42 66 82 55 38
2014-03-16T23:00:00Z 37 78 86 61 26
2014-03-17T00:00:00Z 13 77 99 73 33
2014-03-17T01:00:00Z -13 63 77 85 36
2014-03-17T02:00:00Z -22 60 67 60 40
2014-03-17T03:00:00Z -28 58 54 46 45
2014-03-17T04:00:00Z -38 46 60 39 57
2014-03-17T05:00:00Z -32 36 51 41 45
2014-03-17T06:00:00Z -16 12 36 26 52
2014-03-17T07:00:00Z -3 7 12 22 36
2014-03-17T08:00:00Z 4 -13 3 20 40
2014-03-17T09:00:00Z 8 -24 -11 37 51
2014-03-17T10:00:00Z 43 -16 -19 19 62
2014-03-17T11:00:00Z 57 -20 -19 -15 67
2014-03-23T15:00:00Z 26 12 -30 4 -2
2014-03-23T16:00:00Z 29 26 12 6 -15
2014-03-23T17:00:00Z 32 -13 10 13 -24
2014-03-23T18:00:00Z 3 -27 10 22 3
2014-03-23T19:00:00Z -29 -11 -3 45 -8
2014-03-23T20:00:00Z 19 4 0 45 32
2014-03-23T21:00:00Z 34 18 -6 93 39
2014-03-23T22:00:00Z -1 -1 -1 -1 -1
2014-03-23T23:00:00Z -1 -1 -1 -1 -1
2014-03-24T00:00:00Z -1 -1 -1 -1 -1
2014-03-24T01:00:00Z 77 47 -23 76 56
2014-03-24T02:00:00Z 66 29 -23 85 42
2014-03-24T03:00:00Z 68 63 -23 78 63
2014-03-24T04:00:00Z 78 65 -1 53 38
2014-03-24T05:00:00Z 103 44 31 30 36
2014-03-24T06:00:00Z 30 21 37 39 14
2014-03-24T07:00:00Z 11 29 49 16 27
2014-03-24T08:00:00Z 38 28 50 9 29
2014-03-24T09:00:00Z 35 19 66 16 20
2014-03-24T10:00:00Z 31 -10 64 12 22
2014-03-24T11:00:00Z -41 20 66 14 23
2014-03-24T12:00:00Z -58 16 52 -2 5
2014-03-24T13:00:00Z -67 18 62 -19 -5
2014-03-24T23:00:00Z 53 -11 -80 35 1
2014-03-25T00:00:00Z 98 -2 -46 57 25
2014-03-25T01:00:00Z 90 -15 -4 73 -1
2014-03-25T02:00:00Z 55 -36 16 103 -5
2014-03-25T03:00:00Z 34 -14 12 111 34
2014-03-25T04:00:00Z 13 -11 19 105 36
2014-03-25T05:00:00Z -11 -32 42 94 41
2014-03-25T06:00:00Z -1 -1 -1 -1 -1
2014-03-25T07:00:00Z -1 -1 -1 -1 -1
2014-03-25T08:00:00Z -1 -1 -1 -1 -1
2014-03-25T09:00:00Z -1 83 74 -18 46
2014-03-25T10:00:00Z 21 82 63 -21 49
2014-03-25T11:00:00Z 37 91 66 -22 79
2014-03-25T12:00:00Z 77 116 52 -23 74
2014-03-25T13:00:00Z -1 -1 -1 -1 -1
2014-03-25T14:00:00Z 22 53 60 -40 40
2014-03-25T15:00:00Z -1 -1 -1 -1 -1
2014-03-25T16:00:00Z -45 -23 42 -118 -2
2014-03-25T17:00:00Z -87 -63 36 -114 -5
2014-03-25T18:00:00Z -97 -74 31 -89 -25
2014-03-25T19:00:00Z -102 -78 -1 -49 -26
2014-03-25T20:00:00Z -116 -102 3 -43 -50
2014-03-25T21:00:00Z -109 -94 -5 -10 -80
2014-03-25T22:00:00Z -110 -103 9 -9 -109
2014-03-25T23:00:00Z -1 -1 -1 -1 -1
2014-03-26T00:00:00Z 2 -36 -5 48 -118
2014-03-26T01:00:00Z -1 -1 -1 -1 -1
2014-03-26T02:00:00Z 107 71 10 124 -110
2014-03-26T03:00:00Z 119 58 13 131 -92
2014-03-26T04:00:00Z 165 43 22 113 -107
2014-03-26T05:00:00Z 170 27 46 85 -104
2014-03-26T06:00:00Z 141 68 47 72 -113
2014-03-26T07:00:00Z 96 66 47 39 -91
2014-03-26T08:00:00Z 92 58 34 49 -54
2014-03-26T09:00:00Z 124 50 45 16 -20
2014-03-26T10:00:00Z 101 67 41 -8 -14
2014-03-26T11:00:00Z 81 52 55 -14 -21
2014-03-26T12:00:00Z 63 51 69 -9 -8
2014-03-26T13:00:00Z 28 57 77 -12 -18
2014-03-26T14:00:00Z -1 -1 -1 -1 -1
2014-03-26T15:00:00Z -92 34 59 -48 6
2014-03-26T16:00:00Z -81 22 70 -55 76
2014-03-26T17:00:00Z -66 29 43 -49 97
2014-03-26T18:00:00Z -38 30 20 -80 105
2014-03-26T19:00:00Z -65 52 -57 -38 109
2014-03-26T20:00:00Z -24 64 -80 19 146
2014-03-26T21:00:00Z -31 94 -88 73 185
2014-03-26T22:00:00Z -35 0 -88 64 191
2014-03-26T23:00:00Z 14 -52 -106 54 228
2014-03-27T00:00:00Z -1 -1 -1 -1 -1
2014-03-27T01:00:00Z -3 -23 -104 89 227
2014-03-27T02:00:00Z -24 -38 -108 109 162
2014-03-27T03:00:00Z -15 -57 -71 90 114
2014-03-27T04:00:00Z -41 -39 -42 82 42
2014-03-27T05:00:00Z -54 -88 32 25 -1
2014-03-27T06:00:00Z -62 -87 63 -70 -63
2014-03-27T07:00:00Z -48 -53 51 -105 -100
2014-03-27T08:00:00Z -17 54 43 -122 -129
2014-03-27T21:00:00Z -1 -1 -1 -1 -1
2014-03-27T22:00:00Z -134 -11 14 97 93
2014-03-27T23:00:00Z -112 -72 1 89 103
2014-03-28T00:00:00Z -23 -108 -31 61 130
2014-03-28T01:00:00Z -1 -1 -1 -1 -1
2014-03-28T02:00:00Z -1 -1 -1 -1 -1
2014-03-28T03:00:00Z 102 -63 -97 -6 139
2014-03-28T04:00:00Z 117 -91 -122 -9 120
2014-03-28T05:00:00Z 96 -131 -69 4 97
2014-03-28T06:00:00Z 96 -132 -59 -3 55
2014-03-28T19:00:00Z -66 -78 -114 -111 -32
2014-03-31T03:00:00Z 140 104 73 22 29
2014-03-31T04:00:00Z 154 107 58 18 7
2014-03-31T05:00:00Z 147 112 -26 20 -7
2014-03-31T06:00:00Z 121 104 -20 0 11
2014-03-31T07:00:00Z 114 98 -29 -1 -9
2014-03-31T08:00:00Z 90 84 -51 9 -6
2014-03-31T09:00:00Z 81 70 -69 2 -46
2014-04-01T05:00:00Z 14 67 57 45 61
2014-04-01T06:00:00Z 26 73 60 41 46
2014-04-01T07:00:00Z -1 -1 -1 -1 -1
2014-04-01T08:00:00Z -12 56 63 14 -6
2014-04-13T18:00:00Z -1 -1 -1 -1 -1
2014-04-13T19:00:00Z -1 -1 -1 -1 -1
2014-04-13T20:00:00Z -1 -1 -1 -1 -1
2014-04-13T21:00:00Z -1 -1 -1 -1 -1
2014-04-13T22:00:00Z -24 60 -97 30 -6
2014-04-13T23:00:00Z 38 72 -94 30 -5
2014-04-14T00:00:00Z 53 55 -64 57 -2
2014-04-14T01:00:00Z 71 34 -45 31 4
2014-04-14T02:00:00Z 77 -15 -87 41 35
2014-04-14T03:00:00Z 82 -32 -67 47 47
2014-04-14T04:00:00Z 89 -64 -22 42 45
2014-04-14T05:00:00Z 96 -44 -26 30 70
2014-04-14T06:00:00Z 63 -44 -36 21 80
2014-04-14T07:00:00Z 61 -46 12 17 94
2014-04-14T08:00:00Z 38 -28 45 7 100
2014-04-14T09:00:00Z 29 -29 67 12 91
2014-04-14T10:00:00Z 17 -33 82 -11 94
2014-04-14T11:00:00Z -3 2 101 7 97
2014-04-14T12:00:00Z -21 -3 82 27 65
2014-04-14T13:00:00Z -28 8 63 69 26
2014-04-14T14:00:00Z -30 29 80 70 19
2014-04-14T15:00:00Z -35 52 85 48 10
2014-04-14T16:00:00Z -8 50 0 45 -1
2014-04-15T01:00:00Z -116 -120 -125 -4 -39
2014-04-15T02:00:00Z -120 -107 -45 -1 -32
2014-04-17T22:00:00Z 19 43 -1 -2 23
2014-04-17T23:00:00Z 9 60 -1 -9 38
2014-04-18T00:00:00Z 6 67 -1 12 18
2014-04-18T01:00:00Z 14 58 -1 49 27
2014-04-18T02:00:00Z 15 39 -1 60 40
2014-04-18T03:00:00Z 8 51 -1 60 47
2014-04-18T04:00:00Z -9 49 -1 62 46
2014-04-18T05:00:00Z -9 48 -1 60 25
2014-04-18T06:00:00Z 3 51 -1 23 -1
2014-04-18T07:00:00Z 3 67 -1 42 -34
2014-04-18T08:00:00Z 4 62 -1 48 -37
2014-04-18T09:00:00Z 32 75 -1 26 -40
2014-04-23T08:00:00Z 69 71 50 20 30
2014-04-23T09:00:00Z 68 55 77 12 39
2014-04-23T10:00:00Z 76 68 86 -5 58
2014-04-23T11:00:00Z 65 82 82 -8 30
2014-04-23T12:00:00Z -1 -1 -1 -1 -1
2014-04-23T13:00:00Z 74 40 57 -11 -1
2014-05-01T03:00:00Z 51 32 54 54 23
2014-05-01T04:00:00Z 47 44 67 52 23
2014-05-01T05:00:00Z 52 37 68 16 26
2014-05-01T06:00:00Z 65 41 63 11 36
2014-05-01T07:00:00Z 72 34 62 12 37
2014-05-01T08:00:00Z 54 27 62 15 41
2014-05-01T09:00:00Z 47 19 47 -13 23
2014-05-01T10:00:00Z -1 -1 -1 3 -1
2014-05-01T11:00:00Z 19 30 60 -17 29
2014-05-07T02:00:00Z -1 -1 -1 -1 -1
2014-05-15T14:00:00Z 17 -19 -8 -17 -8
2014-05-15T15:00:00Z 18 -29 -5 -17 -17
2014-05-15T16:00:00Z -1 -1 -1 -1 -1
2014-05-15T17:00:00Z 26 -20 -5 -22 -28
2014-05-15T18:00:00Z 43 -12 -7 -25 -23
2014-05-15T19:00:00Z 15 7 4 -15 -30
2014-05-20T00:00:00Z 38 19 13 77 -13
2014-05-20T01:00:00Z 74 20 27 75 -4
2014-05-21T15:00:00Z 1 -35 -59 -15 -3
2014-05-21T16:00:00Z -1 -1 -1 -1 -1
2014-05-21T17:00:00Z 24 -81 -20 -14 15
2014-05-21T18:00:00Z 5 -106 -37 -11 8
2014-05-21T19:00:00Z 4 -86 -63 -1 16
2014-05-21T20:00:00Z 0 -63 -81 -13 3
2014-05-21T21:00:00Z -10 27 -77 -14 -2
2014-05-21T22:00:00Z -1 -1 -1 -1 -1
2014-05-21T23:00:00Z -1 164 -64 14 13
2014-05-22T00:00:00Z 36 139 -57 31 12
2014-05-22T01:00:00Z 68 183 -35 41 29
2014-05-22T02:00:00Z -1 -1 -1 -1 -1
2014-05-22T03:00:00Z 72 133 -44 58 15
2014-05-22T04:00:00Z 83 115 -17 69 16
2014-05-22T05:00:00Z 75 66 24 72 5
2014-05-22T06:00:00Z 75 21 73 69 14
2014-05-22T07:00:00Z 78 -25 73 75 -5
2014-05-25T05:00:00Z 6 97 -46 1 6
2014-06-16T22:00:00Z -1 -1 -1 -1 -1
2014-07-03T00:00:00Z 7 30 76 -5 19
2014-07-03T01:00:00Z 13 21 115 -28 25
2014-07-03T02:00:00Z 7 30 112 -5 31
2014-07-03T03:00:00Z -29 31 73 1 33
2014-07-03T04:00:00Z 20 34 60 4 41
2014-07-04T09:00:00Z -1 -1 -1 -1 -1
2014-07-04T10:00:00Z -1 -1 -1 -1 -1
2014-07-04T11:00:00Z -1 -1 -1 -1 -1
2014-07-04T12:00:00Z -1 -1 -1 -1 -1
2014-07-04T13:00:00Z -1 -1 -1 -1 -1
2014-07-04T14:00:00Z -1 -1 -1 -1 -1
2014-07-04T15:00:00Z -1 -1 -1 -1 -1
2014-07-04T16:00:00Z -1 -1 -1 -1 -1
2014-07-04T17:00:00Z -1 -1 -1 -1 -1
2014-07-06T00:00:00Z 57 83 102 56 -7
2014-07-06T01:00:00Z 62 96 137 46 -23
2014-07-06T02:00:00Z 70 102 151 56 -20
2014-07-06T03:00:00Z 82 94 169 91 -21
2014-07-06T04:00:00Z 86 68 149 98 -25
2014-07-06T05:00:00Z 77 71 161 86 -26
2014-07-07T09:00:00Z -38 73 119 39 30
2014-07-07T10:00:00Z -2 65 111 31 24
2014-07-07T11:00:00Z 11 45 84 1 18
2014-07-07T12:00:00Z 54 -1 70 -44 12
2014-07-07T13:00:00Z 71 -38 33 -28 4
2014-07-07T14:00:00Z 93 -43 -29 -29 0
2014-07-07T15:00:00Z 102 -69 -64 -59 -4
2014-07-07T16:00:00Z 112 -72 -92 -48 -9
2014-07-07T17:00:00Z 142 -99 -131 -40 -12
2014-07-07T18:00:00Z 141 -91 -148 -42 -11
2014-07-07T19:00:00Z 136 -64 -171 -11 -8
2014-07-07T20:00:00Z 121 -62 -154 -11 -2
2014-07-07T21:00:00Z 113 -37 -144 11 -1
2014-07-07T22:00:00Z 65 3 -101 51 -4
2014-07-07T23:00:00Z -7 20 -99 42 4
2014-07-08T00:00:00Z -38 32 -55 40 6
2014-07-08T01:00:00Z -52 23 -17 47 8
2014-07-08T02:00:00Z -44 13 34 2 3
2014-07-08T03:00:00Z -30 38 75 -38 6
2014-07-08T04:00:00Z 4 33 129 -36 0
2014-07-17T09:00:00Z -1 -1 -1 -1 -1
2014-07-17T10:00:00Z -1 -1 -1 -1 -1
2014-07-17T11:00:00Z -1 -1 -1 -1 -1
2014-07-17T12:00:00Z -1 -1 -1 -1 -1
2014-07-17T13:00:00Z -1 -1 -1 -1 -1
2014-07-17T14:00:00Z -1 -1 -1 -1 -1
2014-07-17T15:00:00Z -1 -1 -1 -1 -1
2014-07-17T16:00:00Z -1 -1 -1 -1 -1
2014-07-17T17:00:00Z -1 -1 -1 -1 -1
2014-07-17T18:00:00Z -1 -1 -1 -1 -1
2014-07-17T19:00:00Z 2 53 59 32 24
2014-07-17T20:00:00Z 1 46 21 72 3
2014-07-17T21:00:00Z -19 47 -18 71 28
2014-07-17T22:00:00Z -18 65 -51 54 26
2014-07-17T23:00:00Z -31 78 -98 70 22
2014-07-18T00:00:00Z -45 42 -106 65 38
2014-07-18T01:00:00Z -38 31 -100 48 12
2014-07-18T02:00:00Z -35 67 -67 39 19
2014-07-18T03:00:00Z -32 60 -74 50 4
2014-07-18T04:00:00Z -31 71 -62 49 -23
2014-07-18T05:00:00Z -2 81 13 32 -37
2014-07-18T06:00:00Z 6 109 65 -16 -17
2014-07-18T07:00:00Z 16 76 93 10 -17
2014-07-18T08:00:00Z 2 57 108 13 -25
2014-07-18T09:00:00Z 5 19 150 20 -4
2014-07-18T10:00:00Z 26 6 175 33 -31
2014-07-18T11:00:00Z 54 -58 168 23 -3
2014-07-18T12:00:00Z 56 -71 119 26 -10
2014-07-18T13:00:00Z 45 -83 86 13 5
2014-07-28T02:00:00Z -9 36 23 44 -2
2014-07-28T03:00:00Z -2 26 47 44 15
2014-07-28T04:00:00Z 16 32 60 38 7
2014-07-28T05:00:00Z 20 59 72 35 -1
2014-07-28T06:00:00Z 37 75 74 35 -5
2014-07-28T07:00:00Z 37 39 58 20 14
2014-07-29T03:00:00Z 84 67 30 51 -52
2014-07-29T04:00:00Z 105 66 39 24 -53
2014-07-29T05:00:00Z 121 82 56 46 -26
2014-07-29T06:00:00Z 119 89 59 14 -58
2014-07-30T09:00:00Z 5 9 25 -113 -9
2014-07-30T10:00:00Z 24 35 13 -89 0
2014-07-30T11:00:00Z -24 44 -32 -101 16
2014-07-30T12:00:00Z -7 48 -44 -55 4
2014-07-30T13:00:00Z -11 74 -60 -17 3
2014-07-30T14:00:00Z -28 85 -71 18 0
2014-07-30T15:00:00Z 2 60 -28 46 -2
2014-07-30T16:00:00Z 2 39 -26 56 -10
2014-07-30T17:00:00Z -28 27 -31 58 -8
2014-07-30T18:00:00Z -28 12 2 53 -8
2014-07-30T19:00:00Z -20 8 1 46 -8
2014-07-30T20:00:00Z 0 29 19 26 -4
2014-07-30T21:00:00Z 64 11 59 42 -12
2014-07-30T22:00:00Z 100 17 48 1 -3
2014-07-30T23:00:00Z 107 -2 38 -3 7
2014-07-31T00:00:00Z 101 -26 51 -17 17
2014-07-31T01:00:00Z 28 -3 51 4 13
2014-07-31T02:00:00Z -17 42 29 4 14
2014-07-31T03:00:00Z -14 55 46 2 20
2014-07-31T04:00:00Z -6 56 24 2 17
2014-07-31T05:00:00Z 0 74 43 13 15
2014-07-31T06:00:00Z -27 52 41 29 11
2014-07-31T07:00:00Z -48 72 21 11 21
2014-07-31T08:00:00Z -37 56 54 1 35
2014-07-31T17:00:00Z -1 -1 -1 -1 -1
2014-07-31T18:00:00Z 8 -88 -65 -25 -38
2014-07-31T19:00:00Z -5 -90 -55 -16 -21
2014-07-31T20:00:00Z -6 -36 -33 -8 -18
2014-07-31T21:00:00Z -20 -18 1 -8 -12
2014-07-31T22:00:00Z -22 17 31 -10 -8
2014-07-31T23:00:00Z -21 37 22 -12 -12
2014-08-01T00:00:00Z -26 -1 19 27 -5
2014-08-01T01:00:00Z -1 -1 -1 -1 -1
2014-08-01T02:00:00Z -1 -1 -1 -1 -1
2014-08-01T03:00:00Z -1 -1 -1 -1 -1
2014-08-01T04:00:00Z -44 41 65 35 3
2014-08-01T05:00:00Z -48 36 62 46 2
2014-08-01T06:00:00Z -62 33 67 19 3
2014-08-01T07:00:00Z -57 52 73 25 9
2014-08-01T08:00:00Z -20 56 49 15 15
2014-08-01T09:00:00Z 10 36 41 25 16
2014-08-01T10:00:00Z 30 -1 38 13 11
2014-08-01T11:00:00Z 43 -9 8 -14 20
2014-08-01T12:00:00Z 50 -8 -23 13 9
2014-08-01T13:00:00Z 48 -19 -44 -10 7
2014-08-01T14:00:00Z 44 -17 -39 -24 5
2014-08-01T15:00:00Z 42 -14 -50 -45 8
2014-08-01T16:00:00Z -1 -1 -1 -1 -1
2014-08-01T17:00:00Z 29 -89 -84 -40 -7
2014-08-01T18:00:00Z 6 -118 -86 -49 -15
2014-08-01T19:00:00Z -13 -84 -84 -37 -11
2014-08-01T20:00:00Z -35 -36 -58 -43 -9
2014-08-01T21:00:00Z -56 -29 -28 -41 -17
2014-08-01T22:00:00Z -63 17 9 -45 -8
2014-08-01T23:00:00Z -71 35 25 -37 -6
2014-08-02T00:00:00Z -65 46 27 5 -5
2014-08-02T01:00:00Z -60 54 35 19 -9
2014-08-02T02:00:00Z -1 -1 -1 -1 -1
2014-08-02T03:00:00Z -56 81 57 24 -4
2014-08-02T04:00:00Z -60 98 60 22 -3
2014-08-02T05:00:00Z -64 76 66 14 -1
2014-08-02T06:00:00Z -59 64 53 23 4
2014-08-02T07:00:00Z -45 66 44 36 3
2014-08-02T08:00:00Z -21 30 32 28 4
2014-08-02T09:00:00Z -8 -13 25 38 -2
2014-08-02T10:00:00Z 2 -23 -3 10 4
2014-08-02T18:00:00Z 60 -59 -26 -43 4
2014-08-02T19:00:00Z 52 -13 -10 -40 8
2014-08-02T20:00:00Z 46 -16 -22 -17 5
2014-08-02T21:00:00Z 47 10 -25 -10 12
2014-08-02T22:00:00Z 42 38 -9 -10 16
2014-08-02T23:00:00Z 37 71 7 14 19
2014-08-03T00:00:00Z 25 72 23 20 24
2014-08-03T01:00:00Z 33 77 42 16 18
2014-08-03T02:00:00Z 45 90 57 22 20
2014-08-03T03:00:00Z 57 76 54 32 16
2014-08-03T04:00:00Z 42 51 46 25 17
2014-08-03T05:00:00Z 6 55 36 20 13
2014-08-03T06:00:00Z -14 87 50 21 17
2014-08-03T07:00:00Z -32 74 68 12 20
2014-08-03T08:00:00Z -29 62 50 7 15
2014-08-03T09:00:00Z 4 29 43 2 1
2014-08-20T04:00:00Z 4 40 60 26 44
2014-08-20T05:00:00Z 9 46 54 27 37
2014-08-20T06:00:00Z 7 63 53 14 25
2014-08-21T02:00:00Z 44 35 33 -33 82
2014-08-21T03:00:00Z 51 64 44 -26 80
2014-08-21T04:00:00Z 60 57 64 -38 68
2014-08-21T05:00:00Z -1 -1 -1 -1 -1
2014-08-21T06:00:00Z 72 71 73 -42 65
2014-08-21T07:00:00Z 64 86 72 -33 74
2014-08-30T03:00:00Z 21 27 -14 4 20
2014-08-30T04:00:00Z 41 45 -29 12 23
2014-08-30T05:00:00Z 43 12 3 9 7
2014-08-30T06:00:00Z 32 12 21 14 11
2014-08-30T07:00:00Z 43 7 18 20 5
2014-08-30T08:00:00Z 31 -10 29 12 3
2014-08-30T09:00:00Z 16 4 28 17 3
2014-08-30T10:00:00Z 0 11 26 17 -1
2014-08-30T11:00:00Z 14 30 31 -2 -4
2014-08-30T12:00:00Z 20 44 37 -8 1
2014-08-30T13:00:00Z 9 38 46 -1 -10
2014-08-30T14:00:00Z -11 25 58 4 -16
2014-08-30T15:00:00Z -1 -1 -1 -1 -1
2014-08-30T16:00:00Z -36 54 21 19 -17
2014-08-30T17:00:00Z -55 72 4 23 -18
2014-09-01T10:00:00Z -1 -1 -1 16 -1
2014-09-05T21:00:00Z 22 -38 4 32 13
2014-09-05T22:00:00Z -1 -1 -1 -1 -1
2014-09-05T23:00:00Z 29 21 5 50 14
2014-09-06T00:00:00Z 45 6 3 28 16
2014-09-06T01:00:00Z 54 6 -49 20 12
2014-09-06T02:00:00Z 42 23 -55 33 14
2014-09-06T03:00:00Z 46 57 -29 21 11
2014-09-06T04:00:00Z 18 78 6 16 9
2014-09-06T05:00:00Z -5 89 17 12 4
2014-09-06T06:00:00Z -13 70 43 8 5
2014-09-06T07:00:00Z -20 82 46 -3 2
2014-09-06T08:00:00Z -18 61 54 -1 6
2014-09-06T09:00:00Z -5 49 58 -3 3
2014-09-06T10:00:00Z 5 45 64 15 3
2014-09-06T20:00:00Z -7 -64 -51 -10 11
2014-09-06T21:00:00Z -10 -56 -45 -2 8
2014-09-06T22:00:00Z 9 -33 -55 11 8
2014-09-06T23:00:00Z 11 -2 -43 10 8
2014-09-07T00:00:00Z 12 43 -16 -3 16
2014-09-07T01:00:00Z 26 42 7 25 11
2014-09-07T02:00:00Z 37 48 22 28 20
2014-09-07T03:00:00Z 30 56 31 18 19
2014-09-07T04:00:00Z 47 53 43 15 22
2014-09-07T05:00:00Z 50 55 40 -8 24
2014-09-07T06:00:00Z 42 51 37 9 40
2014-09-07T07:00:00Z 33 47 34 6 26
2014-09-07T08:00:00Z 15 42 39 -4 9
2014-09-20T18:00:00Z 17 -13 -8 -30 -110
2014-09-20T19:00:00Z 12 -30 12 -28 -110
2014-09-20T20:00:00Z 9 -12 11 -25 -89
2014-09-20T21:00:00Z 9 6 31 -13 -65
2014-09-20T22:00:00Z 27 8 22 -29 -74
2014-09-20T23:00:00Z 21 15 19 -36 -75
2014-09-21T00:00:00Z 30 52 16 -36 -57
2014-09-25T09:00:00Z -31 -3 34 -8 -14
2014-09-25T10:00:00Z -20 25 55 -3 -17
2014-09-25T11:00:00Z 3 31 45 -5 -27
2014-09-25T12:00:00Z 10 30 14 3 -28
2014-09-25T13:00:00Z 25 -15 25 14 -29
2014-09-25T14:00:00Z 10 -17 -26 9 -27
2014-09-25T15:00:00Z 28 -24 -35 -4 -18
2014-09-25T16:00:00Z -1 -1 -1 -1 -1
2014-09-25T17:00:00Z 38 -40 -53 -4 -23
2014-09-26T13:00:00Z 74 11 34 0 -24
2014-09-26T14:00:00Z 86 12 18 5 -22
2014-09-26T15:00:00Z 75 21 -1 16 -1
2014-09-26T16:00:00Z -1 -1 8 -1 -24
2014-09-26T17:00:00Z -1 -1 -1 -1 -1
2014-10-07T14:00:00Z -1 -1 -1 -1 -1
2014-10-07T15:00:00Z 47 87 116 10 46
2014-10-07T16:00:00Z 65 65 161 5 32
2014-10-07T17:00:00Z 61 72 144 7 71
2014-10-07T18:00:00Z 83 58 112 13 67
2014-10-07T19:00:00Z 106 61 76 22 80
2014-10-07T20:00:00Z 132 70 94 48 89
2014-10-07T21:00:00Z 133 84 138 77 76
2014-10-07T22:00:00Z 144 139 165 60 57
2014-10-07T23:00:00Z 155 146 143 53 -10
2014-10-08T00:00:00Z -1 -1 -1 -1 -1
2014-10-08T01:00:00Z 148 141 72 52 38
2014-10-08T02:00:00Z 148 173 14 47 21
2014-10-08T03:00:00Z 142 170 -42 62 24
2014-10-08T04:00:00Z 141 139 -48 61 64
2014-10-08T05:00:00Z 101 111 -51 43 -30
2014-10-08T06:00:00Z 62 85 -68 12 -14
2014-10-08T07:00:00Z 33 69 -101 -16 -15
2014-10-08T08:00:00Z 35 1 -111 8 -23
2014-10-08T09:00:00Z 39 -27 -71 14 -20
2014-10-08T10:00:00Z 10 -21 -6 8 -23
2014-10-08T11:00:00Z -1 -1 -1 -1 -1
2014-10-08T12:00:00Z -5 -69 34 18 -10
2014-10-08T13:00:00Z -11 -62 41 5 27
2014-10-08T14:00:00Z -32 -13 35 5 -52
2014-10-08T15:00:00Z -53 46 71 40 7
2014-10-08T16:00:00Z -105 22 109 55 -34
2014-10-08T17:00:00Z -119 -28 135 87 1
2014-10-08T18:00:00Z -122 9 151 99 45
2014-10-08T19:00:00Z -126 38 123 116 1
2014-10-08T20:00:00Z -58 92 79 94 6
2014-10-08T21:00:00Z -1 -1 -1 -1 -1
2014-10-08T22:00:00Z -28 156 86 110 21
2014-10-08T23:00:00Z -15 158 110 89 -14
2014-10-09T00:00:00Z -20 138 126 70 95
2014-10-09T01:00:00Z 9 106 92 63 61
2014-10-09T02:00:00Z 47 122 79 57 78
2014-10-09T03:00:00Z 71 151 65 1 31
2014-10-09T04:00:00Z 45 151 36 -11 -35
2014-10-09T05:00:00Z 23 115 35 -27 2
2014-10-09T06:00:00Z 1 45 13 -3 -7
2014-10-09T07:00:00Z -27 -33 -1 -11 -6
2014-10-09T08:00:00Z -49 -50 -13 -26 42
2014-10-09T09:00:00Z -56 -93 -40 -9 -47
2014-10-09T10:00:00Z -26 -122 -40 15 -101
2014-10-09T11:00:00Z -9 -104 -25 22 3
2014-10-09T12:00:00Z 37 -57 -28 6 11
2014-10-09T13:00:00Z 45 -46 -52 48 5
2014-10-09T14:00:00Z 41 -82 -34 61 10
2014-10-09T15:00:00Z 6 -137 -4 74 5
2014-10-09T16:00:00Z -1 -1 -1 -1 -1
2014-10-09T17:00:00Z -17 -120 28 71 10
2014-10-09T18:00:00Z -47 -113 48 61 -39
2014-10-09T19:00:00Z -4 -74 74 77 60
2014-10-09T20:00:00Z 14 -14 95 72 45
2014-10-09T21:00:00Z 6 -10 91 43 21
2014-10-09T22:00:00Z -3 -18 49 42 13
2014-10-09T23:00:00Z 0 -24 36 25 73
2014-10-10T08:00:00Z -30 -36 -106 -58 -126
2014-10-10T09:00:00Z -32 -47 -85 -58 -153
2014-10-10T10:00:00Z -11 -31 -10 -35 -135
2014-10-10T11:00:00Z -11 -43 -48 -12 -117
2014-10-10T12:00:00Z -1 -51 -54 -16 -62
2014-10-10T13:00:00Z -34 -65 -38 -3 -97
2014-10-10T14:00:00Z -1 -1 -1 -1 -1
2014-10-10T15:00:00Z -84 -93 -50 -15 -16
2014-10-10T16:00:00Z -75 -124 -126 -14 -7
2014-10-10T17:00:00Z -64 -150 -153 -2 -1
2014-10-10T18:00:00Z -36 -160 -158 16 16
2014-10-10T19:00:00Z -30 -137 -154 34 26
2014-10-10T20:00:00Z -54 -99 -144 24 15
2014-10-10T21:00:00Z -43 -67 -124 8 36
2014-10-10T22:00:00Z -23 -24 -110 7 0
2014-10-10T23:00:00Z 16 27 -105 27 59
2014-10-11T00:00:00Z -1 -1 -1 -1 -1
2014-10-11T01:00:00Z 65 -32 -58 23 53
2014-10-11T02:00:00Z 25 23 22 -1 49
2014-10-11T03:00:00Z 19 65 59 -23 42
2014-10-11T04:00:00Z -20 64 76 -52 26
2014-10-11T05:00:00Z -55 56 83 -91 15
2014-10-11T06:00:00Z -89 30 65 -96 36
2014-10-11T07:00:00Z -120 -22 44 -117 22
2014-10-11T08:00:00Z -142 -86 23 -112 8
2014-10-11T09:00:00Z -150 -137 12 -105 20
2014-10-11T10:00:00Z -135 -96 25 -79 37
2014-10-11T11:00:00Z -110 -20 26 -71 48
2014-10-11T12:00:00Z -92 -54 10 -12 65
2014-10-11T13:00:00Z -101 -62 5 13 16
2014-10-17T15:00:00Z -1 -1 -1 -1 -1
2014-10-17T16:00:00Z -6 -61 -33 -12 42
2014-10-17T17:00:00Z -17 -40 -39 -18 43
2014-10-17T18:00:00Z -12 -41 -30 -7 47
2014-10-17T19:00:00Z 3 -10 -39 0 33
2014-10-17T20:00:00Z 26 31 -40 11 38
2014-10-17T21:00:00Z 35 55 -39 17 48
2014-10-17T22:00:00Z 78 85 -4 19 63
2014-10-18T09:00:00Z -54 -38 -15 -3 -39
2014-10-18T10:00:00Z -47 -38 0 -30 -28
2014-10-18T11:00:00Z -27 -25 10 10 -17
2014-10-18T12:00:00Z -19 -41 37 -21 -7
2014-10-18T13:00:00Z -1 -1 -1 -1 -1
2014-10-18T14:00:00Z -6 -46 52 -20 47
2014-10-18T15:00:00Z 16 -44 74 -13 44
2014-10-18T16:00:00Z -1 -1 -1 -1 45
2014-10-18T17:00:00Z 69 103 46 -11 68
2014-10-18T18:00:00Z 138 106 44 9 53
2014-10-18T19:00:00Z 187 133 27 27 42
2014-10-18T20:00:00Z 100 187 42 41 74
2014-10-18T21:00:00Z 22 206 46 19 67
2014-10-18T22:00:00Z -8 244 20 43 47
2014-10-18T23:00:00Z -1 -1 -1 -1 -1
2014-10-19T00:00:00Z 1 226 51 36 14
2014-10-19T01:00:00Z 27 214 51 45 -1
2014-10-19T02:00:00Z 24 177 79 30 -14
2014-10-19T03:00:00Z 9 118 80 53 -23
2014-10-19T04:00:00Z -91 112 63 22 -16
2014-10-19T05:00:00Z -120 84 56 16 -17
2014-10-19T06:00:00Z -40 24 20 22 -54
2014-10-19T07:00:00Z 25 -29 26 31 -85
2014-10-19T08:00:00Z 50 -20 46 23 -78
2014-10-19T09:00:00Z 18 -45 43 11 -89
2014-10-19T10:00:00Z -21 -169 29 51 -112
2014-10-19T11:00:00Z -80 -203 23 18 -120
2014-10-19T12:00:00Z -119 -172 34 57 -105
2014-10-19T13:00:00Z -109 -146 63 48 -109
2014-10-23T13:00:00Z 10 -1 87 16 44
2014-10-23T14:00:00Z -1 -9 -1 -1 -1
2014-10-23T15:00:00Z 36 18 88 26 79
2014-10-23T16:00:00Z 53 35 106 20 68
2014-10-23T17:00:00Z 103 67 132 19 77
2014-10-24T02:00:00Z 120 130 55 13 24
2014-10-24T03:00:00Z 65 106 9 14 -5
2014-10-24T04:00:00Z 47 61 -36 9 35
2014-10-24T05:00:00Z 18 -27 -49 0 41
2014-10-24T06:00:00Z -28 -107 -72 15 26
2014-10-24T07:00:00Z -32 -115 -1 -19 -1
2014-10-24T08:00:00Z -55 -123 -93 5 24
2014-10-24T09:00:00Z -1 -1 -1 -1 -1
2014-10-24T10:00:00Z -65 -139 -13 11 16
2014-10-24T11:00:00Z -63 -120 31 26 -26
2014-10-24T12:00:00Z -40 -65 61 31 -21
2014-10-24T13:00:00Z -3 -20 133 18 -12
2014-10-24T14:00:00Z 13 8 154 14 -39
2014-10-24T15:00:00Z 23 47 168 12 -40
2014-10-24T16:00:00Z 42 103 157 20 -36
2014-10-24T17:00:00Z 49 129 -1 32 -1
2014-10-24T18:00:00Z 83 152 42 18 -49
2014-10-24T19:00:00Z 111 174 25 24 -28
2014-10-24T20:00:00Z 115 191 -36 53 -4
2014-10-24T21:00:00Z 102 196 -51 33 21
2014-10-24T22:00:00Z -1 -1 -43 -1 12
2014-10-24T23:00:00Z 25 108 -1 14 -1
2014-10-25T00:00:00Z 0 93 -114 20 28
2014-10-25T01:00:00Z -5 59 -128 21 36
2014-10-25T02:00:00Z -13 22 -107 -8 44
2014-10-25T03:00:00Z -26 -18 -89 -13 55
2014-10-25T04:00:00Z -44 -58 -37 -20 31
2014-10-25T05:00:00Z -56 -85 -73 -12 25
2014-10-25T06:00:00Z -65 -98 -80 -51 36
2014-10-25T07:00:00Z -82 -116 -99 -33 23
2014-10-25T08:00:00Z -1 -1 -119 -1 20
2014-10-25T09:00:00Z -73 -124 -1 0 -1
2014-10-25T10:00:00Z -34 -99 -45 -1 -18
2014-10-25T11:00:00Z 40 -34 -1 -5 -27
2014-10-25T12:00:00Z 93 -1 26 31 -38
2014-10-25T13:00:00Z -1 0 -1 -1 -1
2014-10-25T14:00:00Z 138 43 82 51 -28
2014-10-25T15:00:00Z -1 -1 -1 -1 -1
2014-10-25T16:00:00Z -1 -1 -1 -1 -1
2014-10-25T17:00:00Z 148 82 31 11 -22
2014-10-25T18:00:00Z 109 92 6 48 -13
2014-10-29T16:00:00Z -1 -1 -1 -1 -1
2014-10-29T17:00:00Z 18 -26 30 -8 -26
2014-10-29T18:00:00Z 13 -5 27 -13 -35
2014-10-29T19:00:00Z 21 17 28 5 -24
2014-10-29T20:00:00Z 28 54 19 19 -14
2014-10-29T21:00:00Z 11 72 25 35 40
2014-10-29T22:00:00Z -1 -1 -1 -1 -1
2014-10-29T23:00:00Z 59 104 22 34 81
2014-10-30T00:00:00Z -1 -1 -1 -1 -1
2014-10-30T01:00:00Z 76 52 14 29 54
2014-10-30T02:00:00Z 76 42 12 17 80
2014-10-30T03:00:00Z 69 50 9 24 107
2014-10-30T04:00:00Z 57 36 12 14 103
2014-10-30T05:00:00Z 37 28 3 2 97
2014-10-30T06:00:00Z 10 11 -7 -9 51
