2013-06-01T04:00:00Z 0.00000 0 1
2013-06-01T03:00:00Z 0.00000 0 0
2013-06-01T02:00:00Z 0.00000 0 0
2013-06-01T01:00:00Z 0.00000 0 0
2013-06-01T00:00:00Z 0.00000 0 0
2013-05-31T23:00:00Z 0.00000 0 0
2013-06-01T03:00:00Z 0.00000 0 0
2013-06-01T02:00:00Z 0.00000 0 0
2013-06-01T01:00:00Z 0.00000 0 0
2013-06-01T00:00:00Z 0.00000 0 0
2013-05-31T23:00:00Z 0.00000 0 0
2013-05-31T22:00:00Z 0.00000 0 0
2013-06-01T02:00:00Z 0.00000 0 0
2013-06-01T01:00:00Z 0.00000 0 0
2013-06-01T00:00:00Z 0.00000 0 0
2013-05-31T23:00:00Z 0.00000 0 0
2013-05-31T22:00:00Z 0.00000 0 0
2013-05-31T21:00:00Z 0.00000 0 0
2013-06-01T01:00:00Z 0.00000 0 0
2013-06-01T00:00:00Z 0.00000 0 0
2013-05-31T23:00:00Z 0.00000 0 0
2013-05-31T22:00:00Z 0.00000 0 0
2013-05-31T21:00:00Z 0.00000 0 0
2013-05-31T20:00:00Z 0.00000 0 0
2013-06-01T00:00:00Z 0.00000 0 0
2013-05-31T23:00:00Z 0.00000 0 0
2013-05-31T22:00:00Z 0.00000 0 0
2013-05-31T21:00:00Z 0.00000 0 0
2013-05-31T20:00:00Z 0.00000 0 0
2013-05-31T19:00:00Z 0.00000 0 0
2013-05-31T23:00:00Z 0.00000 0 0
2013-05-31T22:00:00Z 0.00000 0 0
2013-05-31T21:00:00Z 0.00000 0 0
2013-05-31T20:00:00Z 0.00000 0 0
2013-05-31T19:00:00Z 0.00000 0 0
2013-05-31T18:00:00Z 0.00000 0 0
2013-06-02T14:00:00Z 0.00000 0 1
2013-06-02T13:00:00Z 0.00000 0 1
2013-06-02T12:00:00Z 0.00000 0 1
2013-06-02T11:00:00Z 0.00000 0 0
2013-06-02T10:00:00Z 0.00000 0 0
2013-06-02T09:00:00Z 0.00000 0 0
2013-06-02T13:00:00Z 0.00000 0 1
2013-06-02T12:00:00Z 0.00000 0 1
2013-06-02T11:00:00Z 0.00000 0 0
2013-06-02T10:00:00Z 0.00000 0 0
2013-06-02T09:00:00Z 0.00000 0 0
2013-06-02T08:00:00Z 0.00000 0 0
2013-06-02T12:00:00Z 0.00000 0 1
2013-06-02T11:00:00Z 0.00000 0 0
2013-06-02T10:00:00Z 0.00000 0 0
2013-06-02T09:00:00Z 0.00000 0 0
2013-06-02T08:00:00Z 0.00000 0 0
2013-06-02T07:00:00Z 0.00000 0 0
2013-06-02T11:00:00Z 0.00000 0 0
2013-06-02T10:00:00Z 0.00000 0 0
2013-06-02T09:00:00Z 0.00000 0 0
2013-06-02T08:00:00Z 0.00000 0 0
2013-06-02T07:00:00Z 0.00000 0 0
2013-06-02T06:00:00Z 0.00000 0 1
2013-06-02T10:00:00Z 0.00000 0 0
2013-06-02T09:00:00Z 0.00000 0 0
2013-06-02T08:00:00Z 0.00000 0 0
2013-06-02T07:00:00Z 0.00000 0 0
2013-06-02T06:00:00Z 0.00000 0 1
2013-06-02T05:00:00Z 0.00000 0 1
2013-06-02T09:00:00Z 0.00000 0 0
2013-06-02T08:00:00Z 0.00000 0 0
2013-06-02T07:00:00Z 0.00000 0 0
2013-06-02T06:00:00Z 0.00000 0 1
2013-06-02T05:00:00Z 0.00000 0 1
2013-06-02T04:00:00Z 0.00000 0 1
2013-06-05T20:00:00Z 0.00000 0 0
2013-06-05T19:00:00Z 0.00000 0 0
2013-06-05T18:00:00Z 0.00000 0 0
2013-06-05T17:00:00Z 0.00000 0 0
2013-06-05T16:00:00Z 0.00000 0 0
2013-06-05T15:00:00Z 0.00000 0 0
2013-06-05T19:00:00Z 0.00000 0 0
2013-06-05T18:00:00Z 0.00000 0 0
2013-06-05T17:00:00Z 0.00000 0 0
2013-06-05T16:00:00Z 0.00000 0 0
2013-06-05T15:00:00Z 0.00000 0 0
2013-06-05T14:00:00Z 0.00000 0 0
2013-06-05T18:00:00Z 0.00000 0 0
2013-06-05T17:00:00Z 0.00000 0 0
2013-06-05T16:00:00Z 0.00000 0 0
2013-06-05T15:00:00Z 0.00000 0 0
2013-06-05T14:00:00Z 0.00000 0 0
2013-06-05T13:00:00Z 0.00000 0 1
2013-06-05T17:00:00Z 0.00000 0 0
2013-06-05T16:00:00Z 0.00000 0 0
2013-06-05T15:00:00Z 0.00000 0 0
2013-06-05T14:00:00Z 0.00000 0 0
2013-06-05T13:00:00Z 0.00000 0 1
2013-06-05T12:00:00Z 0.00000 0 1
2013-06-05T16:00:00Z 0.00000 0 0
2013-06-05T15:00:00Z 0.00000 0 0
2013-06-05T14:00:00Z 0.00000 0 0
2013-06-05T13:00:00Z 0.00000 0 1
2013-06-05T12:00:00Z 0.00000 0 1
2013-06-05T11:00:00Z 0.00000 0 1
2013-06-05T15:00:00Z 0.00000 0 0
2013-06-05T14:00:00Z 0.00000 0 0
2013-06-05T13:00:00Z 0.00000 0 1
2013-06-05T12:00:00Z 0.00000 0 1
2013-06-05T11:00:00Z 0.00000 0 1
2013-06-05T10:00:00Z 0.00000 0 1
2013-06-14T16:00:00Z 0.00000 0 2
2013-06-14T15:00:00Z 0.00000 0 2
2013-06-14T14:00:00Z 0.00000 0 1
2013-06-14T13:00:00Z 0.00000 0 0
2013-06-14T12:00:00Z 0.00000 0 0
2013-06-14T11:00:00Z 0.00000 0 1
2013-06-14T15:00:00Z 0.00000 0 2
2013-06-14T14:00:00Z 0.00000 0 1
2013-06-14T13:00:00Z 0.00000 0 0
2013-06-14T12:00:00Z 0.00000 0 0
2013-06-14T11:00:00Z 0.00000 0 1
2013-06-14T10:00:00Z 0.00000 0 1
2013-06-14T14:00:00Z 0.00000 0 1
2013-06-14T13:00:00Z 0.00000 0 0
2013-06-14T12:00:00Z 0.00000 0 0
2013-06-14T11:00:00Z 0.00000 0 1
2013-06-14T10:00:00Z 0.00000 0 1
2013-06-14T09:00:00Z 0.00000 0 1
2013-06-14T13:00:00Z 0.00000 0 0
2013-06-14T12:00:00Z 0.00000 0 0
2013-06-14T11:00:00Z 0.00000 0 1
2013-06-14T10:00:00Z 0.00000 0 1
2013-06-14T09:00:00Z 0.00000 0 1
2013-06-14T08:00:00Z 0.00000 0 1
2013-06-14T12:00:00Z 0.00000 0 0
2013-06-14T11:00:00Z 0.00000 0 1
2013-06-14T10:00:00Z 0.00000 0 1
2013-06-14T09:00:00Z 0.00000 0 1
2013-06-14T08:00:00Z 0.00000 0 1
2013-06-14T07:00:00Z 0.00000 0 1
2013-06-14T11:00:00Z 0.00000 0 1
2013-06-14T10:00:00Z 0.00000 0 1
2013-06-14T09:00:00Z 0.00000 0 1
2013-06-14T08:00:00Z 0.00000 0 1
2013-06-14T07:00:00Z 0.00000 0 1
2013-06-14T06:00:00Z 0.00000 0 1
2013-06-15T17:00:00Z 0.00000 0 1
2013-06-15T16:00:00Z 0.00000 0 1
2013-06-15T15:00:00Z 0.00000 0 1
2013-06-15T14:00:00Z 0.00000 0 1
2013-06-15T13:00:00Z 0.00000 0 1
2013-06-15T12:00:00Z 0.00000 0 2
2013-06-15T16:00:00Z 0.00000 0 1
2013-06-15T15:00:00Z 0.00000 0 1
2013-06-15T14:00:00Z 0.00000 0 1
2013-06-15T13:00:00Z 0.00000 0 1
2013-06-15T12:00:00Z 0.00000 0 2
2013-06-15T11:00:00Z 0.00000 0 1
2013-06-15T15:00:00Z 0.00000 0 1
2013-06-15T14:00:00Z 0.00000 0 1
2013-06-15T13:00:00Z 0.00000 0 1
2013-06-15T12:00:00Z 0.00000 0 2
2013-06-15T11:00:00Z 0.00000 0 1
2013-06-15T10:00:00Z 0.00000 0 1
2013-06-15T14:00:00Z 0.00000 0 1
2013-06-15T13:00:00Z 0.00000 0 1
2013-06-15T12:00:00Z 0.00000 0 2
2013-06-15T11:00:00Z 0.00000 0 1
2013-06-15T10:00:00Z 0.00000 0 1
2013-06-15T09:00:00Z 0.00000 0 1
2013-06-15T13:00:00Z 0.00000 0 1
2013-06-15T12:00:00Z 0.00000 0 2
2013-06-15T11:00:00Z 0.00000 0 1
2013-06-15T10:00:00Z 0.00000 0 1
2013-06-15T09:00:00Z 0.00000 0 1
2013-06-15T08:00:00Z 0.00000 0 1
2013-06-15T12:00:00Z 0.00000 0 2
2013-06-15T11:00:00Z 0.00000 0 1
2013-06-15T10:00:00Z 0.00000 0 1
2013-06-15T09:00:00Z 0.00000 0 1
2013-06-15T08:00:00Z 0.00000 0 1
2013-06-15T07:00:00Z 0.00000 0 2
2013-06-26T01:00:00Z 0.00000 0 3
2013-06-26T00:00:00Z 0.00000 0 3
2013-06-25T23:00:00Z 0.00000 0 3
2013-06-25T22:00:00Z 0.00000 0 2
2013-06-25T21:00:00Z 0.00000 0 2
2013-06-25T20:00:00Z 0.00000 0 2
2013-06-26T00:00:00Z 0.00000 0 3
2013-06-25T23:00:00Z 0.00000 0 3
2013-06-25T22:00:00Z 0.00000 0 2
2013-06-25T21:00:00Z 0.00000 0 2
2013-06-25T20:00:00Z 0.00000 0 2
2013-06-25T19:00:00Z 0.00000 0 2
2013-06-25T23:00:00Z 0.00000 0 3
2013-06-25T22:00:00Z 0.00000 0 2
2013-06-25T21:00:00Z 0.00000 0 2
2013-06-25T20:00:00Z 0.00000 0 2
2013-06-25T19:00:00Z 0.00000 0 2
2013-06-25T18:00:00Z 0.00000 0 0
2013-06-25T22:00:00Z 0.00000 0 2
2013-06-25T21:00:00Z 0.00000 0 2
2013-06-25T20:00:00Z 0.00000 0 2
2013-06-25T19:00:00Z 0.00000 0 2
2013-06-25T18:00:00Z 0.00000 0 0
2013-06-25T17:00:00Z 0.00000 0 0
2013-06-25T21:00:00Z 0.00000 0 2
2013-06-25T20:00:00Z 0.00000 0 2
2013-06-25T19:00:00Z 0.00000 0 2
2013-06-25T18:00:00Z 0.00000 0 0
2013-06-25T17:00:00Z 0.00000 0 0
2013-06-25T16:00:00Z 0.00000 0 0
2013-06-25T20:00:00Z 0.00000 0 2
2013-06-25T19:00:00Z 0.00000 0 2
2013-06-25T18:00:00Z 0.00000 0 0
2013-06-25T17:00:00Z 0.00000 0 0
2013-06-25T16:00:00Z 0.00000 0 0
2013-06-25T15:00:00Z 0.00000 0 0
2013-06-28T05:00:00Z 0.00000 0 1
2013-06-28T04:00:00Z 0.00000 0 1
2013-06-28T03:00:00Z 0.00000 0 1
2013-06-28T02:00:00Z 0.00000 0 1
2013-06-28T01:00:00Z 0.00000 0 1
2013-06-28T00:00:00Z 0.00000 0 1
2013-06-28T04:00:00Z 0.00000 0 1
2013-06-28T03:00:00Z 0.00000 0 1
2013-06-28T02:00:00Z 0.00000 0 1
2013-06-28T01:00:00Z 0.00000 0 1
2013-06-28T00:00:00Z 0.00000 0 1
2013-06-27T23:00:00Z 0.00000 0 1
2013-06-28T03:00:00Z 0.00000 0 1
2013-06-28T02:00:00Z 0.00000 0 1
2013-06-28T01:00:00Z 0.00000 0 1
2013-06-28T00:00:00Z 0.00000 0 1
2013-06-27T23:00:00Z 0.00000 0 1
2013-06-27T22:00:00Z 0.00000 0 0
2013-06-28T02:00:00Z 0.00000 0 1
2013-06-28T01:00:00Z 0.00000 0 1
2013-06-28T00:00:00Z 0.00000 0 1
2013-06-27T23:00:00Z 0.00000 0 1
2013-06-27T22:00:00Z 0.00000 0 0
2013-06-27T21:00:00Z 0.00000 0 0
2013-06-28T01:00:00Z 0.00000 0 1
2013-06-28T00:00:00Z 0.00000 0 1
2013-06-27T23:00:00Z 0.00000 0 1
2013-06-27T22:00:00Z 0.00000 0 0
2013-06-27T21:00:00Z 0.00000 0 0
2013-06-27T20:00:00Z 0.00000 0 0
2013-06-28T00:00:00Z 0.00000 0 1
2013-06-27T23:00:00Z 0.00000 0 1
2013-06-27T22:00:00Z 0.00000 0 0
2013-06-27T21:00:00Z 0.00000 0 0
2013-06-27T20:00:00Z 0.00000 0 0
2013-06-27T19:00:00Z 0.00000 0 0
2013-06-30T01:00:00Z 0.00000 0 1
2013-06-30T00:00:00Z 0.00000 0 1
2013-06-29T23:00:00Z 0.00000 0 2
2013-06-29T22:00:00Z 0.00000 0 2
2013-06-29T21:00:00Z 0.00000 0 3
2013-06-29T20:00:00Z 0.00000 0 5
2013-06-30T00:00:00Z 0.00000 0 1
2013-06-29T23:00:00Z 0.00000 0 2
2013-06-29T22:00:00Z 0.00000 0 2
2013-06-29T21:00:00Z 0.00000 0 3
2013-06-29T20:00:00Z 0.00000 0 5
2013-06-29T19:00:00Z 0.00000 0 5
2013-06-29T23:00:00Z 0.00000 0 2
2013-06-29T22:00:00Z 0.00000 0 2
2013-06-29T21:00:00Z 0.00000 0 3
2013-06-29T20:00:00Z 0.00000 0 5
2013-06-29T19:00:00Z 0.00000 0 5
2013-06-29T18:00:00Z 0.00000 0 5
2013-06-29T22:00:00Z 0.00000 0 2
2013-06-29T21:00:00Z 0.00000 0 3
2013-06-29T20:00:00Z 0.00000 0 5
2013-06-29T19:00:00Z 0.00000 0 5
2013-06-29T18:00:00Z 0.00000 0 5
2013-06-29T17:00:00Z 0.00000 0 5
2013-06-29T21:00:00Z 0.00000 0 3
2013-06-29T20:00:00Z 0.00000 0 5
2013-06-29T19:00:00Z 0.00000 0 5
2013-06-29T18:00:00Z 0.00000 0 5
2013-06-29T17:00:00Z 0.00000 0 5
2013-06-29T16:00:00Z 0.00000 0 5
2013-06-29T20:00:00Z 0.00000 0 5
2013-06-29T19:00:00Z 0.00000 0 5
2013-06-29T18:00:00Z 0.00000 0 5
2013-06-29T17:00:00Z 0.00000 0 5
2013-06-29T16:00:00Z 0.00000 0 5
2013-06-29T15:00:00Z 0.00000 0 5
2013-07-18T14:00:00Z 0.00000 0 631
2013-07-18T13:00:00Z 0.00000 0 561
2013-07-18T12:00:00Z 0.00000 0 513
2013-07-18T11:00:00Z 0.00000 0 495
2013-07-18T10:00:00Z 0.00000 0 551
2013-07-18T09:00:00Z 0.00000 0 566
2013-07-18T13:00:00Z 0.00000 0 561
2013-07-18T12:00:00Z 0.00000 0 513
2013-07-18T11:00:00Z 0.00000 0 495
2013-07-18T10:00:00Z 0.00000 0 551
2013-07-18T09:00:00Z 0.00000 0 566
2013-07-18T08:00:00Z 0.00000 0 573
2013-07-18T12:00:00Z 0.00000 0 513
2013-07-18T11:00:00Z 0.00000 0 495
2013-07-18T10:00:00Z 0.00000 0 551
2013-07-18T09:00:00Z 0.00000 0 566
2013-07-18T08:00:00Z 0.00000 0 573
2013-07-18T07:00:00Z 0.00000 0 586
2013-07-18T11:00:00Z 0.00000 0 495
2013-07-18T10:00:00Z 0.00000 0 551
2013-07-18T09:00:00Z 0.00000 0 566
2013-07-18T08:00:00Z 0.00000 0 573
2013-07-18T07:00:00Z 0.00000 0 586
2013-07-18T06:00:00Z 0.00000 0 651
2013-07-18T10:00:00Z 0.00000 0 551
2013-07-18T09:00:00Z 0.00000 0 566
2013-07-18T08:00:00Z 0.00000 0 573
2013-07-18T07:00:00Z 0.00000 0 586
2013-07-18T06:00:00Z 0.00000 0 651
2013-07-18T05:00:00Z 0.00000 0 727
2013-07-18T09:00:00Z 0.00000 0 566
2013-07-18T08:00:00Z 0.00000 0 573
2013-07-18T07:00:00Z 0.00000 0 586
2013-07-18T06:00:00Z 0.00000 0 651
2013-07-18T05:00:00Z 0.00000 0 727
2013-07-18T04:00:00Z 0.00000 0 800
2013-08-15T21:00:00Z 0.00247 2 811
2013-08-15T20:00:00Z 0.00246 2 812
2013-08-15T19:00:00Z 0.00247 2 810
2013-08-15T18:00:00Z 0.00126 1 792
2013-08-15T17:00:00Z 0.00000 0 728
2013-08-15T16:00:00Z 0.00000 0 671
2013-08-15T20:00:00Z 0.00246 2 812
2013-08-15T19:00:00Z 0.00247 2 810
2013-08-15T18:00:00Z 0.00126 1 792
2013-08-15T17:00:00Z 0.00000 0 728
2013-08-15T16:00:00Z 0.00000 0 671
2013-08-15T15:00:00Z 0.00000 0 619
2013-08-15T19:00:00Z 0.00247 2 810
2013-08-15T18:00:00Z 0.00126 1 792
2013-08-15T17:00:00Z 0.00000 0 728
2013-08-15T16:00:00Z 0.00000 0 671
2013-08-15T15:00:00Z 0.00000 0 619
2013-08-15T14:00:00Z 0.00000 0 569
2013-08-15T18:00:00Z 0.00126 1 792
2013-08-15T17:00:00Z 0.00000 0 728
2013-08-15T16:00:00Z 0.00000 0 671
2013-08-15T15:00:00Z 0.00000 0 619
2013-08-15T14:00:00Z 0.00000 0 569
2013-08-15T13:00:00Z 0.00000 0 512
2013-08-15T17:00:00Z 0.00000 0 728
2013-08-15T16:00:00Z 0.00000 0 671
2013-08-15T15:00:00Z 0.00000 0 619
2013-08-15T14:00:00Z 0.00000 0 569
2013-08-15T13:00:00Z 0.00000 0 512
2013-08-15T12:00:00Z 0.00000 0 489
2013-08-15T16:00:00Z 0.00000 0 671
2013-08-15T15:00:00Z 0.00000 0 619
2013-08-15T14:00:00Z 0.00000 0 569
2013-08-15T13:00:00Z 0.00000 0 512
2013-08-15T12:00:00Z 0.00000 0 489
2013-08-15T11:00:00Z 0.00000 0 466
2013-09-12T15:00:00Z 0.00624 3 481
2013-09-12T14:00:00Z 0.00473 2 423
2013-09-12T13:00:00Z 0.00278 1 360
2013-09-12T12:00:00Z 0.00304 1 329
2013-09-12T11:00:00Z 0.00000 0 313
2013-09-12T10:00:00Z 0.00290 1 345
2013-09-12T14:00:00Z 0.00473 2 423
2013-09-12T13:00:00Z 0.00278 1 360
2013-09-12T12:00:00Z 0.00304 1 329
2013-09-12T11:00:00Z 0.00000 0 313
2013-09-12T10:00:00Z 0.00290 1 345
2013-09-12T09:00:00Z 0.00292 1 343
2013-09-12T13:00:00Z 0.00278 1 360
2013-09-12T12:00:00Z 0.00304 1 329
2013-09-12T11:00:00Z 0.00000 0 313
2013-09-12T10:00:00Z 0.00290 1 345
2013-09-12T09:00:00Z 0.00292 1 343
2013-09-12T08:00:00Z 0.00272 1 368
2013-09-12T12:00:00Z 0.00304 1 329
2013-09-12T11:00:00Z 0.00000 0 313
2013-09-12T10:00:00Z 0.00290 1 345
2013-09-12T09:00:00Z 0.00292 1 343
2013-09-12T08:00:00Z 0.00272 1 368
2013-09-12T07:00:00Z 0.00260 1 384
2013-09-12T11:00:00Z 0.00000 0 313
2013-09-12T10:00:00Z 0.00290 1 345
2013-09-12T09:00:00Z 0.00292 1 343
2013-09-12T08:00:00Z 0.00272 1 368
2013-09-12T07:00:00Z 0.00260 1 384
2013-09-12T06:00:00Z 0.00498 2 402
2013-09-12T10:00:00Z 0.00290 1 345
2013-09-12T09:00:00Z 0.00292 1 343
2013-09-12T08:00:00Z 0.00272 1 368
2013-09-12T07:00:00Z 0.00260 1 384
2013-09-12T06:00:00Z 0.00498 2 402
2013-09-12T05:00:00Z 0.00677 3 443
2013-09-19T22:00:00Z 0.00285 6 2102
2013-09-19T21:00:00Z 0.00451 9 1995
2013-09-19T20:00:00Z 0.00482 9 1866
2013-09-19T19:00:00Z 0.00468 8 1711
2013-09-19T18:00:00Z 0.00510 8 1569
2013-09-19T17:00:00Z 0.00705 10 1418
2013-09-19T21:00:00Z 0.00451 9 1995
2013-09-19T20:00:00Z 0.00482 9 1866
2013-09-19T19:00:00Z 0.00468 8 1711
2013-09-19T18:00:00Z 0.00510 8 1569
2013-09-19T17:00:00Z 0.00705 10 1418
2013-09-19T16:00:00Z 0.00784 10 1276
2013-09-19T20:00:00Z 0.00482 9 1866
2013-09-19T19:00:00Z 0.00468 8 1711
2013-09-19T18:00:00Z 0.00510 8 1569
2013-09-19T17:00:00Z 0.00705 10 1418
2013-09-19T16:00:00Z 0.00784 10 1276
2013-09-19T15:00:00Z 0.00870 10 1149
2013-09-19T19:00:00Z 0.00468 8 1711
2013-09-19T18:00:00Z 0.00510 8 1569
2013-09-19T17:00:00Z 0.00705 10 1418
2013-09-19T16:00:00Z 0.00784 10 1276
2013-09-19T15:00:00Z 0.00870 10 1149
2013-09-19T14:00:00Z 0.00995 10 1005
2013-09-19T18:00:00Z 0.00510 8 1569
2013-09-19T17:00:00Z 0.00705 10 1418
2013-09-19T16:00:00Z 0.00784 10 1276
2013-09-19T15:00:00Z 0.00870 10 1149
2013-09-19T14:00:00Z 0.00995 10 1005
2013-09-19T13:00:00Z 0.01014 9 888
2013-09-19T17:00:00Z 0.00705 10 1418
2013-09-19T16:00:00Z 0.00784 10 1276
2013-09-19T15:00:00Z 0.00870 10 1149
2013-09-19T14:00:00Z 0.00995 10 1005
2013-09-19T13:00:00Z 0.01014 9 888
2013-09-19T12:00:00Z 0.01118 9 805
2013-09-27T17:00:00Z 0.00172 1 580
2013-09-27T16:00:00Z 0.00195 1 514
2013-09-27T15:00:00Z 0.00214 1 468
2013-09-27T14:00:00Z 0.00000 0 402
2013-09-27T13:00:00Z 0.00000 0 371
2013-09-27T12:00:00Z 0.00000 0 329
2013-09-27T16:00:00Z 0.00195 1 514
2013-09-27T15:00:00Z 0.00214 1 468
2013-09-27T14:00:00Z 0.00000 0 402
2013-09-27T13:00:00Z 0.00000 0 371
2013-09-27T12:00:00Z 0.00000 0 329
2013-09-27T11:00:00Z 0.00316 1 316
2013-09-27T15:00:00Z 0.00214 1 468
2013-09-27T14:00:00Z 0.00000 0 402
2013-09-27T13:00:00Z 0.00000 0 371
2013-09-27T12:00:00Z 0.00000 0 329
2013-09-27T11:00:00Z 0.00316 1 316
2013-09-27T10:00:00Z 0.00313 1 319
2013-09-27T14:00:00Z 0.00000 0 402
2013-09-27T13:00:00Z 0.00000 0 371
2013-09-27T12:00:00Z 0.00000 0 329
2013-09-27T11:00:00Z 0.00316 1 316
2013-09-27T10:00:00Z 0.00313 1 319
2013-09-27T09:00:00Z 0.00291 1 344
2013-09-27T13:00:00Z 0.00000 0 371
2013-09-27T12:00:00Z 0.00000 0 329
2013-09-27T11:00:00Z 0.00316 1 316
2013-09-27T10:00:00Z 0.00313 1 319
2013-09-27T09:00:00Z 0.00291 1 344
2013-09-27T08:00:00Z 0.00568 2 352
2013-09-27T12:00:00Z 0.00000 0 329
2013-09-27T11:00:00Z 0.00316 1 316
2013-09-27T10:00:00Z 0.00313 1 319
2013-09-27T09:00:00Z 0.00291 1 344
2013-09-27T08:00:00Z 0.00568 2 352
2013-09-27T07:00:00Z 0.00522 2 383
2013-10-04T21:00:00Z 0.00927 24 2588
2013-10-04T20:00:00Z 0.00937 24 2562
2013-10-04T19:00:00Z 0.00880 22 2501
2013-10-04T18:00:00Z 0.00876 21 2396
2013-10-04T17:00:00Z 0.00785 17 2165
2013-10-04T16:00:00Z 0.00608 12 1974
2013-10-04T20:00:00Z 0.00937 24 2562
2013-10-04T19:00:00Z 0.00880 22 2501
2013-10-04T18:00:00Z 0.00876 21 2396
2013-10-04T17:00:00Z 0.00785 17 2165
2013-10-04T16:00:00Z 0.00608 12 1974
2013-10-04T15:00:00Z 0.00618 11 1779
2013-10-04T19:00:00Z 0.00880 22 2501
2013-10-04T18:00:00Z 0.00876 21 2396
2013-10-04T17:00:00Z 0.00785 17 2165
2013-10-04T16:00:00Z 0.00608 12 1974
2013-10-04T15:00:00Z 0.00618 11 1779
2013-10-04T14:00:00Z 0.00574 9 1569
2013-10-04T18:00:00Z 0.00876 21 2396
2013-10-04T17:00:00Z 0.00785 17 2165
2013-10-04T16:00:00Z 0.00608 12 1974
2013-10-04T15:00:00Z 0.00618 11 1779
2013-10-04T14:00:00Z 0.00574 9 1569
2013-10-04T13:00:00Z 0.00736 10 1359
2013-10-04T17:00:00Z 0.00785 17 2165
2013-10-04T16:00:00Z 0.00608 12 1974
2013-10-04T15:00:00Z 0.00618 11 1779
2013-10-04T14:00:00Z 0.00574 9 1569
2013-10-04T13:00:00Z 0.00736 10 1359
2013-10-04T12:00:00Z 0.00759 9 1185
2013-10-04T16:00:00Z 0.00608 12 1974
2013-10-04T15:00:00Z 0.00618 11 1779
2013-10-04T14:00:00Z 0.00574 9 1569
2013-10-04T13:00:00Z 0.00736 10 1359
2013-10-04T12:00:00Z 0.00759 9 1185
2013-10-04T11:00:00Z 0.00654 7 1070
2013-10-09T19:00:00Z 0.00153 1 652
2013-10-09T18:00:00Z 0.00162 1 617
2013-10-09T17:00:00Z 0.00172 1 583
2013-10-09T16:00:00Z 0.00000 0 531
2013-10-09T15:00:00Z 0.00000 0 477
2013-10-09T14:00:00Z 0.00000 0 426
2013-10-09T18:00:00Z 0.00162 1 617
2013-10-09T17:00:00Z 0.00172 1 583
2013-10-09T16:00:00Z 0.00000 0 531
2013-10-09T15:00:00Z 0.00000 0 477
2013-10-09T14:00:00Z 0.00000 0 426
2013-10-09T13:00:00Z 0.00000 0 375
2013-10-09T17:00:00Z 0.00172 1 583
2013-10-09T16:00:00Z 0.00000 0 531
2013-10-09T15:00:00Z 0.00000 0 477
2013-10-09T14:00:00Z 0.00000 0 426
2013-10-09T13:00:00Z 0.00000 0 375
2013-10-09T12:00:00Z 0.00000 0 360
2013-10-09T16:00:00Z 0.00000 0 531
2013-10-09T15:00:00Z 0.00000 0 477
2013-10-09T14:00:00Z 0.00000 0 426
2013-10-09T13:00:00Z 0.00000 0 375
2013-10-09T12:00:00Z 0.00000 0 360
2013-10-09T11:00:00Z 0.00000 0 354
2013-10-09T15:00:00Z 0.00000 0 477
2013-10-09T14:00:00Z 0.00000 0 426
2013-10-09T13:00:00Z 0.00000 0 375
2013-10-09T12:00:00Z 0.00000 0 360
2013-10-09T11:00:00Z 0.00000 0 354
2013-10-09T10:00:00Z 0.00000 0 414
2013-10-09T14:00:00Z 0.00000 0 426
2013-10-09T13:00:00Z 0.00000 0 375
2013-10-09T12:00:00Z 0.00000 0 360
2013-10-09T11:00:00Z 0.00000 0 354
2013-10-09T10:00:00Z 0.00000 0 414
2013-10-09T09:00:00Z 0.00000 0 447
2013-10-27T14:00:00Z 0.00336 3 894
2013-10-27T13:00:00Z 0.00385 3 779
2013-10-27T12:00:00Z 0.00440 3 682
2013-10-27T11:00:00Z 0.00450 3 666
2013-10-27T10:00:00Z 0.00426 3 705
2013-10-27T09:00:00Z 0.00413 3 726
2013-10-27T13:00:00Z 0.00385 3 779
2013-10-27T12:00:00Z 0.00440 3 682
2013-10-27T11:00:00Z 0.00450 3 666
2013-10-27T10:00:00Z 0.00426 3 705
2013-10-27T09:00:00Z 0.00413 3 726
2013-10-27T08:00:00Z 0.00251 2 797
2013-10-27T12:00:00Z 0.00440 3 682
2013-10-27T11:00:00Z 0.00450 3 666
2013-10-27T10:00:00Z 0.00426 3 705
2013-10-27T09:00:00Z 0.00413 3 726
2013-10-27T08:00:00Z 0.00251 2 797
2013-10-27T07:00:00Z 0.00222 2 899
2013-10-27T11:00:00Z 0.00450 3 666
2013-10-27T10:00:00Z 0.00426 3 705
2013-10-27T09:00:00Z 0.00413 3 726
2013-10-27T08:00:00Z 0.00251 2 797
2013-10-27T07:00:00Z 0.00222 2 899
2013-10-27T06:00:00Z 0.00404 4 990
2013-10-27T10:00:00Z 0.00426 3 705
2013-10-27T09:00:00Z 0.00413 3 726
2013-10-27T08:00:00Z 0.00251 2 797
2013-10-27T07:00:00Z 0.00222 2 899
2013-10-27T06:00:00Z 0.00404 4 990
2013-10-27T05:00:00Z 0.00548 6 1095
2013-10-27T09:00:00Z 0.00413 3 726
2013-10-27T08:00:00Z 0.00251 2 797
2013-10-27T07:00:00Z 0.00222 2 899
2013-10-27T06:00:00Z 0.00404 4 990
2013-10-27T05:00:00Z 0.00548 6 1095
2013-10-27T04:00:00Z 0.00473 6 1268
2013-10-31T12:00:00Z 0.00000 0 453
2013-10-31T11:00:00Z 0.00000 0 492
2013-10-31T10:00:00Z 0.00000 0 551
2013-10-31T09:00:00Z 0.00000 0 607
2013-10-31T08:00:00Z 0.00000 0 646
2013-10-31T07:00:00Z 0.00000 0 697
2013-10-31T11:00:00Z 0.00000 0 492
2013-10-31T10:00:00Z 0.00000 0 551
2013-10-31T09:00:00Z 0.00000 0 607
2013-10-31T08:00:00Z 0.00000 0 646
2013-10-31T07:00:00Z 0.00000 0 697
2013-10-31T06:00:00Z 0.00000 0 771
2013-10-31T10:00:00Z 0.00000 0 551
2013-10-31T09:00:00Z 0.00000 0 607
2013-10-31T08:00:00Z 0.00000 0 646
2013-10-31T07:00:00Z 0.00000 0 697
2013-10-31T06:00:00Z 0.00000 0 771
2013-10-31T05:00:00Z 0.00121 1 826
2013-10-31T09:00:00Z 0.00000 0 607
2013-10-31T08:00:00Z 0.00000 0 646
2013-10-31T07:00:00Z 0.00000 0 697
2013-10-31T06:00:00Z 0.00000 0 771
2013-10-31T05:00:00Z 0.00121 1 826
2013-10-31T04:00:00Z 0.00113 1 885
2013-10-31T08:00:00Z 0.00000 0 646
2013-10-31T07:00:00Z 0.00000 0 697
2013-10-31T06:00:00Z 0.00000 0 771
2013-10-31T05:00:00Z 0.00121 1 826
2013-10-31T04:00:00Z 0.00113 1 885
2013-10-31T03:00:00Z 0.00107 1 935
2013-10-31T07:00:00Z 0.00000 0 697
2013-10-31T06:00:00Z 0.00000 0 771
2013-10-31T05:00:00Z 0.00121 1 826
2013-10-31T04:00:00Z 0.00113 1 885
2013-10-31T03:00:00Z 0.00107 1 935
2013-10-31T02:00:00Z 0.00101 1 990
2013-11-08T20:00:00Z 0.00393 8 2035
2013-11-08T19:00:00Z 0.00406 8 1972
2013-11-08T18:00:00Z 0.00381 7 1836
2013-11-08T17:00:00Z 0.00300 5 1664
2013-11-08T16:00:00Z 0.00326 5 1533
2013-11-08T15:00:00Z 0.00217 3 1380
2013-11-08T19:00:00Z 0.00406 8 1972
2013-11-08T18:00:00Z 0.00381 7 1836
2013-11-08T17:00:00Z 0.00300 5 1664
2013-11-08T16:00:00Z 0.00326 5 1533
2013-11-08T15:00:00Z 0.00217 3 1380
2013-11-08T14:00:00Z 0.00242 3 1242
2013-11-08T18:00:00Z 0.00381 7 1836
2013-11-08T17:00:00Z 0.00300 5 1664
2013-11-08T16:00:00Z 0.00326 5 1533
2013-11-08T15:00:00Z 0.00217 3 1380
2013-11-08T14:00:00Z 0.00242 3 1242
2013-11-08T13:00:00Z 0.00267 3 1125
2013-11-08T17:00:00Z 0.00300 5 1664
2013-11-08T16:00:00Z 0.00326 5 1533
2013-11-08T15:00:00Z 0.00217 3 1380
2013-11-08T14:00:00Z 0.00242 3 1242
2013-11-08T13:00:00Z 0.00267 3 1125
2013-11-08T12:00:00Z 0.00179 2 1120
2013-11-08T16:00:00Z 0.00326 5 1533
2013-11-08T15:00:00Z 0.00217 3 1380
2013-11-08T14:00:00Z 0.00242 3 1242
2013-11-08T13:00:00Z 0.00267 3 1125
2013-11-08T12:00:00Z 0.00179 2 1120
2013-11-08T11:00:00Z 0.00267 3 1122
2013-11-08T15:00:00Z 0.00217 3 1380
2013-11-08T14:00:00Z 0.00242 3 1242
2013-11-08T13:00:00Z 0.00267 3 1125
2013-11-08T12:00:00Z 0.00179 2 1120
2013-11-08T11:00:00Z 0.00267 3 1122
2013-11-08T10:00:00Z 0.00081 1 1230
2013-11-13T17:00:00Z 0.00132 6 4529
2013-11-13T16:00:00Z 0.00119 5 4185
2013-11-13T15:00:00Z 0.00131 5 3816
2013-11-13T14:00:00Z 0.00146 5 3417
2013-11-13T13:00:00Z 0.00159 5 3136
2013-11-13T12:00:00Z 0.00164 5 3041
2013-11-13T16:00:00Z 0.00119 5 4185
2013-11-13T15:00:00Z 0.00131 5 3816
2013-11-13T14:00:00Z 0.00146 5 3417
2013-11-13T13:00:00Z 0.00159 5 3136
2013-11-13T12:00:00Z 0.00164 5 3041
2013-11-13T11:00:00Z 0.00212 7 3306
2013-11-13T15:00:00Z 0.00131 5 3816
2013-11-13T14:00:00Z 0.00146 5 3417
2013-11-13T13:00:00Z 0.00159 5 3136
2013-11-13T12:00:00Z 0.00164 5 3041
2013-11-13T11:00:00Z 0.00212 7 3306
2013-11-13T10:00:00Z 0.00197 7 3553
2013-11-13T14:00:00Z 0.00146 5 3417
2013-11-13T13:00:00Z 0.00159 5 3136
2013-11-13T12:00:00Z 0.00164 5 3041
2013-11-13T11:00:00Z 0.00212 7 3306
2013-11-13T10:00:00Z 0.00197 7 3553
2013-11-13T09:00:00Z 0.00187 7 3744
2013-11-13T13:00:00Z 0.00159 5 3136
2013-11-13T12:00:00Z 0.00164 5 3041
2013-11-13T11:00:00Z 0.00212 7 3306
2013-11-13T10:00:00Z 0.00197 7 3553
2013-11-13T09:00:00Z 0.00187 7 3744
2013-11-13T08:00:00Z 0.00106 4 3791
2013-11-13T12:00:00Z 0.00164 5 3041
2013-11-13T11:00:00Z 0.00212 7 3306
2013-11-13T10:00:00Z 0.00197 7 3553
2013-11-13T09:00:00Z 0.00187 7 3744
2013-11-13T08:00:00Z 0.00106 4 3791
2013-11-13T07:00:00Z 0.00101 4 3942
2013-11-22T18:00:00Z 0.00221 25 11325
2013-11-22T17:00:00Z 0.00183 19 10369
2013-11-22T16:00:00Z 0.00141 13 9217
2013-11-22T15:00:00Z 0.00144 12 8311
2013-11-22T14:00:00Z 0.00135 10 7397
2013-11-22T13:00:00Z 0.00139 9 6497
2013-11-22T17:00:00Z 0.00183 19 10369
2013-11-22T16:00:00Z 0.00141 13 9217
2013-11-22T15:00:00Z 0.00144 12 8311
2013-11-22T14:00:00Z 0.00135 10 7397
2013-11-22T13:00:00Z 0.00139 9 6497
2013-11-22T12:00:00Z 0.00166 10 6025
2013-11-22T16:00:00Z 0.00141 13 9217
2013-11-22T15:00:00Z 0.00144 12 8311
2013-11-22T14:00:00Z 0.00135 10 7397
2013-11-22T13:00:00Z 0.00139 9 6497
2013-11-22T12:00:00Z 0.00166 10 6025
2013-11-22T11:00:00Z 0.00145 9 6197
2013-11-22T15:00:00Z 0.00144 12 8311
2013-11-22T14:00:00Z 0.00135 10 7397
2013-11-22T13:00:00Z 0.00139 9 6497
2013-11-22T12:00:00Z 0.00166 10 6025
2013-11-22T11:00:00Z 0.00145 9 6197
2013-11-22T10:00:00Z 0.00125 8 6413
2013-11-22T14:00:00Z 0.00135 10 7397
2013-11-22T13:00:00Z 0.00139 9 6497
2013-11-22T12:00:00Z 0.00166 10 6025
2013-11-22T11:00:00Z 0.00145 9 6197
2013-11-22T10:00:00Z 0.00125 8 6413
2013-11-22T09:00:00Z 0.00075 5 6681
2013-11-22T13:00:00Z 0.00139 9 6497
2013-11-22T12:00:00Z 0.00166 10 6025
2013-11-22T11:00:00Z 0.00145 9 6197
2013-11-22T10:00:00Z 0.00125 8 6413
2013-11-22T09:00:00Z 0.00075 5 6681
2013-11-22T08:00:00Z 0.00073 5 6893
2013-12-06T21:00:00Z 0.00275 24 8742
2013-12-06T20:00:00Z 0.00311 25 8042
2013-12-06T19:00:00Z 0.00347 26 7493
2013-12-06T18:00:00Z 0.00273 19 6958
2013-12-06T17:00:00Z 0.00204 13 6358
2013-12-06T16:00:00Z 0.00158 9 5681
2013-12-06T20:00:00Z 0.00311 25 8042
2013-12-06T19:00:00Z 0.00347 26 7493
2013-12-06T18:00:00Z 0.00273 19 6958
2013-12-06T17:00:00Z 0.00204 13 6358
2013-12-06T16:00:00Z 0.00158 9 5681
2013-12-06T15:00:00Z 0.00171 9 5251
2013-12-06T19:00:00Z 0.00347 26 7493
2013-12-06T18:00:00Z 0.00273 19 6958
2013-12-06T17:00:00Z 0.00204 13 6358
2013-12-06T16:00:00Z 0.00158 9 5681
2013-12-06T15:00:00Z 0.00171 9 5251
2013-12-06T14:00:00Z 0.00101 5 4932
2013-12-06T18:00:00Z 0.00273 19 6958
2013-12-06T17:00:00Z 0.00204 13 6358
2013-12-06T16:00:00Z 0.00158 9 5681
2013-12-06T15:00:00Z 0.00171 9 5251
2013-12-06T14:00:00Z 0.00101 5 4932
2013-12-06T13:00:00Z 0.00075 4 5349
2013-12-06T17:00:00Z 0.00204 13 6358
2013-12-06T16:00:00Z 0.00158 9 5681
2013-12-06T15:00:00Z 0.00171 9 5251
2013-12-06T14:00:00Z 0.00101 5 4932
2013-12-06T13:00:00Z 0.00075 4 5349
2013-12-06T12:00:00Z 0.00058 4 6906
2013-12-06T16:00:00Z 0.00158 9 5681
2013-12-06T15:00:00Z 0.00171 9 5251
2013-12-06T14:00:00Z 0.00101 5 4932
2013-12-06T13:00:00Z 0.00075 4 5349
2013-12-06T12:00:00Z 0.00058 4 6906
2013-12-06T11:00:00Z 0.00059 5 8408
2013-12-22T18:00:00Z 0.00135 9 6659
2013-12-22T17:00:00Z 0.00118 7 5913
2013-12-22T16:00:00Z 0.00096 5 5224
2013-12-22T15:00:00Z 0.00110 5 4544
2013-12-22T14:00:00Z 0.00092 4 4369
2013-12-22T13:00:00Z 0.00087 4 4580
2013-12-22T17:00:00Z 0.00118 7 5913
2013-12-22T16:00:00Z 0.00096 5 5224
2013-12-22T15:00:00Z 0.00110 5 4544
2013-12-22T14:00:00Z 0.00092 4 4369
2013-12-22T13:00:00Z 0.00087 4 4580
2013-12-22T12:00:00Z 0.00057 3 5272
2013-12-22T16:00:00Z 0.00096 5 5224
2013-12-22T15:00:00Z 0.00110 5 4544
2013-12-22T14:00:00Z 0.00092 4 4369
2013-12-22T13:00:00Z 0.00087 4 4580
2013-12-22T12:00:00Z 0.00057 3 5272
2013-12-22T11:00:00Z 0.00066 4 6103
2013-12-22T15:00:00Z 0.00110 5 4544
2013-12-22T14:00:00Z 0.00092 4 4369
2013-12-22T13:00:00Z 0.00087 4 4580
2013-12-22T12:00:00Z 0.00057 3 5272
2013-12-22T11:00:00Z 0.00066 4 6103
2013-12-22T10:00:00Z 0.00053 4 7608
2013-12-22T14:00:00Z 0.00092 4 4369
2013-12-22T13:00:00Z 0.00087 4 4580
2013-12-22T12:00:00Z 0.00057 3 5272
2013-12-22T11:00:00Z 0.00066 4 6103
2013-12-22T10:00:00Z 0.00053 4 7608
2013-12-22T09:00:00Z 0.00046 4 8758
2013-12-22T13:00:00Z 0.00087 4 4580
2013-12-22T12:00:00Z 0.00057 3 5272
2013-12-22T11:00:00Z 0.00066 4 6103
2013-12-22T10:00:00Z 0.00053 4 7608
2013-12-22T09:00:00Z 0.00046 4 8758
2013-12-22T08:00:00Z 0.00041 4 9842
2014-01-04T11:00:00Z 0.00051 2 3908
2014-01-04T10:00:00Z 0.00026 1 3781
2014-01-04T09:00:00Z 0.00026 1 3781
2014-01-04T08:00:00Z 0.00049 2 4078
2014-01-04T07:00:00Z 0.00066 3 4548
2014-01-04T06:00:00Z 0.00059 3 5096
2014-01-04T10:00:00Z 0.00026 1 3781
2014-01-04T09:00:00Z 0.00026 1 3781
2014-01-04T08:00:00Z 0.00049 2 4078
2014-01-04T07:00:00Z 0.00066 3 4548
2014-01-04T06:00:00Z 0.00059 3 5096
2014-01-04T05:00:00Z 0.00054 3 5601
2014-01-04T09:00:00Z 0.00026 1 3781
2014-01-04T08:00:00Z 0.00049 2 4078
2014-01-04T07:00:00Z 0.00066 3 4548
2014-01-04T06:00:00Z 0.00059 3 5096
2014-01-04T05:00:00Z 0.00054 3 5601
2014-01-04T04:00:00Z 0.00065 4 6193
2014-01-04T08:00:00Z 0.00049 2 4078
2014-01-04T07:00:00Z 0.00066 3 4548
2014-01-04T06:00:00Z 0.00059 3 5096
2014-01-04T05:00:00Z 0.00054 3 5601
2014-01-04T04:00:00Z 0.00065 4 6193
2014-01-04T03:00:00Z 0.00058 4 6893
2014-01-04T07:00:00Z 0.00066 3 4548
2014-01-04T06:00:00Z 0.00059 3 5096
2014-01-04T05:00:00Z 0.00054 3 5601
2014-01-04T04:00:00Z 0.00065 4 6193
2014-01-04T03:00:00Z 0.00058 4 6893
2014-01-04T02:00:00Z 0.00067 5 7503
2014-01-04T06:00:00Z 0.00059 3 5096
2014-01-04T05:00:00Z 0.00054 3 5601
2014-01-04T04:00:00Z 0.00065 4 6193
2014-01-04T03:00:00Z 0.00058 4 6893
2014-01-04T02:00:00Z 0.00067 5 7503
2014-01-04T01:00:00Z 0.00062 5 8065
2014-01-05T22:00:00Z 0.00138 13 9442
2014-01-05T21:00:00Z 0.00177 14 7901
2014-01-05T20:00:00Z 0.00207 15 7248
2014-01-05T19:00:00Z 0.00210 15 7159
2014-01-05T18:00:00Z 0.00218 15 6892
2014-01-05T17:00:00Z 0.00200 13 6516
2014-01-05T21:00:00Z 0.00177 14 7901
2014-01-05T20:00:00Z 0.00207 15 7248
2014-01-05T19:00:00Z 0.00210 15 7159
2014-01-05T18:00:00Z 0.00218 15 6892
2014-01-05T17:00:00Z 0.00200 13 6516
2014-01-05T16:00:00Z 0.00178 11 6183
2014-01-05T20:00:00Z 0.00207 15 7248
2014-01-05T19:00:00Z 0.00210 15 7159
2014-01-05T18:00:00Z 0.00218 15 6892
2014-01-05T17:00:00Z 0.00200 13 6516
2014-01-05T16:00:00Z 0.00178 11 6183
2014-01-05T15:00:00Z 0.00154 9 5844
2014-01-05T19:00:00Z 0.00210 15 7159
2014-01-05T18:00:00Z 0.00218 15 6892
2014-01-05T17:00:00Z 0.00200 13 6516
2014-01-05T16:00:00Z 0.00178 11 6183
2014-01-05T15:00:00Z 0.00154 9 5844
2014-01-05T14:00:00Z 0.00142 8 5617
2014-01-05T18:00:00Z 0.00218 15 6892
2014-01-05T17:00:00Z 0.00200 13 6516
2014-01-05T16:00:00Z 0.00178 11 6183
2014-01-05T15:00:00Z 0.00154 9 5844
2014-01-05T14:00:00Z 0.00142 8 5617
2014-01-05T13:00:00Z 0.00142 8 5647
2014-01-05T17:00:00Z 0.00200 13 6516
2014-01-05T16:00:00Z 0.00178 11 6183
2014-01-05T15:00:00Z 0.00154 9 5844
2014-01-05T14:00:00Z 0.00142 8 5617
2014-01-05T13:00:00Z 0.00142 8 5647
2014-01-05T12:00:00Z 0.00101 6 5915
2014-01-11T15:00:00Z 0.00058 4 6839
2014-01-11T14:00:00Z 0.00061 4 6521
2014-01-11T13:00:00Z 0.00096 6 6275
2014-01-11T12:00:00Z 0.00090 6 6690
2014-01-11T11:00:00Z 0.00106 8 7536
2014-01-11T10:00:00Z 0.00117 10 8569
2014-01-11T14:00:00Z 0.00061 4 6521
2014-01-11T13:00:00Z 0.00096 6 6275
2014-01-11T12:00:00Z 0.00090 6 6690
2014-01-11T11:00:00Z 0.00106 8 7536
2014-01-11T10:00:00Z 0.00117 10 8569
2014-01-11T09:00:00Z 0.00095 9 9499
2014-01-11T13:00:00Z 0.00096 6 6275
2014-01-11T12:00:00Z 0.00090 6 6690
2014-01-11T11:00:00Z 0.00106 8 7536
2014-01-11T10:00:00Z 0.00117 10 8569
2014-01-11T09:00:00Z 0.00095 9 9499
2014-01-11T08:00:00Z 0.00088 9 10219
2014-01-11T12:00:00Z 0.00090 6 6690
2014-01-11T11:00:00Z 0.00106 8 7536
2014-01-11T10:00:00Z 0.00117 10 8569
2014-01-11T09:00:00Z 0.00095 9 9499
2014-01-11T08:00:00Z 0.00088 9 10219
2014-01-11T07:00:00Z 0.00102 11 10767
2014-01-11T11:00:00Z 0.00106 8 7536
2014-01-11T10:00:00Z 0.00117 10 8569
2014-01-11T09:00:00Z 0.00095 9 9499
2014-01-11T08:00:00Z 0.00088 9 10219
2014-01-11T07:00:00Z 0.00102 11 10767
2014-01-11T06:00:00Z 0.00104 12 11576
2014-01-11T10:00:00Z 0.00117 10 8569
2014-01-11T09:00:00Z 0.00095 9 9499
2014-01-11T08:00:00Z 0.00088 9 10219
2014-01-11T07:00:00Z 0.00102 11 10767
2014-01-11T06:00:00Z 0.00104 12 11576
2014-01-11T05:00:00Z 0.00104 13 12450
2014-01-17T17:00:00Z 0.00142 9 6329
2014-01-17T16:00:00Z 0.00142 8 5637
2014-01-17T15:00:00Z 0.00120 6 5003
2014-01-17T14:00:00Z 0.00114 5 4390
2014-01-17T13:00:00Z 0.00127 5 3932
2014-01-17T12:00:00Z 0.00163 6 3680
2014-01-17T16:00:00Z 0.00142 8 5637
2014-01-17T15:00:00Z 0.00120 6 5003
2014-01-17T14:00:00Z 0.00114 5 4390
2014-01-17T13:00:00Z 0.00127 5 3932
2014-01-17T12:00:00Z 0.00163 6 3680
2014-01-17T11:00:00Z 0.00133 5 3772
2014-01-17T15:00:00Z 0.00120 6 5003
2014-01-17T14:00:00Z 0.00114 5 4390
2014-01-17T13:00:00Z 0.00127 5 3932
2014-01-17T12:00:00Z 0.00163 6 3680
2014-01-17T11:00:00Z 0.00133 5 3772
2014-01-17T10:00:00Z 0.00101 4 3949
2014-01-17T14:00:00Z 0.00114 5 4390
2014-01-17T13:00:00Z 0.00127 5 3932
2014-01-17T12:00:00Z 0.00163 6 3680
2014-01-17T11:00:00Z 0.00133 5 3772
2014-01-17T10:00:00Z 0.00101 4 3949
2014-01-17T09:00:00Z 0.00125 5 4013
2014-01-17T13:00:00Z 0.00127 5 3932
2014-01-17T12:00:00Z 0.00163 6 3680
2014-01-17T11:00:00Z 0.00133 5 3772
2014-01-17T10:00:00Z 0.00101 4 3949
2014-01-17T09:00:00Z 0.00125 5 4013
2014-01-17T08:00:00Z 0.00121 5 4134
2014-01-18T20:00:00Z 0.00672 55 8185
2014-01-18T19:00:00Z 0.00741 60 8097
2014-01-18T18:00:00Z 0.00739 57 7715
2014-01-18T17:00:00Z 0.00774 56 7239
2014-01-18T16:00:00Z 0.00821 55 6697
2014-01-18T15:00:00Z 0.00826 51 6178
2014-01-18T19:00:00Z 0.00741 60 8097
2014-01-18T18:00:00Z 0.00739 57 7715
2014-01-18T17:00:00Z 0.00774 56 7239
2014-01-18T16:00:00Z 0.00821 55 6697
2014-01-18T15:00:00Z 0.00826 51 6178
2014-01-18T14:00:00Z 0.00844 50 5924
2014-01-18T18:00:00Z 0.00739 57 7715
2014-01-18T17:00:00Z 0.00774 56 7239
2014-01-18T16:00:00Z 0.00821 55 6697
2014-01-18T15:00:00Z 0.00826 51 6178
2014-01-18T14:00:00Z 0.00844 50 5924
2014-01-18T13:00:00Z 0.00755 44 5830
2014-01-18T17:00:00Z 0.00774 56 7239
2014-01-18T16:00:00Z 0.00821 55 6697
2014-01-18T15:00:00Z 0.00826 51 6178
2014-01-18T14:00:00Z 0.00844 50 5924
2014-01-18T13:00:00Z 0.00755 44 5830
2014-01-18T12:00:00Z 0.00622 38 6106
2014-01-18T16:00:00Z 0.00821 55 6697
2014-01-18T15:00:00Z 0.00826 51 6178
2014-01-18T14:00:00Z 0.00844 50 5924
2014-01-18T13:00:00Z 0.00755 44 5830
2014-01-18T12:00:00Z 0.00622 38 6106
2014-01-18T11:00:00Z 0.00519 35 6740
2014-01-18T15:00:00Z 0.00826 51 6178
2014-01-18T14:00:00Z 0.00844 50 5924
2014-01-18T13:00:00Z 0.00755 44 5830
2014-01-18T12:00:00Z 0.00622 38 6106
2014-01-18T11:00:00Z 0.00519 35 6740
2014-01-18T10:00:00Z 0.00362 26 7178
2014-01-19T07:00:00Z 0.00154 11 7147
2014-01-19T06:00:00Z 0.00186 14 7537
2014-01-19T05:00:00Z 0.00198 16 8062
2014-01-19T04:00:00Z 0.00197 17 8626
2014-01-19T03:00:00Z 0.00229 21 9174
2014-01-19T02:00:00Z 0.00234 22 9400
2014-01-19T06:00:00Z 0.00186 14 7537
2014-01-19T05:00:00Z 0.00198 16 8062
2014-01-19T04:00:00Z 0.00197 17 8626
2014-01-19T03:00:00Z 0.00229 21 9174
2014-01-19T02:00:00Z 0.00234 22 9400
2014-01-19T01:00:00Z 0.00285 27 9465
2014-01-19T05:00:00Z 0.00198 16 8062
2014-01-19T04:00:00Z 0.00197 17 8626
2014-01-19T03:00:00Z 0.00229 21 9174
2014-01-19T02:00:00Z 0.00234 22 9400
2014-01-19T01:00:00Z 0.00285 27 9465
2014-01-19T00:00:00Z 0.00364 33 9078
2014-01-19T04:00:00Z 0.00197 17 8626
2014-01-19T03:00:00Z 0.00229 21 9174
2014-01-19T02:00:00Z 0.00234 22 9400
2014-01-19T01:00:00Z 0.00285 27 9465
2014-01-19T00:00:00Z 0.00364 33 9078
2014-01-18T23:00:00Z 0.00432 37 8559
2014-01-19T03:00:00Z 0.00229 21 9174
2014-01-19T02:00:00Z 0.00234 22 9400
2014-01-19T01:00:00Z 0.00285 27 9465
2014-01-19T00:00:00Z 0.00364 33 9078
2014-01-18T23:00:00Z 0.00432 37 8559
2014-01-18T22:00:00Z 0.00531 44 8290
2014-01-22T16:00:00Z 0.00123 7 5691
2014-01-22T15:00:00Z 0.00129 7 5424
2014-01-22T14:00:00Z 0.00135 7 5197
2014-01-22T13:00:00Z 0.00126 6 4780
2014-01-22T12:00:00Z 0.00102 5 4917
2014-01-22T11:00:00Z 0.00074 4 5425
2014-01-22T15:00:00Z 0.00129 7 5424
2014-01-22T14:00:00Z 0.00135 7 5197
2014-01-22T13:00:00Z 0.00126 6 4780
2014-01-22T12:00:00Z 0.00102 5 4917
2014-01-22T11:00:00Z 0.00074 4 5425
2014-01-22T10:00:00Z 0.00068 4 5898
2014-01-22T14:00:00Z 0.00135 7 5197
2014-01-22T13:00:00Z 0.00126 6 4780
2014-01-22T12:00:00Z 0.00102 5 4917
2014-01-22T11:00:00Z 0.00074 4 5425
2014-01-22T10:00:00Z 0.00068 4 5898
2014-01-22T09:00:00Z 0.00065 4 6121
2014-01-22T13:00:00Z 0.00126 6 4780
2014-01-22T12:00:00Z 0.00102 5 4917
2014-01-22T11:00:00Z 0.00074 4 5425
2014-01-22T10:00:00Z 0.00068 4 5898
2014-01-22T09:00:00Z 0.00065 4 6121
2014-01-22T08:00:00Z 0.00064 4 6273
2014-01-22T12:00:00Z 0.00102 5 4917
2014-01-22T11:00:00Z 0.00074 4 5425
2014-01-22T10:00:00Z 0.00068 4 5898
2014-01-22T09:00:00Z 0.00065 4 6121
2014-01-22T08:00:00Z 0.00064 4 6273
2014-01-22T07:00:00Z 0.00061 4 6549
2014-01-22T11:00:00Z 0.00074 4 5425
2014-01-22T10:00:00Z 0.00068 4 5898
2014-01-22T09:00:00Z 0.00065 4 6121
2014-01-22T08:00:00Z 0.00064 4 6273
2014-01-22T07:00:00Z 0.00061 4 6549
2014-01-22T06:00:00Z 0.00043 3 6969
2014-01-27T08:00:00Z 0.00049 2 4099
2014-01-27T07:00:00Z 0.00045 2 4408
2014-01-27T06:00:00Z 0.00042 2 4761
2014-01-27T05:00:00Z 0.00039 2 5065
2014-01-27T04:00:00Z 0.00037 2 5365
2014-01-27T03:00:00Z 0.00054 3 5585
2014-01-27T07:00:00Z 0.00045 2 4408
2014-01-27T06:00:00Z 0.00042 2 4761
2014-01-27T05:00:00Z 0.00039 2 5065
2014-01-27T04:00:00Z 0.00037 2 5365
2014-01-27T03:00:00Z 0.00054 3 5585
2014-01-27T02:00:00Z 0.00138 8 5817
2014-01-27T06:00:00Z 0.00042 2 4761
2014-01-27T05:00:00Z 0.00039 2 5065
2014-01-27T04:00:00Z 0.00037 2 5365
2014-01-27T03:00:00Z 0.00054 3 5585
2014-01-27T02:00:00Z 0.00138 8 5817
2014-01-27T01:00:00Z 0.00151 9 5973
2014-01-27T05:00:00Z 0.00039 2 5065
2014-01-27T04:00:00Z 0.00037 2 5365
2014-01-27T03:00:00Z 0.00054 3 5585
2014-01-27T02:00:00Z 0.00138 8 5817
2014-01-27T01:00:00Z 0.00151 9 5973
2014-01-27T00:00:00Z 0.00169 10 5911
2014-01-27T04:00:00Z 0.00037 2 5365
2014-01-27T03:00:00Z 0.00054 3 5585
2014-01-27T02:00:00Z 0.00138 8 5817
2014-01-27T01:00:00Z 0.00151 9 5973
2014-01-27T00:00:00Z 0.00169 10 5911
2014-01-26T23:00:00Z 0.00180 10 5556
2014-01-27T03:00:00Z 0.00054 3 5585
2014-01-27T02:00:00Z 0.00138 8 5817
2014-01-27T01:00:00Z 0.00151 9 5973
2014-01-27T00:00:00Z 0.00169 10 5911
2014-01-26T23:00:00Z 0.00180 10 5556
2014-01-26T22:00:00Z 0.00271 14 5171
2014-01-29T12:00:00Z 0.00341 12 3524
2014-01-29T11:00:00Z 0.00291 11 3783
2014-01-29T10:00:00Z 0.00217 9 4156
2014-01-29T09:00:00Z 0.00172 8 4645
2014-01-29T08:00:00Z 0.00140 7 5012
2014-01-29T07:00:00Z 0.00114 6 5248
2014-01-29T11:00:00Z 0.00291 11 3783
2014-01-29T10:00:00Z 0.00217 9 4156
2014-01-29T09:00:00Z 0.00172 8 4645
2014-01-29T08:00:00Z 0.00140 7 5012
2014-01-29T07:00:00Z 0.00114 6 5248
2014-01-29T06:00:00Z 0.00109 6 5508
2014-01-29T10:00:00Z 0.00217 9 4156
2014-01-29T09:00:00Z 0.00172 8 4645
2014-01-29T08:00:00Z 0.00140 7 5012
2014-01-29T07:00:00Z 0.00114 6 5248
2014-01-29T06:00:00Z 0.00109 6 5508
2014-01-29T05:00:00Z 0.00087 5 5776
2014-01-29T09:00:00Z 0.00172 8 4645
2014-01-29T08:00:00Z 0.00140 7 5012
2014-01-29T07:00:00Z 0.00114 6 5248
2014-01-29T06:00:00Z 0.00109 6 5508
2014-01-29T05:00:00Z 0.00087 5 5776
2014-01-29T04:00:00Z 0.00083 5 6022
2014-01-29T08:00:00Z 0.00140 7 5012
2014-01-29T07:00:00Z 0.00114 6 5248
2014-01-29T06:00:00Z 0.00109 6 5508
2014-01-29T05:00:00Z 0.00087 5 5776
2014-01-29T04:00:00Z 0.00083 5 6022
2014-01-29T03:00:00Z 0.00064 4 6295
2014-01-29T07:00:00Z 0.00114 6 5248
2014-01-29T06:00:00Z 0.00109 6 5508
2014-01-29T05:00:00Z 0.00087 5 5776
2014-01-29T04:00:00Z 0.00083 5 6022
2014-01-29T03:00:00Z 0.00064 4 6295
2014-01-29T02:00:00Z 0.00062 4 6444
2014-01-30T19:00:00Z 0.00041 3 7345
2014-01-30T18:00:00Z 0.00029 2 6797
2014-01-30T17:00:00Z 0.00033 2 6104
2014-01-30T16:00:00Z 0.00036 2 5564
2014-01-30T15:00:00Z 0.00020 1 5031
2014-01-30T14:00:00Z 0.00021 1 4714
2014-01-30T18:00:00Z 0.00029 2 6797
2014-01-30T17:00:00Z 0.00033 2 6104
2014-01-30T16:00:00Z 0.00036 2 5564
2014-01-30T15:00:00Z 0.00020 1 5031
2014-01-30T14:00:00Z 0.00021 1 4714
2014-01-30T13:00:00Z 0.00022 1 4577
2014-01-30T17:00:00Z 0.00033 2 6104
2014-01-30T16:00:00Z 0.00036 2 5564
2014-01-30T15:00:00Z 0.00020 1 5031
2014-01-30T14:00:00Z 0.00021 1 4714
2014-01-30T13:00:00Z 0.00022 1 4577
2014-01-30T12:00:00Z 0.00020 1 4896
2014-01-30T16:00:00Z 0.00036 2 5564
2014-01-30T15:00:00Z 0.00020 1 5031
2014-01-30T14:00:00Z 0.00021 1 4714
2014-01-30T13:00:00Z 0.00022 1 4577
2014-01-30T12:00:00Z 0.00020 1 4896
2014-01-30T11:00:00Z 0.00000 0 5226
2014-01-30T15:00:00Z 0.00020 1 5031
2014-01-30T14:00:00Z 0.00021 1 4714
2014-01-30T13:00:00Z 0.00022 1 4577
2014-01-30T12:00:00Z 0.00020 1 4896
2014-01-30T11:00:00Z 0.00000 0 5226
2014-01-30T10:00:00Z 0.00000 0 5475
2014-01-30T14:00:00Z 0.00021 1 4714
2014-01-30T13:00:00Z 0.00022 1 4577
2014-01-30T12:00:00Z 0.00020 1 4896
2014-01-30T11:00:00Z 0.00000 0 5226
2014-01-30T10:00:00Z 0.00000 0 5475
2014-01-30T09:00:00Z 0.00035 2 5723
2014-01-31T16:00:00Z 0.00181 9 4960
2014-01-31T15:00:00Z 0.00194 9 4650
2014-01-31T14:00:00Z 0.00201 9 4475
2014-01-31T13:00:00Z 0.00201 10 4973
2014-01-31T12:00:00Z 0.00112 9 8007
2014-01-31T11:00:00Z 0.00091 9 9942
2014-01-31T15:00:00Z 0.00194 9 4650
2014-01-31T14:00:00Z 0.00201 9 4475
2014-01-31T13:00:00Z 0.00201 10 4973
2014-01-31T12:00:00Z 0.00112 9 8007
2014-01-31T11:00:00Z 0.00091 9 9942
2014-01-31T10:00:00Z 0.00069 8 11529
2014-01-31T14:00:00Z 0.00201 9 4475
2014-01-31T13:00:00Z 0.00201 10 4973
2014-01-31T12:00:00Z 0.00112 9 8007
2014-01-31T11:00:00Z 0.00091 9 9942
2014-01-31T10:00:00Z 0.00069 8 11529
2014-01-31T09:00:00Z 0.00061 8 13129
2014-01-31T13:00:00Z 0.00201 10 4973
2014-01-31T12:00:00Z 0.00112 9 8007
2014-01-31T11:00:00Z 0.00091 9 9942
2014-01-31T10:00:00Z 0.00069 8 11529
2014-01-31T09:00:00Z 0.00061 8 13129
2014-01-31T08:00:00Z 0.00033 5 15067
2014-01-31T12:00:00Z 0.00112 9 8007
2014-01-31T11:00:00Z 0.00091 9 9942
2014-01-31T10:00:00Z 0.00069 8 11529
2014-01-31T09:00:00Z 0.00061 8 13129
2014-01-31T08:00:00Z 0.00033 5 15067
2014-01-31T07:00:00Z 0.00025 4 16044
2014-01-31T11:00:00Z 0.00091 9 9942
2014-01-31T10:00:00Z 0.00069 8 11529
2014-01-31T09:00:00Z 0.00061 8 13129
2014-01-31T08:00:00Z 0.00033 5 15067
2014-01-31T07:00:00Z 0.00025 4 16044
2014-01-31T06:00:00Z 0.00024 4 16670
2014-02-05T21:00:00Z 0.00460 43 9344
2014-02-05T20:00:00Z 0.00489 42 8592
2014-02-05T19:00:00Z 0.00483 38 7862
2014-02-05T18:00:00Z 0.00479 33 6895
2014-02-05T17:00:00Z 0.00351 21 5982
2014-02-05T16:00:00Z 0.00296 16 5407
2014-02-05T20:00:00Z 0.00489 42 8592
2014-02-05T19:00:00Z 0.00483 38 7862
2014-02-05T18:00:00Z 0.00479 33 6895
2014-02-05T17:00:00Z 0.00351 21 5982
2014-02-05T16:00:00Z 0.00296 16 5407
2014-02-05T15:00:00Z 0.00164 8 4885
2014-02-05T19:00:00Z 0.00483 38 7862
2014-02-05T18:00:00Z 0.00479 33 6895
2014-02-05T17:00:00Z 0.00351 21 5982
2014-02-05T16:00:00Z 0.00296 16 5407
2014-02-05T15:00:00Z 0.00164 8 4885
2014-02-05T14:00:00Z 0.00132 6 4533
2014-02-05T18:00:00Z 0.00479 33 6895
2014-02-05T17:00:00Z 0.00351 21 5982
2014-02-05T16:00:00Z 0.00296 16 5407
2014-02-05T15:00:00Z 0.00164 8 4885
2014-02-05T14:00:00Z 0.00132 6 4533
2014-02-05T13:00:00Z 0.00089 4 4488
2014-02-05T17:00:00Z 0.00351 21 5982
2014-02-05T16:00:00Z 0.00296 16 5407
2014-02-05T15:00:00Z 0.00164 8 4885
2014-02-05T14:00:00Z 0.00132 6 4533
2014-02-05T13:00:00Z 0.00089 4 4488
2014-02-05T12:00:00Z 0.00082 4 4903
2014-02-05T16:00:00Z 0.00296 16 5407
2014-02-05T15:00:00Z 0.00164 8 4885
2014-02-05T14:00:00Z 0.00132 6 4533
2014-02-05T13:00:00Z 0.00089 4 4488
2014-02-05T12:00:00Z 0.00082 4 4903
2014-02-05T11:00:00Z 0.00090 5 5576
2014-02-11T17:00:00Z 0.00133 12 9008
2014-02-11T16:00:00Z 0.00151 12 7958
2014-02-11T15:00:00Z 0.00155 11 7082
2014-02-11T14:00:00Z 0.00158 10 6349
2014-02-11T13:00:00Z 0.00171 10 5836
2014-02-11T12:00:00Z 0.00178 10 5616
2014-02-11T16:00:00Z 0.00151 12 7958
2014-02-11T15:00:00Z 0.00155 11 7082
2014-02-11T14:00:00Z 0.00158 10 6349
2014-02-11T13:00:00Z 0.00171 10 5836
2014-02-11T12:00:00Z 0.00178 10 5616
2014-02-11T11:00:00Z 0.00115 7 6065
2014-02-11T15:00:00Z 0.00155 11 7082
2014-02-11T14:00:00Z 0.00158 10 6349
2014-02-11T13:00:00Z 0.00171 10 5836
2014-02-11T12:00:00Z 0.00178 10 5616
2014-02-11T11:00:00Z 0.00115 7 6065
2014-02-11T10:00:00Z 0.00073 5 6851
2014-02-11T14:00:00Z 0.00158 10 6349
2014-02-11T13:00:00Z 0.00171 10 5836
2014-02-11T12:00:00Z 0.00178 10 5616
2014-02-11T11:00:00Z 0.00115 7 6065
2014-02-11T10:00:00Z 0.00073 5 6851
2014-02-11T09:00:00Z 0.00054 4 7428
2014-02-11T13:00:00Z 0.00171 10 5836
2014-02-11T12:00:00Z 0.00178 10 5616
2014-02-11T11:00:00Z 0.00115 7 6065
2014-02-11T10:00:00Z 0.00073 5 6851
2014-02-11T09:00:00Z 0.00054 4 7428
2014-02-11T08:00:00Z 0.00025 2 7880
2014-02-11T12:00:00Z 0.00178 10 5616
2014-02-11T11:00:00Z 0.00115 7 6065
2014-02-11T10:00:00Z 0.00073 5 6851
2014-02-11T09:00:00Z 0.00054 4 7428
2014-02-11T08:00:00Z 0.00025 2 7880
2014-02-11T07:00:00Z 0.00000 0 8355
2014-02-12T17:00:00Z 0.00064 7 11002
2014-02-12T16:00:00Z 0.00061 6 9828
2014-02-12T15:00:00Z 0.00067 6 8927
2014-02-12T14:00:00Z 0.00075 6 8035
2014-02-12T13:00:00Z 0.00081 6 7397
2014-02-12T12:00:00Z 0.00083 6 7247
2014-02-12T16:00:00Z 0.00061 6 9828
2014-02-12T15:00:00Z 0.00067 6 8927
2014-02-12T14:00:00Z 0.00075 6 8035
2014-02-12T13:00:00Z 0.00081 6 7397
2014-02-12T12:00:00Z 0.00083 6 7247
2014-02-12T11:00:00Z 0.00088 7 7944
2014-02-12T15:00:00Z 0.00067 6 8927
2014-02-12T14:00:00Z 0.00075 6 8035
2014-02-12T13:00:00Z 0.00081 6 7397
2014-02-12T12:00:00Z 0.00083 6 7247
2014-02-12T11:00:00Z 0.00088 7 7944
2014-02-12T10:00:00Z 0.00079 7 8902
2014-02-12T14:00:00Z 0.00075 6 8035
2014-02-12T13:00:00Z 0.00081 6 7397
2014-02-12T12:00:00Z 0.00083 6 7247
2014-02-12T11:00:00Z 0.00088 7 7944
2014-02-12T10:00:00Z 0.00079 7 8902
2014-02-12T09:00:00Z 0.00073 7 9644
2014-02-12T13:00:00Z 0.00081 6 7397
2014-02-12T12:00:00Z 0.00083 6 7247
2014-02-12T11:00:00Z 0.00088 7 7944
2014-02-12T10:00:00Z 0.00079 7 8902
2014-02-12T09:00:00Z 0.00073 7 9644
2014-02-12T08:00:00Z 0.00039 4 10274
2014-02-12T12:00:00Z 0.00083 6 7247
2014-02-12T11:00:00Z 0.00088 7 7944
2014-02-12T10:00:00Z 0.00079 7 8902
2014-02-12T09:00:00Z 0.00073 7 9644
2014-02-12T08:00:00Z 0.00039 4 10274
2014-02-12T07:00:00Z 0.00018 2 10923
2014-02-19T21:00:00Z 0.00127 22 17303
2014-02-19T20:00:00Z 0.00191 34 17791
2014-02-19T19:00:00Z 0.00282 50 17738
2014-02-19T18:00:00Z 0.00291 50 17162
2014-02-19T17:00:00Z 0.00288 47 16308
2014-02-19T16:00:00Z 0.00304 47 15470
2014-02-19T20:00:00Z 0.00191 34 17791
2014-02-19T19:00:00Z 0.00282 50 17738
2014-02-19T18:00:00Z 0.00291 50 17162
2014-02-19T17:00:00Z 0.00288 47 16308
2014-02-19T16:00:00Z 0.00304 47 15470
2014-02-19T15:00:00Z 0.00321 47 14648
2014-02-19T19:00:00Z 0.00282 50 17738
2014-02-19T18:00:00Z 0.00291 50 17162
2014-02-19T17:00:00Z 0.00288 47 16308
2014-02-19T16:00:00Z 0.00304 47 15470
2014-02-19T15:00:00Z 0.00321 47 14648
2014-02-19T14:00:00Z 0.00324 44 13597
2014-02-19T18:00:00Z 0.00291 50 17162
2014-02-19T17:00:00Z 0.00288 47 16308
2014-02-19T16:00:00Z 0.00304 47 15470
2014-02-19T15:00:00Z 0.00321 47 14648
2014-02-19T14:00:00Z 0.00324 44 13597
2014-02-19T13:00:00Z 0.00339 44 12983
2014-02-19T17:00:00Z 0.00288 47 16308
2014-02-19T16:00:00Z 0.00304 47 15470
2014-02-19T15:00:00Z 0.00321 47 14648
2014-02-19T14:00:00Z 0.00324 44 13597
2014-02-19T13:00:00Z 0.00339 44 12983
2014-02-19T12:00:00Z 0.00317 42 13258
2014-02-19T16:00:00Z 0.00304 47 15470
2014-02-19T15:00:00Z 0.00321 47 14648
2014-02-19T14:00:00Z 0.00324 44 13597
2014-02-19T13:00:00Z 0.00339 44 12983
2014-02-19T12:00:00Z 0.00317 42 13258
2014-02-19T11:00:00Z 0.00282 41 14516
2014-03-10T18:00:00Z 0.00148 6 4042
2014-03-10T17:00:00Z 0.00136 5 3671
2014-03-10T16:00:00Z 0.00151 5 3306
2014-03-10T15:00:00Z 0.00133 4 2998
2014-03-10T14:00:00Z 0.00109 3 2742
2014-03-10T13:00:00Z 0.00078 2 2576
2014-03-10T17:00:00Z 0.00136 5 3671
2014-03-10T16:00:00Z 0.00151 5 3306
2014-03-10T15:00:00Z 0.00133 4 2998
2014-03-10T14:00:00Z 0.00109 3 2742
2014-03-10T13:00:00Z 0.00078 2 2576
2014-03-10T12:00:00Z 0.00079 2 2532
2014-03-10T16:00:00Z 0.00151 5 3306
2014-03-10T15:00:00Z 0.00133 4 2998
2014-03-10T14:00:00Z 0.00109 3 2742
2014-03-10T13:00:00Z 0.00078 2 2576
2014-03-10T12:00:00Z 0.00079 2 2532
2014-03-10T11:00:00Z 0.00071 2 2804
2014-03-10T15:00:00Z 0.00133 4 2998
2014-03-10T14:00:00Z 0.00109 3 2742
2014-03-10T13:00:00Z 0.00078 2 2576
2014-03-10T12:00:00Z 0.00079 2 2532
2014-03-10T11:00:00Z 0.00071 2 2804
2014-03-10T10:00:00Z 0.00065 2 3062
2014-03-10T14:00:00Z 0.00109 3 2742
2014-03-10T13:00:00Z 0.00078 2 2576
2014-03-10T12:00:00Z 0.00079 2 2532
2014-03-10T11:00:00Z 0.00071 2 2804
2014-03-10T10:00:00Z 0.00065 2 3062
2014-03-10T09:00:00Z 0.00062 2 3247
2014-03-10T13:00:00Z 0.00078 2 2576
2014-03-10T12:00:00Z 0.00079 2 2532
2014-03-10T11:00:00Z 0.00071 2 2804
2014-03-10T10:00:00Z 0.00065 2 3062
2014-03-10T09:00:00Z 0.00062 2 3247
2014-03-10T08:00:00Z 0.00088 3 3419
2014-03-16T15:00:00Z 0.00156 9 5768
2014-03-16T14:00:00Z 0.00133 7 5254
2014-03-16T13:00:00Z 0.00143 7 4885
2014-03-16T12:00:00Z 0.00182 9 4938
2014-03-16T11:00:00Z 0.00112 6 5343
2014-03-16T10:00:00Z 0.00085 5 5853
2014-03-16T14:00:00Z 0.00133 7 5254
2014-03-16T13:00:00Z 0.00143 7 4885
2014-03-16T12:00:00Z 0.00182 9 4938
2014-03-16T11:00:00Z 0.00112 6 5343
2014-03-16T10:00:00Z 0.00085 5 5853
2014-03-16T09:00:00Z 0.00081 5 6178
2014-03-16T13:00:00Z 0.00143 7 4885
2014-03-16T12:00:00Z 0.00182 9 4938
2014-03-16T11:00:00Z 0.00112 6 5343
2014-03-16T10:00:00Z 0.00085 5 5853
2014-03-16T09:00:00Z 0.00081 5 6178
2014-03-16T08:00:00Z 0.00091 6 6611
2014-03-16T12:00:00Z 0.00182 9 4938
2014-03-16T11:00:00Z 0.00112 6 5343
2014-03-16T10:00:00Z 0.00085 5 5853
2014-03-16T09:00:00Z 0.00081 5 6178
2014-03-16T08:00:00Z 0.00091 6 6611
2014-03-16T07:00:00Z 0.00072 5 6986
2014-03-16T11:00:00Z 0.00112 6 5343
2014-03-16T10:00:00Z 0.00085 5 5853
2014-03-16T09:00:00Z 0.00081 5 6178
2014-03-16T08:00:00Z 0.00091 6 6611
2014-03-16T07:00:00Z 0.00072 5 6986
2014-03-16T06:00:00Z 0.00093 7 7541
2014-03-16T10:00:00Z 0.00085 5 5853
2014-03-16T09:00:00Z 0.00081 5 6178
2014-03-16T08:00:00Z 0.00091 6 6611
2014-03-16T07:00:00Z 0.00072 5 6986
2014-03-16T06:00:00Z 0.00093 7 7541
2014-03-16T05:00:00Z 0.00097 8 8258
2014-03-28T18:00:00Z 0.00303 20 6590
2014-03-28T17:00:00Z 0.00326 20 6142
2014-03-28T16:00:00Z 0.00350 20 5717
2014-03-28T15:00:00Z 0.00321 17 5303
2014-03-28T14:00:00Z 0.00322 16 4968
2014-03-28T13:00:00Z 0.00329 16 4865
2014-03-28T17:00:00Z 0.00326 20 6142
2014-03-28T16:00:00Z 0.00350 20 5717
2014-03-28T15:00:00Z 0.00321 17 5303
2014-03-28T14:00:00Z 0.00322 16 4968
2014-03-28T13:00:00Z 0.00329 16 4865
2014-03-28T12:00:00Z 0.00293 16 5464
2014-03-28T16:00:00Z 0.00350 20 5717
2014-03-28T15:00:00Z 0.00321 17 5303
2014-03-28T14:00:00Z 0.00322 16 4968
2014-03-28T13:00:00Z 0.00329 16 4865
2014-03-28T12:00:00Z 0.00293 16 5464
2014-03-28T11:00:00Z 0.00215 14 6518
2014-03-28T15:00:00Z 0.00321 17 5303
2014-03-28T14:00:00Z 0.00322 16 4968
2014-03-28T13:00:00Z 0.00329 16 4865
2014-03-28T12:00:00Z 0.00293 16 5464
2014-03-28T11:00:00Z 0.00215 14 6518
2014-03-28T10:00:00Z 0.00164 13 7908
2014-03-28T14:00:00Z 0.00322 16 4968
2014-03-28T13:00:00Z 0.00329 16 4865
2014-03-28T12:00:00Z 0.00293 16 5464
2014-03-28T11:00:00Z 0.00215 14 6518
2014-03-28T10:00:00Z 0.00164 13 7908
2014-03-28T09:00:00Z 0.00161 15 9292
2014-03-28T13:00:00Z 0.00329 16 4865
2014-03-28T12:00:00Z 0.00293 16 5464
2014-03-28T11:00:00Z 0.00215 14 6518
2014-03-28T10:00:00Z 0.00164 13 7908
2014-03-28T09:00:00Z 0.00161 15 9292
2014-03-28T08:00:00Z 0.00055 6 10938
2014-04-17T22:00:00Z 0.00050 3 6059
2014-04-17T21:00:00Z 0.00087 5 5734
2014-04-17T20:00:00Z 0.00182 10 5504
2014-04-17T19:00:00Z 0.00246 13 5290
2014-04-17T18:00:00Z 0.00279 14 5010
2014-04-17T17:00:00Z 0.00256 12 4696
2014-04-17T21:00:00Z 0.00087 5 5734
2014-04-17T20:00:00Z 0.00182 10 5504
2014-04-17T19:00:00Z 0.00246 13 5290
2014-04-17T18:00:00Z 0.00279 14 5010
2014-04-17T17:00:00Z 0.00256 12 4696
2014-04-17T16:00:00Z 0.00276 12 4348
2014-04-17T20:00:00Z 0.00182 10 5504
2014-04-17T19:00:00Z 0.00246 13 5290
2014-04-17T18:00:00Z 0.00279 14 5010
2014-04-17T17:00:00Z 0.00256 12 4696
2014-04-17T16:00:00Z 0.00276 12 4348
2014-04-17T15:00:00Z 0.00297 12 4035
2014-04-17T19:00:00Z 0.00246 13 5290
2014-04-17T18:00:00Z 0.00279 14 5010
2014-04-17T17:00:00Z 0.00256 12 4696
2014-04-17T16:00:00Z 0.00276 12 4348
2014-04-17T15:00:00Z 0.00297 12 4035
2014-04-17T14:00:00Z 0.00323 12 3711
2014-04-17T18:00:00Z 0.00279 14 5010
2014-04-17T17:00:00Z 0.00256 12 4696
2014-04-17T16:00:00Z 0.00276 12 4348
2014-04-17T15:00:00Z 0.00297 12 4035
2014-04-17T14:00:00Z 0.00323 12 3711
2014-04-17T13:00:00Z 0.00321 11 3425
2014-04-17T17:00:00Z 0.00256 12 4696
2014-04-17T16:00:00Z 0.00276 12 4348
2014-04-17T15:00:00Z 0.00297 12 4035
2014-04-17T14:00:00Z 0.00323 12 3711
2014-04-17T13:00:00Z 0.00321 11 3425
2014-04-17T12:00:00Z 0.00326 11 3375
2014-04-23T07:00:00Z 0.00053 4 7523
2014-04-23T06:00:00Z 0.00090 7 7790
2014-04-23T05:00:00Z 0.00097 8 8212
2014-04-23T04:00:00Z 0.00092 8 8689
2014-04-23T03:00:00Z 0.00087 8 9194
2014-04-23T02:00:00Z 0.00083 8 9598
2014-04-23T06:00:00Z 0.00090 7 7790
2014-04-23T05:00:00Z 0.00097 8 8212
2014-04-23T04:00:00Z 0.00092 8 8689
2014-04-23T03:00:00Z 0.00087 8 9194
2014-04-23T02:00:00Z 0.00083 8 9598
2014-04-23T01:00:00Z 0.00081 8 9865
2014-04-23T05:00:00Z 0.00097 8 8212
2014-04-23T04:00:00Z 0.00092 8 8689
2014-04-23T03:00:00Z 0.00087 8 9194
2014-04-23T02:00:00Z 0.00083 8 9598
2014-04-23T01:00:00Z 0.00081 8 9865
2014-04-23T00:00:00Z 0.00093 9 9705
2014-04-23T04:00:00Z 0.00092 8 8689
2014-04-23T03:00:00Z 0.00087 8 9194
2014-04-23T02:00:00Z 0.00083 8 9598
2014-04-23T01:00:00Z 0.00081 8 9865
2014-04-23T00:00:00Z 0.00093 9 9705
2014-04-22T23:00:00Z 0.00110 10 9094
2014-04-23T03:00:00Z 0.00087 8 9194
2014-04-23T02:00:00Z 0.00083 8 9598
2014-04-23T01:00:00Z 0.00081 8 9865
2014-04-23T00:00:00Z 0.00093 9 9705
2014-04-22T23:00:00Z 0.00110 10 9094
2014-04-22T22:00:00Z 0.00142 12 8443
2014-04-23T02:00:00Z 0.00083 8 9598
2014-04-23T01:00:00Z 0.00081 8 9865
2014-04-23T00:00:00Z 0.00093 9 9705
2014-04-22T23:00:00Z 0.00110 10 9094
2014-04-22T22:00:00Z 0.00142 12 8443
2014-04-22T21:00:00Z 0.00175 14 7989
2014-05-01T02:00:00Z 0.00330 12 3634
2014-05-01T01:00:00Z 0.00318 12 3776
2014-05-01T00:00:00Z 0.00327 12 3672
2014-04-30T23:00:00Z 0.00319 11 3444
2014-04-30T22:00:00Z 0.00305 10 3279
2014-04-30T21:00:00Z 0.00220 7 3179
2014-05-01T01:00:00Z 0.00318 12 3776
2014-05-01T00:00:00Z 0.00327 12 3672
2014-04-30T23:00:00Z 0.00319 11 3444
2014-04-30T22:00:00Z 0.00305 10 3279
2014-04-30T21:00:00Z 0.00220 7 3179
2014-04-30T20:00:00Z 0.00224 7 3128
2014-05-01T00:00:00Z 0.00327 12 3672
2014-04-30T23:00:00Z 0.00319 11 3444
2014-04-30T22:00:00Z 0.00305 10 3279
2014-04-30T21:00:00Z 0.00220 7 3179
2014-04-30T20:00:00Z 0.00224 7 3128
2014-04-30T19:00:00Z 0.00198 6 3034
2014-04-30T23:00:00Z 0.00319 11 3444
2014-04-30T22:00:00Z 0.00305 10 3279
2014-04-30T21:00:00Z 0.00220 7 3179
2014-04-30T20:00:00Z 0.00224 7 3128
2014-04-30T19:00:00Z 0.00198 6 3034
2014-04-30T18:00:00Z 0.00206 6 2916
2014-04-30T22:00:00Z 0.00305 10 3279
2014-04-30T21:00:00Z 0.00220 7 3179
2014-04-30T20:00:00Z 0.00224 7 3128
2014-04-30T19:00:00Z 0.00198 6 3034
2014-04-30T18:00:00Z 0.00206 6 2916
2014-04-30T17:00:00Z 0.00183 5 2730
2014-04-30T21:00:00Z 0.00220 7 3179
2014-04-30T20:00:00Z 0.00224 7 3128
2014-04-30T19:00:00Z 0.00198 6 3034
2014-04-30T18:00:00Z 0.00206 6 2916
2014-04-30T17:00:00Z 0.00183 5 2730
2014-04-30T16:00:00Z 0.00118 3 2539
2014-05-07T00:00:00Z 0.00000 0 908
2014-05-06T23:00:00Z 0.00000 0 865
2014-05-06T22:00:00Z 0.00000 0 793
2014-05-06T21:00:00Z 0.00000 0 748
2014-05-06T20:00:00Z 0.00000 0 708
2014-05-06T19:00:00Z 0.00000 0 677
2014-05-06T23:00:00Z 0.00000 0 865
2014-05-06T22:00:00Z 0.00000 0 793
2014-05-06T21:00:00Z 0.00000 0 748
2014-05-06T20:00:00Z 0.00000 0 708
2014-05-06T19:00:00Z 0.00000 0 677
2014-05-06T18:00:00Z 0.00000 0 645
2014-05-06T22:00:00Z 0.00000 0 793
2014-05-06T21:00:00Z 0.00000 0 748
2014-05-06T20:00:00Z 0.00000 0 708
2014-05-06T19:00:00Z 0.00000 0 677
2014-05-06T18:00:00Z 0.00000 0 645
2014-05-06T17:00:00Z 0.00000 0 598
2014-05-06T21:00:00Z 0.00000 0 748
2014-05-06T20:00:00Z 0.00000 0 708
2014-05-06T19:00:00Z 0.00000 0 677
2014-05-06T18:00:00Z 0.00000 0 645
2014-05-06T17:00:00Z 0.00000 0 598
2014-05-06T16:00:00Z 0.00000 0 535
2014-05-06T20:00:00Z 0.00000 0 708
2014-05-06T19:00:00Z 0.00000 0 677
2014-05-06T18:00:00Z 0.00000 0 645
2014-05-06T17:00:00Z 0.00000 0 598
2014-05-06T16:00:00Z 0.00000 0 535
2014-05-06T15:00:00Z 0.00000 0 473
2014-05-06T19:00:00Z 0.00000 0 677
2014-05-06T18:00:00Z 0.00000 0 645
2014-05-06T17:00:00Z 0.00000 0 598
2014-05-06T16:00:00Z 0.00000 0 535
2014-05-06T15:00:00Z 0.00000 0 473
2014-05-06T14:00:00Z 0.00000 0 427
2014-05-15T13:00:00Z 0.00000 0 753
2014-05-15T12:00:00Z 0.00000 0 701
2014-05-15T11:00:00Z 0.00000 0 783
2014-05-15T10:00:00Z 0.00000 0 858
2014-05-15T09:00:00Z 0.00000 0 957
2014-05-15T08:00:00Z 0.00000 0 995
2014-05-15T12:00:00Z 0.00000 0 701
2014-05-15T11:00:00Z 0.00000 0 783
2014-05-15T10:00:00Z 0.00000 0 858
2014-05-15T09:00:00Z 0.00000 0 957
2014-05-15T08:00:00Z 0.00000 0 995
2014-05-15T07:00:00Z 0.00000 0 1029
2014-05-15T11:00:00Z 0.00000 0 783
2014-05-15T10:00:00Z 0.00000 0 858
2014-05-15T09:00:00Z 0.00000 0 957
2014-05-15T08:00:00Z 0.00000 0 995
2014-05-15T07:00:00Z 0.00000 0 1029
2014-05-15T06:00:00Z 0.00000 0 1094
2014-05-15T10:00:00Z 0.00000 0 858
2014-05-15T09:00:00Z 0.00000 0 957
2014-05-15T08:00:00Z 0.00000 0 995
2014-05-15T07:00:00Z 0.00000 0 1029
2014-05-15T06:00:00Z 0.00000 0 1094
2014-05-15T05:00:00Z 0.00000 0 1166
2014-05-15T09:00:00Z 0.00000 0 957
2014-05-15T08:00:00Z 0.00000 0 995
2014-05-15T07:00:00Z 0.00000 0 1029
2014-05-15T06:00:00Z 0.00000 0 1094
2014-05-15T05:00:00Z 0.00000 0 1166
2014-05-15T04:00:00Z 0.00000 0 1228
2014-05-15T08:00:00Z 0.00000 0 995
2014-05-15T07:00:00Z 0.00000 0 1029
2014-05-15T06:00:00Z 0.00000 0 1094
2014-05-15T05:00:00Z 0.00000 0 1166
2014-05-15T04:00:00Z 0.00000 0 1228
2014-05-15T03:00:00Z 0.00000 0 1288
2014-05-18T17:00:00Z 0.00060 2 3330
2014-05-18T16:00:00Z 0.00066 2 3008
2014-05-18T15:00:00Z 0.00073 2 2751
2014-05-18T14:00:00Z 0.00119 3 2517
2014-05-18T13:00:00Z 0.00127 3 2358
2014-05-18T12:00:00Z 0.00128 3 2337
2014-05-18T16:00:00Z 0.00066 2 3008
2014-05-18T15:00:00Z 0.00073 2 2751
2014-05-18T14:00:00Z 0.00119 3 2517
2014-05-18T13:00:00Z 0.00127 3 2358
2014-05-18T12:00:00Z 0.00128 3 2337
2014-05-18T11:00:00Z 0.00121 3 2472
2014-05-18T15:00:00Z 0.00073 2 2751
2014-05-18T14:00:00Z 0.00119 3 2517
2014-05-18T13:00:00Z 0.00127 3 2358
2014-05-18T12:00:00Z 0.00128 3 2337
2014-05-18T11:00:00Z 0.00121 3 2472
2014-05-18T10:00:00Z 0.00110 3 2721
2014-05-18T14:00:00Z 0.00119 3 2517
2014-05-18T13:00:00Z 0.00127 3 2358
2014-05-18T12:00:00Z 0.00128 3 2337
2014-05-18T11:00:00Z 0.00121 3 2472
2014-05-18T10:00:00Z 0.00110 3 2721
2014-05-18T09:00:00Z 0.00035 1 2887
2014-05-18T13:00:00Z 0.00127 3 2358
2014-05-18T12:00:00Z 0.00128 3 2337
2014-05-18T11:00:00Z 0.00121 3 2472
2014-05-18T10:00:00Z 0.00110 3 2721
2014-05-18T09:00:00Z 0.00035 1 2887
2014-05-18T08:00:00Z 0.00066 2 3010
2014-05-18T12:00:00Z 0.00128 3 2337
2014-05-18T11:00:00Z 0.00121 3 2472
2014-05-18T10:00:00Z 0.00110 3 2721
2014-05-18T09:00:00Z 0.00035 1 2887
2014-05-18T08:00:00Z 0.00066 2 3010
2014-05-18T07:00:00Z 0.00064 2 3149
2014-05-19T11:00:00Z 0.00043 1 2305
2014-05-19T10:00:00Z 0.00038 1 2607
2014-05-19T09:00:00Z 0.00036 1 2766
2014-05-19T08:00:00Z 0.00000 0 2929
2014-05-19T07:00:00Z 0.00000 0 3065
2014-05-19T06:00:00Z 0.00031 1 3264
2014-05-19T10:00:00Z 0.00038 1 2607
2014-05-19T09:00:00Z 0.00036 1 2766
2014-05-19T08:00:00Z 0.00000 0 2929
2014-05-19T07:00:00Z 0.00000 0 3065
2014-05-19T06:00:00Z 0.00031 1 3264
2014-05-19T05:00:00Z 0.00029 1 3494
2014-05-19T09:00:00Z 0.00036 1 2766
2014-05-19T08:00:00Z 0.00000 0 2929
2014-05-19T07:00:00Z 0.00000 0 3065
2014-05-19T06:00:00Z 0.00031 1 3264
2014-05-19T05:00:00Z 0.00029 1 3494
2014-05-19T04:00:00Z 0.00026 1 3812
2014-05-19T08:00:00Z 0.00000 0 2929
2014-05-19T07:00:00Z 0.00000 0 3065
2014-05-19T06:00:00Z 0.00031 1 3264
2014-05-19T05:00:00Z 0.00029 1 3494
2014-05-19T04:00:00Z 0.00026 1 3812
2014-05-19T03:00:00Z 0.00024 1 4082
2014-05-19T07:00:00Z 0.00000 0 3065
2014-05-19T06:00:00Z 0.00031 1 3264
2014-05-19T05:00:00Z 0.00029 1 3494
2014-05-19T04:00:00Z 0.00026 1 3812
2014-05-19T03:00:00Z 0.00024 1 4082
2014-05-19T02:00:00Z 0.00023 1 4351
2014-05-19T06:00:00Z 0.00031 1 3264
2014-05-19T05:00:00Z 0.00029 1 3494
2014-05-19T04:00:00Z 0.00026 1 3812
2014-05-19T03:00:00Z 0.00024 1 4082
2014-05-19T02:00:00Z 0.00023 1 4351
2014-05-19T01:00:00Z 0.00022 1 4549
2014-05-21T14:00:00Z 0.00027 1 3687
2014-05-21T13:00:00Z 0.00030 1 3301
2014-05-21T12:00:00Z 0.00031 1 3241
2014-05-21T11:00:00Z 0.00028 1 3583
2014-05-21T10:00:00Z 0.00026 1 3887
2014-05-21T09:00:00Z 0.00024 1 4094
2014-05-21T13:00:00Z 0.00030 1 3301
2014-05-21T12:00:00Z 0.00031 1 3241
2014-05-21T11:00:00Z 0.00028 1 3583
2014-05-21T10:00:00Z 0.00026 1 3887
2014-05-21T09:00:00Z 0.00024 1 4094
2014-05-21T08:00:00Z 0.00000 0 4132
2014-05-21T12:00:00Z 0.00031 1 3241
2014-05-21T11:00:00Z 0.00028 1 3583
2014-05-21T10:00:00Z 0.00026 1 3887
2014-05-21T09:00:00Z 0.00024 1 4094
2014-05-21T08:00:00Z 0.00000 0 4132
2014-05-21T07:00:00Z 0.00000 0 4288
2014-05-21T11:00:00Z 0.00028 1 3583
2014-05-21T10:00:00Z 0.00026 1 3887
2014-05-21T09:00:00Z 0.00024 1 4094
2014-05-21T08:00:00Z 0.00000 0 4132
2014-05-21T07:00:00Z 0.00000 0 4288
2014-05-21T06:00:00Z 0.00000 0 4499
2014-05-21T10:00:00Z 0.00026 1 3887
2014-05-21T09:00:00Z 0.00024 1 4094
2014-05-21T08:00:00Z 0.00000 0 4132
2014-05-21T07:00:00Z 0.00000 0 4288
2014-05-21T06:00:00Z 0.00000 0 4499
2014-05-21T05:00:00Z 0.00000 0 4762
2014-05-21T09:00:00Z 0.00024 1 4094
2014-05-21T08:00:00Z 0.00000 0 4132
2014-05-21T07:00:00Z 0.00000 0 4288
2014-05-21T06:00:00Z 0.00000 0 4499
2014-05-21T05:00:00Z 0.00000 0 4762
2014-05-21T04:00:00Z 0.00020 1 5102
2014-05-25T04:00:00Z 0.00080 2 2486
2014-05-25T03:00:00Z 0.00076 2 2643
2014-05-25T02:00:00Z 0.00072 2 2796
2014-05-25T01:00:00Z 0.00068 2 2952
2014-05-25T00:00:00Z 0.00066 2 3013
2014-05-24T23:00:00Z 0.00068 2 2939
2014-05-25T03:00:00Z 0.00076 2 2643
2014-05-25T02:00:00Z 0.00072 2 2796
2014-05-25T01:00:00Z 0.00068 2 2952
2014-05-25T00:00:00Z 0.00066 2 3013
2014-05-24T23:00:00Z 0.00068 2 2939
2014-05-24T22:00:00Z 0.00107 3 2808
2014-05-25T02:00:00Z 0.00072 2 2796
2014-05-25T01:00:00Z 0.00068 2 2952
2014-05-25T00:00:00Z 0.00066 2 3013
2014-05-24T23:00:00Z 0.00068 2 2939
2014-05-24T22:00:00Z 0.00107 3 2808
2014-05-24T21:00:00Z 0.00183 5 2726
2014-05-25T01:00:00Z 0.00068 2 2952
2014-05-25T00:00:00Z 0.00066 2 3013
2014-05-24T23:00:00Z 0.00068 2 2939
2014-05-24T22:00:00Z 0.00107 3 2808
2014-05-24T21:00:00Z 0.00183 5 2726
2014-05-24T20:00:00Z 0.00186 5 2687
2014-05-25T00:00:00Z 0.00066 2 3013
2014-05-24T23:00:00Z 0.00068 2 2939
2014-05-24T22:00:00Z 0.00107 3 2808
2014-05-24T21:00:00Z 0.00183 5 2726
2014-05-24T20:00:00Z 0.00186 5 2687
2014-05-24T19:00:00Z 0.00191 5 2612
2014-05-24T23:00:00Z 0.00068 2 2939
2014-05-24T22:00:00Z 0.00107 3 2808
2014-05-24T21:00:00Z 0.00183 5 2726
2014-05-24T20:00:00Z 0.00186 5 2687
2014-05-24T19:00:00Z 0.00191 5 2612
2014-05-24T18:00:00Z 0.00204 5 2456
2014-07-07T09:00:00Z 0.00033 1 3039
2014-07-07T08:00:00Z 0.00032 1 3140
2014-07-07T07:00:00Z 0.00000 0 3247
2014-07-07T06:00:00Z 0.00000 0 3432
2014-07-07T05:00:00Z 0.00000 0 3654
2014-07-07T04:00:00Z 0.00000 0 3917
2014-07-07T08:00:00Z 0.00032 1 3140
2014-07-07T07:00:00Z 0.00000 0 3247
2014-07-07T06:00:00Z 0.00000 0 3432
2014-07-07T05:00:00Z 0.00000 0 3654
2014-07-07T04:00:00Z 0.00000 0 3917
2014-07-07T03:00:00Z 0.00000 0 4164
2014-07-07T07:00:00Z 0.00000 0 3247
2014-07-07T06:00:00Z 0.00000 0 3432
2014-07-07T05:00:00Z 0.00000 0 3654
2014-07-07T04:00:00Z 0.00000 0 3917
2014-07-07T03:00:00Z 0.00000 0 4164
2014-07-07T02:00:00Z 0.00000 0 4415
2014-07-07T06:00:00Z 0.00000 0 3432
2014-07-07T05:00:00Z 0.00000 0 3654
2014-07-07T04:00:00Z 0.00000 0 3917
2014-07-07T03:00:00Z 0.00000 0 4164
2014-07-07T02:00:00Z 0.00000 0 4415
2014-07-07T01:00:00Z 0.00000 0 4546
2014-07-07T05:00:00Z 0.00000 0 3654
2014-07-07T04:00:00Z 0.00000 0 3917
2014-07-07T03:00:00Z 0.00000 0 4164
2014-07-07T02:00:00Z 0.00000 0 4415
2014-07-07T01:00:00Z 0.00000 0 4546
2014-07-07T00:00:00Z 0.00000 0 4466
2014-07-26T04:00:00Z 0.00074 5 6741
2014-07-26T03:00:00Z 0.00084 6 7106
2014-07-26T02:00:00Z 0.00094 7 7444
2014-07-26T01:00:00Z 0.00092 7 7623
2014-07-26T00:00:00Z 0.00093 7 7513
2014-07-25T23:00:00Z 0.00115 8 6977
2014-07-26T03:00:00Z 0.00084 6 7106
2014-07-26T02:00:00Z 0.00094 7 7444
2014-07-26T01:00:00Z 0.00092 7 7623
2014-07-26T00:00:00Z 0.00093 7 7513
2014-07-25T23:00:00Z 0.00115 8 6977
2014-07-25T22:00:00Z 0.00155 10 6438
2014-07-26T02:00:00Z 0.00094 7 7444
2014-07-26T01:00:00Z 0.00092 7 7623
2014-07-26T00:00:00Z 0.00093 7 7513
2014-07-25T23:00:00Z 0.00115 8 6977
2014-07-25T22:00:00Z 0.00155 10 6438
2014-07-25T21:00:00Z 0.00212 13 6118
2014-07-26T01:00:00Z 0.00092 7 7623
2014-07-26T00:00:00Z 0.00093 7 7513
2014-07-25T23:00:00Z 0.00115 8 6977
2014-07-25T22:00:00Z 0.00155 10 6438
2014-07-25T21:00:00Z 0.00212 13 6118
2014-07-25T20:00:00Z 0.00275 16 5826
2014-07-26T00:00:00Z 0.00093 7 7513
2014-07-25T23:00:00Z 0.00115 8 6977
2014-07-25T22:00:00Z 0.00155 10 6438
2014-07-25T21:00:00Z 0.00212 13 6118
2014-07-25T20:00:00Z 0.00275 16 5826
2014-07-25T19:00:00Z 0.00308 17 5523
2014-07-25T23:00:00Z 0.00115 8 6977
2014-07-25T22:00:00Z 0.00155 10 6438
2014-07-25T21:00:00Z 0.00212 13 6118
2014-07-25T20:00:00Z 0.00275 16 5826
2014-07-25T19:00:00Z 0.00308 17 5523
2014-07-25T18:00:00Z 0.00369 19 5154
2014-07-28T01:00:00Z 0.00057 5 8705
2014-07-28T00:00:00Z 0.00058 5 8663
2014-07-27T23:00:00Z 0.00060 5 8276
2014-07-27T22:00:00Z 0.00088 7 7933
2014-07-27T21:00:00Z 0.00078 6 7647
2014-07-27T20:00:00Z 0.00067 5 7452
2014-07-28T00:00:00Z 0.00058 5 8663
2014-07-27T23:00:00Z 0.00060 5 8276
2014-07-27T22:00:00Z 0.00088 7 7933
2014-07-27T21:00:00Z 0.00078 6 7647
2014-07-27T20:00:00Z 0.00067 5 7452
2014-07-27T19:00:00Z 0.00055 4 7257
2014-07-27T23:00:00Z 0.00060 5 8276
2014-07-27T22:00:00Z 0.00088 7 7933
2014-07-27T21:00:00Z 0.00078 6 7647
2014-07-27T20:00:00Z 0.00067 5 7452
2014-07-27T19:00:00Z 0.00055 4 7257
2014-07-27T18:00:00Z 0.00059 4 6828
2014-07-27T22:00:00Z 0.00088 7 7933
2014-07-27T21:00:00Z 0.00078 6 7647
2014-07-27T20:00:00Z 0.00067 5 7452
2014-07-27T19:00:00Z 0.00055 4 7257
2014-07-27T18:00:00Z 0.00059 4 6828
2014-07-27T17:00:00Z 0.00032 2 6315
2014-07-27T21:00:00Z 0.00078 6 7647
2014-07-27T20:00:00Z 0.00067 5 7452
2014-07-27T19:00:00Z 0.00055 4 7257
2014-07-27T18:00:00Z 0.00059 4 6828
2014-07-27T17:00:00Z 0.00032 2 6315
2014-07-27T16:00:00Z 0.00052 3 5769
2014-07-27T20:00:00Z 0.00067 5 7452
2014-07-27T19:00:00Z 0.00055 4 7257
2014-07-27T18:00:00Z 0.00059 4 6828
2014-07-27T17:00:00Z 0.00032 2 6315
2014-07-27T16:00:00Z 0.00052 3 5769
2014-07-27T15:00:00Z 0.00057 3 5270
2014-07-30T08:00:00Z 0.00024 1 4152
2014-07-30T07:00:00Z 0.00022 1 4558
2014-07-30T06:00:00Z 0.00040 2 5043
2014-07-30T05:00:00Z 0.00054 3 5575
2014-07-30T04:00:00Z 0.00049 3 6092
2014-07-30T03:00:00Z 0.00045 3 6681
2014-07-30T07:00:00Z 0.00022 1 4558
2014-07-30T06:00:00Z 0.00040 2 5043
2014-07-30T05:00:00Z 0.00054 3 5575
2014-07-30T04:00:00Z 0.00049 3 6092
2014-07-30T03:00:00Z 0.00045 3 6681
2014-07-30T02:00:00Z 0.00041 3 7255
2014-07-30T06:00:00Z 0.00040 2 5043
2014-07-30T05:00:00Z 0.00054 3 5575
2014-07-30T04:00:00Z 0.00049 3 6092
2014-07-30T03:00:00Z 0.00045 3 6681
2014-07-30T02:00:00Z 0.00041 3 7255
2014-07-30T01:00:00Z 0.00052 4 7684
2014-07-30T05:00:00Z 0.00054 3 5575
2014-07-30T04:00:00Z 0.00049 3 6092
2014-07-30T03:00:00Z 0.00045 3 6681
2014-07-30T02:00:00Z 0.00041 3 7255
2014-07-30T01:00:00Z 0.00052 4 7684
2014-07-30T00:00:00Z 0.00052 4 7725
2014-07-30T04:00:00Z 0.00049 3 6092
2014-07-30T03:00:00Z 0.00045 3 6681
2014-07-30T02:00:00Z 0.00041 3 7255
2014-07-30T01:00:00Z 0.00052 4 7684
2014-07-30T00:00:00Z 0.00052 4 7725
2014-07-29T23:00:00Z 0.00055 4 7322
2014-07-30T03:00:00Z 0.00045 3 6681
2014-07-30T02:00:00Z 0.00041 3 7255
2014-07-30T01:00:00Z 0.00052 4 7684
2014-07-30T00:00:00Z 0.00052 4 7725
2014-07-29T23:00:00Z 0.00055 4 7322
2014-07-29T22:00:00Z 0.00057 4 6987
2014-08-02T09:00:00Z 0.00074 2 2695
2014-08-02T08:00:00Z 0.00000 0 2679
2014-08-02T07:00:00Z 0.00000 0 2755
2014-08-02T06:00:00Z 0.00000 0 2848
2014-08-02T05:00:00Z 0.00000 0 3014
2014-08-02T04:00:00Z 0.00000 0 3244
2014-08-02T08:00:00Z 0.00000 0 2679
2014-08-02T07:00:00Z 0.00000 0 2755
2014-08-02T06:00:00Z 0.00000 0 2848
2014-08-02T05:00:00Z 0.00000 0 3014
2014-08-02T04:00:00Z 0.00000 0 3244
2014-08-02T03:00:00Z 0.00029 1 3428
2014-08-02T07:00:00Z 0.00000 0 2755
2014-08-02T06:00:00Z 0.00000 0 2848
2014-08-02T05:00:00Z 0.00000 0 3014
2014-08-02T04:00:00Z 0.00000 0 3244
2014-08-02T03:00:00Z 0.00029 1 3428
2014-08-02T02:00:00Z 0.00028 1 3571
2014-08-02T06:00:00Z 0.00000 0 2848
2014-08-02T05:00:00Z 0.00000 0 3014
2014-08-02T04:00:00Z 0.00000 0 3244
2014-08-02T03:00:00Z 0.00029 1 3428
2014-08-02T02:00:00Z 0.00028 1 3571
2014-08-02T01:00:00Z 0.00027 1 3679
2014-08-02T05:00:00Z 0.00000 0 3014
2014-08-02T04:00:00Z 0.00000 0 3244
2014-08-02T03:00:00Z 0.00029 1 3428
2014-08-02T02:00:00Z 0.00028 1 3571
2014-08-02T01:00:00Z 0.00027 1 3679
2014-08-02T00:00:00Z 0.00028 1 3535
2014-08-21T01:00:00Z 0.00067 18 26892
2014-08-21T00:00:00Z 0.00058 15 25946
2014-08-20T23:00:00Z 0.00059 14 23754
2014-08-20T22:00:00Z 0.00052 11 21086
2014-08-20T21:00:00Z 0.00078 15 19137
2014-08-20T20:00:00Z 0.00110 19 17310
2014-08-21T00:00:00Z 0.00058 15 25946
2014-08-20T23:00:00Z 0.00059 14 23754
2014-08-20T22:00:00Z 0.00052 11 21086
2014-08-20T21:00:00Z 0.00078 15 19137
2014-08-20T20:00:00Z 0.00110 19 17310
2014-08-20T19:00:00Z 0.00102 16 15683
2014-08-20T23:00:00Z 0.00059 14 23754
2014-08-20T22:00:00Z 0.00052 11 21086
2014-08-20T21:00:00Z 0.00078 15 19137
2014-08-20T20:00:00Z 0.00110 19 17310
2014-08-20T19:00:00Z 0.00102 16 15683
2014-08-20T18:00:00Z 0.00103 15 14518
2014-08-20T22:00:00Z 0.00052 11 21086
2014-08-20T21:00:00Z 0.00078 15 19137
2014-08-20T20:00:00Z 0.00110 19 17310
2014-08-20T19:00:00Z 0.00102 16 15683
2014-08-20T18:00:00Z 0.00103 15 14518
2014-08-20T17:00:00Z 0.00120 16 13376
2014-08-20T21:00:00Z 0.00078 15 19137
2014-08-20T20:00:00Z 0.00110 19 17310
2014-08-20T19:00:00Z 0.00102 16 15683
2014-08-20T18:00:00Z 0.00103 15 14518
2014-08-20T17:00:00Z 0.00120 16 13376
2014-08-20T16:00:00Z 0.00107 13 12134
2014-08-20T20:00:00Z 0.00110 19 17310
2014-08-20T19:00:00Z 0.00102 16 15683
2014-08-20T18:00:00Z 0.00103 15 14518
2014-08-20T17:00:00Z 0.00120 16 13376
2014-08-20T16:00:00Z 0.00107 13 12134
2014-08-20T15:00:00Z 0.00101 11 10908
2014-08-30T03:00:00Z 0.00106 16 15049
2014-08-30T02:00:00Z 0.00120 19 15788
2014-08-30T01:00:00Z 0.00128 21 16401
2014-08-30T00:00:00Z 0.00128 21 16344
2014-08-29T23:00:00Z 0.00135 21 15552
2014-08-29T22:00:00Z 0.00145 21 14489
2014-08-30T02:00:00Z 0.00120 19 15788
2014-08-30T01:00:00Z 0.00128 21 16401
2014-08-30T00:00:00Z 0.00128 21 16344
2014-08-29T23:00:00Z 0.00135 21 15552
2014-08-29T22:00:00Z 0.00145 21 14489
2014-08-29T21:00:00Z 0.00162 22 13578
2014-08-30T01:00:00Z 0.00128 21 16401
2014-08-30T00:00:00Z 0.00128 21 16344
2014-08-29T23:00:00Z 0.00135 21 15552
2014-08-29T22:00:00Z 0.00145 21 14489
2014-08-29T21:00:00Z 0.00162 22 13578
2014-08-29T20:00:00Z 0.00147 19 12955
2014-08-30T00:00:00Z 0.00128 21 16344
2014-08-29T23:00:00Z 0.00135 21 15552
2014-08-29T22:00:00Z 0.00145 21 14489
2014-08-29T21:00:00Z 0.00162 22 13578
2014-08-29T20:00:00Z 0.00147 19 12955
2014-08-29T19:00:00Z 0.00169 21 12403
2014-08-29T23:00:00Z 0.00135 21 15552
2014-08-29T22:00:00Z 0.00145 21 14489
2014-08-29T21:00:00Z 0.00162 22 13578
2014-08-29T20:00:00Z 0.00147 19 12955
2014-08-29T19:00:00Z 0.00169 21 12403
2014-08-29T18:00:00Z 0.00154 18 11653
2014-08-29T22:00:00Z 0.00145 21 14489
2014-08-29T21:00:00Z 0.00162 22 13578
2014-08-29T20:00:00Z 0.00147 19 12955
2014-08-29T19:00:00Z 0.00169 21 12403
2014-08-29T18:00:00Z 0.00154 18 11653
2014-08-29T17:00:00Z 0.00150 16 10698
2014-09-01T09:00:00Z 0.00279 27 9685
2014-09-01T08:00:00Z 0.00224 24 10692
2014-09-01T07:00:00Z 0.00156 18 11552
2014-09-01T06:00:00Z 0.00158 20 12692
2014-09-01T05:00:00Z 0.00187 26 13911
2014-09-01T04:00:00Z 0.00214 32 14946
2014-09-01T08:00:00Z 0.00224 24 10692
2014-09-01T07:00:00Z 0.00156 18 11552
2014-09-01T06:00:00Z 0.00158 20 12692
2014-09-01T05:00:00Z 0.00187 26 13911
2014-09-01T04:00:00Z 0.00214 32 14946
2014-09-01T03:00:00Z 0.00245 39 15897
2014-09-01T07:00:00Z 0.00156 18 11552
2014-09-01T06:00:00Z 0.00158 20 12692
2014-09-01T05:00:00Z 0.00187 26 13911
2014-09-01T04:00:00Z 0.00214 32 14946
2014-09-01T03:00:00Z 0.00245 39 15897
2014-09-01T02:00:00Z 0.00250 42 16832
2014-09-01T06:00:00Z 0.00158 20 12692
2014-09-01T05:00:00Z 0.00187 26 13911
2014-09-01T04:00:00Z 0.00214 32 14946
2014-09-01T03:00:00Z 0.00245 39 15897
2014-09-01T02:00:00Z 0.00250 42 16832
2014-09-01T01:00:00Z 0.00246 43 17495
2014-09-01T05:00:00Z 0.00187 26 13911
2014-09-01T04:00:00Z 0.00214 32 14946
2014-09-01T03:00:00Z 0.00245 39 15897
2014-09-01T02:00:00Z 0.00250 42 16832
2014-09-01T01:00:00Z 0.00246 43 17495
2014-09-01T00:00:00Z 0.00245 43 17568
2014-09-01T04:00:00Z 0.00214 32 14946
2014-09-01T03:00:00Z 0.00245 39 15897
2014-09-01T02:00:00Z 0.00250 42 16832
2014-09-01T01:00:00Z 0.00246 43 17495
2014-09-01T00:00:00Z 0.00245 43 17568
2014-08-31T23:00:00Z 0.00261 44 16867
2014-09-05T19:00:00Z 0.00716 68 9498
2014-09-05T18:00:00Z 0.00635 57 8977
2014-09-05T17:00:00Z 0.00625 52 8319
2014-09-05T16:00:00Z 0.00598 46 7698
2014-09-05T15:00:00Z 0.00553 39 7058
2014-09-05T14:00:00Z 0.00531 34 6405
2014-09-05T18:00:00Z 0.00635 57 8977
2014-09-05T17:00:00Z 0.00625 52 8319
2014-09-05T16:00:00Z 0.00598 46 7698
2014-09-05T15:00:00Z 0.00553 39 7058
2014-09-05T14:00:00Z 0.00531 34 6405
2014-09-05T13:00:00Z 0.00555 33 5945
2014-09-05T17:00:00Z 0.00625 52 8319
2014-09-05T16:00:00Z 0.00598 46 7698
2014-09-05T15:00:00Z 0.00553 39 7058
2014-09-05T14:00:00Z 0.00531 34 6405
2014-09-05T13:00:00Z 0.00555 33 5945
2014-09-05T12:00:00Z 0.00292 17 5825
2014-09-05T16:00:00Z 0.00598 46 7698
2014-09-05T15:00:00Z 0.00553 39 7058
2014-09-05T14:00:00Z 0.00531 34 6405
2014-09-05T13:00:00Z 0.00555 33 5945
2014-09-05T12:00:00Z 0.00292 17 5825
2014-09-05T11:00:00Z 0.00259 16 6188
2014-09-05T15:00:00Z 0.00553 39 7058
2014-09-05T14:00:00Z 0.00531 34 6405
2014-09-05T13:00:00Z 0.00555 33 5945
2014-09-05T12:00:00Z 0.00292 17 5825
2014-09-05T11:00:00Z 0.00259 16 6188
2014-09-05T10:00:00Z 0.00217 15 6914
2014-09-20T17:00:00Z 0.00099 7 7059
2014-09-20T16:00:00Z 0.00109 7 6433
2014-09-20T15:00:00Z 0.00069 4 5790
2014-09-20T14:00:00Z 0.00077 4 5170
2014-09-20T13:00:00Z 0.00107 5 4686
2014-09-20T12:00:00Z 0.00111 5 4499
2014-09-20T16:00:00Z 0.00109 7 6433
2014-09-20T15:00:00Z 0.00069 4 5790
2014-09-20T14:00:00Z 0.00077 4 5170
2014-09-20T13:00:00Z 0.00107 5 4686
2014-09-20T12:00:00Z 0.00111 5 4499
2014-09-20T11:00:00Z 0.00106 5 4697
2014-09-20T15:00:00Z 0.00069 4 5790
2014-09-20T14:00:00Z 0.00077 4 5170
2014-09-20T13:00:00Z 0.00107 5 4686
2014-09-20T12:00:00Z 0.00111 5 4499
2014-09-20T11:00:00Z 0.00106 5 4697
2014-09-20T10:00:00Z 0.00081 4 4954
2014-09-20T14:00:00Z 0.00077 4 5170
2014-09-20T13:00:00Z 0.00107 5 4686
2014-09-20T12:00:00Z 0.00111 5 4499
2014-09-20T11:00:00Z 0.00106 5 4697
2014-09-20T10:00:00Z 0.00081 4 4954
2014-09-20T09:00:00Z 0.00116 6 5152
2014-09-25T10:00:00Z 0.00055 2 3623
2014-09-25T09:00:00Z 0.00025 1 3962
2014-09-25T08:00:00Z 0.00024 1 4183
2014-09-25T07:00:00Z 0.00023 1 4375
2014-09-25T06:00:00Z 0.00043 2 4624
2014-09-25T05:00:00Z 0.00041 2 4862
2014-09-25T09:00:00Z 0.00025 1 3962
2014-09-25T08:00:00Z 0.00024 1 4183
2014-09-25T07:00:00Z 0.00023 1 4375
2014-09-25T06:00:00Z 0.00043 2 4624
2014-09-25T05:00:00Z 0.00041 2 4862
2014-09-25T04:00:00Z 0.00039 2 5162
2014-09-25T08:00:00Z 0.00024 1 4183
2014-09-25T07:00:00Z 0.00023 1 4375
2014-09-25T06:00:00Z 0.00043 2 4624
2014-09-25T05:00:00Z 0.00041 2 4862
2014-09-25T04:00:00Z 0.00039 2 5162
2014-09-25T03:00:00Z 0.00055 3 5451
2014-09-25T07:00:00Z 0.00023 1 4375
2014-09-25T06:00:00Z 0.00043 2 4624
2014-09-25T05:00:00Z 0.00041 2 4862
2014-09-25T04:00:00Z 0.00039 2 5162
2014-09-25T03:00:00Z 0.00055 3 5451
2014-09-25T02:00:00Z 0.00070 4 5717
2014-09-25T06:00:00Z 0.00043 2 4624
2014-09-25T05:00:00Z 0.00041 2 4862
2014-09-25T04:00:00Z 0.00039 2 5162
2014-09-25T03:00:00Z 0.00055 3 5451
2014-09-25T02:00:00Z 0.00070 4 5717
2014-09-25T01:00:00Z 0.00067 4 5987
2014-09-25T05:00:00Z 0.00041 2 4862
2014-09-25T04:00:00Z 0.00039 2 5162
2014-09-25T03:00:00Z 0.00055 3 5451
2014-09-25T02:00:00Z 0.00070 4 5717
2014-09-25T01:00:00Z 0.00067 4 5987
2014-09-25T00:00:00Z 0.00067 4 5973
2014-10-03T14:00:00Z 0.00294 23 7820
2014-10-03T13:00:00Z 0.00292 21 7201
2014-10-03T12:00:00Z 0.00223 16 7191
2014-10-03T11:00:00Z 0.00154 12 7806
2014-10-03T10:00:00Z 0.00104 9 8654
2014-10-03T09:00:00Z 0.00064 6 9365
2014-10-03T13:00:00Z 0.00292 21 7201
2014-10-03T12:00:00Z 0.00223 16 7191
2014-10-03T11:00:00Z 0.00154 12 7806
2014-10-03T10:00:00Z 0.00104 9 8654
2014-10-03T09:00:00Z 0.00064 6 9365
2014-10-03T08:00:00Z 0.00060 6 10014
2014-10-03T12:00:00Z 0.00223 16 7191
2014-10-03T11:00:00Z 0.00154 12 7806
2014-10-03T10:00:00Z 0.00104 9 8654
2014-10-03T09:00:00Z 0.00064 6 9365
2014-10-03T08:00:00Z 0.00060 6 10014
2014-10-03T07:00:00Z 0.00056 6 10749
2014-10-03T11:00:00Z 0.00154 12 7806
2014-10-03T10:00:00Z 0.00104 9 8654
2014-10-03T09:00:00Z 0.00064 6 9365
2014-10-03T08:00:00Z 0.00060 6 10014
2014-10-03T07:00:00Z 0.00056 6 10749
2014-10-03T06:00:00Z 0.00060 7 11685
2014-10-03T10:00:00Z 0.00104 9 8654
2014-10-03T09:00:00Z 0.00064 6 9365
2014-10-03T08:00:00Z 0.00060 6 10014
2014-10-03T07:00:00Z 0.00056 6 10749
2014-10-03T06:00:00Z 0.00060 7 11685
2014-10-03T05:00:00Z 0.00085 11 12889
2014-10-03T09:00:00Z 0.00064 6 9365
2014-10-03T08:00:00Z 0.00060 6 10014
2014-10-03T07:00:00Z 0.00056 6 10749
2014-10-03T06:00:00Z 0.00060 7 11685
2014-10-03T05:00:00Z 0.00085 11 12889
2014-10-03T04:00:00Z 0.00086 12 14022
2014-10-07T13:00:00Z 0.00162 13 8047
2014-10-07T12:00:00Z 0.00170 14 8228
2014-10-07T11:00:00Z 0.00153 14 9157
2014-10-07T10:00:00Z 0.00153 16 10426
2014-10-07T09:00:00Z 0.00150 17 11357
2014-10-07T08:00:00Z 0.00162 20 12381
2014-10-07T12:00:00Z 0.00170 14 8228
2014-10-07T11:00:00Z 0.00153 14 9157
2014-10-07T10:00:00Z 0.00153 16 10426
2014-10-07T09:00:00Z 0.00150 17 11357
2014-10-07T08:00:00Z 0.00162 20 12381
2014-10-07T07:00:00Z 0.00184 25 13581
2014-10-07T11:00:00Z 0.00153 14 9157
2014-10-07T10:00:00Z 0.00153 16 10426
2014-10-07T09:00:00Z 0.00150 17 11357
2014-10-07T08:00:00Z 0.00162 20 12381
2014-10-07T07:00:00Z 0.00184 25 13581
2014-10-07T06:00:00Z 0.00227 33 14569
2014-10-07T10:00:00Z 0.00153 16 10426
2014-10-07T09:00:00Z 0.00150 17 11357
2014-10-07T08:00:00Z 0.00162 20 12381
2014-10-07T07:00:00Z 0.00184 25 13581
2014-10-07T06:00:00Z 0.00227 33 14569
2014-10-07T05:00:00Z 0.00290 46 15887
2014-10-17T17:00:00Z 0.00139 10 7176
2014-10-17T16:00:00Z 0.00153 10 6542
2014-10-17T15:00:00Z 0.00134 8 5963
2014-10-17T14:00:00Z 0.00147 8 5447
2014-10-17T13:00:00Z 0.00164 8 4889
2014-10-17T12:00:00Z 0.00175 8 4565
2014-10-17T16:00:00Z 0.00153 10 6542
2014-10-17T15:00:00Z 0.00134 8 5963
2014-10-17T14:00:00Z 0.00147 8 5447
2014-10-17T13:00:00Z 0.00164 8 4889
2014-10-17T12:00:00Z 0.00175 8 4565
2014-10-17T11:00:00Z 0.00127 6 4730
2014-10-17T15:00:00Z 0.00134 8 5963
2014-10-17T14:00:00Z 0.00147 8 5447
2014-10-17T13:00:00Z 0.00164 8 4889
2014-10-17T12:00:00Z 0.00175 8 4565
2014-10-17T11:00:00Z 0.00127 6 4730
2014-10-17T10:00:00Z 0.00118 6 5101
2014-10-17T14:00:00Z 0.00147 8 5447
2014-10-17T13:00:00Z 0.00164 8 4889
2014-10-17T12:00:00Z 0.00175 8 4565
2014-10-17T11:00:00Z 0.00127 6 4730
2014-10-17T10:00:00Z 0.00118 6 5101
2014-10-17T09:00:00Z 0.00108 6 5560
2014-10-17T13:00:00Z 0.00164 8 4889
2014-10-17T12:00:00Z 0.00175 8 4565
2014-10-17T11:00:00Z 0.00127 6 4730
2014-10-17T10:00:00Z 0.00118 6 5101
2014-10-17T09:00:00Z 0.00108 6 5560
2014-10-17T08:00:00Z 0.00083 5 6053
2014-10-17T12:00:00Z 0.00175 8 4565
2014-10-17T11:00:00Z 0.00127 6 4730
2014-10-17T10:00:00Z 0.00118 6 5101
2014-10-17T09:00:00Z 0.00108 6 5560
2014-10-17T08:00:00Z 0.00083 5 6053
2014-10-17T07:00:00Z 0.00077 5 6485
2014-10-18T11:00:00Z 0.00146 9 6167
2014-10-18T10:00:00Z 0.00131 9 6846
2014-10-18T09:00:00Z 0.00109 8 7335
2014-10-18T08:00:00Z 0.00093 7 7536
2014-10-18T07:00:00Z 0.00128 10 7805
2014-10-18T06:00:00Z 0.00147 12 8141
2014-10-18T10:00:00Z 0.00131 9 6846
2014-10-18T09:00:00Z 0.00109 8 7335
2014-10-18T08:00:00Z 0.00093 7 7536
2014-10-18T07:00:00Z 0.00128 10 7805
2014-10-18T06:00:00Z 0.00147 12 8141
2014-10-18T05:00:00Z 0.00163 14 8611
2014-10-18T09:00:00Z 0.00109 8 7335
2014-10-18T08:00:00Z 0.00093 7 7536
2014-10-18T07:00:00Z 0.00128 10 7805
2014-10-18T06:00:00Z 0.00147 12 8141
2014-10-18T05:00:00Z 0.00163 14 8611
2014-10-18T04:00:00Z 0.00152 14 9224
2014-10-18T08:00:00Z 0.00093 7 7536
2014-10-18T07:00:00Z 0.00128 10 7805
2014-10-18T06:00:00Z 0.00147 12 8141
2014-10-18T05:00:00Z 0.00163 14 8611
2014-10-18T04:00:00Z 0.00152 14 9224
2014-10-18T03:00:00Z 0.00164 16 9784
2014-10-18T07:00:00Z 0.00128 10 7805
2014-10-18T06:00:00Z 0.00147 12 8141
2014-10-18T05:00:00Z 0.00163 14 8611
2014-10-18T04:00:00Z 0.00152 14 9224
2014-10-18T03:00:00Z 0.00164 16 9784
2014-10-18T02:00:00Z 0.00165 17 10280
2014-10-18T06:00:00Z 0.00147 12 8141
2014-10-18T05:00:00Z 0.00163 14 8611
2014-10-18T04:00:00Z 0.00152 14 9224
2014-10-18T03:00:00Z 0.00164 16 9784
2014-10-18T02:00:00Z 0.00165 17 10280
2014-10-18T01:00:00Z 0.00130 14 10804
2014-10-29T15:00:00Z 0.00000 0 0
2014-10-29T14:00:00Z 0.00000 0 0
2014-10-29T13:00:00Z 0.00000 0 0
2014-10-29T12:00:00Z 0.00000 0 0
2014-10-29T11:00:00Z 0.00000 0 0
2014-10-29T10:00:00Z 0.00000 0 0
2014-10-29T14:00:00Z 0.00000 0 0
2014-10-29T13:00:00Z 0.00000 0 0
2014-10-29T12:00:00Z 0.00000 0 0
2014-10-29T11:00:00Z 0.00000 0 0
2014-10-29T10:00:00Z 0.00000 0 0
2014-10-29T09:00:00Z 0.00000 0 0
2014-10-29T13:00:00Z 0.00000 0 0
2014-10-29T12:00:00Z 0.00000 0 0
2014-10-29T11:00:00Z 0.00000 0 0
2014-10-29T10:00:00Z 0.00000 0 0
2014-10-29T09:00:00Z 0.00000 0 0
2014-10-29T08:00:00Z 0.00000 0 0
2014-10-29T12:00:00Z 0.00000 0 0
2014-10-29T11:00:00Z 0.00000 0 0
2014-10-29T10:00:00Z 0.00000 0 0
2014-10-29T09:00:00Z 0.00000 0 0
2014-10-29T08:00:00Z 0.00000 0 0
2014-10-29T07:00:00Z 0.00000 0 0
2014-10-29T11:00:00Z 0.00000 0 0
2014-10-29T10:00:00Z 0.00000 0 0
2014-10-29T09:00:00Z 0.00000 0 0
2014-10-29T08:00:00Z 0.00000 0 0
2014-10-29T07:00:00Z 0.00000 0 0
2014-10-29T06:00:00Z 0.00000 0 0
2014-10-29T10:00:00Z 0.00000 0 0
2014-10-29T09:00:00Z 0.00000 0 0
2014-10-29T08:00:00Z 0.00000 0 0
2014-10-29T07:00:00Z 0.00000 0 0
2014-10-29T06:00:00Z 0.00000 0 0
2014-10-29T05:00:00Z 0.00000 0 0
