2014-01-14T21:00:00Z 2.61593 44 16820
2014-01-14T20:00:00Z 2.73554 43 15719
2014-01-14T19:00:00Z 2.63353 39 14809
2014-01-14T18:00:00Z 2.57107 35 13613
2014-01-30T18:00:00Z 0.00000 0 1542
2014-02-05T22:00:00Z 1.11037 5 4503
2014-02-05T21:00:00Z 0.96502 4 4145
2014-02-05T20:00:00Z 1.09051 4 3668
2014-02-05T19:00:00Z 0.61576 2 3248
2014-02-05T18:00:00Z 0.73314 2 2728
2014-02-19T22:00:00Z 0.63596 7 11007
2014-02-19T21:00:00Z 1.48200 17 11471
2014-02-19T20:00:00Z 2.39987 29 12084
2014-02-19T19:00:00Z 3.51537 43 12232
2014-02-19T18:00:00Z 3.60587 43 11925
2014-03-01T22:00:00Z 2.10757 25 11862
2014-03-01T21:00:00Z 2.19194 23 10493
2014-03-01T20:00:00Z 2.29406 22 9590
2014-03-01T19:00:00Z 2.53281 22 8686
2014-03-01T18:00:00Z 2.20407 17 7713
2014-03-30T23:00:00Z 1.25851 17 13508
2014-03-30T22:00:00Z 1.36360 17 12467
2014-03-30T21:00:00Z 1.62749 18 11060
2014-03-31T23:00:00Z 0.55654 5 8984
2014-03-31T22:00:00Z 0.83542 7 8379
2014-03-31T21:00:00Z 0.89709 7 7803
2014-03-31T20:00:00Z 1.61812 12 7416
2014-03-31T19:00:00Z 2.30880 16 6930
2014-03-31T18:00:00Z 2.34009 15 6410
2014-04-17T21:00:00Z 1.53925 3 1949
2014-04-17T20:00:00Z 3.24149 6 1851
2014-04-17T19:00:00Z 3.41103 6 1759
2014-04-17T18:00:00Z 3.63416 6 1651
2014-04-30T23:00:00Z 2.86260 3 1048
2014-04-30T22:00:00Z 3.05188 3 983
2014-04-30T21:00:00Z 3.09598 3 969
2014-07-02T21:00:00Z 1.76574 3 1699
2014-07-02T20:00:00Z 1.11545 2 1793
2014-07-02T19:00:00Z 0.53248 1 1878
2014-07-02T18:00:00Z 0.52770 1 1895
2014-07-05T18:00:00Z 0.00000 0 226
2014-08-19T23:00:00Z 0.52051 5 9606
2014-08-19T22:00:00Z 0.46838 4 8540
2014-08-19T21:00:00Z 0.51164 4 7818
2014-08-20T23:00:00Z 0.32927 5 15185
2014-08-20T22:00:00Z 0.30434 4 13143
2014-08-20T21:00:00Z 0.68829 8 11623
2014-08-20T20:00:00Z 1.07949 11 10190
2014-08-29T23:00:00Z 1.14679 10 8720
2014-08-29T22:00:00Z 1.36731 11 8045
2014-08-29T21:00:00Z 1.58793 12 7557
