2013-12-26T18:00:00Z 1.64677 12 7287
2013-12-26T19:00:00Z 2.29727 20 8706
2013-12-26T20:00:00Z 1.78639 19 10636
2013-12-26T21:00:00Z 1.58869 20 12589
2013-12-26T22:00:00Z 1.66263 24 14435
2013-12-26T23:00:00Z 1.47920 24 16225
2013-12-27T18:00:00Z 1.07875 5 4635
2013-12-27T19:00:00Z 1.00120 5 4994
2013-12-27T20:00:00Z 1.00563 5 4972
2013-12-27T21:00:00Z 0.61817 3 4853
2013-12-27T22:00:00Z 0.42043 2 4757
2013-12-27T23:00:00Z 0.42799 2 4673
2013-12-28T18:00:00Z 2.34742 5 2130
2013-12-28T19:00:00Z 2.17770 5 2296
2013-12-28T20:00:00Z 2.05931 5 2428
2013-12-28T21:00:00Z 1.93274 5 2587
2013-12-28T22:00:00Z 1.46252 4 2735
2013-12-28T23:00:00Z 1.40647 4 2844
2013-12-29T18:00:00Z 1.38249 6 4340
2013-12-29T19:00:00Z 1.21556 6 4936
2013-12-29T20:00:00Z 0.72754 4 5498
2013-12-29T21:00:00Z 0.65649 4 6093
2013-12-29T22:00:00Z 0.59666 4 6704
2013-12-29T23:00:00Z 0.40989 3 7319
2013-12-30T18:00:00Z 5.10067 19 3725
2013-12-30T19:00:00Z 4.69851 18 3831
2013-12-30T20:00:00Z 3.62506 14 3862
2013-12-30T21:00:00Z 2.22866 10 4487
2013-12-30T22:00:00Z 1.55414 9 5791
2013-12-30T23:00:00Z 1.34825 10 7417
2013-12-31T18:00:00Z 2.53521 18 7100
2013-12-31T19:00:00Z 2.41676 18 7448
2013-12-31T20:00:00Z 2.27030 17 7488
2013-12-31T21:00:00Z 1.85676 14 7540
2013-12-31T22:00:00Z 1.71617 13 7575
2013-12-31T23:00:00Z 1.21474 9 7409
2014-01-03T18:00:00Z 1.77069 8 4518
2014-01-03T19:00:00Z 1.52439 7 4592
2014-01-03T20:00:00Z 1.11458 5 4486
2014-01-03T21:00:00Z 0.93875 4 4261
2014-01-03T22:00:00Z 1.00553 4 3978
2014-01-03T23:00:00Z 0.54010 2 3703
2014-01-05T18:00:00Z 1.72961 6 3469
2014-01-05T19:00:00Z 1.71135 6 3506
2014-01-05T20:00:00Z 1.45730 5 3431
2014-01-05T21:00:00Z 1.27356 5 3926
2014-01-05T22:00:00Z 0.75529 4 5296
2014-01-07T19:00:00Z 4.58716 7 1526
2014-01-07T20:00:00Z 3.63196 6 1652
2014-01-07T21:00:00Z 2.81373 5 1777
2014-01-07T22:00:00Z 2.07039 4 1932
2014-01-07T23:00:00Z 1.87529 4 2133
2014-01-08T18:00:00Z 1.47565 3 2033
2014-01-08T19:00:00Z 1.36054 3 2205
2014-01-08T20:00:00Z 0.85763 2 2332
2014-01-08T21:00:00Z 0.80515 2 2484
2014-01-08T22:00:00Z 0.75529 2 2648
2014-01-08T23:00:00Z 0.69614 2 2873
2014-01-09T19:00:00Z 0.86957 2 2300
2014-01-09T20:00:00Z 0.83577 2 2393
2014-01-09T21:00:00Z 0.80483 2 2485
2014-01-09T22:00:00Z 0.37622 1 2658
2014-01-09T23:00:00Z 0.00000 0 2751
2014-01-10T22:00:00Z 0.85034 6 7056
2014-01-12T18:00:00Z 0.00000 0 2195
2014-01-12T19:00:00Z 0.39185 1 2552
2014-01-12T20:00:00Z 0.34165 1 2927
2014-01-12T21:00:00Z 0.30534 1 3275
2014-01-12T22:00:00Z 0.26724 1 3742
2014-01-12T23:00:00Z 0.23714 1 4217
2014-01-14T18:00:00Z 2.57107 35 13613
2014-01-14T19:00:00Z 2.63353 39 14809
2014-01-14T20:00:00Z 2.73554 43 15719
2014-01-14T21:00:00Z 2.61593 44 16820
2014-01-18T18:00:00Z 9.65202 38 3937
2014-01-18T19:00:00Z 9.71116 39 4016
2014-01-19T19:00:00Z 1.99203 6 3012
2014-01-19T20:00:00Z 1.57085 5 3183
2014-01-19T22:00:00Z 1.45208 6 4132
2014-01-19T23:00:00Z 1.34771 6 4452
2014-01-20T18:00:00Z 2.37459 8 3369
2014-01-20T19:00:00Z 2.67094 10 3744
2014-01-20T20:00:00Z 1.66985 7 4192
2014-01-20T21:00:00Z 1.45033 6 4137
2014-01-20T22:00:00Z 1.69041 7 4141
2014-01-20T23:00:00Z 1.34680 6 4455
2014-01-21T18:00:00Z 1.96399 6 3055
2014-01-21T19:00:00Z 1.95440 6 3070
2014-01-21T20:00:00Z 1.37457 4 2910
2014-01-21T21:00:00Z 1.13122 3 2652
2014-01-24T18:00:00Z 2.35171 9 3827
2014-01-24T19:00:00Z 2.06706 9 4354
2014-01-24T20:00:00Z 1.75477 8 4559
2014-01-24T21:00:00Z 1.70758 8 4685
2014-01-24T22:00:00Z 1.65460 8 4835
2014-01-24T23:00:00Z 1.59968 8 5001
2014-01-25T23:00:00Z 3.16456 8 2528
2014-01-26T18:00:00Z 3.50058 3 857
2014-01-26T19:00:00Z 4.17537 4 958
2014-01-26T23:00:00Z 2.46103 3 1219
2014-01-27T18:00:00Z 1.05374 2 1898
2014-01-27T19:00:00Z 0.50994 1 1961
2014-01-27T20:00:00Z 0.51256 1 1951
2014-01-27T21:00:00Z 0.52438 1 1907
2014-01-27T23:00:00Z 0.50556 1 1978
2014-01-28T18:00:00Z 0.89686 1 1115
2014-01-28T19:00:00Z 0.85324 1 1172
2014-01-28T20:00:00Z 1.57604 2 1269
2014-01-28T22:00:00Z 1.18554 2 1687
2014-01-28T23:00:00Z 1.03252 2 1937
2014-01-30T18:00:00Z 0.00000 0 1542
2014-02-01T18:00:00Z 2.53936 5 1969
2014-02-02T18:00:00Z 1.15920 3 2588
2014-02-02T19:00:00Z 1.46843 4 2724
2014-02-02T20:00:00Z 1.39665 4 2864
2014-02-02T21:00:00Z 1.35962 4 2942
2014-02-02T22:00:00Z 1.28000 4 3125
2014-02-02T23:00:00Z 0.87489 3 3429
2014-02-03T18:00:00Z 2.38917 9 3767
2014-02-03T19:00:00Z 2.80971 11 3915
2014-02-03T20:00:00Z 2.97177 12 4038
2014-02-03T21:00:00Z 3.34608 14 4184
2014-02-03T22:00:00Z 2.77393 12 4326
2014-02-03T23:00:00Z 2.14316 10 4666
2014-02-04T18:00:00Z 1.40252 4 2852
2014-02-04T19:00:00Z 1.43719 5 3479
2014-02-04T20:00:00Z 1.31683 5 3797
2014-02-04T21:00:00Z 1.26390 5 3956
2014-02-04T22:00:00Z 1.20656 5 4144
2014-02-05T18:00:00Z 0.73314 2 2728
2014-02-05T19:00:00Z 0.61576 2 3248
2014-02-05T20:00:00Z 1.09051 4 3668
2014-02-05T21:00:00Z 0.96502 4 4145
2014-02-05T22:00:00Z 1.11037 5 4503
2014-02-06T18:00:00Z 1.71999 5 2907
2014-02-06T19:00:00Z 1.92555 6 3116
2014-02-06T20:00:00Z 2.05459 7 3407
2014-02-07T18:00:00Z 1.00040 5 4998
2014-02-07T19:00:00Z 0.97390 5 5134
2014-02-07T20:00:00Z 0.40048 2 4994
2014-02-08T18:00:00Z 0.00000 0 2017
2014-02-08T19:00:00Z 0.00000 0 2114
2014-02-08T20:00:00Z 0.00000 0 2152
2014-02-08T21:00:00Z 0.00000 0 2178
2014-02-08T22:00:00Z 0.00000 0 2234
2014-02-08T23:00:00Z 0.00000 0 2310
2014-02-09T18:00:00Z 0.44524 1 2246
2014-02-09T19:00:00Z 0.42017 1 2380
2014-02-09T20:00:00Z 0.40112 1 2493
2014-02-09T21:00:00Z 0.38358 1 2607
2014-02-09T22:00:00Z 0.37023 1 2701
2014-02-09T23:00:00Z 0.34831 1 2871
2014-02-10T18:00:00Z 1.67645 4 2386
2014-02-10T19:00:00Z 1.94780 5 2567
2014-02-10T20:00:00Z 1.80180 5 2775
2014-02-10T21:00:00Z 1.31796 4 3035
2014-02-10T22:00:00Z 0.88496 3 3390
2014-02-10T23:00:00Z 0.77101 3 3891
2014-02-12T23:00:00Z 0.59372 7 11790
2014-02-17T19:00:00Z 5.44774 16 2937
2014-02-17T20:00:00Z 5.29661 15 2832
2014-02-17T21:00:00Z 0.37693 1 2653
2014-02-17T22:00:00Z 0.35932 1 2783
2014-02-17T23:00:00Z 0.32373 1 3089
2014-02-18T18:00:00Z 2.72257 10 3673
2014-02-18T21:00:00Z 1.67848 9 5362
2014-02-18T22:00:00Z 1.09856 7 6372
2014-02-19T18:00:00Z 3.60587 43 11925
2014-02-19T19:00:00Z 3.51537 43 12232
2014-02-19T20:00:00Z 2.39987 29 12084
2014-02-19T21:00:00Z 1.48200 17 11471
2014-02-19T22:00:00Z 0.63596 7 11007
2014-02-26T20:00:00Z 3.42550 42 12261
2014-02-26T21:00:00Z 2.90081 41 14134
2014-02-26T22:00:00Z 2.49210 41 16452
2014-02-26T23:00:00Z 2.36776 44 18583
2014-02-27T18:00:00Z 1.89434 9 4751
2014-02-27T19:00:00Z 2.59403 12 4626
2014-02-27T20:00:00Z 3.03644 12 3952
2014-02-27T21:00:00Z 2.43817 7 2871
2014-02-27T22:00:00Z 2.69784 6 2224
2014-02-27T23:00:00Z 1.92585 4 2077
2014-03-01T18:00:00Z 2.20407 17 7713
2014-03-01T19:00:00Z 2.53281 22 8686
2014-03-01T20:00:00Z 2.29406 22 9590
2014-03-01T21:00:00Z 2.19194 23 10493
2014-03-01T22:00:00Z 2.10757 25 11862
2014-03-04T18:00:00Z 1.61431 13 8053
2014-03-04T19:00:00Z 1.76698 16 9055
2014-03-04T20:00:00Z 2.19429 22 10026
2014-03-04T21:00:00Z 1.75208 20 11415
2014-03-06T19:00:00Z 1.39548 5 3583
2014-03-06T20:00:00Z 1.45349 6 4128
2014-03-07T18:00:00Z 2.30917 18 7795
2014-03-07T19:00:00Z 2.26947 19 8372
2014-03-07T20:00:00Z 2.12433 19 8944
2014-03-07T21:00:00Z 2.25490 23 10200
2014-03-07T22:00:00Z 2.24875 26 11562
2014-03-07T23:00:00Z 2.11268 27 12780
2014-03-09T20:00:00Z 0.85616 2 2336
2014-03-09T21:00:00Z 0.91033 2 2197
2014-03-09T22:00:00Z 0.97040 2 2061
2014-03-09T23:00:00Z 0.52301 1 1912
2014-03-10T18:00:00Z 1.75131 2 1142
2014-03-11T22:00:00Z 1.59795 5 3129
2014-03-11T23:00:00Z 0.63291 2 3160
2014-03-13T18:00:00Z 2.82187 16 5670
2014-03-13T19:00:00Z 3.07245 19 6184
2014-03-13T20:00:00Z 2.55409 17 6656
2014-03-14T18:00:00Z 2.09721 17 8106
2014-03-14T19:00:00Z 2.61691 23 8789
2014-03-14T20:00:00Z 2.13744 20 9357
2014-03-14T21:00:00Z 1.80072 18 9996
2014-03-14T22:00:00Z 1.50759 16 10613
2014-03-14T23:00:00Z 1.54602 17 10996
2014-03-15T19:00:00Z 2.91545 15 5145
2014-03-15T20:00:00Z 2.90360 15 5166
2014-03-17T18:00:00Z 1.89286 10 5283
2014-03-17T19:00:00Z 1.70765 10 5856
2014-03-17T20:00:00Z 1.55836 10 6417
2014-03-17T21:00:00Z 1.14926 8 6961
2014-03-17T22:00:00Z 0.79460 6 7551
2014-03-17T23:00:00Z 0.72202 6 8310
2014-03-17T23:00:00Z 0.72202 6 8310
2014-03-18T18:00:00Z 2.42490 18 7423
2014-03-18T19:00:00Z 3.08721 24 7774
2014-03-18T20:00:00Z 2.95578 25 8458
2014-03-18T21:00:00Z 2.26311 23 10163
2014-03-18T22:00:00Z 1.98249 24 12106
2014-03-18T23:00:00Z 1.61437 23 14247
2014-03-19T18:00:00Z 2.29008 9 3930
2014-03-19T19:00:00Z 2.32378 9 3873
2014-03-19T20:00:00Z 1.87718 7 3729
2014-03-19T21:00:00Z 1.13475 4 3525
2014-03-19T22:00:00Z 0.58997 2 3390
2014-03-20T18:00:00Z 4.01731 13 3236
2014-03-20T19:00:00Z 4.22386 16 3788
2014-03-20T20:00:00Z 3.70628 16 4317
2014-03-20T21:00:00Z 2.65577 13 4895
2014-03-20T22:00:00Z 1.08206 6 5545
2014-03-20T23:00:00Z 0.79453 5 6293
2014-03-21T18:00:00Z 2.95823 25 8451
2014-03-21T19:00:00Z 3.22724 29 8986
2014-03-21T20:00:00Z 3.27108 31 9477
2014-03-21T21:00:00Z 2.49443 28 11225
2014-03-21T22:00:00Z 2.41723 33 13652
2014-03-21T23:00:00Z 1.96763 31 15755
2014-03-22T18:00:00Z 4.07830 10 2452
2014-03-22T21:00:00Z 3.53878 12 3391
2014-03-27T18:00:00Z 3.12012 34 10897
2014-03-27T19:00:00Z 3.18445 39 12247
2014-03-27T20:00:00Z 2.80608 38 13542
2014-03-28T18:00:00Z 6.93963 10 1441
2014-03-29T18:00:00Z 5.32574 43 8074
2014-03-29T19:00:00Z 4.77598 42 8794
2014-03-29T20:00:00Z 4.89987 46 9388
2014-03-29T21:00:00Z 4.64928 46 9894
2014-03-29T22:00:00Z 4.23118 44 10399
2014-03-29T23:00:00Z 2.83914 32 11271
2014-03-30T18:00:00Z 2.14316 20 9332
2014-03-30T19:00:00Z 2.21395 22 9937
2014-03-30T20:00:00Z 2.00726 21 10462
2014-03-30T21:00:00Z 1.62749 18 11060
2014-03-30T22:00:00Z 1.36360 17 12467
2014-03-30T23:00:00Z 1.25851 17 13508
2014-03-31T18:00:00Z 2.34009 15 6410
2014-03-31T19:00:00Z 2.30880 16 6930
2014-03-31T19:00:00Z 2.30880 16 6930
2014-03-31T22:00:00Z 0.83542 7 8379
2014-03-31T23:00:00Z 0.55654 5 8984
2014-04-01T18:00:00Z 2.24571 34 15140
2014-04-01T19:00:00Z 2.44192 37 15152
2014-04-01T20:00:00Z 2.12285 31 14603
2014-04-01T21:00:00Z 1.63520 22 13454
2014-04-01T22:00:00Z 1.22971 15 12198
2014-04-01T23:00:00Z 1.08391 12 11071
2014-04-02T21:00:00Z 0.00000 0 1864
2014-04-02T22:00:00Z 0.00000 0 2110
2014-04-02T23:00:00Z 0.00000 0 2434
2014-04-04T21:00:00Z 1.48976 4 2685
2014-04-04T22:00:00Z 1.39276 3 2154
2014-04-04T23:00:00Z 1.66482 3 1802
2014-04-05T18:00:00Z 6.89655 1 145
2014-04-05T19:00:00Z 5.81395 1 172
2014-04-05T20:00:00Z 5.12821 1 195
2014-04-05T21:00:00Z 4.44444 1 225
2014-04-14T23:00:00Z 1.10365 12 10873
2014-04-15T18:00:00Z 1.53492 10 6515
2014-04-15T19:00:00Z 1.64547 11 6685
2014-04-15T20:00:00Z 1.67275 11 6576
2014-04-15T21:00:00Z 1.39405 9 6456
2014-04-15T22:00:00Z 1.09942 7 6367
2014-04-15T23:00:00Z 0.77567 5 6446
2014-04-16T18:00:00Z 2.25225 3 1332
2014-04-16T19:00:00Z 2.09644 3 1431
2014-04-16T20:00:00Z 2.00000 3 1500
2014-04-16T21:00:00Z 1.24611 2 1605
2014-04-16T22:00:00Z 0.00000 0 1656
2014-04-16T23:00:00Z 0.00000 0 1782
2014-04-17T18:00:00Z 3.63416 6 1651
2014-04-17T19:00:00Z 3.41103 6 1759
2014-04-17T20:00:00Z 3.24149 6 1851
2014-04-17T21:00:00Z 1.53925 3 1949
2014-04-18T21:00:00Z 1.94666 10 5137
2014-04-18T22:00:00Z 1.72058 10 5812
2014-04-18T23:00:00Z 1.36508 9 6593
2014-04-19T18:00:00Z 2.14617 19 8853
2014-04-19T19:00:00Z 2.08290 20 9602
2014-04-19T20:00:00Z 1.64537 17 10332
2014-04-19T21:00:00Z 1.47181 16 10871
2014-04-19T22:00:00Z 1.03520 12 11592
2014-04-19T23:00:00Z 0.80238 10 12463
2014-04-20T18:00:00Z 2.51371 11 4376
2014-04-20T19:00:00Z 2.63910 12 4547
2014-04-20T20:00:00Z 2.67082 12 4493
2014-04-20T21:00:00Z 2.74520 11 4007
2014-04-20T22:00:00Z 2.33577 8 3425
2014-04-20T23:00:00Z 2.04360 6 2936
2014-04-21T18:00:00Z 1.97628 2 1012
2014-04-21T19:00:00Z 1.80505 2 1108
2014-04-21T20:00:00Z 0.00000 0 1198
2014-04-21T21:00:00Z 0.00000 0 1253
2014-04-21T22:00:00Z 0.00000 0 1353
2014-04-21T23:00:00Z 0.00000 0 1473
2014-04-22T18:00:00Z 2.27618 6 2636
2014-04-22T19:00:00Z 2.87666 8 2781
2014-04-22T20:00:00Z 3.03849 9 2962
2014-04-22T21:00:00Z 2.58900 8 3090
2014-04-22T22:00:00Z 2.45173 8 3263
2014-04-22T23:00:00Z 1.66806 6 3597
2014-04-23T20:00:00Z 1.93611 14 7231
2014-04-23T21:00:00Z 1.42894 11 7698
2014-04-23T22:00:00Z 1.30984 11 8398
2014-04-23T23:00:00Z 1.07434 10 9308
2014-04-25T22:00:00Z 2.77350 9 3245
2014-04-25T23:00:00Z 2.40529 8 3326
2014-04-26T18:00:00Z 1.56250 3 1920
2014-04-26T19:00:00Z 1.34710 3 2227
2014-04-26T20:00:00Z 1.98177 5 2523
2014-04-26T21:00:00Z 2.08551 6 2877
2014-04-26T22:00:00Z 1.50105 5 3331
2014-04-26T23:00:00Z 1.31891 5 3791
2014-04-27T18:00:00Z 1.38589 9 6494
2014-04-27T19:00:00Z 1.54625 11 7114
2014-04-27T20:00:00Z 1.54779 12 7753
2014-04-27T21:00:00Z 1.42704 12 8409
2014-04-27T22:00:00Z 1.33556 12 8985
2014-04-27T23:00:00Z 1.02859 10 9722
2014-04-28T18:00:00Z 2.00422 19 9480
2014-04-28T19:00:00Z 1.97331 21 10642
2014-04-28T20:00:00Z 1.33078 16 12023
2014-04-28T21:00:00Z 0.96683 13 13446
2014-04-28T22:00:00Z 0.92691 14 15104
2014-04-28T23:00:00Z 0.89307 15 16796
2014-04-29T18:00:00Z 2.03874 10 4905
2014-04-29T19:00:00Z 2.10040 10 4761
2014-04-29T20:00:00Z 1.38376 6 4336
2014-04-29T21:00:00Z 0.75988 3 3948
2014-04-29T22:00:00Z 0.28209 1 3545
2014-04-29T23:00:00Z 0.30807 1 3246
2014-04-30T18:00:00Z 2.27015 2 881
2014-04-30T19:00:00Z 2.17155 2 921
2014-04-30T20:00:00Z 3.17460 3 945
2014-04-30T21:00:00Z 3.09598 3 969
2014-04-30T22:00:00Z 3.05188 3 983
2014-04-30T23:00:00Z 2.86260 3 1048
2014-05-01T18:00:00Z 16.96353 20 1179
2014-05-01T19:00:00Z 15.59934 19 1218
2014-05-01T20:00:00Z 15.01976 19 1265
2014-05-01T21:00:00Z 14.76301 19 1287
2014-05-01T22:00:00Z 13.39286 18 1344
2014-05-01T23:00:00Z 13.44657 19 1413
2014-05-02T18:00:00Z 2.23714 2 894
2014-05-02T19:00:00Z 2.09644 2 954
2014-05-02T20:00:00Z 0.99701 1 1003
2014-05-02T21:00:00Z 0.97752 1 1023
2014-05-02T22:00:00Z 0.91158 1 1097
2014-05-02T23:00:00Z 1.76991 2 1130
2014-05-03T20:00:00Z 2.09205 1 478
2014-05-03T21:00:00Z 3.34448 2 598
2014-05-03T22:00:00Z 2.78940 2 717
2014-05-03T23:00:00Z 2.31750 2 863
2014-05-04T18:00:00Z 5.34759 3 561
2014-05-04T19:00:00Z 5.63910 3 532
2014-05-04T20:00:00Z 0.00000 0 490
2014-05-04T21:00:00Z 0.00000 0 431
2014-05-04T22:00:00Z 0.00000 0 361
2014-05-04T23:00:00Z 0.00000 0 307
2014-05-05T18:00:00Z 0.00000 0 17
2014-05-05T19:00:00Z 0.00000 0 18
2014-05-05T20:00:00Z 0.00000 0 20
2014-05-05T21:00:00Z 0.00000 0 17
2014-05-05T22:00:00Z 0.00000 0 16
2014-05-05T23:00:00Z 0.00000 0 16
2014-05-06T18:00:00Z 0.00000 0 26
2014-05-06T19:00:00Z 0.00000 0 23
2014-05-06T20:00:00Z 0.00000 0 25
2014-05-06T21:00:00Z 0.00000 0 29
2014-05-06T22:00:00Z 0.00000 0 29
2014-05-07T18:00:00Z 0.00000 0 16
2014-05-07T19:00:00Z 0.00000 0 21
2014-05-07T20:00:00Z 0.00000 0 21
2014-05-07T21:00:00Z 0.00000 0 21
2014-05-07T22:00:00Z 0.00000 0 23
2014-05-07T23:00:00Z 0.00000 0 25
2014-05-08T18:00:00Z 0.00000 0 21
2014-05-08T19:00:00Z 0.00000 0 24
2014-05-08T20:00:00Z 0.00000 0 29
2014-05-08T21:00:00Z 0.00000 0 32
2014-05-08T22:00:00Z 0.00000 0 34
2014-05-08T23:00:00Z 0.00000 0 43
2014-05-09T18:00:00Z 0.00000 0 19
2014-05-09T19:00:00Z 0.00000 0 20
2014-05-09T20:00:00Z 0.00000 0 21
2014-05-09T21:00:00Z 0.00000 0 22
2014-05-09T22:00:00Z 0.00000 0 18
2014-05-09T23:00:00Z 0.00000 0 18
2014-05-10T18:00:00Z 0.00000 0 26
2014-05-10T19:00:00Z 0.00000 0 28
2014-05-10T20:00:00Z 0.00000 0 27
2014-05-10T21:00:00Z 0.00000 0 30
2014-05-10T22:00:00Z 0.00000 0 30
2014-05-10T23:00:00Z 0.00000 0 32
2014-05-11T18:00:00Z 27.02703 1 37
2014-05-11T19:00:00Z 25.00000 1 40
2014-05-11T20:00:00Z 22.72727 1 44
2014-05-11T21:00:00Z 23.25581 1 43
2014-05-11T22:00:00Z 26.31579 1 38
2014-05-11T23:00:00Z 0.00000 0 37
2014-05-12T18:00:00Z 0.00000 0 23
2014-05-12T19:00:00Z 0.00000 0 23
2014-05-12T20:00:00Z 0.00000 0 23
2014-05-12T21:00:00Z 0.00000 0 26
2014-05-12T22:00:00Z 0.00000 0 25
2014-05-12T23:00:00Z 0.00000 0 32
2014-05-13T18:00:00Z 0.00000 0 16
2014-05-13T19:00:00Z 0.00000 0 18
2014-05-13T20:00:00Z 0.00000 0 26
2014-05-13T21:00:00Z 0.00000 0 29
2014-05-13T22:00:00Z 0.00000 0 32
2014-05-13T23:00:00Z 0.00000 0 41
2014-05-14T18:00:00Z 0.00000 0 43
2014-05-14T19:00:00Z 0.00000 0 41
2014-05-14T20:00:00Z 0.00000 0 45
2014-05-14T21:00:00Z 0.00000 0 50
2014-05-14T22:00:00Z 0.00000 0 72
2014-05-14T23:00:00Z 0.00000 0 95
2014-05-16T18:00:00Z 1.99601 1 501
2014-05-16T19:00:00Z 1.91939 1 521
2014-05-16T20:00:00Z 1.83486 1 545
2014-05-16T21:00:00Z 1.73913 1 575
2014-05-16T22:00:00Z 1.62075 1 617
2014-05-16T23:00:00Z 1.50376 1 665
2014-05-17T18:00:00Z 1.35501 1 738
2014-05-17T19:00:00Z 1.23457 1 810
2014-05-17T20:00:00Z 0.00000 0 878
2014-05-17T21:00:00Z 1.04932 1 953
2014-05-17T22:00:00Z 0.93284 1 1072
2014-05-17T23:00:00Z 0.80257 1 1246
2014-05-19T18:00:00Z 0.92336 1 1083
2014-05-19T19:00:00Z 0.86881 1 1151
2014-05-19T20:00:00Z 0.83333 1 1200
2014-05-19T23:00:00Z 0.00000 0 1472
2014-05-20T18:00:00Z 0.00000 0 1391
2014-05-20T19:00:00Z 0.00000 0 1493
2014-05-20T20:00:00Z 0.00000 0 1549
2014-05-20T21:00:00Z 0.00000 0 1577
2014-05-22T18:00:00Z 3.32963 6 1802
2014-05-22T19:00:00Z 2.87026 5 1742
2014-05-22T20:00:00Z 1.20846 2 1655
2014-05-22T21:00:00Z 0.63735 1 1569
2014-05-22T22:00:00Z 0.64103 1 1560
2014-05-22T23:00:00Z 0.00000 0 1518
2014-05-23T18:00:00Z 0.00000 0 244
2014-05-23T19:00:00Z 0.00000 0 212
2014-05-23T20:00:00Z 0.00000 0 182
2014-05-23T22:00:00Z 0.00000 0 119
2014-05-23T23:00:00Z 0.00000 0 122
2014-05-24T18:00:00Z 0.00000 0 212
2014-05-24T19:00:00Z 0.00000 0 233
2014-05-24T20:00:00Z 0.00000 0 253
2014-05-24T21:00:00Z 0.00000 0 271
2014-05-24T22:00:00Z 0.00000 0 284
2014-05-24T23:00:00Z 0.00000 0 310
2014-05-25T18:00:00Z 0.00000 0 382
2014-05-25T19:00:00Z 0.00000 0 393
2014-05-25T20:00:00Z 0.00000 0 404
2014-05-25T21:00:00Z 0.00000 0 410
2014-05-25T22:00:00Z 0.00000 0 426
2014-05-25T23:00:00Z 0.00000 0 454
2014-05-26T18:00:00Z 0.00000 0 316
2014-05-26T19:00:00Z 0.00000 0 347
2014-05-26T20:00:00Z 0.00000 0 375
2014-05-26T21:00:00Z 0.00000 0 411
2014-05-26T22:00:00Z 0.00000 0 453
2014-05-26T23:00:00Z 0.00000 0 510
2014-06-04T19:00:00Z 1.11359 1 898
2014-06-04T19:00:00Z 1.11359 1 898
2014-06-04T20:00:00Z 1.93986 2 1031
2014-06-04T21:00:00Z 1.68209 2 1189
2014-06-04T22:00:00Z 1.38217 2 1447
2014-06-05T19:00:00Z 0.00000 0 1770
2014-06-05T19:00:00Z 0.00000 0 1770
2014-06-05T20:00:00Z 0.50761 1 1970
2014-06-05T21:00:00Z 0.50075 1 1997
2014-06-05T22:00:00Z 0.51706 1 1934
2014-06-06T18:00:00Z 0.00000 0 357
2014-06-06T18:00:00Z 0.00000 0 357
2014-06-06T19:00:00Z 0.00000 0 398
2014-06-06T21:00:00Z 0.00000 0 553
2014-06-06T23:00:00Z 0.00000 0 634
2014-06-07T18:00:00Z 0.00000 0 670
2014-06-07T19:00:00Z 0.00000 0 823
2014-06-07T20:00:00Z 0.00000 0 967
2014-06-07T23:00:00Z 0.00000 0 1763
2014-06-08T18:00:00Z 0.58858 1 1699
2014-06-08T19:00:00Z 0.53591 1 1866
2014-06-08T19:00:00Z 0.53591 1 1866
2014-06-08T21:00:00Z 0.46664 1 2143
2014-06-08T21:00:00Z 0.46664 1 2143
2014-06-08T23:00:00Z 0.40420 1 2474
2014-06-09T18:00:00Z 2.35294 2 850
2014-06-09T18:00:00Z 2.35294 2 850
2014-06-09T19:00:00Z 2.28050 2 877
2014-06-09T20:00:00Z 0.82576 1 1211
2014-06-09T22:00:00Z 0.52274 1 1913
2014-06-09T22:00:00Z 0.52274 1 1913
2014-06-10T18:00:00Z 0.00000 0 1333
2014-06-10T19:00:00Z 0.00000 0 1380
2014-06-10T20:00:00Z 0.00000 0 1409
2014-06-10T22:00:00Z 0.00000 0 2172
2014-06-10T22:00:00Z 0.00000 0 2172
2014-06-11T18:00:00Z 0.38835 1 2575
2014-06-11T18:00:00Z 0.38835 1 2575
2014-06-11T19:00:00Z 0.38685 1 2585
2014-06-11T21:00:00Z 0.37147 1 2692
2014-06-11T22:00:00Z 0.34734 1 2879
2014-06-11T22:00:00Z 0.34734 1 2879
2014-06-11T23:00:00Z 0.30497 1 3279
2014-06-12T18:00:00Z 0.47973 2 4169
2014-06-12T19:00:00Z 1.08319 5 4616
2014-06-12T19:00:00Z 1.08319 5 4616
2014-06-12T23:00:00Z 0.73121 5 6838
2014-06-13T18:00:00Z 1.10742 4 3612
2014-06-13T18:00:00Z 1.10742 4 3612
2014-06-13T20:00:00Z 1.14155 4 3504
2014-06-13T20:00:00Z 1.14155 4 3504
2014-06-13T23:00:00Z 1.25976 5 3969
2014-06-13T23:00:00Z 1.25976 5 3969
2014-06-14T18:00:00Z 0.82068 2 2437
2014-06-14T19:00:00Z 0.75786 2 2639
2014-06-14T19:00:00Z 0.75786 2 2639
2014-06-14T20:00:00Z 1.05448 3 2845
2014-06-14T21:00:00Z 1.00908 3 2973
2014-06-14T22:00:00Z 1.28164 4 3121
2014-06-15T18:00:00Z 0.23337 1 4285
2014-06-15T19:00:00Z 0.22957 1 4356
2014-06-15T19:00:00Z 0.22957 1 4356
2014-06-15T21:00:00Z 0.00000 0 5379
2014-06-15T22:00:00Z 0.00000 0 6129
2014-06-15T23:00:00Z 0.00000 0 7092
2014-06-16T18:00:00Z 0.94003 5 5319
2014-06-16T20:00:00Z 0.95223 6 6301
2014-06-16T20:00:00Z 0.95223 6 6301
2014-06-16T21:00:00Z 0.56433 4 7088
2014-06-17T18:00:00Z 1.43885 5 3475
2014-06-17T19:00:00Z 1.46929 5 3403
2014-06-17T21:00:00Z 0.70822 2 2824
2014-06-17T23:00:00Z 0.46512 1 2150
2014-06-18T18:00:00Z 1.13636 1 880
2014-06-18T19:00:00Z 1.04603 1 956
2014-06-20T18:00:00Z 1.10254 3 2721
2014-06-20T19:00:00Z 1.32231 4 3025
2014-06-20T20:00:00Z 1.48544 5 3366
2014-06-20T22:00:00Z 0.96038 4 4165
2014-06-20T23:00:00Z 0.85470 4 4680
2014-06-20T23:00:00Z 0.85470 4 4680
2014-06-21T18:00:00Z 0.27307 1 3662
2014-06-21T19:00:00Z 0.25000 1 4000
2014-06-21T20:00:00Z 0.21645 1 4620
2014-06-21T21:00:00Z 0.39339 2 5084
2014-06-21T22:00:00Z 0.35373 2 5654
2014-06-21T23:00:00Z 0.32087 2 6233
2014-06-22T18:00:00Z 0.33916 2 5897
2014-06-22T19:00:00Z 0.34771 2 5752
2014-06-22T20:00:00Z 0.36731 2 5445
2014-06-22T21:00:00Z 0.40024 2 4997
2014-06-22T22:00:00Z 0.45924 2 4355
2014-06-22T23:00:00Z 0.53277 2 3754
2014-06-23T18:00:00Z 0.00000 0 134
2014-06-23T20:00:00Z 0.00000 0 152
2014-06-23T20:00:00Z 0.00000 0 152
2014-06-23T21:00:00Z 0.00000 0 155
2014-06-23T22:00:00Z 0.00000 0 163
2014-06-23T23:00:00Z 0.00000 0 175
2014-06-24T18:00:00Z 8.47458 1 118
2014-06-24T19:00:00Z 8.62069 1 116
2014-06-24T22:00:00Z 0.00000 0 146
2014-06-26T18:00:00Z 0.00000 0 439
2014-06-26T19:00:00Z 0.00000 0 483
2014-06-26T20:00:00Z 0.00000 0 533
2014-06-26T23:00:00Z 0.00000 0 684
2014-06-27T18:00:00Z 0.00000 0 739
2014-06-27T19:00:00Z 0.00000 0 811
2014-06-27T20:00:00Z 0.00000 0 907
2014-06-27T23:00:00Z 0.00000 0 1194
2014-06-28T23:00:00Z 2.29489 4 1743
2014-06-29T19:00:00Z 0.33256 1 3007
2014-06-29T22:00:00Z 0.34282 1 2917
2014-06-29T23:00:00Z 0.34447 1 2903
2014-06-30T18:00:00Z 0.81900 2 2442
2014-07-02T18:00:00Z 0.52770 1 1895
2014-07-02T18:00:00Z 0.52770 1 1895
2014-07-02T19:00:00Z 0.53248 1 1878
2014-07-02T20:00:00Z 1.11545 2 1793
2014-07-02T21:00:00Z 1.76574 3 1699
2014-07-05T18:00:00Z 0.00000 0 226
2014-07-08T18:00:00Z 2.14133 3 1401
2014-07-08T19:00:00Z 2.09351 3 1433
2014-07-08T22:00:00Z 2.37906 3 1261
2014-07-08T23:00:00Z 1.76211 2 1135
2014-07-09T19:00:00Z 0.00000 0 800
2014-07-09T19:00:00Z 0.00000 0 800
2014-07-09T20:00:00Z 1.03199 1 969
2014-07-09T21:00:00Z 0.87796 1 1139
2014-07-09T22:00:00Z 0.74074 1 1350
2014-07-09T23:00:00Z 0.62617 1 1597
2014-07-10T18:00:00Z 0.56449 2 3543
2014-07-10T19:00:00Z 0.88496 3 3390
2014-07-10T20:00:00Z 0.89127 3 3366
2014-07-10T21:00:00Z 0.88391 3 3394
2014-07-10T23:00:00Z 0.27152 1 3683
2014-07-10T23:00:00Z 0.27152 1 3683
2014-07-11T18:00:00Z 3.41964 7 2047
2014-07-11T19:00:00Z 3.03293 7 2308
2014-07-11T20:00:00Z 2.29621 6 2613
2014-07-11T21:00:00Z 1.37788 4 2903
2014-07-11T22:00:00Z 0.63512 2 3149
2014-07-12T18:00:00Z 0.56070 2 3567
2014-07-12T19:00:00Z 0.26667 1 3750
2014-07-12T20:00:00Z 0.26420 1 3785
2014-07-12T21:00:00Z 0.00000 0 3930
2014-07-12T22:00:00Z 0.23872 1 4189
2014-07-12T23:00:00Z 0.22650 1 4415
2014-07-13T18:00:00Z 0.34554 1 2894
2014-07-13T20:00:00Z 0.67408 2 2967
2014-07-13T21:00:00Z 1.01351 3 2960
2014-07-13T21:00:00Z 1.01351 3 2960
2014-07-13T22:00:00Z 0.99502 3 3015
2014-07-14T18:00:00Z 0.76570 2 2612
2014-07-14T19:00:00Z 0.42176 1 2371
2014-07-14T20:00:00Z 0.41859 1 2389
2014-07-14T21:00:00Z 0.43783 1 2284
2014-07-14T22:00:00Z 0.47304 1 2114
2014-07-14T23:00:00Z 0.51573 1 1939
2014-07-18T21:00:00Z 0.59277 1 1687
2014-07-18T21:00:00Z 0.59277 1 1687
2014-07-18T22:00:00Z 0.58275 1 1716
2014-07-18T23:00:00Z 0.58651 1 1705
2014-07-19T18:00:00Z 0.00000 0 679
2014-07-19T20:00:00Z 0.00000 0 1372
2014-07-19T21:00:00Z 0.00000 0 1410
2014-07-19T22:00:00Z 0.00000 0 1601
2014-07-19T23:00:00Z 0.00000 0 1863
2014-07-20T18:00:00Z 0.62093 2 3221
2014-07-20T19:00:00Z 0.56132 2 3563
2014-07-20T20:00:00Z 0.55463 2 3606
2014-07-20T21:00:00Z 0.54526 2 3668
2014-07-20T22:00:00Z 0.56818 2 3520
2014-07-20T23:00:00Z 0.56354 2 3549
2014-07-21T18:00:00Z 0.51840 1 1929
2014-07-21T19:00:00Z 0.43956 1 2275
2014-07-21T20:00:00Z 1.21114 3 2477
2014-07-21T21:00:00Z 1.16505 3 2575
2014-07-21T22:00:00Z 1.47984 4 2703
2014-07-21T23:00:00Z 1.39616 4 2865
2014-07-22T18:00:00Z 0.00000 0 1904
2014-07-22T19:00:00Z 0.00000 0 1998
2014-07-22T20:00:00Z 0.00000 0 2100
2014-07-22T21:00:00Z 0.00000 0 2224
2014-07-22T22:00:00Z 0.00000 0 2397
2014-07-22T23:00:00Z 0.37202 1 2688
2014-07-23T18:00:00Z 0.75075 1 1332
2014-07-23T19:00:00Z 0.76628 1 1305
2014-07-23T20:00:00Z 0.80386 1 1244
2014-07-23T21:00:00Z 0.85034 1 1176
2014-07-23T22:00:00Z 1.79856 2 1112
2014-07-23T23:00:00Z 1.80343 2 1109
2014-07-24T18:00:00Z 1.08342 1 923
2014-07-24T19:00:00Z 0.98912 1 1011
2014-07-24T20:00:00Z 0.00000 0 1090
2014-07-24T21:00:00Z 0.00000 0 1170
2014-07-24T22:00:00Z 0.00000 0 1359
2014-07-24T23:00:00Z 0.00000 0 1514
2014-07-25T18:00:00Z 8.41622 11 1307
2014-07-25T19:00:00Z 7.20461 10 1388
2014-07-25T19:00:00Z 7.20461 10 1388
2014-07-25T20:00:00Z 4.85100 7 1443
2014-07-25T21:00:00Z 3.30688 5 1512
2014-07-25T22:00:00Z 2.43161 4 1645
2014-07-25T23:00:00Z 1.03681 2 1929
2014-07-26T18:00:00Z 3.69822 5 1352
2014-07-26T18:00:00Z 3.69822 5 1352
2014-07-26T19:00:00Z 3.32005 5 1506
2014-07-26T20:00:00Z 3.06185 5 1633
2014-07-26T21:00:00Z 2.20143 4 1817
2014-07-26T22:00:00Z 1.00301 2 1994
2014-07-26T23:00:00Z 0.90785 2 2203
2014-07-27T20:00:00Z 0.00000 0 2499
2014-07-27T21:00:00Z 0.00000 0 2614
2014-07-27T22:00:00Z 0.00000 0 2767
2014-07-27T23:00:00Z 0.00000 0 2969
2014-07-28T18:00:00Z 3.70199 8 2161
2014-07-29T18:00:00Z 0.39216 1 2550
2014-07-29T19:00:00Z 0.73314 2 2728
2014-07-29T20:00:00Z 0.70151 2 2851
2014-07-29T21:00:00Z 0.99900 3 3003
2014-07-29T22:00:00Z 0.91968 3 3262
2014-07-29T22:00:00Z 0.91968 3 3262
2014-08-03T18:00:00Z 1.57978 1 633
2014-08-03T20:00:00Z 1.32100 1 757
2014-08-03T20:00:00Z 1.32100 1 757
2014-08-03T21:00:00Z 2.46914 2 810
2014-08-03T22:00:00Z 2.38095 2 840
2014-08-03T23:00:00Z 2.19298 2 912
2014-08-04T18:00:00Z 1.73461 2 1153
2014-08-04T19:00:00Z 1.59490 2 1254
2014-08-04T20:00:00Z 0.75815 1 1319
2014-08-04T21:00:00Z 0.71378 1 1401
2014-08-04T22:00:00Z 0.70922 1 1410
2014-08-04T23:00:00Z 0.71633 1 1396
2014-08-05T18:00:00Z 1.81488 1 551
2014-08-05T19:00:00Z 1.65017 1 606
2014-08-05T20:00:00Z 1.57729 1 634
2014-08-05T21:00:00Z 1.46199 1 684
2014-08-05T22:00:00Z 2.71003 2 738
2014-08-06T18:00:00Z 5.04202 3 595
2014-08-06T19:00:00Z 4.76948 3 629
2014-08-06T20:00:00Z 4.73934 3 633
2014-08-06T21:00:00Z 2.96736 2 674
2014-08-06T22:00:00Z 2.82087 2 709
2014-08-06T23:00:00Z 1.37741 1 726
2014-08-07T18:00:00Z 1.73913 1 575
2014-08-07T19:00:00Z 1.63666 1 611
2014-08-07T20:00:00Z 1.57480 1 635
2014-08-07T21:00:00Z 0.00000 0 649
2014-08-07T22:00:00Z 0.00000 0 729
2014-08-07T23:00:00Z 0.00000 0 840
2014-08-09T18:00:00Z 0.00000 0 2070
2014-08-09T19:00:00Z 0.00000 0 2307
2014-08-09T20:00:00Z 0.00000 0 2508
2014-08-09T21:00:00Z 0.36010 1 2777
2014-08-09T22:00:00Z 0.60827 2 3288
2014-08-09T23:00:00Z 0.77539 3 3869
2014-08-10T18:00:00Z 0.00000 0 3487
2014-08-10T20:00:00Z 0.00000 0 3487
2014-08-10T20:00:00Z 0.00000 0 3487
2014-08-10T21:00:00Z 0.00000 0 3490
2014-08-10T22:00:00Z 0.00000 0 3175
2014-08-10T23:00:00Z 0.00000 0 2657
2014-08-11T19:00:00Z 1.84738 13 7037
2014-08-11T19:00:00Z 1.84738 13 7037
2014-08-11T20:00:00Z 1.81747 14 7703
2014-08-11T21:00:00Z 1.19360 10 8378
2014-08-11T22:00:00Z 0.76965 7 9095
2014-08-11T23:00:00Z 0.60539 6 9911
2014-08-12T18:00:00Z 0.48685 4 8216
2014-08-12T19:00:00Z 0.46398 4 8621
2014-08-12T20:00:00Z 0.44033 4 9084
2014-08-12T21:00:00Z 0.39545 4 10115
2014-08-12T22:00:00Z 0.41989 5 11908
2014-08-12T23:00:00Z 0.41759 6 14368
2014-08-13T18:00:00Z 0.75758 5 6600
2014-08-13T19:00:00Z 0.74605 5 6702
2014-08-13T20:00:00Z 0.59586 4 6713
2014-08-13T21:00:00Z 0.30193 2 6624
2014-08-13T22:00:00Z 0.30993 2 6453
2014-08-13T23:00:00Z 0.32185 2 6214
2014-08-14T18:00:00Z 0.00000 0 1347
2014-08-14T19:00:00Z 0.66845 1 1496
2014-08-14T19:00:00Z 0.66845 1 1496
2014-08-14T20:00:00Z 0.61652 1 1622
2014-08-14T22:00:00Z 0.46642 1 2144
2014-08-14T22:00:00Z 0.46642 1 2144
2014-08-15T18:00:00Z 2.17054 7 3225
2014-08-15T19:00:00Z 2.80461 9 3209
2014-08-15T20:00:00Z 2.18477 7 3204
2014-08-15T21:00:00Z 1.88088 6 3190
2014-08-15T22:00:00Z 1.76939 6 3391
2014-08-15T23:00:00Z 1.26135 5 3964
2014-08-16T18:00:00Z 0.42955 2 4656
2014-08-16T19:00:00Z 0.40217 2 4973
2014-08-16T21:00:00Z 0.38447 2 5202
2014-08-16T21:00:00Z 0.38447 2 5202
2014-08-16T22:00:00Z 0.37341 2 5356
2014-08-16T23:00:00Z 0.52120 3 5756
2014-08-17T18:00:00Z 1.15311 9 7805
2014-08-17T19:00:00Z 1.43181 12 8381
2014-08-17T20:00:00Z 1.46694 13 8862
2014-08-17T21:00:00Z 1.39620 13 9311
2014-08-17T22:00:00Z 1.32843 13 9786
2014-08-17T23:00:00Z 1.27239 13 10217
2014-08-18T18:00:00Z 2.08442 4 1919
2014-08-18T19:00:00Z 1.51899 3 1975
2014-08-18T20:00:00Z 1.46699 3 2045
2014-08-18T21:00:00Z 0.96712 2 2068
2014-08-18T22:00:00Z 0.42517 1 2352
2014-08-19T18:00:00Z 0.84543 6 7097
2014-08-19T19:00:00Z 0.94954 7 7372
2014-08-19T20:00:00Z 0.65946 5 7582
2014-08-19T21:00:00Z 0.51164 4 7818
2014-08-19T22:00:00Z 0.46838 4 8540
2014-08-19T23:00:00Z 0.52051 5 9606
2014-08-20T19:00:00Z 1.12587 10 8882
2014-08-20T20:00:00Z 1.07949 11 10190
2014-08-20T21:00:00Z 0.68829 8 11623
2014-08-20T22:00:00Z 0.30434 4 13143
2014-08-21T22:00:00Z 0.44989 4 8891
2014-08-21T23:00:00Z 0.48919 5 10221
2014-08-22T19:00:00Z 2.00387 29 14472
2014-08-22T19:00:00Z 2.00387 29 14472
2014-08-22T20:00:00Z 2.07483 31 14941
2014-08-22T21:00:00Z 1.91381 29 15153
2014-08-23T18:00:00Z 1.41287 9 6370
2014-08-23T23:00:00Z 0.45750 5 10929
2014-08-24T18:00:00Z 1.01420 10 9860
2014-08-24T19:00:00Z 1.23164 13 10555
2014-08-24T20:00:00Z 1.16487 13 11160
2014-08-24T21:00:00Z 1.18323 14 11832
2014-08-24T22:00:00Z 0.93160 12 12881
2014-08-24T23:00:00Z 0.92075 13 14119
2014-08-25T18:00:00Z 3.18399 42 13191
2014-08-25T19:00:00Z 3.02248 41 13565
2014-08-25T20:00:00Z 3.03839 41 13494
2014-08-25T21:00:00Z 2.36931 31 13084
2014-08-25T22:00:00Z 1.69355 21 12400
2014-08-25T23:00:00Z 1.46023 17 11642
2014-08-26T18:00:00Z 3.99202 4 1002
2014-08-26T19:00:00Z 2.74725 3 1092
2014-08-26T20:00:00Z 3.32779 4 1202
2014-08-26T21:00:00Z 2.90698 4 1376
2014-08-26T22:00:00Z 2.35571 4 1698
2014-08-26T23:00:00Z 1.65494 4 2417
2014-08-27T18:00:00Z 1.41978 9 6339
2014-08-27T19:00:00Z 1.17647 8 6800
2014-08-27T20:00:00Z 1.12045 8 7140
2014-08-27T21:00:00Z 0.93558 7 7482
2014-08-27T22:00:00Z 0.86612 7 8082
2014-08-28T19:00:00Z 1.61261 9 5581
2014-08-28T21:00:00Z 1.46542 10 6824
2014-08-28T21:00:00Z 1.46542 10 6824
2014-08-28T23:00:00Z 1.43489 12 8363
2014-08-29T18:00:00Z 2.00339 13 6489
2014-08-29T19:00:00Z 2.04111 14 6859
2014-08-29T20:00:00Z 1.66320 12 7215
2014-08-29T21:00:00Z 1.58793 12 7557
2014-08-29T22:00:00Z 1.36731 11 8045
2014-08-29T23:00:00Z 1.14679 10 8720
2014-08-29T23:00:00Z 1.14679 10 8720
2014-08-31T18:00:00Z 2.73271 16 5855
2014-08-31T19:00:00Z 2.74844 19 6913
2014-08-31T21:00:00Z 2.86566 25 8724
2014-08-31T21:00:00Z 2.86566 25 8724
2014-08-31T22:00:00Z 2.73052 26 9522
2014-09-01T19:00:00Z 4.65658 20 4295
2014-09-01T22:00:00Z 1.17062 4 3417
2014-09-01T22:00:00Z 1.17062 4 3417
2014-09-02T18:00:00Z 4.07194 24 5894
2014-09-02T19:00:00Z 4.06137 27 6648
2014-09-02T20:00:00Z 3.40692 25 7338
2014-09-02T21:00:00Z 2.20022 18 8181
2014-09-02T22:00:00Z 1.59091 14 8800
2014-09-03T18:00:00Z 2.21729 7 3157
2014-09-03T19:00:00Z 1.97694 6 3035
2014-09-03T20:00:00Z 2.12540 6 2823
2014-09-03T20:00:00Z 2.12540 6 2823
2014-09-03T21:00:00Z 2.30947 6 2598
2014-09-03T23:00:00Z 1.74749 4 2289
2014-09-04T19:00:00Z 4.44749 13 2923
2014-09-04T19:00:00Z 4.44749 13 2923
2014-09-04T20:00:00Z 3.81008 13 3412
2014-09-04T21:00:00Z 2.73632 11 4020
2014-09-04T23:00:00Z 1.61406 9 5576
2014-09-05T18:00:00Z 7.18563 36 5010
2014-09-05T20:00:00Z 8.54860 46 5381
2014-09-05T20:00:00Z 8.54860 46 5381
2014-09-06T18:00:00Z 4.28804 29 6763
2014-09-06T18:00:00Z 4.28804 29 6763
2014-09-06T19:00:00Z 3.73392 27 7231
2014-09-07T18:00:00Z 0.28027 1 3568
2014-09-08T18:00:00Z 0.72307 2 2766
2014-09-08T18:00:00Z 0.72307 2 2766
2014-09-08T19:00:00Z 0.70225 2 2848
2014-09-08T20:00:00Z 0.65509 2 3053
2014-09-08T21:00:00Z 0.55172 2 3625
2014-09-08T22:00:00Z 0.46685 2 4284
2014-09-09T18:00:00Z 2.72345 11 4039
2014-09-09T18:00:00Z 2.72345 11 4039
2014-09-09T20:00:00Z 1.71932 8 4653
2014-09-09T21:00:00Z 0.99761 5 5012
2014-09-09T22:00:00Z 0.95021 5 5262
2014-09-09T23:00:00Z 0.94661 5 5282
2014-09-10T19:00:00Z 1.86220 1 537
2014-09-10T19:00:00Z 1.86220 1 537
2014-09-10T20:00:00Z 2.11416 1 473
2014-09-10T21:00:00Z 2.40385 1 416
2014-09-10T22:00:00Z 2.45098 1 408
2014-09-11T18:00:00Z 0.00000 0 349
2014-09-11T21:00:00Z 0.00000 0 506
2014-09-11T22:00:00Z 0.00000 0 592
2014-09-12T18:00:00Z 0.00000 0 665
2014-09-12T20:00:00Z 0.00000 0 822
2014-09-12T21:00:00Z 0.00000 0 963
2014-09-12T22:00:00Z 0.00000 0 1134
2014-09-12T22:00:00Z 0.00000 0 1134
2014-09-14T18:00:00Z 0.73910 2 2706
2014-09-14T18:00:00Z 0.73910 2 2706
2014-09-14T19:00:00Z 0.68752 2 2909
2014-09-14T20:00:00Z 0.63371 2 3156
2014-09-14T21:00:00Z 0.58309 2 3430
2014-09-14T22:00:00Z 0.54810 2 3649
2014-09-15T18:00:00Z 2.37369 7 2949
2014-09-15T19:00:00Z 2.96248 9 3038
2014-09-15T21:00:00Z 1.52253 5 3284
2014-09-15T21:00:00Z 1.52253 5 3284
2014-09-15T22:00:00Z 1.41084 5 3544
2014-09-16T18:00:00Z 3.42027 8 2339
2014-09-16T19:00:00Z 2.87238 7 2437
2014-09-16T21:00:00Z 0.00000 0 3113
2014-09-16T21:00:00Z 0.00000 0 3113
2014-09-16T22:00:00Z 0.00000 0 3558
2014-09-17T18:00:00Z 1.58028 10 6328
2014-09-17T19:00:00Z 1.80832 12 6636
2014-09-17T20:00:00Z 1.32431 9 6796
2014-09-17T21:00:00Z 0.85985 6 6978
2014-09-17T22:00:00Z 0.68325 5 7318
2014-09-18T18:00:00Z 1.46341 3 2050
2014-09-18T19:00:00Z 1.40449 3 2136
2014-09-18T20:00:00Z 0.90375 2 2213
2014-09-18T21:00:00Z 0.42337 1 2362
2014-09-18T22:00:00Z 0.00000 0 2517
2014-09-19T18:00:00Z 0.00000 0 1939
2014-09-19T19:00:00Z 0.92635 2 2159
2014-09-19T20:00:00Z 1.31521 3 2281
2014-09-19T21:00:00Z 1.23508 3 2429
2014-09-19T22:00:00Z 1.54679 4 2586
2014-09-21T18:00:00Z 0.99545 7 7032
2014-09-21T19:00:00Z 1.07759 8 7424
2014-09-21T20:00:00Z 1.17647 9 7650
2014-09-21T21:00:00Z 1.39754 11 7871
2014-09-21T22:00:00Z 1.25976 10 7938
2014-09-21T23:00:00Z 1.11690 9 8058
2014-09-24T18:00:00Z 3.39751 3 883
2014-09-24T19:00:00Z 4.18848 4 955
2014-09-24T20:00:00Z 4.82625 5 1036
2014-09-24T22:00:00Z 3.31950 4 1205
2014-09-24T22:00:00Z 3.31950 4 1205
2014-09-27T19:00:00Z 0.60006 2 3333
2014-09-27T19:00:00Z 0.60006 2 3333
2014-09-27T20:00:00Z 0.57455 2 3481
2014-09-27T21:00:00Z 0.54915 2 3642
2014-09-27T23:00:00Z 0.47416 2 4218
2014-09-28T18:00:00Z 2.46225 15 6092
2014-09-28T20:00:00Z 2.13246 17 7972
2014-09-28T22:00:00Z 1.10608 11 9945
2014-09-29T19:00:00Z 1.80955 16 8842
2014-09-29T23:00:00Z 1.74557 25 14322
2014-09-29T23:00:00Z 1.74557 25 14322
2014-10-01T20:00:00Z 4.10338 57 13891
2014-10-01T21:00:00Z 3.56934 55 15409
2014-10-01T22:00:00Z 3.08972 52 16830
2014-10-01T23:00:00Z 3.13980 57 18154
2014-10-01T23:00:00Z 3.13980 57 18154
2014-10-05T19:00:00Z 1.37757 12 8711
2014-10-05T21:00:00Z 1.34164 14 10435
2014-10-06T18:00:00Z 1.60199 18 11236
2014-10-06T21:00:00Z 1.69177 21 12413
2014-10-11T20:00:00Z 4.30258 43 9994
2014-10-11T21:00:00Z 4.50220 44 9773
2014-10-11T22:00:00Z 4.17091 41 9830
2014-10-11T23:00:00Z 3.95578 39 9859
2014-10-12T19:00:00Z 1.07283 9 8389
2014-10-12T20:00:00Z 1.52157 14 9201
2014-10-12T21:00:00Z 1.50316 15 9979
2014-10-12T22:00:00Z 1.47493 16 10848
2014-10-12T23:00:00Z 1.36461 16 11725
2014-10-13T18:00:00Z 3.25309 15 4611
2014-10-13T19:00:00Z 3.60628 17 4714
2014-10-13T20:00:00Z 3.27582 15 4579
2014-10-13T21:00:00Z 2.32288 10 4305
2014-10-13T22:00:00Z 1.96415 8 4073
2014-10-13T23:00:00Z 1.94269 8 4118
2014-10-13T23:00:00Z 1.94269 8 4118
2014-10-14T18:00:00Z 1.39005 5 3597
2014-10-14T19:00:00Z 2.06239 8 3879
2014-10-14T20:00:00Z 2.24921 10 4446
2014-10-14T20:00:00Z 2.24921 10 4446
2014-10-14T22:00:00Z 1.47090 7 4759
2014-10-14T23:00:00Z 1.36665 7 5122
2014-10-14T23:00:00Z 1.36665 7 5122
2014-10-15T18:00:00Z 1.03842 6 5778
2014-10-15T20:00:00Z 1.34409 9 6696
2014-10-15T21:00:00Z 1.28443 9 7007
2014-10-15T22:00:00Z 1.08445 8 7377
2014-10-15T23:00:00Z 1.01626 8 7872
2014-10-15T23:00:00Z 1.01626 8 7872
