2014-01-04T11:00:00Z 272.150000 1024.000000 74.000000 1.000000 0.000000 -1.000000 12.000000
2014-01-04T10:00:00Z 271.150000 1025.000000 74.000000 1.000000 0.000000 -1.000000 20.000000
2014-01-04T09:00:00Z 271.150000 1025.000000 74.000000 1.000000 0.000000 -1.000000 20.000000
2014-01-04T08:00:00Z 270.390000 1017.000000 77.000000 0.510000 133.000000 -1.000000 0.000000
2014-01-04T07:00:00Z 270.390000 1017.000000 77.000000 0.510000 133.000000 -1.000000 0.000000
2014-01-04T06:00:00Z 269.590000 1017.000000 78.000000 2.720000 206.505000 -1.000000 0.000000
2014-01-06T11:00:00Z 272.350000 1020.000000 81.000000 2.060000 172.000000 -1.000000 32.000000
2014-01-06T10:00:00Z 272.350000 1020.000000 81.000000 2.060000 172.000000 -1.000000 32.000000
2014-01-06T09:00:00Z 272.320000 1020.000000 80.000000 1.030000 102.000000 -1.000000 56.000000
2014-01-06T08:00:00Z 272.590000 1019.000000 80.000000 1.030000 111.000000 -1.000000 56.000000
2014-01-06T07:00:00Z 272.590000 1019.000000 80.000000 1.030000 111.000000 -1.000000 56.000000
2014-01-06T06:00:00Z 272.330000 1019.000000 80.000000 0.510000 130.000000 -1.000000 24.000000
2014-01-14T21:00:00Z 267.150000 1034.000000 53.000000 1.000000 130.000000 -1.000000 0.000000
2014-01-14T20:00:00Z 274.150000 1033.000000 26.000000 2.000000 0.000000 -1.000000 0.000000
2014-01-14T19:00:00Z 274.150000 1033.000000 26.000000 2.000000 0.000000 -1.000000 0.000000
2014-01-14T18:00:00Z 274.150000 1033.000000 24.000000 3.000000 200.000000 -1.000000 0.000000
2014-01-14T17:00:00Z 274.150000 1033.000000 24.000000 3.000000 200.000000 -1.000000 0.000000
2014-01-22T16:00:00Z 278.150000 1021.000000 12.000000 1.000000 0.000000 -1.000000 0.000000
2014-01-22T15:00:00Z 278.150000 1021.000000 12.000000 1.000000 0.000000 -1.000000 0.000000
2014-01-22T14:00:00Z 277.330000 1013.000000 24.000000 2.110000 132.000000 -1.000000 0.000000
2014-01-22T13:00:00Z 274.970000 1024.000000 17.000000 1.000000 0.000000 -1.000000 0.000000
2014-01-22T12:00:00Z 274.970000 1024.000000 17.000000 1.000000 0.000000 -1.000000 0.000000
2014-01-22T11:00:00Z 272.030000 1027.810000 38.000000 2.110000 65.500700 -1.000000 0.000000
2014-01-29T11:00:00Z 272.295000 1018.480000 60.000000 2.110000 13.500000 -1.000000 0.000000
2014-01-29T10:00:00Z 271.150000 1015.000000 68.000000 2.000000 120.000000 -1.000000 0.000000
2014-01-29T09:00:00Z 270.250000 1008.000000 77.000000 2.110000 13.500000 -1.000000 0.000000
2014-01-29T08:00:00Z 266.150000 1015.000000 79.000000 2.000000 150.000000 -1.000000 0.000000
2014-01-29T07:00:00Z 267.850000 1016.000000 78.000000 3.000000 360.000000 -1.000000 0.000000
2014-01-29T06:00:00Z 267.410000 1009.000000 75.000000 0.250000 108.500000 -1.000000 0.000000
2014-01-30T18:00:00Z 278.780000 1018.000000 10.000000 2.000000 150.000000 -1.000000 0.000000
2014-01-30T17:00:00Z 281.300000 1009.000000 16.000000 1.540000 165.000000 -1.000000 0.000000
2014-01-30T16:00:00Z 281.300000 1009.000000 16.000000 1.540000 165.000000 -1.000000 0.000000
2014-01-30T15:00:00Z 281.600000 1017.000000 6.000000 2.000000 90.000000 -1.000000 0.000000
2014-01-30T14:00:00Z 280.270000 1018.000000 6.000000 3.000000 70.000000 -1.000000 0.000000
2014-01-30T13:00:00Z 280.270000 1018.000000 6.000000 3.000000 70.000000 -1.000000 0.000000
2014-01-31T16:00:00Z 275.986000 1020.620000 72.000000 3.000000 65.000200 -1.000000 56.000000
2014-01-31T15:00:00Z 276.480000 1010.000000 63.000000 3.870000 39.001200 -1.000000 92.000000
2014-01-31T14:00:00Z 276.480000 1010.000000 63.000000 3.870000 39.001200 -1.000000 92.000000
2014-01-31T13:00:00Z 275.930000 1011.000000 59.000000 3.870000 39.001200 -1.000000 92.000000
2014-01-31T12:00:00Z 274.820000 1012.000000 66.000000 1.030000 331.000000 -1.000000 88.000000
2014-01-31T11:00:00Z 274.820000 1012.000000 66.000000 1.030000 331.000000 -1.000000 88.000000
2014-02-05T22:00:00Z 271.020000 1021.000000 54.000000 1.670000 152.507000 -1.000000 8.000000
2014-02-05T21:00:00Z 271.020000 1021.000000 54.000000 1.670000 152.507000 -1.000000 8.000000
2014-02-05T20:00:00Z 270.150000 1028.000000 49.000000 1.000000 90.000000 -1.000000 8.000000
2014-02-05T19:00:00Z 271.150000 1028.000000 46.000000 1.000000 100.000000 -1.000000 0.000000
2014-02-05T18:00:00Z 272.150000 1028.000000 42.000000 1.000000 160.000000 -1.000000 0.000000
2014-02-05T17:00:00Z 274.260000 1019.000000 46.000000 0.510000 132.000000 -1.000000 44.000000
2014-02-11T14:00:00Z 272.600000 1018.000000 39.000000 0.510000 117.000000 -1.000000 0.000000
2014-02-11T13:00:00Z 272.600000 1018.000000 39.000000 0.510000 117.000000 -1.000000 0.000000
2014-02-11T12:00:00Z 271.310000 1020.000000 40.000000 2.740000 208.500000 -1.000000 0.000000
2014-02-11T11:00:00Z 269.210000 1029.000000 35.000000 1.000000 0.000000 -1.000000 0.000000
2014-02-11T10:00:00Z 267.150000 1030.000000 48.000000 3.000000 10.000000 -1.000000 0.000000
2014-02-11T09:00:00Z 264.410000 1030.000000 57.000000 2.000000 10.000000 -1.000000 0.000000
2014-02-12T16:00:00Z 277.100000 1024.000000 29.000000 1.540000 140.000000 -1.000000 8.000000
2014-02-12T15:00:00Z 277.100000 1024.000000 29.000000 1.540000 140.000000 -1.000000 8.000000
2014-02-12T14:00:00Z 277.150000 1032.000000 14.000000 2.000000 140.000000 -1.000000 0.000000
2014-02-12T13:00:00Z 276.490000 1033.000000 12.000000 2.000000 130.000000 -1.000000 0.000000
2014-02-12T12:00:00Z 275.000000 1025.000000 26.000000 1.540000 46.000000 -1.000000 0.000000
2014-02-12T11:00:00Z 273.540000 1034.000000 15.000000 3.000000 50.000000 -1.000000 0.000000
2014-02-19T22:00:00Z 272.150000 1030.000000 58.000000 3.000000 140.000000 -1.000000 0.000000
2014-02-19T21:00:00Z 272.150000 1029.000000 46.000000 4.000000 170.000000 -1.000000 0.000000
2014-02-19T20:00:00Z 272.150000 1029.000000 46.000000 4.000000 170.000000 -1.000000 0.000000
2014-02-19T19:00:00Z 274.150000 1028.000000 31.000000 4.000000 160.000000 -1.000000 0.000000
2014-02-19T18:00:00Z 275.150000 1027.000000 22.000000 2.000000 160.000000 -1.000000 0.000000
2014-02-19T17:00:00Z 278.150000 1027.000000 17.000000 3.000000 140.000000 -1.000000 0.000000
2014-03-01T22:00:00Z 281.150000 1022.000000 16.000000 4.000000 220.000000 -1.000000 0.000000
2014-03-01T21:00:00Z 281.150000 1022.000000 16.000000 4.000000 220.000000 -1.000000 0.000000
2014-03-01T20:00:00Z 282.150000 1021.000000 10.000000 4.000000 220.000000 -1.000000 0.000000
2014-03-01T19:00:00Z 282.150000 1021.000000 10.000000 4.000000 220.000000 -1.000000 0.000000
2014-03-01T18:00:00Z 282.150000 1021.000000 10.000000 4.000000 220.000000 -1.000000 0.000000
2014-03-01T17:00:00Z 282.150000 1021.000000 10.000000 4.000000 220.000000 -1.000000 0.000000
2014-03-16T16:00:00Z 290.150000 1013.000000 16.000000 5.000000 140.000000 -1.000000 0.000000
2014-03-16T15:00:00Z 290.150000 1013.000000 16.000000 5.000000 140.000000 -1.000000 0.000000
2014-03-16T14:00:00Z 290.150000 1014.000000 13.000000 3.000000 140.000000 -1.000000 0.000000
2014-03-16T13:00:00Z 292.400000 1016.000000 13.000000 4.000000 110.000000 -1.000000 0.000000
2014-03-16T12:00:00Z 290.860000 1031.250000 34.000000 4.410000 69.004800 -1.000000 8.000000
2014-03-16T11:00:00Z 290.860000 1031.250000 34.000000 4.410000 69.004800 -1.000000 8.000000
2014-03-27T20:00:00Z 286.550000 1001.000000 58.000000 7.170000 195.003000 -1.000000 48.000000
2014-03-27T19:00:00Z 287.360000 1001.000000 56.000000 8.310000 199.006000 -1.000000 8.000000
2014-03-27T18:00:00Z 288.320000 1009.000000 32.000000 1.000000 0.000000 -1.000000 44.000000
2014-03-27T17:00:00Z 288.320000 1009.000000 32.000000 1.000000 0.000000 -1.000000 44.000000
2014-03-28T18:00:00Z 293.960000 998.000000 50.000000 1.030000 134.000000 -1.000000 0.000000
2014-03-28T17:00:00Z 295.250000 997.000000 43.000000 2.060000 152.000000 -1.000000 0.000000
2014-03-28T16:00:00Z 295.250000 997.000000 43.000000 2.060000 152.000000 -1.000000 0.000000
2014-03-28T15:00:00Z 295.670000 1006.000000 28.000000 2.000000 0.000000 -1.000000 0.000000
2014-03-28T14:00:00Z 295.670000 1006.000000 28.000000 2.000000 0.000000 -1.000000 0.000000
2014-03-28T13:00:00Z 291.330000 1007.000000 40.000000 4.000000 360.000000 -1.000000 0.000000
2014-03-31T02:00:00Z 293.150000 1017.000000 19.000000 2.000000 10.000000 -1.000000 0.000000
2014-03-31T01:00:00Z 293.150000 1017.000000 19.000000 2.000000 10.000000 -1.000000 0.000000
2014-03-31T00:00:00Z 293.150000 1017.000000 19.000000 2.000000 10.000000 -1.000000 0.000000
2014-03-30T23:00:00Z 293.150000 1017.000000 19.000000 2.000000 10.000000 -1.000000 0.000000
2014-03-30T22:00:00Z 293.150000 1017.000000 19.000000 2.000000 10.000000 -1.000000 0.000000
2014-03-30T21:00:00Z 293.150000 1017.000000 19.000000 2.000000 10.000000 -1.000000 0.000000
2014-04-17T21:00:00Z 289.150000 1015.000000 67.000000 2.000000 150.000000 0.000000 92.000000
2014-04-17T20:00:00Z 289.560000 1014.000000 67.000000 2.000000 150.000000 -1.000000 80.000000
2014-04-17T19:00:00Z 289.470000 1005.000000 66.000000 1.540000 148.000000 -1.000000 80.000000
2014-04-17T18:00:00Z 289.150000 1012.000000 67.000000 2.000000 150.000000 -1.000000 68.000000
2014-04-17T17:00:00Z 289.150000 1012.000000 67.000000 2.000000 150.000000 -1.000000 68.000000
2014-04-17T16:00:00Z 289.920000 1012.000000 63.000000 2.000000 0.000000 2.000000 92.000000
2014-04-23T07:00:00Z 288.150000 1011.000000 77.000000 3.000000 140.000000 -1.000000 0.000000
2014-04-23T06:00:00Z 288.150000 1011.000000 77.000000 2.000000 150.000000 -1.000000 0.000000
2014-04-23T05:00:00Z 288.150000 1011.000000 77.000000 2.000000 150.000000 -1.000000 0.000000
2014-04-23T04:00:00Z 289.810000 1011.000000 67.000000 2.000000 150.000000 -1.000000 0.000000
2014-04-23T03:00:00Z 291.290000 1003.000000 63.000000 4.480000 216.509000 -1.000000 0.000000
2014-04-23T02:00:00Z 291.810000 1002.000000 58.000000 1.540000 196.000000 -1.000000 0.000000
2014-05-01T02:00:00Z 291.150000 1008.000000 68.000000 3.000000 120.000000 -1.000000 0.000000
2014-05-01T01:00:00Z 293.150000 1008.000000 56.000000 3.000000 150.000000 -1.000000 0.000000
2014-05-01T00:00:00Z 293.150000 1008.000000 56.000000 3.000000 150.000000 -1.000000 0.000000
2014-04-30T23:00:00Z 295.150000 1008.000000 49.000000 4.000000 180.000000 -1.000000 0.000000
2014-04-30T22:00:00Z 295.150000 1008.000000 46.000000 4.000000 180.000000 -1.000000 0.000000
2014-04-30T21:00:00Z 295.150000 1008.000000 46.000000 4.000000 180.000000 -1.000000 0.000000
2014-05-15T13:00:00Z 302.596000 1006.490000 30.000000 5.010000 234.004000 -1.000000 0.000000
2014-05-15T12:00:00Z 299.034000 1008.740000 41.000000 1.460000 175.005000 -1.000000 0.000000
2014-05-15T11:00:00Z 299.034000 1008.740000 41.000000 1.460000 175.005000 -1.000000 0.000000
2014-05-15T10:00:00Z 299.034000 1008.740000 41.000000 1.460000 175.005000 -1.000000 0.000000
2014-05-15T09:00:00Z 291.125000 1010.160000 40.000000 0.610000 345.504000 -1.000000 0.000000
2014-05-15T08:00:00Z 291.125000 1010.160000 40.000000 0.610000 345.504000 -1.000000 0.000000
2014-05-18T17:00:00Z 303.150000 996.000000 32.000000 3.600000 215.000000 -1.000000 24.000000
2014-05-18T16:00:00Z 303.150000 996.000000 32.000000 3.600000 215.000000 -1.000000 24.000000
2014-05-18T15:00:00Z 303.150000 1006.000000 28.000000 6.000000 200.000000 -1.000000 0.000000
2014-05-18T14:00:00Z 300.660000 1007.000000 30.000000 3.000000 0.000000 -1.000000 24.000000
2014-05-18T13:00:00Z 300.660000 1007.000000 30.000000 3.000000 0.000000 -1.000000 24.000000
2014-05-18T12:00:00Z 300.240000 1000.000000 35.000000 2.570000 108.000000 -1.000000 24.000000
2014-05-21T14:00:00Z 302.370000 1005.000000 39.000000 2.000000 0.000000 -1.000000 20.000000
2014-05-21T13:00:00Z 302.370000 1005.000000 39.000000 2.000000 0.000000 -1.000000 20.000000
2014-05-21T12:00:00Z 299.980000 1006.000000 44.000000 2.000000 110.000000 -1.000000 0.000000
2014-05-21T11:00:00Z 299.980000 1006.000000 44.000000 2.000000 110.000000 -1.000000 0.000000
2014-05-21T10:00:00Z 296.300000 999.000000 52.000000 0.510000 103.000000 -1.000000 0.000000
2014-05-21T09:00:00Z 296.300000 999.000000 52.000000 0.510000 103.000000 -1.000000 0.000000
2014-05-25T04:00:00Z 291.233000 1016.160000 99.000000 2.220000 359.001000 0.000000 32.000000
2014-05-25T03:00:00Z 292.293000 1016.320000 100.000000 3.200000 16.501100 7.000000 92.000000
2014-05-25T02:00:00Z 292.340000 1000.000000 95.000000 3.010000 24.500000 -1.000000 48.000000
2014-05-25T01:00:00Z 292.340000 1000.000000 94.000000 3.010000 24.500000 -1.000000 48.000000
2014-05-25T00:00:00Z 292.150000 1009.000000 93.000000 2.000000 120.000000 -1.000000 48.000000
2014-05-24T23:00:00Z 292.150000 1009.000000 93.000000 3.000000 130.000000 -1.000000 36.000000
2014-06-16T21:00:00Z 299.150000 1001.000000 69.000000 1.000000 0.000000 4.000000 56.000000
2014-06-16T20:00:00Z 301.150000 1000.000000 58.000000 4.000000 190.000000 3.000000 68.000000
2014-06-16T19:00:00Z 301.150000 1000.000000 58.000000 4.000000 180.000000 3.000000 68.000000
2014-06-16T18:00:00Z 302.150000 1000.000000 58.000000 3.000000 150.000000 2.000000 48.000000
2014-06-16T17:00:00Z 302.150000 1000.000000 58.000000 3.000000 150.000000 2.000000 48.000000
2014-07-28T01:00:00Z 299.150000 1005.000000 69.000000 2.000000 140.000000 -1.000000 0.000000
2014-07-28T00:00:00Z 300.150000 1005.000000 65.000000 3.000000 130.000000 -1.000000 0.000000
2014-07-27T23:00:00Z 301.150000 1005.000000 58.000000 2.000000 160.000000 -1.000000 0.000000
2014-07-27T22:00:00Z 301.150000 1005.000000 58.000000 2.000000 160.000000 -1.000000 0.000000
2014-07-27T21:00:00Z 303.150000 1005.000000 51.000000 3.000000 150.000000 -1.000000 0.000000
2014-07-27T20:00:00Z 303.150000 1005.000000 51.000000 3.000000 150.000000 -1.000000 0.000000
2014-07-30T08:00:00Z 297.150000 1006.000000 88.000000 1.000000 20.000000 -1.000000 90.000000
2014-07-30T07:00:00Z 296.150000 1005.000000 94.000000 3.000000 30.000000 -1.000000 75.000000
2014-07-30T06:00:00Z 296.436000 1012.340000 99.000000 1.860000 304.501000 -1.000000 44.000000
2014-07-30T05:00:00Z 296.150000 1004.000000 94.000000 1.000000 0.000000 -1.000000 90.000000
2014-07-30T04:00:00Z 296.150000 1004.000000 94.000000 1.000000 0.000000 -1.000000 90.000000
2014-07-30T03:00:00Z 296.150000 1003.000000 94.000000 4.000000 80.000000 -1.000000 90.000000
2014-08-20T03:00:00Z 295.150000 1010.000000 83.000000 2.000000 140.000000 -1.000000 0.000000
2014-08-20T02:00:00Z 296.150000 1010.000000 78.000000 1.000000 110.000000 -1.000000 0.000000
2014-08-20T01:00:00Z 297.150000 1010.000000 73.000000 2.000000 160.000000 -1.000000 0.000000
2014-08-20T00:00:00Z 297.150000 1010.000000 73.000000 2.000000 160.000000 -1.000000 0.000000
2014-08-19T23:00:00Z 299.150000 1010.000000 65.000000 2.000000 160.000000 -1.000000 0.000000
2014-08-19T22:00:00Z 299.150000 1010.000000 65.000000 2.000000 160.000000 -1.000000 0.000000
2014-08-21T01:00:00Z 300.280000 1008.000000 65.000000 3.000000 140.000000 -1.000000 0.000000
2014-08-21T00:00:00Z 300.280000 1008.000000 65.000000 3.000000 140.000000 -1.000000 0.000000
2014-08-20T23:00:00Z 301.300000 1008.000000 61.000000 2.000000 110.000000 -1.000000 0.000000
2014-08-20T22:00:00Z 302.140000 1008.000000 61.000000 3.000000 130.000000 -1.000000 0.000000
2014-08-20T21:00:00Z 302.090000 1007.000000 51.000000 3.000000 170.000000 -1.000000 0.000000
2014-08-20T20:00:00Z 302.090000 1007.000000 51.000000 3.000000 170.000000 -1.000000 0.000000
2014-08-30T02:00:00Z 299.460000 1016.000000 88.000000 2.000000 60.000000 -1.000000 88.000000
2014-08-30T01:00:00Z 299.890000 1016.000000 88.000000 2.000000 70.000000 -1.000000 56.000000
2014-08-30T00:00:00Z 299.500000 1016.000000 94.000000 1.000000 80.000000 -1.000000 44.000000
2014-08-29T23:00:00Z 299.330000 1016.000000 94.000000 1.000000 0.000000 -1.000000 92.000000
2014-08-29T22:00:00Z 299.000000 1015.000000 88.000000 1.000000 0.000000 -1.000000 92.000000
2014-08-29T21:00:00Z 299.000000 1015.000000 88.000000 1.000000 0.000000 -1.000000 92.000000
2014-09-01T09:00:00Z 299.920000 1014.000000 83.000000 1.000000 0.000000 -1.000000 32.000000
2014-09-01T08:00:00Z 298.880000 1014.000000 88.000000 1.000000 0.000000 -1.000000 32.000000
2014-09-01T07:00:00Z 298.250000 1014.000000 94.000000 1.000000 0.000000 -1.000000 88.000000
2014-09-01T06:00:00Z 298.440000 1014.000000 100.000000 1.000000 80.000000 -1.000000 36.000000
2014-09-01T05:00:00Z 298.440000 1014.000000 100.000000 1.000000 80.000000 -1.000000 36.000000
2014-09-01T04:00:00Z 298.600000 1014.000000 100.000000 1.000000 80.000000 -1.000000 36.000000
2014-09-05T20:00:00Z 302.860000 1009.000000 69.000000 3.000000 120.000000 -1.000000 0.000000
2014-09-05T19:00:00Z 302.860000 1009.000000 69.000000 3.000000 120.000000 -1.000000 0.000000
2014-09-05T18:00:00Z 303.720000 1009.000000 61.000000 3.000000 140.000000 -1.000000 0.000000
2014-09-05T17:00:00Z 303.720000 1009.000000 61.000000 3.000000 140.000000 -1.000000 0.000000
2014-09-05T16:00:00Z 304.730000 1009.000000 51.000000 3.000000 150.000000 -1.000000 0.000000
2014-09-05T15:00:00Z 304.730000 1009.000000 51.000000 3.000000 150.000000 -1.000000 0.000000
2014-09-25T08:00:00Z 291.150000 1018.000000 93.000000 1.000000 0.000000 -1.000000 92.000000
2014-09-25T07:00:00Z 290.150000 1018.000000 93.000000 1.000000 60.000000 -1.000000 92.000000
2014-09-25T06:00:00Z 287.150000 1017.000000 100.000000 1.000000 60.000000 -1.000000 76.000000
2014-09-25T05:00:00Z 287.150000 1017.000000 100.000000 1.000000 60.000000 -1.000000 76.000000
2014-09-25T04:00:00Z 288.150000 1017.000000 100.000000 1.360000 147.503000 -1.000000 76.000000
2014-09-25T03:00:00Z 288.150000 1017.000000 100.000000 1.360000 147.503000 -1.000000 76.000000
2014-10-07T13:00:00Z 289.150000 1021.000000 59.000000 2.000000 0.000000 -1.000000 0.000000
2014-10-07T12:00:00Z 289.150000 1021.000000 59.000000 2.000000 0.000000 -1.000000 0.000000
2014-10-07T11:00:00Z 289.150000 1021.000000 59.000000 2.000000 0.000000 -1.000000 0.000000
2014-10-07T10:00:00Z 286.150000 1022.000000 66.000000 2.000000 60.000000 -1.000000 0.000000
2014-10-17T14:00:00Z 296.150000 1014.000000 27.000000 3.000000 180.000000 -1.000000 0.000000
2014-10-17T13:00:00Z 294.150000 1015.000000 30.000000 2.000000 150.000000 -1.000000 0.000000
2014-10-17T12:00:00Z 292.150000 1016.000000 34.000000 1.000000 0.000000 -1.000000 0.000000
2014-10-17T11:00:00Z 292.150000 1016.000000 34.000000 1.000000 0.000000 -1.000000 0.000000
2014-10-17T10:00:00Z 287.150000 1017.000000 47.000000 1.000000 0.000000 -1.000000 0.000000
2014-10-17T09:00:00Z 283.150000 1017.000000 71.000000 2.000000 30.000000 -1.000000 0.000000
2014-10-18T08:00:00Z 282.150000 1018.000000 81.000000 3.000000 360.000000 -1.000000 0.000000
2014-10-18T07:00:00Z 282.150000 1018.000000 81.000000 3.000000 360.000000 -1.000000 0.000000
2014-10-18T06:00:00Z 281.150000 1017.000000 87.000000 2.000000 360.000000 -1.000000 0.000000
2014-10-18T05:00:00Z 281.150000 1017.000000 87.000000 2.000000 360.000000 -1.000000 0.000000
2014-10-29T15:00:00Z 289.150000 1023.000000 44.000000 3.000000 160.000000 -1.000000 56.000000
2014-10-29T14:00:00Z 289.150000 1023.000000 44.000000 3.000000 160.000000 -1.000000 56.000000
2014-10-29T13:00:00Z 289.150000 1023.000000 44.000000 3.000000 160.000000 -1.000000 56.000000
2014-10-29T12:00:00Z 287.150000 1025.000000 50.000000 1.000000 0.000000 -1.000000 80.000000
2014-10-29T11:00:00Z 287.150000 1025.000000 50.000000 1.000000 0.000000 -1.000000 80.000000
2014-10-29T10:00:00Z 285.150000 1025.000000 62.000000 2.000000 360.000000 -1.000000 80.000000
