2013-12-24T22:00:00Z 271.860000 1028.000000 52.000000 2.000000 32.000000 -1.000000 0.000000
2013-12-24T23:00:00Z 271.860000 1028.000000 52.000000 2.000000 32.000000 -1.000000 0.000000
2013-12-25T00:00:00Z 271.860000 1028.000000 52.000000 2.000000 32.000000 -1.000000 0.000000
2013-12-25T01:00:00Z 271.860000 1028.000000 52.000000 2.000000 32.000000 -1.000000 0.000000
2013-12-25T02:00:00Z 271.860000 1028.000000 52.000000 2.000000 32.000000 -1.000000 0.000000
2013-12-25T03:00:00Z 271.860000 1028.000000 52.000000 2.000000 32.000000 -1.000000 0.000000
2013-12-25T04:00:00Z 271.860000 1028.000000 52.000000 2.000000 32.000000 -1.000000 0.000000
2013-12-25T05:00:00Z 270.820000 1025.000000 27.000000 6.170000 290.000000 -1.000000 0.000000
2013-12-25T06:00:00Z 270.820000 1025.000000 27.000000 6.170000 290.000000 -1.000000 0.000000
2013-12-25T07:00:00Z 270.820000 1025.000000 27.000000 6.170000 290.000000 -1.000000 0.000000
2013-12-25T08:00:00Z 270.820000 1025.000000 27.000000 6.170000 290.000000 -1.000000 0.000000
2013-12-25T09:00:00Z 270.820000 1025.000000 27.000000 6.170000 290.000000 -1.000000 0.000000
2013-12-25T10:00:00Z 270.820000 1025.000000 27.000000 6.170000 290.000000 -1.000000 0.000000
2013-12-25T11:00:00Z 270.820000 1025.000000 27.000000 6.170000 290.000000 -1.000000 0.000000
2013-12-25T12:00:00Z 270.820000 1025.000000 27.000000 6.170000 290.000000 -1.000000 0.000000
2013-12-25T13:00:00Z 270.820000 1025.000000 27.000000 6.170000 290.000000 -1.000000 0.000000
2013-12-25T14:00:00Z 270.820000 1025.000000 27.000000 6.170000 290.000000 -1.000000 0.000000
2013-12-25T15:00:00Z 270.820000 1025.000000 27.000000 6.170000 290.000000 -1.000000 0.000000
2013-12-25T16:00:00Z 270.820000 1025.000000 27.000000 6.170000 290.000000 -1.000000 0.000000
2013-12-25T17:00:00Z 270.820000 1025.000000 27.000000 6.170000 290.000000 -1.000000 0.000000
2013-12-25T18:00:00Z 270.820000 1025.000000 27.000000 6.170000 290.000000 -1.000000 0.000000
2013-12-25T19:00:00Z 270.820000 1025.000000 27.000000 6.170000 290.000000 -1.000000 0.000000
2013-12-25T20:00:00Z 270.820000 1025.000000 27.000000 6.170000 290.000000 -1.000000 0.000000
2013-12-25T21:00:00Z 270.820000 1025.000000 27.000000 6.170000 290.000000 -1.000000 0.000000
2013-12-25T22:00:00Z 270.820000 1025.000000 27.000000 6.170000 290.000000 -1.000000 0.000000
2013-12-25T23:00:00Z 270.240000 1025.000000 28.000000 3.600000 39.000000 -1.000000 0.000000
2013-12-26T00:00:00Z 269.960000 1032.000000 19.000000 11.000000 320.000000 -1.000000 0.000000
2013-12-26T01:00:00Z 269.440000 1025.000000 31.000000 3.600000 313.000000 -1.000000 0.000000
2013-12-26T02:00:00Z 269.150000 1032.000000 25.000000 10.000000 330.000000 -1.000000 0.000000
2013-12-26T03:00:00Z 269.150000 1033.000000 23.000000 10.000000 330.000000 -1.000000 0.000000
2013-12-26T04:00:00Z 268.750000 1034.000000 24.000000 8.000000 330.000000 -1.000000 0.000000
2014-01-02T14:00:00Z 279.760000 1009.000000 46.000000 1.030000 319.000000 -1.000000 32.000000
2014-01-02T15:00:00Z 280.150000 1016.000000 30.000000 2.000000 0.000000 -1.000000 32.000000
2014-01-02T16:00:00Z 279.490000 1016.000000 30.000000 2.000000 220.000000 -1.000000 12.000000
2014-01-02T17:00:00Z 278.230000 1016.000000 38.000000 1.000000 0.000000 -1.000000 12.000000
2014-01-02T18:00:00Z 276.150000 1016.000000 44.000000 1.000000 0.000000 -1.000000 0.000000
2014-01-02T19:00:00Z 275.150000 1016.000000 51.000000 1.000000 0.000000 -1.000000 0.000000
2014-01-04T12:00:00Z 274.260000 1014.000000 72.000000 0.510000 31.000000 -1.000000 12.000000
2014-01-04T13:00:00Z 274.210000 1021.000000 55.000000 1.000000 0.000000 -1.000000 24.000000
2014-01-04T14:00:00Z 275.270000 1020.000000 51.000000 1.000000 0.000000 -1.000000 24.000000
2014-01-04T15:00:00Z 275.270000 1020.000000 51.000000 1.000000 0.000000 -1.000000 24.000000
2014-01-04T16:00:00Z 274.150000 1020.000000 50.000000 2.000000 340.000000 -1.000000 0.000000
2014-01-04T17:00:00Z 274.150000 1020.000000 50.000000 2.000000 340.000000 -1.000000 0.000000
2014-01-04T18:00:00Z 271.150000 1020.000000 63.000000 3.000000 360.000000 -1.000000 0.000000
2014-01-04T19:00:00Z 269.150000 1021.000000 73.000000 1.000000 20.000000 -1.000000 0.000000
2014-01-04T20:00:00Z 269.150000 1021.000000 73.000000 1.000000 20.000000 -1.000000 0.000000
2014-01-04T21:00:00Z 269.150000 1021.000000 73.000000 1.000000 0.000000 -1.000000 0.000000
2014-01-04T22:00:00Z 269.150000 1021.000000 73.000000 1.000000 0.000000 -1.000000 0.000000
2014-01-04T23:00:00Z 269.930000 1014.000000 77.000000 1.160000 334.000000 -1.000000 0.000000
2014-01-05T00:00:00Z 268.150000 1021.000000 73.000000 2.000000 360.000000 -1.000000 0.000000
2014-01-06T12:00:00Z 269.933000 1030.420000 75.000000 2.100000 8.000180 -1.000000 32.000000
2014-01-06T13:00:00Z 269.933000 1030.420000 75.000000 2.100000 8.000180 -1.000000 32.000000
2014-01-06T14:00:00Z 273.710000 1016.000000 77.000000 1.030000 135.000000 -1.000000 24.000000
2014-01-06T15:00:00Z 273.710000 1016.000000 77.000000 1.030000 135.000000 -1.000000 24.000000
2014-01-06T16:00:00Z 273.710000 1016.000000 77.000000 0.510000 146.000000 -1.000000 44.000000
2014-01-06T17:00:00Z 273.710000 1016.000000 75.000000 0.510000 141.000000 -1.000000 44.000000
2014-01-10T23:00:00Z 268.560000 1032.000000 37.000000 1.000000 90.000000 -1.000000 0.000000
2014-01-13T19:00:00Z 272.220000 1022.000000 29.000000 1.510000 30.000300 -1.000000 0.000000
2014-01-14T22:00:00Z 267.150000 1034.000000 53.000000 1.000000 130.000000 -1.000000 0.000000
2014-01-14T23:00:00Z 267.150000 1034.000000 53.000000 1.000000 0.000000 -1.000000 0.000000
2014-01-15T00:00:00Z 265.150000 1034.000000 57.000000 1.000000 70.000000 -1.000000 0.000000
2014-01-15T01:00:00Z 264.150000 1033.000000 61.000000 2.210000 219.000000 -1.000000 0.000000
2014-01-15T23:00:00Z 278.060000 1021.000000 55.000000 0.510000 127.000000 -1.000000 56.000000
2014-01-16T00:00:00Z 276.940000 1020.000000 62.000000 0.510000 63.000000 -1.000000 92.000000
2014-01-16T01:00:00Z 276.940000 1020.000000 62.000000 0.510000 63.000000 -1.000000 92.000000
2014-01-16T02:00:00Z 276.960000 1019.000000 67.000000 1.460000 163.002000 -1.000000 92.000000
2014-01-16T03:00:00Z 276.860000 1027.000000 63.000000 2.000000 10.000000 -1.000000 92.000000
2014-01-16T04:00:00Z 277.140000 1019.000000 67.000000 0.510000 80.000000 -1.000000 88.000000
2014-01-16T05:00:00Z 277.140000 1019.000000 67.000000 0.510000 80.000000 -1.000000 88.000000
2014-01-16T06:00:00Z 276.840000 1019.000000 80.000000 0.760000 97.501200 -1.000000 88.000000
2014-01-16T07:00:00Z 276.460000 1019.000000 77.000000 2.350000 353.000000 -1.000000 8.000000
2014-01-16T08:00:00Z 276.460000 1019.000000 77.000000 2.350000 353.000000 -1.000000 8.000000
2014-01-16T18:00:00Z 280.960000 1020.000000 45.000000 1.030000 163.000000 -1.000000 0.000000
2014-01-16T19:00:00Z 278.480000 1022.000000 70.000000 1.540000 113.000000 -1.000000 0.000000
2014-01-16T20:00:00Z 278.480000 1022.000000 70.000000 1.540000 113.000000 -1.000000 0.000000
2014-01-16T21:00:00Z 281.340000 1030.000000 74.000000 2.000000 170.000000 -1.000000 0.000000
2014-01-16T22:00:00Z 281.210000 1031.000000 74.000000 1.000000 0.000000 -1.000000 0.000000
2014-01-16T23:00:00Z 280.880000 1031.000000 80.000000 3.000000 160.000000 -1.000000 0.000000
2014-01-17T00:00:00Z 281.190000 1031.000000 80.000000 2.000000 130.000000 -1.000000 0.000000
2014-01-17T01:00:00Z 280.950000 1031.000000 79.000000 3.000000 130.000000 -1.000000 0.000000
2014-01-17T02:00:00Z 280.950000 1031.000000 79.000000 3.000000 130.000000 -1.000000 0.000000
2014-01-17T03:00:00Z 277.520000 1023.000000 84.000000 2.060000 148.000000 -1.000000 36.000000
2014-01-17T04:00:00Z 277.520000 1023.000000 84.000000 2.060000 148.000000 -1.000000 36.000000
2014-01-17T05:00:00Z 280.160000 1044.050000 82.000000 1.900000 355.000000 -1.000000 80.000000
2014-01-17T06:00:00Z 280.440000 1031.000000 58.000000 6.000000 160.000000 -1.000000 80.000000
2014-01-17T07:00:00Z 288.710000 1044.630000 82.000000 2.860000 30.501000 -1.000000 92.000000
2014-01-17T16:00:00Z 276.771000 1039.260000 19.000000 4.710000 306.504000 -1.000000 0.000000
2014-01-17T17:00:00Z 275.832000 1033.350000 29.000000 4.450000 304.000000 -1.000000 0.000000
2014-01-17T18:00:00Z 276.771000 1039.260000 19.000000 4.710000 306.504000 -1.000000 0.000000
2014-01-18T20:00:00Z 270.959000 1033.880000 51.000000 4.750000 177.000000 -1.000000 0.000000
2014-01-18T21:00:00Z 273.354000 1033.970000 61.000000 5.360000 166.000000 -1.000000 8.000000
2014-01-18T22:00:00Z 269.184000 1033.970000 73.000000 3.350000 155.000000 -1.000000 0.000000
2014-01-18T23:00:00Z 269.184000 1033.970000 73.000000 3.350000 155.000000 -1.000000 0.000000
2014-01-19T00:00:00Z 269.184000 1033.970000 73.000000 3.350000 155.000000 -1.000000 0.000000
2014-01-19T01:00:00Z 265.327000 1032.260000 78.000000 1.850000 81.500400 -1.000000 76.000000
2014-01-19T10:00:00Z 271.591000 1026.710000 63.000000 2.310000 336.000000 -1.000000 64.000000
2014-01-19T11:00:00Z 271.431000 1032.460000 64.000000 3.020000 349.502000 -1.000000 56.000000
2014-01-19T12:00:00Z 271.431000 1032.460000 64.000000 3.020000 349.502000 -1.000000 56.000000
2014-01-22T17:00:00Z 277.350000 1013.000000 25.000000 1.760000 152.500000 -1.000000 0.000000
2014-01-22T18:00:00Z 275.150000 1021.000000 17.000000 1.000000 100.000000 -1.000000 0.000000
2014-01-22T19:00:00Z 274.220000 1021.000000 33.000000 1.000000 120.000000 -1.000000 8.000000
2014-01-22T20:00:00Z 271.150000 1022.000000 33.000000 1.000000 90.000000 -1.000000 12.000000
2014-01-22T21:00:00Z 269.150000 1022.000000 38.000000 2.000000 80.000000 -1.000000 0.000000
2014-01-22T22:00:00Z 268.150000 1022.000000 38.000000 2.000000 70.000000 -1.000000 0.000000
2014-01-22T23:00:00Z 270.180000 1014.000000 41.000000 0.510000 81.000000 -1.000000 0.000000
2014-01-23T00:00:00Z 270.180000 1014.000000 41.000000 0.510000 81.000000 -1.000000 0.000000
2014-01-23T01:00:00Z 270.940000 1014.000000 43.000000 1.330000 36.500100 -1.000000 0.000000
2014-01-23T02:00:00Z 267.710000 1012.000000 42.000000 1.330000 36.500100 -1.000000 0.000000
2014-01-23T03:00:00Z 269.820000 1012.000000 46.000000 1.100000 19.000000 -1.000000 0.000000
2014-01-23T04:00:00Z 266.150000 1020.000000 52.000000 1.000000 10.000000 -1.000000 0.000000
2014-01-23T05:00:00Z 266.150000 1020.000000 52.000000 1.000000 10.000000 -1.000000 0.000000
2014-01-23T06:00:00Z 267.850000 1018.000000 57.000000 1.000000 340.000000 -1.000000 0.000000
2014-01-23T07:00:00Z 269.260000 1011.000000 47.000000 1.910000 4.000790 -1.000000 0.000000
2014-01-23T08:00:00Z 269.260000 1011.000000 47.000000 1.910000 4.000790 -1.000000 0.000000
2014-01-23T09:00:00Z 268.150000 1010.000000 47.000000 1.910000 4.000790 -1.000000 0.000000
2014-01-23T10:00:00Z 270.150000 1018.000000 42.000000 1.000000 0.000000 -1.000000 0.000000
2014-01-23T11:00:00Z 273.821000 1020.840000 46.000000 1.750000 29.500000 -1.000000 8.000000
2014-01-23T12:00:00Z 274.200000 1008.000000 39.000000 1.750000 29.500000 -1.000000 8.000000
2014-01-23T13:00:00Z 275.150000 1015.000000 27.000000 2.000000 60.000000 -1.000000 12.000000
2014-01-23T14:00:00Z 275.710000 1006.000000 38.000000 1.930000 78.000400 -1.000000 12.000000
2014-01-23T15:00:00Z 275.710000 1006.000000 38.000000 1.930000 78.000400 -1.000000 12.000000
2014-01-23T16:00:00Z 276.060000 1006.000000 41.000000 1.360000 124.000000 -1.000000 44.000000
2014-01-23T17:00:00Z 276.060000 1006.000000 41.000000 1.360000 124.000000 -1.000000 44.000000
2014-01-23T18:00:00Z 273.520000 1014.000000 42.000000 1.000000 0.000000 -1.000000 0.000000
2014-01-23T19:00:00Z 273.520000 1014.000000 42.000000 1.000000 0.000000 -1.000000 0.000000
2014-01-23T20:00:00Z 270.150000 1015.000000 53.000000 1.000000 10.000000 -1.000000 0.000000
2014-01-23T21:00:00Z 270.980000 1015.000000 57.000000 2.000000 20.000000 -1.000000 8.000000
2014-01-23T22:00:00Z 270.700000 1015.000000 53.000000 2.000000 340.000000 -1.000000 0.000000
2014-01-23T23:00:00Z 271.060000 1008.000000 51.000000 0.510000 349.000000 -1.000000 8.000000
2014-01-24T00:00:00Z 270.150000 1015.000000 53.000000 2.000000 340.000000 -1.000000 20.000000
2014-01-24T01:00:00Z 272.590000 1008.000000 52.000000 1.030000 355.000000 -1.000000 20.000000
2014-01-24T02:00:00Z 272.590000 1008.000000 52.000000 1.030000 355.000000 -1.000000 20.000000
2014-01-24T03:00:00Z 271.060000 1007.000000 52.000000 0.510000 323.000000 -1.000000 20.000000
2014-01-24T04:00:00Z 271.700000 1015.000000 46.000000 2.000000 320.000000 -1.000000 68.000000
2014-01-24T05:00:00Z 270.150000 1014.000000 49.000000 4.000000 350.000000 -1.000000 68.000000
2014-01-24T06:00:00Z 270.890000 1008.000000 51.000000 0.510000 215.000000 -1.000000 76.000000
2014-01-24T07:00:00Z 270.890000 1008.000000 51.000000 0.510000 215.000000 -1.000000 76.000000
2014-01-24T08:00:00Z 270.540000 1009.000000 54.000000 2.660000 353.501000 -1.000000 76.000000
2014-01-24T09:00:00Z 272.150000 1017.000000 42.000000 2.000000 360.000000 -1.000000 88.000000
2014-01-27T06:00:00Z 267.900000 1009.000000 70.000000 1.960000 4.500060 -1.000000 20.000000
2014-01-27T07:00:00Z 268.090000 1017.000000 73.000000 3.000000 360.000000 -1.000000 20.000000
2014-01-27T08:00:00Z 268.090000 1017.000000 73.000000 3.000000 360.000000 -1.000000 20.000000
2014-01-29T12:00:00Z 274.150000 1013.000000 50.000000 2.000000 70.000000 -1.000000 0.000000
2014-01-29T13:00:00Z 275.250000 1004.000000 57.000000 0.510000 355.000000 -1.000000 0.000000
2014-01-29T14:00:00Z 275.150000 1011.000000 43.000000 1.000000 0.000000 -1.000000 0.000000
2014-01-29T15:00:00Z 276.150000 1011.000000 40.000000 1.000000 0.000000 -1.000000 0.000000
2014-01-29T16:00:00Z 276.150000 1011.000000 40.000000 1.000000 0.000000 -1.000000 0.000000
2014-01-29T17:00:00Z 275.570000 1011.000000 43.000000 1.000000 0.000000 -1.000000 0.000000
2014-01-29T18:00:00Z 273.510000 1004.000000 56.000000 1.400000 298.502000 -1.000000 0.000000
2014-01-29T19:00:00Z 272.540000 1012.000000 63.000000 1.000000 20.000000 -1.000000 0.000000
2014-01-29T20:00:00Z 270.150000 1013.000000 63.000000 2.000000 360.000000 -1.000000 0.000000
2014-01-29T21:00:00Z 271.920000 1006.000000 57.000000 0.510000 313.000000 -1.000000 0.000000
2014-01-30T19:00:00Z 278.100000 1018.000000 18.000000 5.000000 150.000000 -1.000000 0.000000
2014-01-30T20:00:00Z 276.520000 1011.000000 46.000000 2.060000 121.000000 -1.000000 0.000000
2014-01-30T21:00:00Z 274.470000 1012.000000 64.000000 1.030000 150.000000 -1.000000 0.000000
2014-01-30T22:00:00Z 271.920000 1020.000000 74.000000 3.000000 110.000000 -1.000000 0.000000
2014-01-30T23:00:00Z 271.920000 1020.000000 74.000000 3.000000 110.000000 -1.000000 0.000000
2014-01-31T00:00:00Z 271.500000 1013.000000 77.000000 0.510000 86.000000 -1.000000 0.000000
2014-01-31T01:00:00Z 272.080000 1021.000000 63.000000 2.000000 110.000000 -1.000000 40.000000
2014-01-31T17:00:00Z 276.480000 1010.000000 68.000000 3.120000 60.502000 -1.000000 92.000000
2014-02-01T04:00:00Z 274.820000 1010.000000 68.000000 1.350000 324.500000 -1.000000 92.000000
2014-02-01T05:00:00Z 274.820000 1010.000000 68.000000 1.350000 324.500000 -1.000000 92.000000
2014-02-01T06:00:00Z 274.820000 1010.000000 68.000000 1.560000 294.000000 -1.000000 88.000000
2014-02-01T07:00:00Z 274.820000 1010.000000 68.000000 1.560000 294.000000 -1.000000 88.000000
2014-02-01T08:00:00Z 275.370000 1010.000000 66.000000 0.510000 336.000000 -1.000000 88.000000
2014-02-01T09:00:00Z 276.495000 1020.150000 71.000000 2.110000 326.001000 -1.000000 92.000000
2014-02-01T19:00:00Z 276.480000 1006.000000 85.000000 0.510000 144.000000 -1.000000 0.000000
2014-02-01T20:00:00Z 273.762000 1020.620000 79.000000 3.420000 178.502000 -1.000000 0.000000
2014-02-01T21:00:00Z 273.052000 1015.140000 78.000000 2.550000 188.501000 -1.000000 0.000000
2014-02-01T22:00:00Z 275.930000 1005.000000 87.000000 1.030000 190.000000 -1.000000 0.000000
2014-02-01T23:00:00Z 275.930000 1005.000000 87.000000 1.540000 128.000000 -1.000000 0.000000
2014-02-02T00:00:00Z 275.930000 1004.000000 87.000000 2.840000 205.500000 -1.000000 0.000000
2014-02-02T01:00:00Z 275.930000 1004.000000 87.000000 0.510000 149.000000 -1.000000 0.000000
2014-02-02T02:00:00Z 275.930000 1004.000000 88.000000 1.030000 190.000000 -1.000000 0.000000
2014-02-02T03:00:00Z 275.930000 1004.000000 88.000000 1.440000 210.505000 -1.000000 0.000000
2014-02-05T23:00:00Z 270.750000 1021.000000 57.000000 1.030000 63.000000 -1.000000 0.000000
2014-02-06T00:00:00Z 269.970000 1021.000000 58.000000 0.510000 58.000000 -1.000000 48.000000
2014-02-06T01:00:00Z 269.210000 1021.000000 59.000000 1.030000 69.000000 -1.000000 56.000000
2014-02-06T02:00:00Z 269.210000 1021.000000 59.000000 1.030000 69.000000 -1.000000 56.000000
2014-02-06T03:00:00Z 268.570000 1029.000000 57.000000 1.000000 0.000000 -1.000000 56.000000
2014-02-06T04:00:00Z 267.460000 1029.000000 57.000000 1.000000 10.000000 -1.000000 64.000000
2014-02-06T05:00:00Z 266.650000 1022.000000 63.000000 0.510000 52.000000 -1.000000 64.000000
2014-02-06T06:00:00Z 266.650000 1022.000000 63.000000 0.510000 52.000000 -1.000000 64.000000
2014-02-06T07:00:00Z 267.310000 1022.000000 63.000000 2.070000 3.000760 -1.000000 68.000000
2014-02-06T08:00:00Z 267.740000 1031.000000 67.000000 1.000000 20.000000 -1.000000 68.000000
2014-02-06T09:00:00Z 268.630000 1024.000000 60.000000 2.070000 3.000760 -1.000000 68.000000
2014-02-08T03:00:00Z 269.630000 1025.000000 85.000000 2.000000 130.000000 -1.000000 90.000000
2014-02-11T15:00:00Z 274.220000 1026.000000 24.000000 4.000000 200.000000 -1.000000 0.000000
2014-02-11T16:00:00Z 273.970000 1018.000000 39.000000 2.060000 240.000000 -1.000000 0.000000
2014-02-11T17:00:00Z 273.970000 1018.000000 39.000000 2.060000 240.000000 -1.000000 0.000000
2014-02-11T18:00:00Z 273.560000 1026.000000 31.000000 3.000000 200.000000 -1.000000 0.000000
2014-02-11T19:00:00Z 272.030000 1027.000000 42.000000 2.000000 160.000000 -1.000000 0.000000
2014-02-11T20:00:00Z 268.150000 1027.000000 53.000000 1.000000 0.000000 -1.000000 0.000000
2014-02-11T21:00:00Z 269.680000 1020.000000 51.000000 3.180000 217.005000 -1.000000 0.000000
2014-02-11T22:00:00Z 269.680000 1020.000000 51.000000 3.180000 217.005000 -1.000000 0.000000
2014-02-11T23:00:00Z 268.170000 1021.000000 55.000000 3.180000 217.005000 -1.000000 0.000000
2014-02-12T00:00:00Z 266.350000 1022.000000 59.000000 0.510000 44.000000 -1.000000 0.000000
2014-02-12T01:00:00Z 266.720000 1022.000000 60.000000 0.510000 62.000000 -1.000000 0.000000
2014-02-12T02:00:00Z 265.150000 1022.000000 59.000000 0.510000 12.000000 -1.000000 0.000000
2014-02-12T03:00:00Z 265.150000 1022.000000 59.000000 0.510000 12.000000 -1.000000 0.000000
2014-02-13T00:00:00Z 270.870000 1036.000000 68.000000 4.000000 110.000000 -1.000000 12.000000
2014-02-13T01:00:00Z 269.530000 1036.000000 68.000000 4.000000 110.000000 -1.000000 24.000000
2014-02-13T02:00:00Z 269.520000 1037.000000 62.000000 3.000000 120.000000 -1.000000 24.000000
2014-02-13T03:00:00Z 270.250000 1029.000000 68.000000 1.360000 107.503000 -1.000000 12.000000
2014-02-13T04:00:00Z 270.260000 1037.000000 53.000000 3.000000 120.000000 -1.000000 12.000000
2014-02-13T05:00:00Z 270.150000 1037.000000 53.000000 2.000000 120.000000 -1.000000 12.000000
2014-02-13T06:00:00Z 270.150000 1037.000000 49.000000 3.000000 120.000000 -1.000000 12.000000
2014-02-13T07:00:00Z 270.150000 1037.000000 49.000000 3.000000 120.000000 -1.000000 12.000000
2014-02-13T08:00:00Z 270.250000 1030.000000 59.000000 0.510000 159.000000 -1.000000 12.000000
2014-02-13T09:00:00Z 270.300000 1038.000000 45.000000 3.000000 140.000000 -1.000000 12.000000
2014-02-13T10:00:00Z 269.960000 1038.000000 53.000000 4.000000 140.000000 -1.000000 8.000000
2014-02-13T11:00:00Z 270.250000 1029.000000 65.000000 1.540000 87.000000 -1.000000 8.000000
2014-02-13T12:00:00Z 271.300000 1028.000000 67.000000 0.510000 159.000000 -1.000000 36.000000
2014-02-13T13:00:00Z 272.550000 1035.000000 38.000000 2.000000 180.000000 -1.000000 36.000000
2014-02-13T14:00:00Z 272.810000 1034.000000 38.000000 2.000000 200.000000 -1.000000 36.000000
2014-02-13T15:00:00Z 273.370000 1024.000000 60.000000 5.710000 196.001000 -1.000000 64.000000
2014-02-13T16:00:00Z 273.370000 1024.000000 60.000000 5.710000 196.001000 -1.000000 64.000000
2014-02-13T17:00:00Z 272.670000 1024.000000 64.000000 0.510000 10.000000 -1.000000 56.000000
2014-02-13T18:00:00Z 272.670000 1024.000000 64.000000 0.510000 10.000000 -1.000000 56.000000
2014-02-13T19:00:00Z 271.060000 1024.000000 68.000000 0.510000 297.000000 -1.000000 56.000000
2014-02-13T20:00:00Z 271.070000 1024.000000 67.000000 4.920000 189.504000 -1.000000 56.000000
2014-02-13T21:00:00Z 270.150000 1024.000000 67.000000 4.920000 189.504000 -1.000000 56.000000
2014-02-13T22:00:00Z 271.380000 1032.000000 54.000000 2.000000 60.000000 -1.000000 48.000000
2014-02-13T23:00:00Z 270.490000 1023.000000 68.000000 4.010000 199.501000 -1.000000 48.000000
2014-02-14T00:00:00Z 269.810000 1031.000000 62.000000 1.000000 40.000000 -1.000000 0.000000
2014-02-14T01:00:00Z 270.090000 1030.000000 68.000000 1.000000 0.000000 -1.000000 0.000000
2014-02-14T02:00:00Z 267.900000 1022.000000 77.000000 3.410000 199.503000 -1.000000 0.000000
2014-02-14T03:00:00Z 267.900000 1022.000000 77.000000 3.410000 199.503000 -1.000000 0.000000
2014-02-14T04:00:00Z 267.390000 1021.000000 78.000000 1.710000 173.003000 -1.000000 0.000000
2014-02-14T05:00:00Z 268.300000 1028.000000 79.000000 1.710000 173.003000 -1.000000 0.000000
2014-02-14T06:00:00Z 266.600000 1020.000000 81.000000 0.310000 203.501000 -1.000000 0.000000
2014-02-14T07:00:00Z 266.710000 1028.000000 78.000000 1.000000 0.000000 -1.000000 0.000000
2014-02-14T08:00:00Z 266.150000 1028.000000 79.000000 1.000000 0.000000 -1.000000 0.000000
2014-02-14T09:00:00Z 269.440000 1020.000000 81.000000 0.170000 199.004000 -1.000000 0.000000
2014-02-14T10:00:00Z 269.440000 1020.000000 81.000000 0.170000 199.004000 -1.000000 0.000000
2014-02-14T11:00:00Z 272.100000 1020.000000 74.000000 0.510000 85.000000 -1.000000 0.000000
2014-02-14T12:00:00Z 273.150000 1027.000000 35.000000 1.000000 0.000000 -1.000000 0.000000
2014-02-14T13:00:00Z 273.150000 1027.000000 35.000000 1.000000 0.000000 -1.000000 0.000000
2014-02-14T14:00:00Z 275.240000 1016.000000 61.000000 2.310000 191.000000 -1.000000 0.000000
2014-02-14T15:00:00Z 275.550000 1024.000000 43.000000 2.000000 110.000000 -1.000000 0.000000
2014-02-14T16:00:00Z 276.060000 1016.000000 58.000000 0.510000 155.000000 -1.000000 0.000000
2014-02-14T17:00:00Z 276.060000 1016.000000 58.000000 0.510000 155.000000 -1.000000 0.000000
2014-02-14T18:00:00Z 274.740000 1016.000000 61.000000 4.370000 205.000000 -1.000000 0.000000
2014-02-14T19:00:00Z 273.130000 1024.000000 63.000000 4.860000 188.511000 -1.000000 0.000000
2014-02-14T20:00:00Z 273.000000 1024.000000 68.000000 1.000000 160.000000 -1.000000 0.000000
2014-02-14T21:00:00Z 270.150000 1024.000000 68.000000 1.000000 30.000000 -1.000000 0.000000
2014-02-14T22:00:00Z 269.150000 1025.000000 73.000000 1.000000 60.000000 -1.000000 0.000000
2014-02-14T23:00:00Z 270.430000 1017.000000 72.000000 1.030000 266.000000 -1.000000 0.000000
2014-02-15T00:00:00Z 269.520000 1017.000000 74.000000 1.030000 308.000000 -1.000000 0.000000
2014-02-15T01:00:00Z 269.570000 1024.000000 79.000000 1.000000 10.000000 -1.000000 0.000000
2014-02-15T02:00:00Z 269.570000 1024.000000 79.000000 1.000000 10.000000 -1.000000 0.000000
2014-02-15T03:00:00Z 269.230000 1024.000000 79.000000 2.000000 10.000000 -1.000000 12.000000
2014-02-15T04:00:00Z 268.270000 1016.000000 79.000000 0.510000 283.000000 -1.000000 12.000000
2014-02-15T05:00:00Z 269.300000 1024.000000 79.000000 2.000000 350.000000 -1.000000 12.000000
2014-02-15T06:00:00Z 269.990000 1017.000000 76.000000 0.910000 29.003800 -1.000000 0.000000
2014-02-15T07:00:00Z 269.040000 1017.000000 76.000000 1.540000 304.000000 -1.000000 0.000000
2014-02-15T08:00:00Z 269.040000 1017.000000 76.000000 1.540000 304.000000 -1.000000 0.000000
2014-02-15T09:00:00Z 264.813000 1033.290000 76.000000 0.910000 29.003800 -1.000000 0.000000
2014-02-15T10:00:00Z 271.480000 1018.000000 74.000000 1.690000 25.000000 -1.000000 8.000000
2014-02-15T11:00:00Z 273.150000 1018.000000 70.000000 0.510000 294.000000 -1.000000 8.000000
2014-02-15T12:00:00Z 273.150000 1018.000000 70.000000 0.510000 294.000000 -1.000000 8.000000
2014-02-15T13:00:00Z 275.930000 1016.000000 60.000000 0.510000 86.000000 -1.000000 8.000000
2014-02-15T14:00:00Z 279.732000 1032.200000 42.000000 1.780000 131.001000 -1.000000 8.000000
2014-02-15T15:00:00Z 276.480000 1015.000000 58.000000 0.510000 137.000000 -1.000000 44.000000
2014-02-15T16:00:00Z 276.480000 1015.000000 58.000000 0.510000 137.000000 -1.000000 44.000000
2014-02-15T17:00:00Z 280.692000 1031.170000 37.000000 3.760000 201.500000 -1.000000 44.000000
2014-02-15T18:00:00Z 280.692000 1031.170000 37.000000 3.760000 201.500000 -1.000000 44.000000
2014-02-15T19:00:00Z 272.714000 1032.390000 70.000000 2.610000 179.001000 -1.000000 0.000000
2014-02-15T20:00:00Z 272.714000 1032.390000 70.000000 2.610000 179.001000 -1.000000 0.000000
2014-02-15T21:00:00Z 272.370000 1025.000000 73.000000 1.000000 0.000000 -1.000000 12.000000
2014-02-15T22:00:00Z 268.639000 1033.310000 68.000000 1.810000 172.005000 -1.000000 12.000000
2014-02-15T23:00:00Z 272.590000 1018.000000 73.000000 1.810000 172.005000 -1.000000 12.000000
2014-02-16T00:00:00Z 272.590000 1018.000000 73.000000 1.810000 172.005000 -1.000000 12.000000
2014-02-16T01:00:00Z 272.040000 1018.000000 75.000000 1.030000 314.000000 -1.000000 12.000000
2014-02-16T02:00:00Z 266.803000 1033.710000 65.000000 1.070000 71.002900 -1.000000 12.000000
2014-02-16T03:00:00Z 272.040000 1019.000000 74.000000 2.060000 314.000000 -1.000000 0.000000
2014-02-16T04:00:00Z 270.160000 1026.000000 73.000000 4.000000 350.000000 -1.000000 0.000000
2014-02-16T05:00:00Z 270.160000 1026.000000 73.000000 4.000000 350.000000 -1.000000 0.000000
2014-02-16T06:00:00Z 268.838000 1037.330000 79.000000 3.300000 31.000500 -1.000000 68.000000
2014-02-16T07:00:00Z 268.838000 1037.330000 79.000000 3.300000 31.000500 -1.000000 68.000000
2014-02-16T15:00:00Z 281.294000 1037.730000 28.000000 4.160000 81.000000 -1.000000 8.000000
2014-02-16T16:00:00Z 280.246000 1037.670000 30.000000 3.010000 110.501000 -1.000000 20.000000
2014-02-16T17:00:00Z 280.246000 1037.670000 30.000000 3.010000 110.501000 -1.000000 20.000000
2014-02-16T18:00:00Z 280.246000 1037.670000 30.000000 3.010000 110.501000 -1.000000 20.000000
2014-02-16T19:00:00Z 277.150000 1030.000000 41.000000 5.000000 190.000000 -1.000000 36.000000
2014-02-16T20:00:00Z 276.150000 1030.000000 47.000000 3.000000 180.000000 -1.000000 36.000000
2014-02-19T23:00:00Z 272.150000 1030.000000 58.000000 3.000000 140.000000 -1.000000 0.000000
2014-02-20T00:00:00Z 272.150000 1030.000000 58.000000 3.000000 140.000000 -1.000000 0.000000
2014-02-20T01:00:00Z 269.150000 1030.000000 79.000000 2.000000 90.000000 -1.000000 0.000000
2014-02-20T02:00:00Z 269.150000 1030.000000 79.000000 2.000000 90.000000 -1.000000 0.000000
2014-02-20T03:00:00Z 269.150000 1030.000000 79.000000 2.000000 90.000000 -1.000000 0.000000
2014-02-20T04:00:00Z 269.150000 1030.000000 79.000000 2.000000 90.000000 -1.000000 0.000000
2014-02-20T05:00:00Z 271.150000 1031.000000 79.000000 1.000000 0.000000 -1.000000 0.000000
2014-02-20T06:00:00Z 271.150000 1031.000000 79.000000 1.000000 130.000000 -1.000000 0.000000
2014-02-20T07:00:00Z 271.150000 1031.000000 79.000000 1.000000 130.000000 -1.000000 0.000000
2014-02-20T08:00:00Z 272.150000 1032.000000 74.000000 2.000000 170.000000 -1.000000 0.000000
2014-02-20T09:00:00Z 272.150000 1032.000000 74.000000 2.000000 170.000000 -1.000000 0.000000
2014-02-20T10:00:00Z 272.150000 1032.000000 74.000000 2.000000 170.000000 -1.000000 0.000000
2014-02-21T13:00:00Z 275.150000 1028.000000 55.000000 1.000000 0.000000 -1.000000 0.000000
2014-02-21T14:00:00Z 277.150000 1026.000000 48.000000 1.000000 0.000000 -1.000000 24.000000
2014-02-21T15:00:00Z 277.150000 1026.000000 48.000000 1.000000 0.000000 -1.000000 24.000000
2014-02-21T16:00:00Z 277.150000 1026.000000 44.000000 2.000000 90.000000 -1.000000 20.000000
2014-02-21T17:00:00Z 276.150000 1026.000000 51.000000 1.000000 0.000000 -1.000000 20.000000
2014-02-21T18:00:00Z 276.150000 1026.000000 51.000000 1.000000 0.000000 -1.000000 20.000000
2014-02-21T19:00:00Z 274.060000 1034.660000 79.000000 2.040000 159.014000 -1.000000 20.000000
2014-02-21T20:00:00Z 274.060000 1034.660000 79.000000 2.040000 159.014000 -1.000000 20.000000
2014-02-21T21:00:00Z 282.240000 1029.000000 68.000000 2.000000 10.000000 -1.000000 36.000000
2014-02-21T22:00:00Z 282.240000 1029.000000 68.000000 2.000000 10.000000 -1.000000 36.000000
2014-02-21T23:00:00Z 282.240000 1029.000000 68.000000 2.000000 10.000000 -1.000000 36.000000
2014-02-22T00:00:00Z 271.150000 1029.000000 74.000000 2.000000 350.000000 -1.000000 44.000000
2014-02-22T01:00:00Z 271.150000 1029.000000 74.000000 2.000000 350.000000 -1.000000 44.000000
2014-02-22T02:00:00Z 271.150000 1029.000000 74.000000 2.000000 350.000000 -1.000000 44.000000
2014-02-22T03:00:00Z 273.150000 1029.000000 77.000000 1.000000 350.000000 -1.000000 24.000000
2014-02-22T04:00:00Z 273.150000 1029.000000 77.000000 1.000000 350.000000 -1.000000 24.000000
2014-02-22T05:00:00Z 273.150000 1029.000000 77.000000 1.000000 350.000000 -1.000000 24.000000
2014-02-22T06:00:00Z 274.150000 1030.000000 59.000000 3.000000 350.000000 -1.000000 0.000000
2014-02-22T07:00:00Z 274.150000 1030.000000 59.000000 3.000000 350.000000 -1.000000 0.000000
2014-02-22T08:00:00Z 275.150000 1030.000000 55.000000 2.000000 360.000000 -1.000000 0.000000
2014-02-22T09:00:00Z 275.150000 1030.000000 55.000000 2.000000 360.000000 -1.000000 0.000000
2014-02-22T19:00:00Z 275.150000 1030.000000 64.000000 1.000000 80.000000 -1.000000 76.000000
2014-02-22T20:00:00Z 275.150000 1030.000000 64.000000 1.000000 80.000000 -1.000000 76.000000
2014-02-22T21:00:00Z 276.150000 1032.000000 64.000000 2.000000 160.000000 -1.000000 92.000000
2014-02-22T22:00:00Z 276.150000 1032.000000 64.000000 2.000000 160.000000 -1.000000 92.000000
2014-02-22T23:00:00Z 276.150000 1032.000000 64.000000 2.000000 160.000000 -1.000000 92.000000
2014-02-23T00:00:00Z 275.150000 1032.000000 64.000000 1.000000 0.000000 -1.000000 92.000000
2014-02-23T01:00:00Z 275.150000 1032.000000 59.000000 2.000000 150.000000 -1.000000 92.000000
2014-02-23T02:00:00Z 275.150000 1032.000000 59.000000 2.000000 150.000000 -1.000000 92.000000
2014-02-23T03:00:00Z 274.150000 1032.000000 64.000000 2.000000 180.000000 -1.000000 80.000000
2014-02-23T04:00:00Z 274.150000 1031.000000 59.000000 3.080000 41.002000 -1.000000 80.000000
2014-02-23T05:00:00Z 274.150000 1031.000000 59.000000 3.080000 41.002000 -1.000000 80.000000
2014-02-23T06:00:00Z 274.150000 1031.000000 59.000000 3.080000 41.002000 -1.000000 80.000000
2014-02-23T07:00:00Z 274.150000 1032.000000 55.000000 1.000000 0.000000 -1.000000 92.000000
2014-02-23T08:00:00Z 274.150000 1032.000000 55.000000 1.000000 0.000000 -1.000000 92.000000
2014-02-23T09:00:00Z 274.150000 1032.000000 59.000000 1.000000 0.000000 -1.000000 32.000000
2014-02-23T10:00:00Z 274.150000 1032.000000 59.000000 1.000000 0.000000 -1.000000 32.000000
2014-02-23T11:00:00Z 275.150000 1031.000000 55.000000 1.000000 0.000000 -1.000000 76.000000
2014-02-23T12:00:00Z 275.150000 1031.000000 55.000000 1.000000 0.000000 -1.000000 76.000000
2014-02-23T13:00:00Z 275.150000 1031.000000 55.000000 1.000000 0.000000 -1.000000 76.000000
2014-02-23T14:00:00Z 275.150000 1031.000000 55.000000 1.000000 0.000000 -1.000000 76.000000
2014-02-23T15:00:00Z 275.150000 1031.000000 55.000000 1.000000 0.000000 -1.000000 76.000000
2014-02-23T16:00:00Z 275.150000 1030.000000 59.000000 1.000000 0.000000 -1.000000 0.000000
2014-02-23T17:00:00Z 275.150000 1030.000000 59.000000 1.000000 0.000000 -1.000000 0.000000
2014-02-23T18:00:00Z 275.150000 1030.000000 59.000000 1.000000 0.000000 -1.000000 0.000000
2014-02-23T19:00:00Z 275.150000 1030.000000 59.000000 1.000000 0.000000 -1.000000 0.000000
2014-02-23T20:00:00Z 275.150000 1030.000000 59.000000 1.000000 0.000000 -1.000000 0.000000
2014-02-23T21:00:00Z 275.150000 1030.000000 59.000000 1.000000 0.000000 -1.000000 0.000000
2014-02-23T22:00:00Z 275.150000 1029.000000 59.000000 1.000000 50.000000 -1.000000 80.000000
2014-02-23T23:00:00Z 275.150000 1029.000000 59.000000 1.000000 50.000000 -1.000000 80.000000
2014-02-24T00:00:00Z 275.150000 1029.000000 59.000000 1.000000 50.000000 -1.000000 80.000000
2014-02-24T01:00:00Z 275.150000 1029.000000 59.000000 1.000000 50.000000 -1.000000 80.000000
2014-02-24T02:00:00Z 282.130000 1041.840000 84.000000 1.160000 213.503000 -1.000000 80.000000
2014-02-24T03:00:00Z 282.130000 1041.840000 84.000000 1.160000 213.503000 -1.000000 80.000000
2014-02-24T04:00:00Z 282.130000 1041.840000 84.000000 1.160000 213.503000 -1.000000 80.000000
2014-02-24T05:00:00Z 282.130000 1041.840000 84.000000 1.160000 213.503000 -1.000000 80.000000
2014-02-24T06:00:00Z 283.060000 1028.000000 64.000000 2.000000 360.000000 -1.000000 92.000000
2014-02-24T07:00:00Z 283.060000 1028.000000 64.000000 2.000000 360.000000 -1.000000 92.000000
2014-02-24T08:00:00Z 283.060000 1028.000000 64.000000 2.000000 360.000000 -1.000000 92.000000
2014-02-24T09:00:00Z 282.180000 1042.400000 76.000000 2.320000 351.000000 -1.000000 88.000000
2014-02-24T10:00:00Z 282.180000 1042.400000 76.000000 2.320000 351.000000 -1.000000 88.000000
2014-02-24T11:00:00Z 284.350000 1029.000000 51.000000 2.000000 20.000000 -1.000000 88.000000
2014-02-24T12:00:00Z 284.350000 1029.000000 51.000000 2.000000 20.000000 -1.000000 88.000000
2014-02-24T13:00:00Z 285.650000 1026.000000 42.000000 1.000000 0.000000 -1.000000 0.000000
2014-02-24T14:00:00Z 285.650000 1026.000000 42.000000 1.000000 0.000000 -1.000000 0.000000
2014-02-24T23:00:00Z 281.720000 1027.000000 74.000000 1.000000 90.000000 -1.000000 0.000000
2014-02-25T00:00:00Z 281.720000 1027.000000 74.000000 1.000000 90.000000 -1.000000 0.000000
2014-02-25T01:00:00Z 282.260000 1027.000000 74.000000 1.620000 196.504000 -1.000000 0.000000
2014-03-01T23:00:00Z 281.150000 1022.000000 16.000000 4.000000 220.000000 -1.000000 0.000000
2014-03-02T00:00:00Z 281.150000 1022.000000 16.000000 4.000000 220.000000 -1.000000 0.000000
2014-03-02T01:00:00Z 281.150000 1022.000000 16.000000 4.000000 220.000000 -1.000000 0.000000
2014-03-02T02:00:00Z 281.150000 1022.000000 16.000000 4.000000 220.000000 -1.000000 0.000000
2014-03-02T03:00:00Z 281.150000 1022.000000 16.000000 4.000000 220.000000 -1.000000 0.000000
2014-03-02T04:00:00Z 274.150000 1024.000000 47.000000 2.000000 100.000000 -1.000000 0.000000
2014-03-02T05:00:00Z 274.150000 1024.000000 47.000000 2.000000 100.000000 -1.000000 0.000000
2014-03-03T07:00:00Z 270.150000 1023.000000 79.000000 1.000000 120.000000 -1.000000 0.000000
2014-03-03T08:00:00Z 273.150000 1023.000000 43.000000 2.000000 10.000000 -1.000000 0.000000
2014-03-03T09:00:00Z 273.150000 1023.000000 43.000000 2.000000 10.000000 -1.000000 0.000000
2014-03-03T10:00:00Z 274.150000 1023.000000 74.000000 2.000000 10.000000 -1.000000 0.000000
2014-03-03T11:00:00Z 275.150000 1022.000000 59.000000 1.000000 0.000000 -1.000000 0.000000
2014-03-03T12:00:00Z 276.150000 1022.000000 51.000000 2.000000 20.000000 -1.000000 48.000000
2014-03-03T13:00:00Z 276.150000 1021.000000 47.000000 2.000000 70.000000 -1.000000 48.000000
2014-03-03T14:00:00Z 276.150000 1020.000000 47.000000 2.000000 100.000000 -1.000000 48.000000
2014-03-03T15:00:00Z 276.150000 1020.000000 47.000000 2.000000 100.000000 -1.000000 48.000000
2014-03-03T16:00:00Z 276.150000 1020.000000 44.000000 3.000000 360.000000 -1.000000 8.000000
2014-03-03T17:00:00Z 276.150000 1020.000000 44.000000 3.000000 360.000000 -1.000000 8.000000
2014-03-03T18:00:00Z 276.150000 1020.000000 44.000000 3.000000 360.000000 -1.000000 8.000000
2014-03-03T19:00:00Z 276.150000 1021.000000 51.000000 3.000000 350.000000 -1.000000 0.000000
2014-03-03T20:00:00Z 276.150000 1022.000000 51.000000 4.000000 340.000000 -1.000000 0.000000
2014-03-03T21:00:00Z 275.150000 1022.000000 51.000000 2.000000 20.000000 -1.000000 92.000000
2014-03-03T22:00:00Z 273.150000 1022.000000 86.000000 3.000000 360.000000 -1.000000 92.000000
2014-03-03T23:00:00Z 274.150000 1023.000000 47.000000 3.000000 360.000000 2.500000 92.000000
2014-03-09T09:00:00Z 276.150000 1028.000000 34.000000 2.000000 90.000000 -1.000000 0.000000
2014-03-10T19:00:00Z 279.150000 1019.000000 38.000000 2.000000 170.000000 -1.000000 0.000000
2014-03-10T20:00:00Z 277.150000 1020.000000 48.000000 3.110000 187.503000 -1.000000 0.000000
2014-03-10T21:00:00Z 277.150000 1020.000000 48.000000 3.110000 187.503000 -1.000000 0.000000
2014-03-10T22:00:00Z 276.150000 1020.000000 55.000000 1.000000 0.000000 -1.000000 0.000000
2014-03-10T23:00:00Z 276.150000 1020.000000 55.000000 1.000000 0.000000 -1.000000 0.000000
2014-03-11T00:00:00Z 275.150000 1019.000000 59.000000 1.000000 0.000000 -1.000000 0.000000
2014-03-11T01:00:00Z 274.150000 1019.000000 59.000000 1.000000 90.000000 -1.000000 0.000000
2014-03-11T02:00:00Z 273.150000 1019.000000 74.000000 1.000000 0.000000 -1.000000 0.000000
2014-03-11T03:00:00Z 273.150000 1018.000000 79.000000 2.560000 225.505000 -1.000000 0.000000
2014-03-11T04:00:00Z 272.150000 1017.000000 80.000000 1.000000 0.000000 -1.000000 0.000000
2014-03-11T05:00:00Z 272.150000 1017.000000 80.000000 1.000000 0.000000 -1.000000 0.000000
2014-03-11T06:00:00Z 272.150000 1017.000000 74.000000 3.000000 350.000000 -1.000000 0.000000
2014-03-11T07:00:00Z 272.150000 1017.000000 74.000000 3.000000 350.000000 -1.000000 0.000000
2014-03-11T08:00:00Z 277.150000 1017.000000 51.000000 3.000000 340.000000 -1.000000 0.000000
2014-03-11T09:00:00Z 277.150000 1017.000000 51.000000 3.000000 340.000000 -1.000000 0.000000
2014-03-11T10:00:00Z 280.150000 1017.000000 42.000000 3.000000 340.000000 -1.000000 0.000000
2014-03-11T11:00:00Z 284.150000 1016.000000 32.000000 1.000000 0.000000 -1.000000 24.000000
2014-03-11T12:00:00Z 284.150000 1016.000000 32.000000 1.000000 0.000000 -1.000000 24.000000
2014-03-11T13:00:00Z 285.150000 1015.000000 30.000000 1.000000 0.000000 -1.000000 24.000000
2014-03-11T14:00:00Z 285.150000 1015.000000 30.000000 1.000000 0.000000 -1.000000 24.000000
2014-03-11T15:00:00Z 285.150000 1015.000000 30.000000 1.000000 0.000000 -1.000000 24.000000
2014-03-15T21:00:00Z 290.340000 1011.000000 20.000000 2.000000 100.000000 -1.000000 0.000000
2014-03-15T22:00:00Z 289.590000 1024.920000 65.000000 5.580000 122.502000 -1.000000 0.000000
2014-03-15T23:00:00Z 289.540000 1024.920000 65.000000 5.580000 122.502000 -1.000000 0.000000
2014-03-16T00:00:00Z 288.970000 1014.000000 27.000000 5.000000 130.000000 -1.000000 0.000000
2014-03-16T17:00:00Z 289.150000 1012.000000 18.000000 4.000000 140.000000 -1.000000 0.000000
2014-03-16T18:00:00Z 289.150000 1012.000000 18.000000 4.000000 140.000000 -1.000000 0.000000
2014-03-16T19:00:00Z 286.150000 1012.000000 26.000000 4.000000 140.000000 -1.000000 8.000000
2014-03-16T20:00:00Z 286.150000 1012.000000 26.000000 4.000000 140.000000 -1.000000 8.000000
2014-03-16T21:00:00Z 284.150000 1013.000000 32.000000 3.000000 120.000000 -1.000000 36.000000
2014-03-16T22:00:00Z 283.150000 1013.000000 34.000000 3.000000 120.000000 -1.000000 36.000000
2014-03-16T23:00:00Z 282.210000 1012.000000 39.000000 2.000000 170.000000 -1.000000 36.000000
2014-03-17T00:00:00Z 281.960000 1012.000000 39.000000 1.000000 170.000000 -1.000000 0.000000
2014-03-17T01:00:00Z 281.960000 1012.000000 39.000000 1.000000 170.000000 -1.000000 0.000000
2014-03-17T02:00:00Z 279.550000 1003.000000 53.000000 1.510000 36.504900 -1.000000 0.000000
2014-03-17T03:00:00Z 280.690000 1010.000000 48.000000 2.000000 170.000000 -1.000000 0.000000
2014-03-17T04:00:00Z 279.110000 1002.000000 60.000000 3.460000 356.004000 -1.000000 0.000000
2014-03-17T05:00:00Z 279.110000 1002.000000 60.000000 3.460000 356.004000 -1.000000 0.000000
2014-03-17T06:00:00Z 278.260000 1003.000000 61.000000 1.540000 302.000000 -1.000000 0.000000
2014-03-17T07:00:00Z 278.430000 1003.000000 59.000000 0.510000 56.000000 -1.000000 0.000000
2014-03-17T08:00:00Z 279.630000 1004.000000 58.000000 0.510000 275.000000 -1.000000 0.000000
2014-03-17T09:00:00Z 282.620000 1004.000000 53.000000 1.030000 338.000000 -1.000000 36.000000
2014-03-17T10:00:00Z 286.050000 1004.000000 37.000000 1.540000 279.000000 -1.000000 36.000000
2014-03-17T11:00:00Z 286.050000 1004.000000 37.000000 1.540000 279.000000 -1.000000 36.000000
2014-03-23T15:00:00Z 292.110000 1012.000000 31.000000 2.060000 172.000000 -1.000000 0.000000
2014-03-23T16:00:00Z 292.110000 1012.000000 31.000000 2.060000 172.000000 -1.000000 0.000000
2014-03-23T17:00:00Z 292.110000 1012.000000 31.000000 2.060000 172.000000 -1.000000 0.000000
2014-03-23T18:00:00Z 291.410000 1019.000000 25.000000 4.000000 130.000000 -1.000000 0.000000
2014-03-23T19:00:00Z 288.150000 1019.000000 30.000000 3.000000 130.000000 -1.000000 0.000000
2014-03-23T20:00:00Z 288.150000 1019.000000 30.000000 3.000000 130.000000 -1.000000 0.000000
2014-03-23T21:00:00Z 287.150000 1020.000000 35.000000 4.000000 120.000000 -1.000000 0.000000
2014-03-23T22:00:00Z 286.440000 1020.000000 40.000000 3.000000 130.000000 -1.000000 0.000000
2014-03-23T23:00:00Z 284.150000 1019.000000 43.000000 3.000000 130.000000 -1.000000 0.000000
2014-03-24T00:00:00Z 283.230000 1019.000000 49.000000 1.000000 0.000000 -1.000000 24.000000
2014-03-24T01:00:00Z 282.570000 1018.000000 56.000000 1.000000 40.000000 -1.000000 24.000000
2014-03-24T02:00:00Z 282.570000 1018.000000 56.000000 1.000000 40.000000 -1.000000 24.000000
2014-03-24T03:00:00Z 279.150000 1017.000000 60.000000 2.000000 360.000000 -1.000000 0.000000
2014-03-24T04:00:00Z 280.150000 1017.000000 84.000000 1.000000 110.000000 -1.000000 0.000000
2014-03-24T05:00:00Z 282.040000 1009.000000 66.000000 1.870000 49.503400 -1.000000 36.000000
2014-03-24T06:00:00Z 279.150000 1016.000000 70.000000 1.000000 140.000000 -1.000000 20.000000
2014-03-24T07:00:00Z 280.280000 1016.000000 70.000000 1.000000 0.000000 -1.000000 76.000000
2014-03-24T08:00:00Z 280.280000 1016.000000 70.000000 1.000000 0.000000 -1.000000 76.000000
2014-03-24T09:00:00Z 284.200000 1008.000000 61.000000 2.650000 209.505000 -1.000000 12.000000
2014-03-24T10:00:00Z 284.870000 1016.000000 43.000000 1.000000 0.000000 -1.000000 88.000000
2014-03-24T11:00:00Z 287.530000 1015.000000 38.000000 1.000000 0.000000 -1.000000 20.000000
2014-03-24T12:00:00Z 287.530000 1015.000000 38.000000 1.000000 0.000000 -1.000000 20.000000
2014-03-24T13:00:00Z 292.100000 1004.000000 38.000000 1.030000 130.000000 -1.000000 0.000000
2014-03-24T23:00:00Z 283.150000 1011.000000 57.000000 1.000000 0.000000 -1.000000 0.000000
2014-03-25T00:00:00Z 282.150000 1011.000000 66.000000 1.000000 360.000000 -1.000000 8.000000
2014-03-25T01:00:00Z 282.150000 1011.000000 66.000000 1.000000 360.000000 -1.000000 8.000000
2014-03-25T02:00:00Z 282.150000 1012.000000 57.000000 2.000000 10.000000 -1.000000 0.000000
2014-03-25T03:00:00Z 281.150000 1011.000000 61.000000 1.000000 360.000000 -1.000000 24.000000
2014-03-25T04:00:00Z 281.150000 1011.000000 61.000000 2.000000 360.000000 -1.000000 24.000000
2014-03-25T05:00:00Z 281.660000 1004.000000 60.000000 0.510000 56.000000 -1.000000 0.000000
2014-03-25T06:00:00Z 281.660000 1004.000000 60.000000 0.510000 56.000000 -1.000000 0.000000
2014-03-25T07:00:00Z 281.080000 1004.000000 61.000000 2.060000 323.000000 -1.000000 0.000000
2014-03-25T08:00:00Z 283.500000 1012.000000 53.000000 3.000000 340.000000 -1.000000 0.000000
2014-03-25T09:00:00Z 286.150000 1012.000000 37.000000 4.000000 340.000000 -1.000000 0.000000
2014-03-25T10:00:00Z 289.400000 1004.000000 41.000000 1.030000 338.000000 -1.000000 48.000000
2014-03-25T11:00:00Z 289.400000 1004.000000 41.000000 1.030000 338.000000 -1.000000 48.000000
2014-03-25T12:00:00Z 291.370000 1011.000000 40.000000 2.000000 150.000000 -1.000000 48.000000
2014-03-25T13:00:00Z 293.370000 1002.000000 37.000000 0.510000 355.000000 -1.000000 48.000000
2014-03-25T14:00:00Z 294.070000 1009.000000 23.000000 4.000000 190.000000 -1.000000 0.000000
2014-03-25T15:00:00Z 296.070000 1000.000000 33.000000 5.000000 196.003000 -1.000000 8.000000
2014-03-25T16:00:00Z 296.040000 1007.000000 26.000000 4.000000 190.000000 -1.000000 8.000000
2014-03-25T17:00:00Z 295.780000 1007.000000 26.000000 4.000000 190.000000 -1.000000 8.000000
2014-03-25T18:00:00Z 294.520000 1007.000000 28.000000 3.000000 190.000000 -1.000000 0.000000
2014-03-25T19:00:00Z 291.680000 1008.000000 39.000000 1.000000 0.000000 -1.000000 0.000000
2014-03-25T20:00:00Z 291.680000 1008.000000 39.000000 1.000000 0.000000 -1.000000 0.000000
2014-03-25T21:00:00Z 287.150000 1009.000000 54.000000 1.000000 150.000000 -1.000000 0.000000
2014-03-25T22:00:00Z 288.690000 1002.000000 53.000000 4.220000 208.000000 -1.000000 0.000000
2014-03-25T23:00:00Z 288.690000 1002.000000 53.000000 4.220000 208.000000 -1.000000 0.000000
2014-03-26T00:00:00Z 286.660000 1002.000000 57.000000 4.220000 208.000000 -1.000000 0.000000
2014-03-26T01:00:00Z 285.720000 1002.000000 62.000000 3.300000 197.501000 -1.000000 0.000000
2014-03-26T02:00:00Z 284.430000 1002.000000 66.000000 3.300000 197.501000 -1.000000 0.000000
2014-03-26T03:00:00Z 285.410000 1009.000000 62.000000 1.000000 0.000000 -1.000000 0.000000
2014-03-26T04:00:00Z 283.150000 1010.000000 66.000000 1.000000 0.000000 -1.000000 0.000000
2014-03-26T05:00:00Z 283.170000 1003.000000 79.000000 1.360000 185.008000 -1.000000 0.000000
2014-03-26T06:00:00Z 283.170000 1003.000000 79.000000 1.360000 185.008000 -1.000000 0.000000
2014-03-26T07:00:00Z 283.380000 1012.000000 76.000000 2.000000 10.000000 -1.000000 0.000000
2014-03-26T08:00:00Z 283.380000 1012.000000 76.000000 2.000000 10.000000 -1.000000 0.000000
2014-03-26T09:00:00Z 287.150000 1013.000000 62.000000 1.000000 0.000000 -1.000000 0.000000
2014-03-26T10:00:00Z 287.150000 1013.000000 62.000000 1.000000 0.000000 -1.000000 0.000000
2014-03-26T11:00:00Z 291.810000 1012.000000 45.000000 1.000000 0.000000 -1.000000 0.000000
2014-03-26T12:00:00Z 291.810000 1012.000000 45.000000 1.000000 0.000000 -1.000000 0.000000
2014-03-26T13:00:00Z 294.950000 1009.000000 35.000000 2.000000 0.000000 -1.000000 20.000000
2014-03-26T14:00:00Z 294.950000 1009.000000 35.000000 2.000000 0.000000 -1.000000 20.000000
2014-03-26T15:00:00Z 296.150000 1008.000000 33.000000 2.000000 200.000000 -1.000000 0.000000
2014-03-26T16:00:00Z 297.080000 1007.000000 31.000000 4.000000 190.000000 -1.000000 92.000000
2014-03-26T17:00:00Z 297.080000 1007.000000 31.000000 4.000000 190.000000 -1.000000 92.000000
2014-03-26T18:00:00Z 296.050000 1000.000000 48.000000 10.760000 325.006000 -1.000000 44.000000
2014-03-26T19:00:00Z 293.150000 1009.000000 45.000000 2.000000 170.000000 -1.000000 44.000000
2014-03-26T20:00:00Z 293.150000 1009.000000 45.000000 2.000000 170.000000 -1.000000 44.000000
2014-03-26T21:00:00Z 289.490000 1011.000000 62.000000 5.380000 217.500000 -1.000000 0.000000
2014-03-26T22:00:00Z 289.490000 1011.000000 62.000000 5.380000 217.500000 -1.000000 0.000000
2014-03-26T23:00:00Z 286.150000 1011.000000 71.000000 1.000000 50.000000 -1.000000 0.000000
2014-03-27T00:00:00Z 285.150000 1011.000000 71.000000 1.000000 40.000000 -1.000000 0.000000
2014-03-27T01:00:00Z 285.150000 1011.000000 71.000000 1.000000 40.000000 -1.000000 0.000000
2014-03-27T02:00:00Z 287.901000 1018.580000 71.000000 4.100000 216.500000 -1.000000 0.000000
2014-03-27T03:00:00Z 284.150000 1011.000000 76.000000 3.860000 194.001000 -1.000000 0.000000
2014-03-27T04:00:00Z 284.790000 1004.000000 74.000000 3.860000 194.001000 -1.000000 0.000000
2014-03-27T05:00:00Z 284.790000 1004.000000 74.000000 3.860000 194.001000 -1.000000 0.000000
2014-03-27T06:00:00Z 285.340000 1012.000000 76.000000 1.000000 60.000000 -1.000000 0.000000
2014-03-27T07:00:00Z 285.150000 1012.000000 71.000000 1.000000 80.000000 -1.000000 8.000000
2014-03-27T08:00:00Z 287.780000 1006.000000 76.000000 1.540000 82.000000 -1.000000 8.000000
2014-03-27T21:00:00Z 286.550000 1001.000000 58.000000 7.170000 195.003000 -1.000000 48.000000
2014-03-27T22:00:00Z 286.150000 1009.000000 50.000000 1.000000 0.000000 -1.000000 44.000000
2014-03-27T23:00:00Z 285.870000 1009.000000 54.000000 1.000000 0.000000 -1.000000 80.000000
2014-03-28T00:00:00Z 285.870000 1009.000000 54.000000 1.000000 0.000000 -1.000000 80.000000
2014-03-28T01:00:00Z 285.830000 1008.000000 54.000000 1.000000 0.000000 -1.000000 92.000000
2014-03-28T02:00:00Z 286.390000 1008.000000 54.000000 2.000000 320.000000 -1.000000 76.000000
2014-03-28T03:00:00Z 285.830000 1007.000000 58.000000 1.000000 0.000000 -1.000000 80.000000
2014-03-28T04:00:00Z 285.150000 1007.000000 62.000000 1.000000 360.000000 -1.000000 80.000000
2014-03-28T05:00:00Z 286.150000 1008.000000 66.000000 3.000000 310.000000 -1.000000 80.000000
2014-03-28T06:00:00Z 286.150000 1008.000000 66.000000 3.000000 310.000000 -1.000000 80.000000
2014-03-28T19:00:00Z 290.910000 1007.000000 51.000000 3.000000 150.000000 -1.000000 56.000000
2014-03-31T03:00:00Z 293.150000 1017.000000 19.000000 2.000000 10.000000 -1.000000 0.000000
2014-03-31T04:00:00Z 293.150000 1017.000000 19.000000 2.000000 10.000000 -1.000000 0.000000
2014-03-31T05:00:00Z 293.150000 1017.000000 19.000000 2.000000 10.000000 -1.000000 0.000000
2014-03-31T06:00:00Z 293.150000 1017.000000 19.000000 2.000000 10.000000 -1.000000 0.000000
2014-03-31T07:00:00Z 293.150000 1017.000000 19.000000 2.000000 10.000000 -1.000000 0.000000
2014-03-31T08:00:00Z 293.150000 1017.000000 19.000000 2.000000 10.000000 -1.000000 0.000000
2014-03-31T09:00:00Z 293.150000 1017.000000 19.000000 2.000000 10.000000 -1.000000 0.000000
2014-04-01T05:00:00Z 293.150000 1017.000000 19.000000 2.000000 10.000000 -1.000000 0.000000
2014-04-01T06:00:00Z 293.150000 1017.000000 19.000000 2.000000 10.000000 -1.000000 0.000000
2014-04-01T07:00:00Z 293.150000 1017.000000 19.000000 2.000000 10.000000 -1.000000 0.000000
2014-04-01T08:00:00Z 293.150000 1017.000000 19.000000 2.000000 10.000000 -1.000000 0.000000
2014-04-13T18:00:00Z 296.320000 1014.000000 27.000000 4.000000 180.000000 -1.000000 0.000000
2014-04-13T19:00:00Z 295.260000 1007.000000 42.000000 4.210000 191.010000 -1.000000 0.000000
2014-04-13T20:00:00Z 294.240000 1016.000000 37.000000 3.000000 140.000000 -1.000000 0.000000
2014-04-13T21:00:00Z 291.150000 1017.000000 42.000000 4.000000 130.000000 -1.000000 0.000000
2014-04-13T22:00:00Z 290.000000 1009.000000 59.000000 1.030000 101.000000 -1.000000 0.000000
2014-04-13T23:00:00Z 290.000000 1009.000000 59.000000 1.030000 101.000000 -1.000000 0.000000
2014-04-14T00:00:00Z 289.240000 1017.000000 62.000000 2.000000 100.000000 -1.000000 0.000000
2014-04-14T01:00:00Z 288.150000 1017.000000 62.000000 1.000000 0.000000 -1.000000 0.000000
2014-04-14T02:00:00Z 288.150000 1017.000000 62.000000 1.000000 0.000000 -1.000000 0.000000
2014-04-14T03:00:00Z 286.890000 1017.000000 66.000000 2.000000 110.000000 -1.000000 0.000000
2014-04-14T04:00:00Z 286.090000 1017.000000 76.000000 1.000000 60.000000 -1.000000 0.000000
2014-04-14T05:00:00Z 285.690000 1018.000000 76.000000 1.000000 60.000000 -1.000000 0.000000
2014-04-14T06:00:00Z 285.690000 1018.000000 76.000000 1.000000 60.000000 -1.000000 0.000000
2014-04-14T07:00:00Z 285.470000 1018.000000 71.000000 1.000000 70.000000 -1.000000 36.000000
2014-04-14T08:00:00Z 287.150000 1018.000000 62.000000 2.000000 80.000000 -1.000000 36.000000
2014-04-14T09:00:00Z 287.150000 1018.000000 62.000000 2.000000 80.000000 -1.000000 36.000000
2014-04-14T10:00:00Z 290.500000 1010.000000 67.000000 0.510000 123.000000 -1.000000 0.000000
2014-04-14T11:00:00Z 293.150000 1018.000000 49.000000 2.000000 150.000000 -1.000000 0.000000
2014-04-14T12:00:00Z 293.150000 1018.000000 49.000000 2.000000 150.000000 -1.000000 0.000000
2014-04-14T13:00:00Z 295.630000 1008.000000 51.000000 1.540000 119.000000 -1.000000 0.000000
2014-04-14T14:00:00Z 297.900000 1007.000000 48.000000 5.410000 209.501000 -1.000000 0.000000
2014-04-14T15:00:00Z 298.440000 1014.000000 33.000000 4.000000 180.000000 -1.000000 0.000000
2014-04-14T16:00:00Z 299.150000 1013.000000 34.000000 3.000000 210.000000 -1.000000 0.000000
2014-04-15T01:00:00Z 291.150000 1016.000000 45.000000 3.000000 110.000000 -1.000000 0.000000
2014-04-15T02:00:00Z 291.150000 1016.000000 45.000000 3.000000 110.000000 -1.000000 0.000000
2014-04-17T22:00:00Z 289.150000 1015.000000 67.000000 2.000000 150.000000 0.000000 92.000000
2014-04-17T23:00:00Z 288.450000 1017.000000 72.000000 2.000000 160.000000 0.000000 92.000000
2014-04-18T00:00:00Z 287.540000 1009.000000 77.000000 1.030000 147.000000 -1.000000 64.000000
2014-04-18T01:00:00Z 287.540000 1009.000000 77.000000 1.030000 147.000000 -1.000000 64.000000
2014-04-18T02:00:00Z 287.790000 1016.000000 82.000000 2.000000 120.000000 -1.000000 64.000000
2014-04-18T03:00:00Z 286.550000 1009.000000 85.000000 0.770000 74.000900 -1.000000 64.000000
2014-04-18T04:00:00Z 286.800000 1017.000000 87.000000 1.000000 0.000000 0.500000 44.000000
2014-04-18T05:00:00Z 285.150000 1018.000000 93.000000 1.000000 110.000000 -1.000000 64.000000
2014-04-18T06:00:00Z 285.150000 1018.000000 93.000000 1.000000 110.000000 -1.000000 64.000000
2014-04-18T07:00:00Z 286.360000 1019.000000 93.000000 1.000000 0.000000 -1.000000 64.000000
2014-04-18T08:00:00Z 286.360000 1019.000000 93.000000 1.000000 0.000000 -1.000000 64.000000
2014-04-18T09:00:00Z 288.410000 1012.000000 78.000000 1.620000 84.504500 0.000000 56.000000
2014-04-23T08:00:00Z 291.150000 1012.000000 68.000000 3.000000 160.000000 -1.000000 0.000000
2014-04-23T09:00:00Z 292.150000 1012.000000 63.000000 3.000000 160.000000 -1.000000 0.000000
2014-04-23T10:00:00Z 293.150000 1011.000000 64.000000 3.000000 130.000000 -1.000000 0.000000
2014-04-23T11:00:00Z 293.150000 1011.000000 64.000000 3.000000 130.000000 -1.000000 0.000000
2014-04-23T12:00:00Z 295.730000 1010.000000 53.000000 4.000000 140.000000 -1.000000 0.000000
2014-04-23T13:00:00Z 296.030000 1010.000000 53.000000 5.000000 160.000000 -1.000000 12.000000
2014-05-01T03:00:00Z 290.150000 1008.000000 77.000000 2.000000 140.000000 -1.000000 0.000000
2014-05-01T04:00:00Z 290.150000 1008.000000 77.000000 2.000000 140.000000 -1.000000 0.000000
2014-05-01T05:00:00Z 289.150000 1008.000000 77.000000 1.000000 120.000000 -1.000000 0.000000
2014-05-01T06:00:00Z 288.150000 1008.000000 82.000000 1.000000 0.000000 -1.000000 0.000000
2014-05-01T07:00:00Z 292.150000 1009.000000 72.000000 3.000000 130.000000 -1.000000 0.000000
2014-05-01T08:00:00Z 293.150000 1009.000000 72.000000 3.000000 140.000000 -1.000000 0.000000
2014-05-01T09:00:00Z 293.150000 1009.000000 72.000000 3.000000 140.000000 -1.000000 0.000000
2014-05-01T10:00:00Z 295.150000 1009.000000 64.000000 2.000000 160.000000 -1.000000 0.000000
2014-05-01T11:00:00Z 298.150000 1008.000000 53.000000 5.000000 200.000000 -1.000000 0.000000
2014-05-07T02:00:00Z 285.150000 1003.000000 76.000000 3.460000 37.002700 0.000000 68.000000
2014-05-15T14:00:00Z 302.596000 1006.490000 30.000000 5.010000 234.004000 -1.000000 0.000000
2014-05-15T15:00:00Z 302.596000 1006.490000 30.000000 5.010000 234.004000 -1.000000 0.000000
2014-05-15T16:00:00Z 302.780000 1004.920000 24.000000 4.130000 258.501000 -1.000000 56.000000
2014-05-15T17:00:00Z 302.780000 1004.920000 24.000000 4.130000 258.501000 -1.000000 56.000000
2014-05-15T18:00:00Z 302.780000 1004.920000 24.000000 4.130000 258.501000 -1.000000 56.000000
2014-05-15T19:00:00Z 295.652000 1007.180000 49.000000 2.460000 183.000000 -1.000000 68.000000
2014-05-20T00:00:00Z 294.560000 1003.000000 82.000000 2.000000 20.000000 -1.000000 0.000000
2014-05-20T01:00:00Z 289.245000 1011.790000 62.000000 2.630000 35.002700 -1.000000 0.000000
2014-05-21T15:00:00Z 303.420000 995.000000 39.000000 1.030000 269.000000 -1.000000 20.000000
2014-05-21T16:00:00Z 303.690000 994.000000 41.000000 1.540000 157.000000 -1.000000 44.000000
2014-05-21T17:00:00Z 302.745000 1013.600000 43.000000 4.060000 160.508000 -1.000000 44.000000
2014-05-21T18:00:00Z 304.220000 1003.000000 40.000000 3.000000 180.000000 -1.000000 24.000000
2014-05-21T19:00:00Z 302.150000 1003.000000 48.000000 2.000000 100.000000 -1.000000 24.000000
2014-05-21T20:00:00Z 299.150000 1004.000000 54.000000 2.000000 140.000000 -1.000000 12.000000
2014-05-21T21:00:00Z 299.150000 1005.000000 54.000000 2.000000 150.000000 -1.000000 12.000000
2014-05-21T22:00:00Z 295.080000 1014.020000 68.000000 2.750000 205.004000 -1.000000 8.000000
2014-05-21T23:00:00Z 297.150000 1005.000000 60.000000 2.000000 140.000000 -1.000000 8.000000
2014-05-22T00:00:00Z 295.080000 1014.020000 68.000000 2.750000 205.004000 -1.000000 8.000000
2014-05-22T01:00:00Z 296.150000 1005.000000 60.000000 2.000000 150.000000 -1.000000 24.000000
2014-05-22T02:00:00Z 292.784000 1014.360000 72.000000 2.500000 205.008000 -1.000000 24.000000
2014-05-22T03:00:00Z 292.784000 1014.360000 72.000000 2.500000 205.008000 -1.000000 24.000000
2014-05-22T04:00:00Z 288.212000 1017.190000 56.000000 3.510000 27.000400 -1.000000 0.000000
2014-05-22T05:00:00Z 292.150000 1005.000000 82.000000 1.000000 0.000000 -1.000000 0.000000
2014-05-22T06:00:00Z 292.150000 1006.000000 82.000000 1.000000 0.000000 -1.000000 0.000000
2014-05-22T07:00:00Z 294.150000 1007.000000 83.000000 1.000000 0.000000 -1.000000 0.000000
2014-05-25T05:00:00Z 291.233000 1016.160000 99.000000 2.220000 359.001000 0.000000 32.000000
2014-06-16T22:00:00Z 299.150000 1001.000000 69.000000 4.000000 130.000000 6.000000 92.000000
2014-07-03T00:00:00Z 296.150000 1001.000000 88.000000 3.000000 140.000000 0.250000 20.000000
2014-07-03T01:00:00Z 296.150000 1001.000000 88.000000 3.000000 140.000000 0.250000 20.000000
2014-07-03T02:00:00Z 296.150000 1001.000000 88.000000 2.000000 120.000000 0.000000 40.000000
2014-07-03T03:00:00Z 296.150000 1001.000000 88.000000 1.000000 120.000000 0.000000 92.000000
2014-07-03T04:00:00Z 296.150000 1001.000000 88.000000 1.000000 0.000000 0.500000 68.000000
2014-07-04T09:00:00Z 303.150000 1005.000000 66.000000 1.000000 0.000000 -1.000000 44.000000
2014-07-04T10:00:00Z 303.150000 1005.000000 66.000000 1.000000 0.000000 -1.000000 44.000000
2014-07-04T11:00:00Z 303.150000 1005.000000 66.000000 1.000000 0.000000 -1.000000 44.000000
2014-07-04T12:00:00Z 305.150000 1005.000000 55.000000 2.000000 0.000000 -1.000000 32.000000
2014-07-04T13:00:00Z 306.150000 1004.000000 55.000000 1.000000 0.000000 -1.000000 32.000000
2014-07-04T14:00:00Z 305.150000 1004.000000 55.000000 2.000000 0.000000 -1.000000 32.000000
2014-07-04T15:00:00Z 305.150000 1004.000000 55.000000 2.000000 0.000000 -1.000000 32.000000
2014-07-04T16:00:00Z 305.150000 1004.000000 59.000000 4.000000 150.000000 9.000000 44.000000
2014-07-04T17:00:00Z 303.150000 1004.000000 70.000000 4.000000 160.000000 9.000000 44.000000
2014-07-06T00:00:00Z 299.150000 1006.000000 83.000000 2.000000 150.000000 0.000000 80.000000
2014-07-06T01:00:00Z 299.150000 1005.000000 83.000000 3.000000 150.000000 -1.000000 88.000000
2014-07-06T02:00:00Z 298.150000 1005.000000 88.000000 2.000000 150.000000 0.000000 80.000000
2014-07-06T03:00:00Z 298.150000 1005.000000 88.000000 2.000000 150.000000 0.000000 80.000000
2014-07-06T04:00:00Z 297.150000 1005.000000 88.000000 2.000000 120.000000 0.000000 56.000000
2014-07-06T05:00:00Z 297.150000 1005.000000 88.000000 3.000000 140.000000 0.000000 56.000000
2014-07-07T09:00:00Z 300.150000 1004.000000 74.000000 3.000000 160.000000 0.000000 68.000000
2014-07-07T10:00:00Z 301.150000 1004.000000 69.000000 2.000000 160.000000 0.000000 68.000000
2014-07-07T11:00:00Z 303.150000 1003.000000 66.000000 2.000000 120.000000 0.000000 68.000000
2014-07-07T12:00:00Z 303.150000 1003.000000 66.000000 2.000000 120.000000 0.000000 68.000000
2014-07-07T13:00:00Z 304.150000 1002.000000 62.000000 3.000000 140.000000 0.000000 64.000000
2014-07-07T14:00:00Z 304.150000 1002.000000 62.000000 5.000000 140.000000 0.000000 64.000000
2014-07-07T15:00:00Z 304.150000 1000.000000 62.000000 4.000000 160.000000 3.000000 48.000000
2014-07-07T16:00:00Z 304.150000 1000.000000 62.000000 4.000000 160.000000 3.000000 48.000000
2014-07-07T17:00:00Z 304.150000 1000.000000 62.000000 5.000000 180.000000 3.000000 48.000000
2014-07-07T18:00:00Z 304.150000 1000.000000 62.000000 3.000000 140.000000 8.000000 44.000000
2014-07-07T19:00:00Z 302.150000 1000.000000 70.000000 4.000000 120.000000 8.000000 44.000000
2014-07-07T20:00:00Z 302.150000 1000.000000 70.000000 4.000000 120.000000 8.000000 44.000000
2014-07-07T21:00:00Z 301.150000 1001.000000 69.000000 3.000000 130.000000 3.000000 56.000000
2014-07-07T22:00:00Z 300.150000 1000.000000 74.000000 3.000000 120.000000 3.000000 56.000000
2014-07-07T23:00:00Z 300.150000 1001.000000 69.000000 3.000000 140.000000 1.000000 24.000000
2014-07-08T00:00:00Z 300.150000 1001.000000 69.000000 3.000000 140.000000 1.000000 24.000000
2014-07-08T01:00:00Z 299.150000 1000.000000 74.000000 1.000000 0.000000 0.000000 0.000000
2014-07-08T02:00:00Z 298.150000 1000.000000 78.000000 1.000000 0.000000 0.000000 0.000000
2014-07-08T03:00:00Z 298.150000 1000.000000 78.000000 1.000000 0.000000 0.000000 0.000000
2014-07-08T04:00:00Z 298.150000 1001.000000 78.000000 1.000000 0.000000 0.000000 0.000000
2014-07-17T09:00:00Z 299.150000 1006.000000 74.000000 2.000000 20.000000 0.000000 68.000000
2014-07-17T10:00:00Z 299.150000 1006.000000 74.000000 2.000000 80.000000 0.000000 0.000000
2014-07-17T11:00:00Z 300.150000 1006.000000 69.000000 2.000000 150.000000 0.000000 0.000000
2014-07-17T12:00:00Z 301.150000 1006.000000 65.000000 2.000000 170.000000 0.000000 0.000000
2014-07-17T13:00:00Z 301.150000 1006.000000 65.000000 2.000000 170.000000 0.000000 0.000000
2014-07-17T14:00:00Z 301.150000 1005.000000 69.000000 5.000000 170.000000 0.000000 0.000000
2014-07-17T15:00:00Z 301.150000 1005.000000 69.000000 4.000000 170.000000 0.000000 24.000000
2014-07-17T16:00:00Z 301.150000 1005.000000 69.000000 2.000000 150.000000 0.000000 24.000000
2014-07-17T17:00:00Z 301.150000 1005.000000 69.000000 2.000000 150.000000 0.000000 24.000000
2014-07-17T18:00:00Z 301.150000 1005.000000 69.000000 1.000000 0.000000 0.000000 24.000000
2014-07-17T19:00:00Z 301.150000 1006.000000 74.000000 1.000000 0.000000 0.000000 44.000000
2014-07-17T20:00:00Z 299.150000 1006.000000 83.000000 2.000000 60.000000 0.000000 8.000000
2014-07-17T21:00:00Z 299.150000 1006.000000 83.000000 2.000000 60.000000 0.000000 8.000000
2014-07-17T22:00:00Z 299.150000 1007.000000 83.000000 1.000000 40.000000 2.500000 48.000000
2014-07-17T23:00:00Z 299.150000 1007.000000 83.000000 1.000000 0.000000 2.500000 48.000000
2014-07-18T00:00:00Z 298.150000 1006.000000 88.000000 3.260000 21.003500 0.000000 68.000000
2014-07-18T01:00:00Z 299.150000 1006.000000 83.000000 1.000000 0.000000 0.000000 68.000000
2014-07-18T02:00:00Z 299.150000 1006.000000 83.000000 1.000000 0.000000 0.000000 68.000000
2014-07-18T03:00:00Z 298.150000 1007.000000 78.000000 1.000000 60.000000 0.000000 44.000000
2014-07-18T04:00:00Z 298.150000 1007.000000 78.000000 1.000000 0.000000 0.000000 44.000000
2014-07-18T05:00:00Z 298.150000 1007.000000 83.000000 1.000000 0.000000 0.000000 44.000000
2014-07-18T06:00:00Z 298.150000 1007.000000 83.000000 1.000000 0.000000 0.000000 44.000000
2014-07-18T07:00:00Z 298.150000 1008.000000 78.000000 2.000000 110.000000 0.000000 64.000000
2014-07-18T08:00:00Z 299.150000 1008.000000 74.000000 2.000000 110.000000 0.000000 0.000000
2014-07-18T09:00:00Z 301.150000 1008.000000 69.000000 2.000000 100.000000 0.000000 0.000000
2014-07-18T10:00:00Z 301.150000 1008.000000 69.000000 2.000000 100.000000 0.000000 0.000000
2014-07-18T11:00:00Z 303.150000 1008.000000 66.000000 2.000000 120.000000 0.000000 0.000000
2014-07-18T12:00:00Z 304.150000 1007.000000 62.000000 2.000000 0.000000 0.000000 0.000000
2014-07-18T13:00:00Z 305.150000 1007.000000 62.000000 2.000000 0.000000 0.000000 0.000000
2014-07-28T02:00:00Z 299.150000 1005.000000 69.000000 2.000000 140.000000 -1.000000 0.000000
2014-07-28T03:00:00Z 299.150000 1005.000000 74.000000 3.000000 130.000000 -1.000000 0.000000
2014-07-28T04:00:00Z 298.150000 1005.000000 78.000000 3.000000 130.000000 -1.000000 0.000000
2014-07-28T05:00:00Z 297.150000 1005.000000 83.000000 1.000000 0.000000 -1.000000 0.000000
2014-07-28T06:00:00Z 297.150000 1005.000000 83.000000 1.000000 0.000000 -1.000000 0.000000
2014-07-28T07:00:00Z 298.150000 1006.000000 78.000000 1.000000 140.000000 -1.000000 0.000000
2014-07-29T03:00:00Z 299.150000 1003.000000 74.000000 3.000000 140.000000 -1.000000 0.000000
2014-07-29T04:00:00Z 299.150000 1003.000000 74.000000 3.000000 140.000000 -1.000000 0.000000
2014-07-29T05:00:00Z 298.150000 1004.000000 78.000000 3.000000 140.000000 -1.000000 56.000000
2014-07-29T06:00:00Z 299.150000 1004.000000 74.000000 3.000000 150.000000 -1.000000 92.000000
2014-07-30T09:00:00Z 297.150000 1006.000000 88.000000 1.000000 20.000000 -1.000000 90.000000
2014-07-30T10:00:00Z 298.150000 1006.000000 78.000000 2.000000 100.000000 -1.000000 90.000000
2014-07-30T11:00:00Z 299.150000 1006.000000 74.000000 3.000000 110.000000 -1.000000 90.000000
2014-07-30T12:00:00Z 299.150000 1007.000000 74.000000 3.000000 140.000000 -1.000000 90.000000
2014-07-30T13:00:00Z 300.150000 1006.000000 69.000000 2.000000 90.000000 -1.000000 40.000000
2014-07-30T14:00:00Z 301.150000 1006.000000 69.000000 3.000000 100.000000 -1.000000 8.000000
2014-07-30T15:00:00Z 301.150000 1006.000000 69.000000 3.000000 100.000000 -1.000000 8.000000
2014-07-30T16:00:00Z 301.150000 1005.000000 69.000000 3.000000 140.000000 -1.000000 0.000000
2014-07-30T17:00:00Z 301.150000 1005.000000 65.000000 2.000000 120.000000 -1.000000 0.000000
2014-07-30T18:00:00Z 300.150000 1005.000000 74.000000 1.000000 0.000000 -1.000000 0.000000
2014-07-30T19:00:00Z 300.150000 1005.000000 74.000000 1.000000 0.000000 -1.000000 0.000000
2014-07-30T20:00:00Z 299.150000 1005.000000 78.000000 1.000000 130.000000 -1.000000 0.000000
2014-07-30T21:00:00Z 298.150000 1007.000000 83.000000 2.000000 100.000000 -1.000000 0.000000
2014-07-30T22:00:00Z 298.150000 1007.000000 83.000000 2.000000 120.000000 -1.000000 0.000000
2014-07-30T23:00:00Z 297.150000 1008.000000 94.000000 1.000000 90.000000 -1.000000 0.000000
2014-07-31T00:00:00Z 297.150000 1008.000000 94.000000 1.000000 90.000000 -1.000000 0.000000
2014-07-31T01:00:00Z 298.150000 1008.000000 83.000000 1.000000 0.000000 -1.000000 0.000000
2014-07-31T02:00:00Z 298.150000 1008.000000 88.000000 2.000000 150.000000 -1.000000 0.000000
2014-07-31T03:00:00Z 298.150000 1008.000000 88.000000 2.000000 150.000000 -1.000000 0.000000
2014-07-31T04:00:00Z 297.150000 1008.000000 88.000000 2.000000 150.000000 -1.000000 32.000000
2014-07-31T05:00:00Z 297.150000 1008.000000 88.000000 2.000000 150.000000 -1.000000 32.000000
2014-07-31T06:00:00Z 297.150000 1008.000000 88.000000 2.000000 150.000000 -1.000000 32.000000
2014-07-31T07:00:00Z 297.150000 1008.000000 88.000000 2.000000 150.000000 -1.000000 32.000000
2014-07-31T08:00:00Z 302.150000 1007.000000 66.000000 2.000000 150.000000 -1.000000 0.000000
2014-07-31T17:00:00Z 303.150000 1005.000000 62.000000 3.000000 160.000000 -1.000000 0.000000
2014-07-31T18:00:00Z 303.150000 1005.000000 62.000000 3.000000 160.000000 -1.000000 0.000000
2014-07-31T19:00:00Z 300.071000 1013.320000 65.000000 2.660000 147.501000 -1.000000 0.000000
2014-07-31T20:00:00Z 301.150000 1005.000000 69.000000 2.000000 150.000000 -1.000000 0.000000
2014-07-31T21:00:00Z 300.150000 1007.000000 74.000000 2.000000 150.000000 -1.000000 0.000000
2014-07-31T22:00:00Z 300.150000 1007.000000 74.000000 2.000000 150.000000 -1.000000 0.000000
2014-07-31T23:00:00Z 299.150000 1006.000000 78.000000 2.000000 150.000000 -1.000000 0.000000
2014-08-01T00:00:00Z 299.150000 1007.000000 78.000000 2.000000 160.000000 -1.000000 0.000000
2014-08-01T01:00:00Z 298.150000 1006.000000 83.000000 2.000000 140.000000 -1.000000 0.000000
2014-08-01T02:00:00Z 298.150000 1006.000000 83.000000 2.000000 140.000000 -1.000000 0.000000
2014-08-01T03:00:00Z 298.150000 1007.000000 83.000000 1.000000 0.000000 -1.000000 0.000000
2014-08-01T04:00:00Z 298.150000 1006.000000 83.000000 2.000000 90.000000 -1.000000 24.000000
2014-08-01T05:00:00Z 294.465000 1014.560000 94.000000 1.210000 132.000000 -1.000000 24.000000
2014-08-01T06:00:00Z 294.465000 1014.560000 94.000000 1.210000 132.000000 -1.000000 24.000000
2014-08-01T07:00:00Z 298.398000 1015.470000 89.000000 2.000000 67.001300 -1.000000 68.000000
2014-08-01T08:00:00Z 298.398000 1015.470000 89.000000 2.000000 67.001300 -1.000000 68.000000
2014-08-01T09:00:00Z 298.398000 1015.470000 89.000000 2.000000 67.001300 -1.000000 68.000000
2014-08-01T10:00:00Z 301.974000 1014.990000 86.000000 2.210000 168.005000 -1.000000 36.000000
2014-08-01T11:00:00Z 301.974000 1014.990000 86.000000 2.210000 168.005000 -1.000000 36.000000
2014-08-01T12:00:00Z 301.974000 1014.990000 86.000000 2.210000 168.005000 -1.000000 36.000000
2014-08-01T13:00:00Z 304.991000 1012.830000 76.000000 2.860000 205.500000 -1.000000 8.000000
2014-08-01T14:00:00Z 304.991000 1012.830000 76.000000 2.860000 205.500000 -1.000000 8.000000
2014-08-01T15:00:00Z 305.402000 1010.650000 68.000000 3.810000 211.505000 -1.000000 0.000000
2014-08-01T16:00:00Z 305.402000 1010.650000 68.000000 3.810000 211.505000 -1.000000 0.000000
2014-08-01T17:00:00Z 305.402000 1010.650000 68.000000 3.810000 211.505000 -1.000000 0.000000
2014-08-01T18:00:00Z 305.402000 1010.650000 68.000000 3.810000 211.505000 -1.000000 0.000000
2014-08-01T19:00:00Z 301.384000 1012.250000 77.000000 1.970000 144.500000 2.000000 0.000000
2014-08-01T20:00:00Z 301.384000 1012.250000 77.000000 1.970000 144.500000 2.000000 0.000000
2014-08-01T21:00:00Z 302.164000 1011.090000 70.000000 2.810000 189.501000 -1.000000 8.000000
2014-08-01T22:00:00Z 300.122000 1011.470000 77.000000 2.760000 190.500000 -1.000000 0.000000
2014-08-01T23:00:00Z 300.122000 1011.470000 77.000000 2.760000 190.500000 -1.000000 0.000000
2014-08-02T00:00:00Z 300.122000 1011.470000 77.000000 2.760000 190.500000 -1.000000 0.000000
2014-08-02T01:00:00Z 298.366000 1012.810000 92.000000 1.520000 160.000000 -1.000000 8.000000
2014-08-02T02:00:00Z 298.366000 1012.810000 92.000000 1.520000 160.000000 -1.000000 8.000000
2014-08-02T03:00:00Z 298.366000 1012.810000 92.000000 1.520000 160.000000 -1.000000 8.000000
2014-08-02T04:00:00Z 296.490000 1012.870000 95.000000 1.260000 109.500000 -1.000000 0.000000
2014-08-02T05:00:00Z 296.490000 1012.870000 95.000000 1.260000 109.500000 -1.000000 0.000000
2014-08-02T06:00:00Z 296.490000 1012.870000 95.000000 1.260000 109.500000 -1.000000 0.000000
2014-08-02T07:00:00Z 298.520000 1014.860000 94.000000 1.970000 33.500200 42.000000 0.000000
2014-08-02T08:00:00Z 298.520000 1014.860000 94.000000 1.970000 33.500200 42.000000 0.000000
2014-08-02T09:00:00Z 298.520000 1014.860000 94.000000 1.970000 33.500200 42.000000 0.000000
2014-08-02T10:00:00Z 304.332000 1011.140000 85.000000 1.970000 150.500000 -1.000000 12.000000
2014-08-02T18:00:00Z 305.150000 1001.000000 59.000000 2.000000 160.000000 -1.000000 44.000000
2014-08-02T19:00:00Z 304.150000 1001.000000 66.000000 2.000000 160.000000 -1.000000 44.000000
2014-08-02T20:00:00Z 304.150000 1001.000000 66.000000 2.000000 160.000000 -1.000000 44.000000
2014-08-02T21:00:00Z 302.150000 1001.000000 74.000000 1.000000 0.000000 -1.000000 12.000000
2014-08-02T22:00:00Z 301.150000 1001.000000 78.000000 1.860000 161.501000 -1.000000 24.000000
2014-08-02T23:00:00Z 301.150000 1001.000000 78.000000 1.860000 161.501000 -1.000000 24.000000
2014-08-03T00:00:00Z 300.150000 1001.000000 83.000000 2.000000 30.000000 -1.000000 56.000000
2014-08-03T01:00:00Z 300.150000 1001.000000 88.000000 1.000000 50.000000 -1.000000 56.000000
2014-08-03T02:00:00Z 299.150000 1001.000000 88.000000 1.520000 160.003000 -1.000000 56.000000
2014-08-03T03:00:00Z 299.150000 1001.000000 88.000000 1.520000 160.003000 -1.000000 56.000000
2014-08-03T04:00:00Z 299.150000 1001.000000 94.000000 1.000000 0.000000 -1.000000 92.000000
2014-08-03T05:00:00Z 299.150000 1001.000000 88.000000 2.000000 360.000000 -1.000000 92.000000
2014-08-03T06:00:00Z 299.150000 1001.000000 88.000000 2.000000 360.000000 -1.000000 92.000000
2014-08-03T07:00:00Z 302.150000 1002.000000 79.000000 2.000000 10.000000 -1.000000 92.000000
2014-08-03T08:00:00Z 303.150000 1002.000000 70.000000 2.000000 40.000000 -1.000000 92.000000
2014-08-03T09:00:00Z 303.150000 1002.000000 70.000000 2.000000 40.000000 -1.000000 92.000000
2014-08-20T04:00:00Z 295.150000 1010.000000 83.000000 2.000000 140.000000 -1.000000 0.000000
2014-08-20T05:00:00Z 294.150000 1010.000000 88.000000 2.000000 80.000000 -1.000000 0.000000
2014-08-20T06:00:00Z 295.150000 1010.000000 83.000000 1.000000 80.000000 -1.000000 0.000000
2014-08-21T02:00:00Z 299.980000 1007.000000 69.000000 1.000000 0.000000 -1.000000 36.000000
2014-08-21T03:00:00Z 299.300000 1007.000000 83.000000 1.000000 100.000000 -1.000000 36.000000
2014-08-21T04:00:00Z 298.930000 1007.000000 83.000000 1.000000 60.000000 -1.000000 56.000000
2014-08-21T05:00:00Z 298.930000 1007.000000 83.000000 1.000000 60.000000 -1.000000 56.000000
2014-08-21T06:00:00Z 301.060000 1007.000000 83.000000 1.000000 60.000000 -1.000000 56.000000
2014-08-21T07:00:00Z 298.880000 1007.000000 83.000000 1.000000 0.000000 -1.000000 32.000000
2014-08-30T03:00:00Z 299.460000 1016.000000 88.000000 2.000000 70.000000 -1.000000 88.000000
2014-08-30T04:00:00Z 299.530000 1016.000000 94.000000 1.000000 0.000000 -1.000000 56.000000
2014-08-30T05:00:00Z 299.530000 1016.000000 94.000000 1.000000 0.000000 -1.000000 56.000000
2014-08-30T06:00:00Z 299.330000 1016.000000 88.000000 1.000000 0.000000 -1.000000 76.000000
2014-08-30T07:00:00Z 299.330000 1016.000000 88.000000 1.000000 0.000000 -1.000000 76.000000
2014-08-30T08:00:00Z 299.630000 1016.000000 88.000000 2.000000 30.000000 -1.000000 92.000000
2014-08-30T09:00:00Z 299.410000 1016.000000 83.000000 1.000000 0.000000 -1.000000 76.000000
2014-08-30T10:00:00Z 299.410000 1016.000000 83.000000 1.000000 0.000000 -1.000000 76.000000
2014-08-30T11:00:00Z 300.130000 1016.000000 78.000000 1.000000 0.000000 -1.000000 76.000000
2014-08-30T12:00:00Z 300.530000 1015.000000 83.000000 2.000000 70.000000 -1.000000 76.000000
2014-08-30T13:00:00Z 300.940000 1014.000000 83.000000 1.000000 0.000000 -1.000000 12.000000
2014-08-30T14:00:00Z 301.150000 1014.000000 78.000000 2.000000 30.000000 -1.000000 12.000000
2014-08-30T15:00:00Z 301.120000 1013.000000 78.000000 3.000000 80.000000 -1.000000 92.000000
2014-08-30T16:00:00Z 300.940000 1013.000000 88.000000 2.000000 80.000000 -1.000000 75.000000
2014-08-30T17:00:00Z 300.990000 1013.000000 88.000000 2.000000 70.000000 -1.000000 92.000000
2014-09-01T10:00:00Z 299.520000 1014.000000 83.000000 1.000000 0.000000 -1.000000 44.000000
2014-09-05T21:00:00Z 302.190000 1010.000000 78.000000 3.000000 140.000000 -1.000000 0.000000
2014-09-05T22:00:00Z 301.670000 1011.000000 73.000000 3.000000 150.000000 -1.000000 8.000000
2014-09-05T23:00:00Z 300.650000 1011.000000 83.000000 2.000000 170.000000 -1.000000 8.000000
2014-09-06T00:00:00Z 300.770000 1011.000000 83.000000 2.000000 140.000000 -1.000000 8.000000
2014-09-06T01:00:00Z 299.950000 1012.000000 88.000000 1.000000 0.000000 -1.000000 0.000000
2014-09-06T02:00:00Z 299.950000 1012.000000 88.000000 1.000000 0.000000 -1.000000 0.000000
2014-09-06T03:00:00Z 299.820000 1011.000000 94.000000 2.000000 100.000000 -1.000000 0.000000
2014-09-06T04:00:00Z 298.960000 1011.000000 94.000000 2.000000 110.000000 -1.000000 64.000000
2014-09-06T05:00:00Z 299.080000 1012.000000 94.000000 1.000000 100.000000 -1.000000 0.000000
2014-09-06T06:00:00Z 299.080000 1012.000000 94.000000 1.000000 100.000000 -1.000000 0.000000
2014-09-06T07:00:00Z 299.170000 1012.000000 94.000000 1.000000 90.000000 -1.000000 0.000000
2014-09-06T08:00:00Z 300.050000 1012.000000 88.000000 1.000000 0.000000 -1.000000 0.000000
2014-09-06T09:00:00Z 301.160000 1013.000000 78.000000 1.000000 0.000000 -1.000000 0.000000
2014-09-06T10:00:00Z 301.160000 1013.000000 78.000000 1.000000 0.000000 -1.000000 0.000000
2014-09-06T20:00:00Z 302.390000 1009.000000 57.000000 3.000000 200.000000 -1.000000 56.000000
2014-09-06T21:00:00Z 301.110000 1009.000000 73.000000 3.000000 150.000000 -1.000000 8.000000
2014-09-06T22:00:00Z 300.750000 1009.000000 73.000000 4.000000 140.000000 -1.000000 0.000000
2014-09-06T23:00:00Z 300.140000 1009.000000 73.000000 3.000000 140.000000 -1.000000 0.000000
2014-09-07T00:00:00Z 300.550000 1009.000000 73.000000 3.000000 150.000000 -1.000000 0.000000
2014-09-07T01:00:00Z 300.140000 1009.000000 73.000000 2.000000 150.000000 -1.000000 68.000000
2014-09-07T02:00:00Z 300.200000 1009.000000 73.000000 2.000000 160.000000 -1.000000 68.000000
2014-09-07T03:00:00Z 300.200000 1009.000000 73.000000 2.000000 160.000000 -1.000000 68.000000
2014-09-07T04:00:00Z 298.560000 1008.000000 78.000000 1.000000 130.000000 -1.000000 64.000000
2014-09-07T05:00:00Z 298.890000 1008.000000 83.000000 2.000000 130.000000 -1.000000 64.000000
2014-09-07T06:00:00Z 298.380000 1008.000000 88.000000 1.000000 0.000000 -1.000000 0.000000
2014-09-07T07:00:00Z 298.380000 1008.000000 88.000000 1.000000 0.000000 -1.000000 0.000000
2014-09-07T08:00:00Z 298.690000 1009.000000 94.000000 1.000000 0.000000 -1.000000 0.000000
2014-09-20T18:00:00Z 297.650000 1011.000000 83.000000 2.000000 0.000000 -1.000000 44.000000
2014-09-20T19:00:00Z 297.650000 1011.000000 83.000000 2.000000 0.000000 -1.000000 44.000000
2014-09-20T20:00:00Z 297.650000 1011.000000 83.000000 2.000000 0.000000 -1.000000 44.000000
2014-09-20T21:00:00Z 297.650000 1011.000000 83.000000 2.000000 0.000000 -1.000000 44.000000
2014-09-20T22:00:00Z 297.650000 1011.000000 83.000000 2.000000 0.000000 -1.000000 44.000000
2014-09-20T23:00:00Z 297.650000 1011.000000 83.000000 2.000000 0.000000 -1.000000 44.000000
2014-09-21T00:00:00Z 297.650000 1011.000000 83.000000 2.000000 0.000000 -1.000000 44.000000
2014-09-25T09:00:00Z 291.150000 1018.000000 93.000000 1.000000 0.000000 -1.000000 92.000000
2014-09-25T10:00:00Z 292.150000 1019.000000 88.000000 1.000000 0.000000 -1.000000 90.000000
2014-09-25T11:00:00Z 293.150000 1018.000000 82.000000 2.000000 130.000000 -1.000000 90.000000
2014-09-25T12:00:00Z 293.150000 1018.000000 82.000000 2.000000 130.000000 -1.000000 75.000000
2014-09-25T13:00:00Z 293.150000 1018.000000 82.000000 2.000000 130.000000 -1.000000 75.000000
2014-09-25T14:00:00Z 297.740000 1016.000000 77.000000 2.000000 150.000000 -1.000000 75.000000
2014-09-25T15:00:00Z 297.740000 1016.000000 77.000000 2.000000 150.000000 -1.000000 75.000000
2014-09-25T16:00:00Z 298.640000 1014.000000 77.000000 2.000000 110.000000 -1.000000 20.000000
2014-09-25T17:00:00Z 294.150000 1014.000000 77.000000 2.000000 110.000000 -1.000000 68.000000
2014-09-26T13:00:00Z 292.150000 1011.000000 82.000000 3.000000 120.000000 -1.000000 92.000000
2014-09-26T14:00:00Z 293.150000 1009.000000 88.000000 1.000000 0.000000 -1.000000 80.000000
2014-09-26T15:00:00Z 293.150000 1009.000000 88.000000 1.000000 0.000000 -1.000000 80.000000
2014-09-26T16:00:00Z 293.150000 1009.000000 88.000000 1.000000 0.000000 -1.000000 80.000000
2014-09-26T17:00:00Z 293.150000 1009.000000 88.000000 1.000000 0.000000 -1.000000 80.000000
2014-10-07T14:00:00Z 294.150000 1018.000000 46.000000 2.000000 120.000000 -1.000000 20.000000
2014-10-07T15:00:00Z 294.150000 1018.000000 46.000000 2.000000 120.000000 -1.000000 20.000000
2014-10-07T16:00:00Z 293.150000 1018.000000 49.000000 2.000000 150.000000 -1.000000 20.000000
2014-10-07T17:00:00Z 293.150000 1018.000000 49.000000 2.000000 150.000000 -1.000000 20.000000
2014-10-07T18:00:00Z 289.150000 1018.000000 72.000000 1.000000 0.000000 -1.000000 44.000000
2014-10-07T19:00:00Z 287.150000 1019.000000 87.000000 2.420000 185.502000 -1.000000 56.000000
2014-10-07T20:00:00Z 286.150000 1019.000000 93.000000 1.000000 80.000000 -1.000000 56.000000
2014-10-07T21:00:00Z 285.150000 1019.000000 93.000000 1.000000 60.000000 -1.000000 68.000000
2014-10-07T22:00:00Z 285.150000 1019.000000 93.000000 1.000000 60.000000 -1.000000 68.000000
2014-10-07T23:00:00Z 285.150000 1020.000000 93.000000 1.000000 0.000000 -1.000000 68.000000
2014-10-08T00:00:00Z 285.150000 1020.000000 93.000000 1.470000 177.503000 -1.000000 68.000000
2014-10-08T01:00:00Z 285.150000 1020.000000 93.000000 1.000000 0.000000 -1.000000 76.000000
2014-10-08T02:00:00Z 285.150000 1020.000000 93.000000 1.860000 175.007000 -1.000000 76.000000
2014-10-08T03:00:00Z 285.150000 1019.000000 87.000000 1.000000 0.000000 -1.000000 76.000000
2014-10-08T04:00:00Z 285.150000 1019.000000 87.000000 1.000000 0.000000 -1.000000 76.000000
2014-10-08T05:00:00Z 284.150000 1020.000000 93.000000 1.000000 350.000000 -1.000000 80.000000
2014-10-08T06:00:00Z 285.150000 1020.000000 87.000000 2.000000 350.000000 -1.000000 64.000000
2014-10-08T07:00:00Z 285.150000 1020.000000 87.000000 2.000000 350.000000 -1.000000 64.000000
2014-10-08T08:00:00Z 286.150000 1020.000000 87.000000 1.000000 0.000000 -1.000000 75.000000
2014-10-08T09:00:00Z 287.150000 1021.000000 82.000000 3.000000 10.000000 -1.000000 32.000000
2014-10-08T10:00:00Z 289.150000 1021.000000 72.000000 1.000000 0.000000 -1.000000 32.000000
2014-10-08T11:00:00Z 290.150000 1020.000000 67.000000 2.000000 80.000000 -1.000000 36.000000
2014-10-08T12:00:00Z 290.150000 1019.000000 72.000000 2.000000 60.000000 -1.000000 0.000000
2014-10-08T13:00:00Z 292.150000 1018.000000 68.000000 2.000000 160.000000 -1.000000 0.000000
2014-10-08T14:00:00Z 292.150000 1018.000000 68.000000 2.000000 160.000000 -1.000000 0.000000
2014-10-08T15:00:00Z 293.150000 1017.000000 64.000000 3.000000 150.000000 -1.000000 0.000000
2014-10-08T16:00:00Z 293.150000 1017.000000 68.000000 1.000000 0.000000 -1.000000 0.000000
2014-10-08T17:00:00Z 291.150000 1017.000000 82.000000 1.000000 30.000000 -1.000000 0.000000
2014-10-08T18:00:00Z 289.150000 1017.000000 87.000000 1.000000 50.000000 -1.000000 0.000000
2014-10-08T19:00:00Z 288.150000 1018.000000 93.000000 1.000000 0.000000 -1.000000 0.000000
2014-10-08T20:00:00Z 288.150000 1018.000000 87.000000 1.000000 0.000000 -1.000000 0.000000
2014-10-08T21:00:00Z 288.150000 1018.000000 87.000000 1.000000 0.000000 -1.000000 0.000000
2014-10-08T22:00:00Z 287.150000 1019.000000 93.000000 1.000000 0.000000 -1.000000 0.000000
2014-10-08T23:00:00Z 286.150000 1019.000000 100.000000 3.310000 203.502000 -1.000000 0.000000
2014-10-09T00:00:00Z 286.150000 1018.000000 100.000000 2.550000 203.500000 -1.000000 0.000000
2014-10-09T01:00:00Z 286.150000 1019.000000 93.000000 2.460000 198.003000 -1.000000 0.000000
2014-10-09T02:00:00Z 286.150000 1019.000000 93.000000 2.460000 198.003000 -1.000000 0.000000
2014-10-09T03:00:00Z 285.150000 1018.000000 100.000000 1.000000 20.000000 -1.000000 0.000000
2014-10-09T04:00:00Z 285.150000 1019.000000 93.000000 1.000000 80.000000 -1.000000 0.000000
2014-10-09T05:00:00Z 284.150000 1019.000000 100.000000 1.000000 50.000000 -1.000000 0.000000
2014-10-09T06:00:00Z 284.150000 1019.000000 100.000000 1.000000 50.000000 -1.000000 0.000000
2014-10-09T07:00:00Z 285.150000 1020.000000 93.000000 1.070000 322.004000 -1.000000 0.000000
2014-10-09T08:00:00Z 286.150000 1020.000000 100.000000 1.000000 10.000000 -1.000000 0.000000
2014-10-09T09:00:00Z 288.150000 1021.000000 93.000000 1.000000 20.000000 -1.000000 0.000000
2014-10-09T10:00:00Z 290.150000 1021.000000 82.000000 1.000000 0.000000 -1.000000 0.000000
2014-10-09T11:00:00Z 293.150000 1020.000000 64.000000 2.000000 360.000000 -1.000000 0.000000
2014-10-09T12:00:00Z 293.150000 1020.000000 64.000000 2.000000 360.000000 -1.000000 0.000000
2014-10-09T13:00:00Z 294.150000 1019.000000 68.000000 1.000000 0.000000 -1.000000 0.000000
2014-10-09T14:00:00Z 294.150000 1019.000000 68.000000 1.000000 0.000000 -1.000000 0.000000
2014-10-09T15:00:00Z 295.150000 1019.000000 60.000000 2.000000 190.000000 -1.000000 0.000000
2014-10-09T16:00:00Z 295.150000 1018.000000 64.000000 1.000000 0.000000 -1.000000 0.000000
2014-10-09T17:00:00Z 292.150000 1018.000000 82.000000 1.660000 184.000000 -1.000000 0.000000
2014-10-09T18:00:00Z 292.150000 1018.000000 82.000000 1.660000 184.000000 -1.000000 0.000000
2014-10-09T19:00:00Z 290.150000 1019.000000 88.000000 1.000000 0.000000 -1.000000 0.000000
2014-10-09T20:00:00Z 288.150000 1020.000000 100.000000 1.000000 10.000000 -1.000000 0.000000
2014-10-09T21:00:00Z 288.150000 1020.000000 100.000000 1.000000 10.000000 -1.000000 0.000000
2014-10-09T22:00:00Z 288.150000 1020.000000 100.000000 1.000000 10.000000 -1.000000 0.000000
2014-10-09T23:00:00Z 287.150000 1022.000000 93.000000 2.000000 360.000000 -1.000000 24.000000
2014-10-10T08:00:00Z 287.150000 1024.000000 100.000000 1.000000 0.000000 -1.000000 32.000000
2014-10-10T09:00:00Z 287.150000 1024.000000 100.000000 1.000000 0.000000 -1.000000 32.000000
2014-10-10T10:00:00Z 287.150000 1024.000000 100.000000 1.000000 0.000000 -1.000000 32.000000
2014-10-10T11:00:00Z 287.150000 1024.000000 100.000000 1.000000 0.000000 -1.000000 32.000000
2014-10-10T12:00:00Z 295.150000 1021.000000 60.000000 3.000000 160.000000 -1.000000 0.000000
2014-10-10T13:00:00Z 295.150000 1021.000000 60.000000 3.000000 160.000000 -1.000000 0.000000
2014-10-10T14:00:00Z 295.150000 1021.000000 60.000000 3.000000 160.000000 -1.000000 0.000000
2014-10-10T15:00:00Z 295.150000 1021.000000 64.000000 3.000000 160.000000 -1.000000 0.000000
2014-10-10T16:00:00Z 295.150000 1021.000000 64.000000 3.000000 160.000000 -1.000000 0.000000
2014-10-10T17:00:00Z 293.150000 1020.000000 72.000000 2.000000 140.000000 -1.000000 0.000000
2014-10-10T18:00:00Z 293.150000 1020.000000 72.000000 2.000000 140.000000 -1.000000 0.000000
2014-10-10T19:00:00Z 290.150000 1020.000000 88.000000 2.000000 110.000000 -1.000000 0.000000
2014-10-10T20:00:00Z 290.150000 1020.000000 88.000000 2.000000 110.000000 -1.000000 0.000000
2014-10-10T21:00:00Z 289.150000 1021.000000 93.000000 1.000000 0.000000 -1.000000 0.000000
2014-10-10T22:00:00Z 288.150000 1021.000000 93.000000 1.000000 0.000000 -1.000000 0.000000
2014-10-10T23:00:00Z 288.150000 1021.000000 93.000000 1.000000 0.000000 -1.000000 0.000000
2014-10-11T00:00:00Z 288.150000 1021.000000 93.000000 1.000000 80.000000 -1.000000 0.000000
2014-10-11T01:00:00Z 288.150000 1021.000000 100.000000 2.000000 90.000000 -1.000000 0.000000
2014-10-11T02:00:00Z 288.150000 1021.000000 100.000000 2.000000 90.000000 -1.000000 0.000000
2014-10-11T03:00:00Z 288.150000 1021.000000 100.000000 2.000000 90.000000 -1.000000 0.000000
2014-10-11T04:00:00Z 288.150000 1020.000000 93.000000 2.000000 120.000000 -1.000000 0.000000
2014-10-11T05:00:00Z 288.150000 1020.000000 100.000000 2.000000 140.000000 -1.000000 90.000000
2014-10-11T06:00:00Z 288.150000 1020.000000 100.000000 2.000000 140.000000 -1.000000 90.000000
2014-10-11T07:00:00Z 288.150000 1021.000000 100.000000 2.000000 150.000000 -1.000000 90.000000
2014-10-11T08:00:00Z 288.150000 1021.000000 100.000000 2.000000 150.000000 -1.000000 90.000000
2014-10-11T09:00:00Z 288.150000 1021.000000 100.000000 2.000000 150.000000 -1.000000 90.000000
2014-10-11T10:00:00Z 290.150000 1021.000000 88.000000 2.000000 120.000000 -1.000000 75.000000
2014-10-11T11:00:00Z 290.150000 1021.000000 88.000000 2.000000 120.000000 -1.000000 75.000000
2014-10-11T12:00:00Z 291.150000 1021.000000 82.000000 1.000000 0.000000 -1.000000 40.000000
2014-10-11T13:00:00Z 291.150000 1021.000000 82.000000 1.000000 0.000000 -1.000000 40.000000
2014-10-17T15:00:00Z 296.150000 1014.000000 27.000000 3.000000 180.000000 -1.000000 0.000000
2014-10-17T16:00:00Z 296.150000 1014.000000 28.000000 4.000000 190.000000 -1.000000 0.000000
2014-10-17T17:00:00Z 289.150000 1014.000000 55.000000 1.000000 0.000000 -1.000000 0.000000
2014-10-17T18:00:00Z 289.150000 1014.000000 55.000000 1.000000 0.000000 -1.000000 0.000000
2014-10-17T19:00:00Z 287.150000 1015.000000 67.000000 1.000000 0.000000 -1.000000 0.000000
2014-10-17T20:00:00Z 288.150000 1015.000000 62.000000 2.000000 90.000000 -1.000000 0.000000
2014-10-17T21:00:00Z 288.150000 1015.000000 62.000000 2.000000 90.000000 -1.000000 0.000000
2014-10-17T22:00:00Z 284.150000 1017.000000 81.000000 1.000000 0.000000 -1.000000 0.000000
2014-10-18T09:00:00Z 287.150000 1019.000000 62.000000 2.000000 20.000000 -1.000000 0.000000
2014-10-18T10:00:00Z 290.150000 1018.000000 51.000000 1.000000 0.000000 -1.000000 0.000000
2014-10-18T11:00:00Z 295.150000 1018.000000 40.000000 1.000000 0.000000 -1.000000 0.000000
2014-10-18T12:00:00Z 295.150000 1018.000000 40.000000 1.000000 0.000000 -1.000000 0.000000
2014-10-18T13:00:00Z 297.150000 1015.000000 36.000000 1.000000 0.000000 -1.000000 20.000000
2014-10-18T14:00:00Z 297.150000 1015.000000 38.000000 3.000000 130.000000 -1.000000 20.000000
2014-10-18T15:00:00Z 297.150000 1015.000000 38.000000 3.000000 130.000000 -1.000000 20.000000
2014-10-18T16:00:00Z 295.150000 1014.000000 46.000000 2.000000 140.000000 -1.000000 48.000000
2014-10-18T17:00:00Z 292.150000 1014.000000 59.000000 1.000000 150.000000 -1.000000 48.000000
2014-10-18T18:00:00Z 292.150000 1014.000000 59.000000 1.000000 150.000000 -1.000000 48.000000
2014-10-18T19:00:00Z 288.150000 1015.000000 82.000000 1.000000 50.000000 -1.000000 88.000000
2014-10-18T20:00:00Z 287.150000 1015.000000 87.000000 1.000000 0.000000 -1.000000 48.000000
2014-10-18T21:00:00Z 286.150000 1016.000000 87.000000 1.000000 90.000000 -1.000000 92.000000
2014-10-18T22:00:00Z 287.150000 1016.000000 87.000000 2.510000 204.510000 -1.000000 32.000000
2014-10-18T23:00:00Z 287.150000 1016.000000 87.000000 2.510000 204.510000 -1.000000 32.000000
2014-10-19T00:00:00Z 288.150000 1015.000000 77.000000 1.000000 0.000000 -1.000000 88.000000
2014-10-19T01:00:00Z 288.150000 1015.000000 77.000000 1.000000 0.000000 -1.000000 88.000000
2014-10-19T02:00:00Z 287.150000 1015.000000 82.000000 1.000000 0.000000 -1.000000 88.000000
2014-10-19T03:00:00Z 287.150000 1014.000000 87.000000 1.000000 80.000000 -1.000000 88.000000
2014-10-19T04:00:00Z 286.150000 1014.000000 93.000000 1.000000 70.000000 -1.000000 88.000000
2014-10-19T05:00:00Z 286.150000 1014.000000 93.000000 1.000000 70.000000 -1.000000 88.000000
2014-10-19T06:00:00Z 286.150000 1014.000000 93.000000 1.000000 0.000000 -1.000000 80.000000
2014-10-19T07:00:00Z 286.150000 1014.000000 87.000000 1.000000 0.000000 -1.000000 92.000000
2014-10-19T08:00:00Z 288.150000 1015.000000 82.000000 2.000000 170.000000 -1.000000 80.000000
2014-10-19T09:00:00Z 290.150000 1015.000000 72.000000 2.000000 140.000000 -1.000000 0.000000
2014-10-19T10:00:00Z 290.150000 1015.000000 72.000000 2.000000 140.000000 -1.000000 0.000000
2014-10-19T11:00:00Z 290.150000 1015.000000 72.000000 2.000000 140.000000 -1.000000 0.000000
2014-10-19T12:00:00Z 293.150000 1014.000000 56.000000 3.000000 170.000000 -1.000000 0.000000
2014-10-19T13:00:00Z 293.150000 1013.000000 56.000000 3.000000 180.000000 -1.000000 56.000000
2014-10-23T13:00:00Z 289.150000 1013.000000 59.000000 1.000000 0.000000 -1.000000 0.000000
2014-10-23T14:00:00Z 289.150000 1013.000000 59.000000 1.000000 0.000000 -1.000000 0.000000
2014-10-23T15:00:00Z 289.150000 1012.000000 59.000000 2.000000 140.000000 -1.000000 0.000000
2014-10-23T16:00:00Z 289.150000 1012.000000 59.000000 2.000000 150.000000 -1.000000 0.000000
2014-10-23T17:00:00Z 287.150000 1012.000000 67.000000 2.000000 150.000000 -1.000000 0.000000
2014-10-24T02:00:00Z 282.150000 1012.000000 93.000000 2.000000 320.000000 -1.000000 0.000000
2014-10-24T03:00:00Z 282.150000 1012.000000 93.000000 2.000000 360.000000 -1.000000 0.000000
2014-10-24T04:00:00Z 281.150000 1012.000000 100.000000 2.000000 360.000000 -1.000000 0.000000
2014-10-24T05:00:00Z 281.150000 1012.000000 93.000000 1.000000 30.000000 -1.000000 0.000000
2014-10-24T06:00:00Z 281.150000 1012.000000 93.000000 1.000000 30.000000 -1.000000 0.000000
2014-10-24T07:00:00Z 282.150000 1012.000000 93.000000 3.000000 350.000000 -1.000000 0.000000
2014-10-24T08:00:00Z 282.150000 1012.000000 93.000000 3.000000 350.000000 -1.000000 0.000000
2014-10-24T09:00:00Z 285.150000 1013.000000 81.000000 3.000000 350.000000 -1.000000 0.000000
2014-10-24T10:00:00Z 287.150000 1013.000000 76.000000 3.000000 350.000000 -1.000000 0.000000
2014-10-24T11:00:00Z 289.150000 1012.000000 72.000000 1.000000 0.000000 -1.000000 0.000000
2014-10-24T12:00:00Z 290.150000 1011.000000 72.000000 2.000000 140.000000 -1.000000 0.000000
2014-10-24T13:00:00Z 290.150000 1011.000000 72.000000 2.000000 140.000000 -1.000000 0.000000
2014-10-24T14:00:00Z 291.150000 1010.000000 63.000000 2.000000 160.000000 -1.000000 0.000000
2014-10-24T15:00:00Z 290.150000 1009.000000 72.000000 2.000000 130.000000 -1.000000 0.000000
2014-10-24T16:00:00Z 290.150000 1009.000000 72.000000 2.000000 140.000000 -1.000000 0.000000
2014-10-24T17:00:00Z 287.150000 1010.000000 82.000000 1.000000 0.000000 -1.000000 0.000000
2014-10-24T18:00:00Z 287.150000 1010.000000 82.000000 1.000000 0.000000 -1.000000 0.000000
2014-10-24T19:00:00Z 286.150000 1011.000000 93.000000 2.820000 206.002000 -1.000000 0.000000
2014-10-24T20:00:00Z 284.150000 1011.000000 100.000000 1.000000 80.000000 -1.000000 0.000000
2014-10-24T21:00:00Z 283.150000 1012.000000 100.000000 1.000000 0.000000 -1.000000 0.000000
2014-10-24T22:00:00Z 284.150000 1012.000000 93.000000 1.000000 0.000000 -1.000000 0.000000
2014-10-24T23:00:00Z 283.150000 1012.000000 100.000000 1.000000 0.000000 -1.000000 0.000000
2014-10-25T00:00:00Z 283.150000 1012.000000 100.000000 1.000000 0.000000 -1.000000 0.000000
2014-10-25T01:00:00Z 283.150000 1012.000000 100.000000 2.000000 360.000000 -1.000000 0.000000
2014-10-25T02:00:00Z 283.150000 1012.000000 93.000000 2.000000 360.000000 -1.000000 0.000000
2014-10-25T03:00:00Z 283.150000 1011.000000 100.000000 1.000000 360.000000 -1.000000 0.000000
2014-10-25T04:00:00Z 283.150000 1011.000000 100.000000 1.000000 360.000000 -1.000000 0.000000
2014-10-25T05:00:00Z 282.150000 1011.000000 93.000000 2.000000 340.000000 -1.000000 0.000000
2014-10-25T06:00:00Z 282.150000 1011.000000 100.000000 1.000000 320.000000 -1.000000 32.000000
2014-10-25T07:00:00Z 282.150000 1011.000000 100.000000 1.000000 320.000000 -1.000000 32.000000
2014-10-25T08:00:00Z 283.150000 1012.000000 100.000000 2.000000 350.000000 -1.000000 32.000000
2014-10-25T09:00:00Z 285.150000 1012.000000 93.000000 3.000000 340.000000 -1.000000 20.000000
2014-10-25T10:00:00Z 289.150000 1012.000000 77.000000 1.000000 0.000000 -1.000000 20.000000
2014-10-25T11:00:00Z 289.150000 1012.000000 77.000000 1.000000 0.000000 -1.000000 20.000000
2014-10-25T12:00:00Z 290.150000 1012.000000 77.000000 1.000000 0.000000 -1.000000 20.000000
2014-10-25T13:00:00Z 291.150000 1011.000000 72.000000 2.000000 190.000000 -1.000000 0.000000
2014-10-25T14:00:00Z 292.150000 1010.000000 68.000000 2.000000 160.000000 -1.000000 0.000000
2014-10-25T15:00:00Z 292.150000 1010.000000 68.000000 2.000000 160.000000 -1.000000 0.000000
2014-10-25T16:00:00Z 290.150000 1010.000000 77.000000 1.000000 130.000000 -1.000000 0.000000
2014-10-25T17:00:00Z 290.150000 1010.000000 77.000000 1.000000 130.000000 -1.000000 0.000000
2014-10-25T18:00:00Z 288.150000 1011.000000 87.000000 1.000000 0.000000 -1.000000 0.000000
2014-10-29T16:00:00Z 288.150000 1023.000000 47.000000 1.000000 0.000000 -1.000000 68.000000
2014-10-29T17:00:00Z 285.150000 1023.000000 71.000000 1.000000 60.000000 -1.000000 68.000000
2014-10-29T18:00:00Z 285.150000 1023.000000 71.000000 1.000000 60.000000 -1.000000 68.000000
2014-10-29T19:00:00Z 284.150000 1023.000000 76.000000 1.000000 70.000000 -1.000000 80.000000
2014-10-29T20:00:00Z 285.150000 1023.000000 71.000000 1.000000 70.000000 -1.000000 92.000000
2014-10-29T21:00:00Z 284.150000 1023.000000 76.000000 1.000000 90.000000 -1.000000 76.000000
2014-10-29T22:00:00Z 284.150000 1024.000000 81.000000 1.000000 60.000000 -1.000000 68.000000
2014-10-29T23:00:00Z 284.150000 1024.000000 81.000000 1.000000 60.000000 -1.000000 68.000000
2014-10-30T00:00:00Z 284.150000 1023.000000 81.000000 1.000000 0.000000 -1.000000 64.000000
2014-10-30T01:00:00Z 284.150000 1023.000000 81.000000 1.000000 0.000000 -1.000000 64.000000
2014-10-30T02:00:00Z 284.150000 1023.000000 71.000000 0.200000 239.506000 -1.000000 64.000000
2014-10-30T03:00:00Z 284.150000 1023.000000 71.000000 0.200000 239.506000 -1.000000 64.000000
2014-10-30T04:00:00Z 283.150000 1022.000000 81.000000 2.000000 40.000000 -1.000000 64.000000
2014-10-30T05:00:00Z 283.150000 1022.000000 87.000000 1.000000 30.000000 -1.000000 64.000000
2014-10-30T06:00:00Z 283.150000 1022.000000 87.000000 1.000000 30.000000 -1.000000 64.000000
