2013-12-26T10:00:00Z 270.370000 1028.000000 28.000000 3.600000 261.000000 -1.000000 0.000000
2013-12-26T09:00:00Z 269.200000 1028.000000 31.000000 3.600000 312.000000 -1.000000 0.000000
2013-12-26T08:00:00Z 268.150000 1028.000000 34.000000 4.110000 294.000000 -1.000000 0.000000
2013-12-26T07:00:00Z 268.150000 1028.000000 34.000000 4.110000 294.000000 -1.000000 0.000000
2013-12-26T06:00:00Z 268.470000 1035.000000 22.000000 7.000000 330.000000 -1.000000 0.000000
2013-12-26T05:00:00Z 268.750000 1034.000000 24.000000 8.000000 330.000000 -1.000000 0.000000
2014-01-03T01:00:00Z 275.930000 1010.000000 55.000000 0.510000 355.000000 -1.000000 0.000000
2014-01-03T00:00:00Z 274.890000 1018.000000 50.000000 5.000000 350.000000 -1.000000 8.000000
2014-01-02T23:00:00Z 274.890000 1018.000000 50.000000 5.000000 350.000000 -1.000000 8.000000
2014-01-02T22:00:00Z 276.480000 1010.000000 54.000000 1.360000 305.500000 -1.000000 8.000000
2014-01-02T21:00:00Z 277.040000 1009.000000 53.000000 1.350000 238.000000 -1.000000 0.000000
2014-01-02T20:00:00Z 277.040000 1009.000000 53.000000 1.350000 238.000000 -1.000000 0.000000
2014-01-06T03:00:00Z 272.150000 1028.000000 74.000000 1.750000 27.500200 -1.000000 90.000000
2014-01-06T02:00:00Z 272.360000 1020.000000 83.000000 0.510000 121.000000 -1.000000 0.000000
2014-01-06T01:00:00Z 272.360000 1020.000000 83.000000 0.510000 121.000000 -1.000000 0.000000
2014-01-06T00:00:00Z 270.150000 1028.000000 68.000000 2.000000 120.000000 -1.000000 0.000000
2014-01-05T23:00:00Z 270.150000 1028.000000 68.000000 2.000000 120.000000 -1.000000 0.000000
2014-01-11T05:00:00Z 262.150000 1032.000000 51.000000 1.000000 0.000000 -1.000000 0.000000
2014-01-11T04:00:00Z 265.880000 1032.000000 47.000000 2.000000 10.000000 -1.000000 0.000000
2014-01-11T03:00:00Z 265.640000 1024.000000 36.000000 0.510000 55.000000 -1.000000 0.000000
2014-01-11T02:00:00Z 266.590000 1024.000000 37.000000 1.410000 207.000000 -1.000000 0.000000
2014-01-11T01:00:00Z 266.590000 1024.000000 37.000000 1.410000 207.000000 -1.000000 0.000000
2014-01-11T00:00:00Z 266.680000 1024.000000 39.000000 1.410000 207.000000 -1.000000 0.000000
2014-01-11T23:00:00Z 271.150000 1032.000000 25.000000 2.000000 0.000000 -1.000000 0.000000
2014-01-11T22:00:00Z 268.150000 1031.000000 29.000000 3.000000 350.000000 -1.000000 0.000000
2014-01-11T21:00:00Z 271.360000 1022.000000 28.000000 3.010000 292.000000 -1.000000 0.000000
2014-01-11T20:00:00Z 275.010000 1021.000000 30.000000 2.470000 239.001000 -1.000000 0.000000
2014-01-11T19:00:00Z 275.010000 1021.000000 30.000000 2.470000 239.001000 -1.000000 0.000000
2014-01-11T18:00:00Z 275.150000 1027.000000 14.000000 3.000000 190.000000 -1.000000 0.000000
2014-01-15T07:00:00Z 263.150000 1033.000000 51.000000 3.000000 340.000000 -1.000000 0.000000
2014-01-15T06:00:00Z 263.150000 1032.000000 47.000000 1.000000 0.000000 -1.000000 0.000000
2014-01-15T05:00:00Z 263.150000 1033.000000 56.000000 2.000000 340.000000 -1.000000 0.000000
2014-01-15T04:00:00Z 263.150000 1033.000000 56.000000 2.000000 340.000000 -1.000000 0.000000
2014-01-15T03:00:00Z 263.150000 1034.000000 56.000000 2.000000 10.000000 -1.000000 0.000000
2014-01-15T02:00:00Z 263.150000 1034.000000 56.000000 2.000000 10.000000 -1.000000 0.000000
2014-01-24T15:00:00Z 283.150000 1017.000000 8.000000 4.000000 20.000000 -1.000000 0.000000
2014-01-24T14:00:00Z 281.880000 1009.000000 23.000000 1.540000 51.000000 -1.000000 80.000000
2014-01-24T13:00:00Z 278.150000 1009.000000 33.000000 1.030000 350.000000 -1.000000 88.000000
2014-01-24T12:00:00Z 276.870000 1011.000000 38.000000 0.510000 360.000000 -1.000000 88.000000
2014-01-24T11:00:00Z 274.200000 1010.000000 44.000000 3.610000 7.000640 -1.000000 88.000000
2014-01-24T10:00:00Z 274.200000 1010.000000 44.000000 3.610000 7.000640 -1.000000 88.000000
2014-01-30T03:00:00Z 272.010000 1008.000000 39.000000 2.570000 333.000000 -1.000000 0.000000
2014-01-30T02:00:00Z 272.010000 1008.000000 39.000000 2.570000 333.000000 -1.000000 0.000000
2014-01-30T01:00:00Z 272.040000 1007.000000 64.000000 1.030000 333.000000 -1.000000 0.000000
2014-01-30T00:00:00Z 271.800000 1006.000000 63.000000 1.030000 300.000000 -1.000000 0.000000
2014-01-29T23:00:00Z 271.150000 1013.000000 58.000000 1.000000 0.000000 -1.000000 0.000000
2014-01-29T22:00:00Z 272.530000 1013.000000 63.000000 3.000000 360.000000 -1.000000 0.000000
2014-01-31T07:00:00Z 272.040000 1012.000000 71.000000 0.510000 319.000000 -1.000000 20.000000
2014-01-31T06:00:00Z 272.590000 1012.000000 71.000000 3.160000 43.000100 -1.000000 8.000000
2014-01-31T05:00:00Z 272.590000 1012.000000 71.000000 3.160000 43.000100 -1.000000 8.000000
2014-01-31T04:00:00Z 271.610000 1020.000000 63.000000 1.000000 0.000000 -1.000000 8.000000
2014-01-31T03:00:00Z 271.550000 1013.000000 72.000000 0.510000 150.000000 -1.000000 0.000000
2014-01-31T02:00:00Z 272.150000 1021.000000 63.000000 3.000000 110.000000 -1.000000 40.000000
2014-02-02T09:00:00Z 276.480000 1006.000000 78.000000 2.060000 342.000000 -1.000000 0.000000
2014-02-02T08:00:00Z 269.920000 1017.240000 74.000000 3.900000 358.000000 -1.000000 0.000000
2014-02-02T07:00:00Z 274.820000 1005.000000 90.000000 2.060000 24.000000 -1.000000 0.000000
2014-02-02T06:00:00Z 266.880000 1014.420000 72.000000 1.700000 354.500000 -1.000000 0.000000
2014-02-02T05:00:00Z 275.930000 1004.000000 87.000000 1.340000 331.002000 -1.000000 0.000000
2014-02-02T04:00:00Z 266.880000 1014.420000 72.000000 1.700000 354.500000 -1.000000 0.000000
2014-02-12T09:00:00Z 268.100000 1033.000000 45.000000 2.000000 360.000000 -1.000000 0.000000
2014-02-12T08:00:00Z 266.930000 1033.000000 57.000000 4.000000 350.000000 -1.000000 0.000000
2014-02-12T07:00:00Z 265.300000 1024.000000 59.000000 0.510000 355.000000 -1.000000 0.000000
2014-02-12T06:00:00Z 265.300000 1024.000000 59.000000 0.510000 355.000000 -1.000000 0.000000
2014-02-12T05:00:00Z 265.150000 1031.000000 61.000000 3.000000 340.000000 -1.000000 0.000000
2014-02-12T04:00:00Z 267.110000 1030.000000 66.000000 3.000000 350.000000 -1.000000 0.000000
2014-02-17T02:00:00Z 272.150000 1034.000000 63.000000 1.000000 140.000000 -1.000000 80.000000
2014-02-17T01:00:00Z 273.150000 1033.000000 77.000000 3.000000 130.000000 -1.000000 80.000000
2014-02-17T00:00:00Z 273.150000 1033.000000 77.000000 1.000000 0.000000 -1.000000 80.000000
2014-02-16T23:00:00Z 275.150000 1033.000000 55.000000 2.000000 160.000000 -1.000000 80.000000
2014-02-16T22:00:00Z 275.150000 1033.000000 55.000000 2.000000 160.000000 -1.000000 80.000000
2014-02-16T21:00:00Z 275.150000 1032.000000 55.000000 2.000000 170.000000 -1.000000 80.000000
2014-03-04T05:00:00Z 272.150000 1024.000000 68.000000 2.000000 10.000000 0.000000 92.000000
2014-03-04T04:00:00Z 272.150000 1024.000000 68.000000 2.000000 10.000000 0.000000 92.000000
2014-03-04T03:00:00Z 273.150000 1024.000000 72.000000 2.000000 350.000000 0.000000 92.000000
2014-03-04T02:00:00Z 275.150000 1024.000000 47.000000 3.000000 350.000000 2.500000 92.000000
2014-03-04T01:00:00Z 275.150000 1023.000000 43.000000 3.000000 360.000000 2.500000 92.000000
2014-03-04T00:00:00Z 274.150000 1023.000000 47.000000 3.000000 360.000000 2.500000 92.000000
2014-03-14T00:00:00Z 283.150000 1019.000000 6.000000 8.000000 310.000000 -1.000000 0.000000
2014-03-13T23:00:00Z 283.150000 1019.000000 7.000000 8.000000 320.000000 -1.000000 0.000000
2014-03-13T22:00:00Z 281.150000 1019.000000 13.000000 5.000000 350.000000 -1.000000 0.000000
2014-03-13T21:00:00Z 283.150000 1018.000000 12.000000 1.000000 0.000000 -1.000000 0.000000
2014-03-16T06:00:00Z 284.390000 1029.830000 44.000000 4.210000 35.005900 -1.000000 0.000000
2014-03-16T05:00:00Z 284.390000 1029.830000 44.000000 4.210000 35.005900 -1.000000 0.000000
2014-03-16T04:00:00Z 286.260000 1016.000000 28.000000 1.000000 260.000000 -1.000000 0.000000
2014-03-16T03:00:00Z 286.870000 1015.000000 26.000000 1.000000 0.000000 -1.000000 0.000000
2014-03-16T02:00:00Z 288.080000 1027.750000 52.000000 3.710000 70.500800 -1.000000 0.000000
2014-03-16T01:00:00Z 288.080000 1027.750000 52.000000 3.710000 70.500800 -1.000000 0.000000
2014-03-17T17:00:00Z 292.710000 1004.000000 21.000000 4.630000 335.000000 -1.000000 0.000000
2014-03-17T16:00:00Z 293.760000 1002.000000 21.000000 3.600000 271.000000 -1.000000 0.000000
2014-03-17T15:00:00Z 293.760000 1002.000000 21.000000 3.600000 271.000000 -1.000000 0.000000
2014-03-17T14:00:00Z 291.880000 1003.000000 23.000000 5.140000 270.000000 -1.000000 0.000000
2014-03-17T13:00:00Z 291.880000 1003.000000 23.000000 5.140000 270.000000 -1.000000 0.000000
2014-03-17T12:00:00Z 289.900000 1003.000000 23.000000 4.630000 260.000000 -1.000000 36.000000
2014-03-28T12:00:00Z 290.240000 1000.000000 72.000000 0.510000 27.000000 -1.000000 92.000000
2014-03-28T11:00:00Z 290.240000 1000.000000 72.000000 0.510000 27.000000 -1.000000 92.000000
2014-03-28T10:00:00Z 286.870000 1001.000000 86.000000 1.030000 15.000000 -1.000000 92.000000
2014-03-28T09:00:00Z 286.870000 1001.000000 86.000000 1.030000 15.000000 -1.000000 92.000000
2014-03-28T08:00:00Z 285.260000 1009.000000 81.000000 4.000000 340.000000 -1.000000 0.000000
2014-03-28T07:00:00Z 285.150000 1007.000000 76.000000 3.000000 10.000000 -1.000000 0.000000
2014-03-29T01:00:00Z 283.150000 1011.000000 76.000000 3.000000 330.000000 -1.000000 0.000000
2014-03-29T00:00:00Z 285.150000 1011.000000 76.000000 1.000000 140.000000 -1.000000 0.000000
2014-03-28T23:00:00Z 286.890000 1011.000000 71.000000 1.000000 140.000000 -1.000000 0.000000
2014-03-28T22:00:00Z 289.130000 1010.000000 58.000000 2.000000 170.000000 -1.000000 0.000000
2014-03-28T21:00:00Z 289.130000 1010.000000 58.000000 2.000000 170.000000 -1.000000 0.000000
2014-03-28T20:00:00Z 290.910000 1007.000000 51.000000 3.000000 150.000000 -1.000000 56.000000
2014-04-01T14:00:00Z 293.150000 1017.000000 19.000000 2.000000 10.000000 -1.000000 0.000000
2014-04-01T13:00:00Z 293.150000 1017.000000 19.000000 2.000000 10.000000 -1.000000 0.000000
2014-04-01T12:00:00Z 293.150000 1017.000000 19.000000 2.000000 10.000000 -1.000000 0.000000
2014-04-01T11:00:00Z 293.150000 1017.000000 19.000000 2.000000 10.000000 -1.000000 0.000000
2014-04-01T10:00:00Z 293.150000 1017.000000 19.000000 2.000000 10.000000 -1.000000 0.000000
2014-04-01T09:00:00Z 293.150000 1017.000000 19.000000 2.000000 10.000000 -1.000000 0.000000
2014-04-02T10:00:00Z 290.150000 1021.000000 2.000000 4.000000 70.000000 -1.000000 0.000000
2014-04-02T09:00:00Z 290.150000 1021.000000 2.000000 4.000000 70.000000 -1.000000 0.000000
2014-04-02T08:00:00Z 290.150000 1021.000000 2.000000 4.000000 70.000000 -1.000000 0.000000
2014-04-02T07:00:00Z 290.150000 1021.000000 2.000000 4.000000 70.000000 -1.000000 0.000000
2014-04-02T20:00:00Z 290.150000 1021.000000 2.000000 4.000000 70.000000 -1.000000 0.000000
2014-04-02T19:00:00Z 290.150000 1021.000000 2.000000 4.000000 70.000000 -1.000000 0.000000
2014-04-02T18:00:00Z 290.150000 1021.000000 2.000000 4.000000 70.000000 -1.000000 0.000000
2014-04-02T17:00:00Z 290.150000 1021.000000 2.000000 4.000000 70.000000 -1.000000 0.000000
2014-04-15T08:00:00Z 291.300000 1021.000000 52.000000 3.000000 150.000000 -1.000000 36.000000
2014-04-15T07:00:00Z 288.150000 1019.000000 67.000000 1.000000 0.000000 -1.000000 36.000000
2014-04-15T06:00:00Z 289.150000 1018.000000 59.000000 2.000000 110.000000 -1.000000 80.000000
2014-04-15T05:00:00Z 289.130000 1009.000000 64.000000 1.030000 105.000000 -1.000000 12.000000
2014-04-15T04:00:00Z 289.960000 1008.000000 60.000000 3.900000 209.002000 -1.000000 12.000000
2014-04-15T03:00:00Z 289.960000 1008.000000 60.000000 3.900000 209.002000 -1.000000 12.000000
2014-04-23T19:00:00Z 297.080000 1008.000000 44.000000 5.000000 210.000000 0.250000 36.000000
2014-04-23T18:00:00Z 297.100000 999.000000 51.000000 1.030000 149.000000 -1.000000 44.000000
2014-04-23T17:00:00Z 297.100000 999.000000 51.000000 1.030000 149.000000 -1.000000 44.000000
2014-04-23T16:00:00Z 298.490000 1007.000000 36.000000 7.000000 190.000000 -1.000000 0.000000
2014-04-23T15:00:00Z 297.880000 1000.000000 50.000000 1.540000 191.000000 -1.000000 12.000000
2014-04-23T14:00:00Z 297.880000 1000.000000 50.000000 1.540000 191.000000 -1.000000 12.000000
2014-04-25T21:00:00Z 292.420000 1017.000000 45.000000 7.000000 310.000000 -1.000000 90.000000
2014-04-25T20:00:00Z 292.420000 1017.000000 45.000000 7.000000 310.000000 -1.000000 90.000000
2014-04-25T19:00:00Z 294.940000 1015.000000 43.000000 6.000000 290.000000 -1.000000 75.000000
2014-04-25T18:00:00Z 294.940000 1015.000000 43.000000 6.000000 290.000000 -1.000000 75.000000
2014-04-25T17:00:00Z 298.150000 1014.000000 31.000000 6.000000 290.000000 -1.000000 92.000000
2014-05-01T17:00:00Z 300.150000 1004.000000 42.000000 6.000000 210.000000 -1.000000 36.000000
2014-05-01T16:00:00Z 300.150000 1004.000000 42.000000 6.000000 210.000000 -1.000000 36.000000
2014-05-01T15:00:00Z 300.150000 1005.000000 42.000000 5.000000 190.000000 -1.000000 36.000000
2014-05-01T14:00:00Z 299.150000 1006.000000 50.000000 5.000000 180.000000 -1.000000 12.000000
2014-05-01T13:00:00Z 299.150000 1006.000000 50.000000 5.000000 180.000000 -1.000000 12.000000
2014-05-01T12:00:00Z 299.150000 1006.000000 50.000000 5.000000 190.000000 -1.000000 8.000000
2014-05-07T08:00:00Z 288.738000 1013.990000 84.000000 4.760000 27.500000 0.000000 0.000000
2014-05-07T07:00:00Z 288.738000 1013.990000 84.000000 4.760000 27.500000 0.000000 0.000000
2014-05-07T06:00:00Z 285.576000 1012.170000 99.000000 4.930000 18.001900 0.500000 92.000000
2014-05-07T05:00:00Z 285.576000 1012.170000 99.000000 4.930000 18.001900 0.500000 92.000000
2014-05-07T04:00:00Z 285.730000 995.000000 72.000000 3.750000 14.002000 0.000000 32.000000
2014-05-07T03:00:00Z 285.150000 1003.000000 76.000000 3.460000 37.002700 0.000000 68.000000
2014-05-16T07:00:00Z 295.674000 1014.620000 43.000000 4.030000 52.500400 -1.000000 8.000000
2014-05-16T06:00:00Z 288.263000 1009.960000 52.000000 1.960000 314.500000 -1.000000 32.000000
2014-05-16T05:00:00Z 288.263000 1009.960000 52.000000 1.960000 314.500000 -1.000000 32.000000
2014-05-16T04:00:00Z 288.263000 1009.960000 52.000000 1.960000 314.500000 -1.000000 32.000000
2014-05-16T03:00:00Z 289.631000 1008.080000 44.000000 2.140000 249.003000 -1.000000 44.000000
2014-05-18T23:00:00Z 299.190000 1006.000000 47.000000 2.000000 160.000000 -1.000000 20.000000
2014-05-18T22:00:00Z 299.440000 998.000000 47.000000 0.510000 119.000000 -1.000000 24.000000
2014-05-18T21:00:00Z 300.780000 1006.000000 42.000000 3.000000 200.000000 -1.000000 24.000000
2014-05-18T20:00:00Z 301.040000 998.000000 46.000000 0.510000 150.000000 -1.000000 20.000000
2014-05-18T19:00:00Z 301.040000 998.000000 46.000000 0.510000 150.000000 -1.000000 20.000000
2014-05-18T18:00:00Z 302.480000 1005.000000 35.000000 5.000000 210.000000 -1.000000 0.000000
2014-05-20T07:00:00Z 293.829000 1012.830000 68.000000 2.410000 15.004200 -1.000000 0.000000
2014-05-20T06:00:00Z 285.852000 1012.130000 95.000000 1.610000 26.505500 -1.000000 0.000000
2014-05-20T05:00:00Z 293.720000 1004.000000 77.000000 3.000000 30.000000 -1.000000 0.000000
2014-05-20T04:00:00Z 293.230000 1004.000000 82.000000 1.000000 0.000000 -1.000000 0.000000
2014-05-20T03:00:00Z 289.245000 1011.790000 62.000000 2.630000 35.002700 -1.000000 0.000000
2014-05-20T02:00:00Z 293.560000 995.000000 76.000000 2.630000 35.002700 -1.000000 0.000000
2014-05-21T01:00:00Z 290.057000 1015.090000 74.000000 1.310000 201.504000 -1.000000 56.000000
2014-05-21T00:00:00Z 293.375000 1014.870000 54.000000 3.080000 180.001000 -1.000000 8.000000
2014-05-20T23:00:00Z 293.375000 1014.870000 54.000000 3.080000 180.001000 -1.000000 8.000000
2014-05-20T22:00:00Z 294.732000 1013.360000 38.000000 4.710000 31.500500 -1.000000 0.000000
2014-05-22T13:00:00Z 305.150000 1006.000000 33.000000 4.000000 190.000000 -1.000000 0.000000
2014-05-22T12:00:00Z 304.150000 1007.000000 43.000000 5.000000 200.000000 -1.000000 0.000000
2014-05-22T11:00:00Z 304.722000 1015.650000 51.000000 5.810000 205.501000 -1.000000 0.000000
2014-05-22T10:00:00Z 304.722000 1015.650000 51.000000 5.810000 205.501000 -1.000000 0.000000
2014-05-22T09:00:00Z 297.150000 1007.000000 69.000000 2.000000 80.000000 -1.000000 0.000000
2014-05-22T08:00:00Z 299.684000 1015.560000 54.000000 2.360000 178.001000 -1.000000 0.000000
2014-05-25T11:00:00Z 298.380000 1007.000000 21.000000 12.000000 290.000000 -1.000000 0.000000
2014-05-25T10:00:00Z 298.171000 1016.150000 71.000000 3.020000 265.002000 0.000000 92.000000
2014-05-25T09:00:00Z 297.150000 1008.000000 38.000000 6.000000 310.000000 -1.000000 56.000000
2014-05-25T08:00:00Z 294.479000 1016.300000 98.000000 1.300000 306.000000 0.000000 76.000000
2014-05-25T07:00:00Z 294.479000 1016.300000 98.000000 1.300000 306.000000 0.000000 76.000000
2014-05-25T06:00:00Z 292.320000 999.000000 96.000000 3.460000 11.002000 -1.000000 68.000000
2014-06-17T04:00:00Z 292.150000 1003.000000 88.000000 2.000000 0.000000 1.000000 40.000000
2014-06-17T03:00:00Z 291.150000 1003.000000 88.000000 6.000000 80.000000 4.000000 20.000000
2014-06-17T02:00:00Z 291.150000 1003.000000 88.000000 6.000000 80.000000 4.000000 20.000000
2014-06-17T01:00:00Z 299.150000 1001.000000 69.000000 4.000000 190.000000 4.000000 80.000000
2014-06-17T00:00:00Z 299.150000 1001.000000 69.000000 3.000000 170.000000 0.000000 92.000000
2014-06-16T23:00:00Z 299.150000 1001.000000 69.000000 4.000000 130.000000 6.000000 92.000000
2014-06-17T16:00:00Z 299.150000 1001.000000 69.000000 3.000000 160.000000 0.000000 44.000000
2014-06-17T15:00:00Z 299.150000 1001.000000 69.000000 3.000000 160.000000 0.000000 44.000000
2014-06-17T14:00:00Z 299.150000 1002.000000 65.000000 2.000000 180.000000 0.000000 36.000000
2014-06-17T13:00:00Z 298.150000 1002.000000 69.000000 3.000000 130.000000 0.000000 36.000000
2014-07-05T11:00:00Z 303.150000 1007.000000 66.000000 2.000000 160.000000 0.000000 0.000000
2014-07-05T10:00:00Z 300.150000 1008.000000 78.000000 3.000000 100.000000 0.000000 0.000000
2014-07-05T09:00:00Z 299.150000 1008.000000 83.000000 2.000000 120.000000 0.000000 0.000000
2014-07-05T08:00:00Z 299.150000 1008.000000 83.000000 2.000000 120.000000 0.000000 0.000000
2014-07-05T07:00:00Z 297.150000 1008.000000 88.000000 2.000000 110.000000 0.000000 56.000000
2014-07-18T19:00:00Z 305.150000 1006.000000 59.000000 2.000000 170.000000 0.000000 0.000000
2014-07-18T18:00:00Z 307.150000 1005.000000 49.000000 4.000000 190.000000 0.000000 36.000000
2014-07-18T17:00:00Z 307.150000 1005.000000 49.000000 4.000000 190.000000 0.000000 0.000000
2014-07-18T16:00:00Z 307.150000 1005.000000 49.000000 4.000000 190.000000 0.000000 0.000000
2014-07-18T15:00:00Z 306.150000 1006.000000 59.000000 2.000000 160.000000 0.000000 36.000000
2014-07-18T14:00:00Z 306.150000 1006.000000 59.000000 2.000000 160.000000 0.000000 36.000000
2014-07-29T12:00:00Z 305.150000 1004.000000 46.000000 5.000000 180.000000 -1.000000 12.000000
2014-07-29T11:00:00Z 305.150000 1004.000000 46.000000 5.000000 180.000000 -1.000000 12.000000
2014-07-29T10:00:00Z 305.150000 1004.000000 55.000000 4.000000 190.000000 -1.000000 24.000000
2014-07-29T09:00:00Z 303.150000 1004.000000 62.000000 3.000000 160.000000 -1.000000 12.000000
2014-07-29T08:00:00Z 300.150000 1005.000000 69.000000 3.000000 140.000000 -1.000000 12.000000
2014-07-29T07:00:00Z 299.150000 1004.000000 74.000000 3.000000 150.000000 -1.000000 92.000000
2014-08-03T15:00:00Z 307.150000 1000.000000 56.000000 5.000000 310.000000 3.000000 64.000000
2014-08-03T14:00:00Z 307.150000 999.000000 56.000000 4.000000 330.000000 2.000000 92.000000
2014-08-03T13:00:00Z 307.150000 1000.000000 56.000000 1.000000 0.000000 2.000000 92.000000
2014-08-03T12:00:00Z 307.150000 1000.000000 56.000000 1.000000 0.000000 2.000000 92.000000
2014-08-03T11:00:00Z 307.150000 1001.000000 56.000000 1.000000 0.000000 3.000000 92.000000
2014-08-03T10:00:00Z 305.150000 1001.000000 62.000000 1.510000 324.001000 3.000000 92.000000
2014-08-09T12:00:00Z 303.620000 1007.000000 58.000000 2.000000 0.000000 -1.000000 0.000000
2014-08-09T11:00:00Z 302.980000 1008.000000 54.000000 2.000000 0.000000 -1.000000 0.000000
2014-08-09T10:00:00Z 302.980000 1008.000000 54.000000 2.000000 0.000000 -1.000000 0.000000
2014-08-09T09:00:00Z 300.910000 1007.000000 73.000000 2.000000 100.000000 -1.000000 0.000000
2014-08-09T08:00:00Z 299.730000 1008.000000 88.000000 2.000000 100.000000 -1.000000 0.000000
2014-08-19T11:00:00Z 302.150000 1012.000000 54.000000 1.000000 0.000000 -1.000000 0.000000
2014-08-19T10:00:00Z 301.150000 1013.000000 54.000000 1.000000 0.000000 -1.000000 0.000000
2014-08-19T09:00:00Z 299.150000 1013.000000 65.000000 2.000000 10.000000 -1.000000 0.000000
2014-08-19T08:00:00Z 299.150000 1013.000000 65.000000 2.000000 10.000000 -1.000000 0.000000
2014-08-20T18:00:00Z 305.150000 1006.000000 43.000000 5.000000 190.000000 -1.000000 0.000000
2014-08-20T17:00:00Z 305.150000 1006.000000 43.000000 4.000000 200.000000 -1.000000 0.000000
2014-08-20T16:00:00Z 305.150000 1006.000000 43.000000 4.000000 200.000000 -1.000000 0.000000
2014-08-20T15:00:00Z 306.150000 1006.000000 36.000000 6.000000 180.000000 -1.000000 0.000000
2014-08-20T14:00:00Z 306.150000 1008.000000 41.000000 4.000000 180.000000 -1.000000 0.000000
2014-08-21T21:00:00Z 299.620000 1009.000000 64.000000 5.000000 80.000000 -1.000000 20.000000
2014-08-21T20:00:00Z 301.350000 1006.000000 62.000000 1.000000 0.000000 -1.000000 24.000000
2014-08-21T19:00:00Z 304.320000 1005.000000 49.000000 2.000000 180.000000 -1.000000 24.000000
2014-08-21T18:00:00Z 304.240000 1005.000000 49.000000 4.000000 200.000000 -1.000000 8.000000
2014-08-21T17:00:00Z 304.240000 1005.000000 52.000000 4.000000 200.000000 -1.000000 8.000000
2014-08-21T16:00:00Z 304.200000 1005.000000 52.000000 5.000000 210.000000 -1.000000 0.000000
2014-08-23T22:00:00Z 301.410000 1005.000000 78.000000 1.000000 0.000000 5.000000 56.000000
2014-08-23T21:00:00Z 301.410000 1005.000000 78.000000 1.000000 0.000000 5.000000 56.000000
2014-08-23T20:00:00Z 301.010000 1004.000000 65.000000 2.000000 160.000000 5.000000 56.000000
2014-08-23T19:00:00Z 302.960000 1003.000000 52.000000 3.000000 150.000000 5.000000 56.000000
2014-08-30T23:00:00Z 299.290000 1013.000000 94.000000 1.000000 0.000000 -1.000000 88.000000
2014-08-30T22:00:00Z 299.290000 1013.000000 94.000000 1.000000 0.000000 -1.000000 88.000000
2014-08-30T21:00:00Z 299.930000 1014.000000 88.000000 2.000000 120.000000 -1.000000 92.000000
2014-08-30T20:00:00Z 300.190000 1013.000000 94.000000 1.000000 0.000000 -1.000000 92.000000
2014-08-30T19:00:00Z 300.090000 1012.000000 88.000000 2.000000 100.000000 -1.000000 92.000000
2014-08-30T18:00:00Z 300.090000 1012.000000 88.000000 2.000000 100.000000 -1.000000 92.000000
2014-09-07T22:00:00Z 301.390000 1008.000000 83.000000 2.000000 10.000000 -1.000000 0.000000
2014-09-07T21:00:00Z 301.390000 1008.000000 83.000000 2.000000 10.000000 -1.000000 0.000000
2014-09-07T20:00:00Z 302.640000 1007.000000 73.000000 1.000000 0.000000 -1.000000 0.000000
2014-09-07T19:00:00Z 303.390000 1006.000000 58.000000 3.000000 200.000000 -1.000000 0.000000
2014-09-21T06:00:00Z 297.490000 1019.000000 77.000000 2.000000 150.000000 -1.000000 92.000000
2014-09-21T05:00:00Z 297.490000 1019.000000 77.000000 2.000000 150.000000 -1.000000 92.000000
2014-09-21T04:00:00Z 297.650000 1011.000000 83.000000 2.000000 0.000000 -1.000000 44.000000
2014-09-21T03:00:00Z 297.650000 1011.000000 83.000000 2.000000 0.000000 -1.000000 44.000000
2014-09-21T02:00:00Z 297.650000 1011.000000 83.000000 2.000000 0.000000 -1.000000 44.000000
2014-09-21T01:00:00Z 297.650000 1011.000000 83.000000 2.000000 0.000000 -1.000000 44.000000
2014-09-25T23:00:00Z 292.150000 1014.000000 82.000000 3.000000 170.000000 -1.000000 44.000000
2014-09-25T22:00:00Z 292.150000 1014.000000 82.000000 3.000000 170.000000 -1.000000 44.000000
2014-09-25T21:00:00Z 292.150000 1014.000000 88.000000 1.000000 70.000000 -1.000000 80.000000
2014-09-25T20:00:00Z 292.150000 1014.000000 88.000000 1.000000 70.000000 -1.000000 80.000000
2014-09-25T19:00:00Z 292.150000 1014.000000 88.000000 1.000000 70.000000 -1.000000 80.000000
2014-09-25T18:00:00Z 294.150000 1014.000000 77.000000 2.000000 110.000000 -1.000000 68.000000
2014-09-26T23:00:00Z 289.150000 1013.000000 93.000000 1.000000 0.000000 -1.000000 64.000000
2014-09-26T22:00:00Z 289.150000 1013.000000 93.000000 1.000000 0.000000 -1.000000 64.000000
2014-09-26T21:00:00Z 292.150000 1011.000000 88.000000 3.000000 340.000000 -1.000000 48.000000
2014-09-26T20:00:00Z 292.150000 1011.000000 88.000000 3.000000 340.000000 -1.000000 48.000000
2014-09-26T19:00:00Z 292.150000 1011.000000 88.000000 3.000000 340.000000 -1.000000 48.000000
2014-09-26T18:00:00Z 293.150000 1009.000000 88.000000 1.000000 0.000000 -1.000000 80.000000
2014-10-11T19:00:00Z 293.150000 1023.000000 42.000000 8.000000 320.000000 -1.000000 0.000000
2014-10-11T18:00:00Z 293.150000 1023.000000 42.000000 8.000000 320.000000 -1.000000 0.000000
2014-10-11T17:00:00Z 292.150000 1021.000000 77.000000 3.000000 280.000000 -1.000000 90.000000
2014-10-11T16:00:00Z 292.150000 1021.000000 77.000000 3.000000 280.000000 -1.000000 90.000000
2014-10-11T15:00:00Z 293.150000 1020.000000 72.000000 2.000000 50.000000 -1.000000 75.000000
2014-10-11T14:00:00Z 293.150000 1020.000000 72.000000 2.000000 50.000000 -1.000000 75.000000
2014-10-20T23:00:00Z 287.150000 1024.000000 71.000000 2.000000 160.000000 -1.000000 76.000000
2014-10-20T22:00:00Z 288.150000 1023.000000 72.000000 3.000000 160.000000 -1.000000 76.000000
2014-10-20T21:00:00Z 289.150000 1022.000000 82.000000 2.000000 150.000000 -1.000000 88.000000
2014-10-20T20:00:00Z 289.150000 1022.000000 82.000000 2.000000 150.000000 -1.000000 88.000000
