2014-01-02T16:00:00Z 110 170 112 80 3 1 41.110000 16.820000 0.370000 0.000000 -1.000000 3.720000 148.000000 115 165 141 84 5 13 138 157 196 56 3 -1 -1 136 98 82 2 1 121 161 100 82 3 10 123 179 111 96 3 9 128 220 116 108 3 1
2014-01-02T15:00:00Z 102 146 97 84 2 8 43.110000 14.610000 0.310000 0.000000 -1.000000 4.000000 30.000000 125 162 137 98 5 17 154 177 200 60 3 -1 -1 151 92 97 2 3 124 140 87 83 3 15 117 168 104 97 3 12 115 165 100 99 3 5
2014-01-02T14:00:00Z 98 148 91 93 2 8 44.840000 16.690000 0.320000 0.020000 1016.410000 3.020000 79.000000 120 156 120 98 5 21 166 200 186 62 3 -1 140 149 86 99 2 4 107 128 75 90 2 17 111 173 97 100 3 13 114 191 93 102 3 7
2014-01-02T13:00:00Z 94 146 83 99 3 8 45.170000 16.100000 0.310000 0.000000 1016.410000 2.000000 280.000000 114 158 108 103 5 19 -1 195 156 58 3 -1 110 163 84 103 3 2 101 125 69 96 3 16 99 160 87 103 3 12 103 153 79 105 3 7
2014-01-04T11:00:00Z 113 176 74 43 2 1 31.560000 19.240000 0.600000 0.050000 1024.130000 2.790000 48.000000 98 109 75 46 4 12 98 138 71 20 2 -1 106 135 67 62 2 1 125 130 67 43 2 7 129 188 92 39 3 3 135 174 72 45 2 1
2014-01-04T10:00:00Z 106 176 73 33 2 1 30.400000 23.020000 0.740000 0.000000 1024.130000 2.250000 150.000000 94 116 81 33 4 10 83 122 76 17 2 -1 92 129 69 54 2 1 118 130 67 39 2 5 103 148 81 16 2 3 118 180 70 37 2 1
2014-01-04T09:00:00Z 97 146 71 26 2 1 28.340000 21.340000 0.750000 0.000000 1024.130000 2.060000 120.000000 89 112 76 26 4 11 81 122 78 14 2 -1 84 110 64 48 2 1 90 98 64 40 2 4 77 109 58 3 2 3 98 162 67 27 2 1
2014-01-04T08:00:00Z 71 118 72 37 2 1 25.500000 17.620000 0.720000 0.300000 1025.310000 1.640000 91.000000 94 118 77 27 5 12 68 103 79 13 2 -1 72 107 62 52 2 1 78 80 64 41 2 4 64 70 48 1 1 2 79 130 67 24 2 1
2014-01-06T12:00:00Z 106 -1 52 36 1 17 32.110000 25.100000 0.750000 0.000000 -1.000000 6.620000 169.000000 125 -1 61 44 3 17 126 -1 56 21 1 -1 104 105 50 53 1 6 135 -1 58 48 2 8 132 -1 59 56 1 8 114 -1 51 55 1 4
2014-01-06T11:00:00Z 96 107 54 34 1 12 30.840000 23.980000 0.750000 0.940000 1027.870000 5.310000 153.000000 129 -1 66 40 3 13 109 -1 51 18 1 -1 99 -1 51 54 1 3 120 -1 55 48 1 6 128 -1 62 56 1 5 122 124 56 54 1 1
2014-01-06T10:00:00Z 108 120 58 38 1 4 29.890000 23.180000 0.760000 0.000000 1027.870000 6.490000 148.000000 121 -1 76 46 3 19 111 113 54 17 1 -1 110 116 55 61 1 1 108 -1 48 54 1 10 126 -1 60 60 1 4 136 150 63 58 2 1
2014-01-06T09:00:00Z 89 99 53 37 1 5 29.720000 23.080000 0.760000 0.000000 1027.870000 6.590000 139.000000 132 -1 72 35 4 8 106 110 53 16 1 -1 97 105 53 58 1 1 108 -1 50 58 1 7 124 -1 62 64 1 2 131 154 64 60 2 1
2014-01-13T16:00:00Z 81 110 104 54 1 4 34.110000 -7.010000 0.160000 0.000000 -1.000000 1.790000 92.000000 112 144 113 74 2 21 61 74 86 57 1 -1 46 53 72 48 1 11 79 99 87 53 2 17 93 128 108 68 2 16 101 -1 115 71 2 7
2014-01-13T15:00:00Z 81 110 104 54 1 4 36.940000 -7.230000 0.140000 0.000000 -1.000000 4.000000 250.000000 -1 -1 -1 -1 -1 -1 -1 -1 -1 -1 -1 -1 -1 -1 -1 -1 -1 -1 -1 -1 -1 -1 -1 -1 -1 -1 -1 -1 -1 -1 -1 -1 -1 -1 -1 -1
2014-01-13T14:00:00Z 59 76 70 49 1 19 36.190000 -5.310000 0.160000 0.000000 1030.010000 1.490000 175.000000 49 54 66 62 1 28 65 74 74 90 1 -1 66 76 69 62 1 14 78 89 76 57 1 23 3 -1 88 54 1 12 90 -1 96 64 1 10
2014-01-13T13:00:00Z 59 76 70 49 1 19 36.000000 -6.470000 0.150000 0.000000 1030.010000 1.490000 175.000000 -1 -1 -1 -1 -1 -1 -1 -1 -1 -1 -1 -1 -1 -1 -1 -1 -1 -1 -1 -1 -1 -1 -1 -1 -1 -1 -1 -1 -1 -1 -1 -1 -1 -1 -1 -1
2014-01-15T17:00:00Z 84 103 102 49 1 5 33.610000 0.180000 0.230000 0.710000 1029.180000 2.670000 153.000000 98 118 124 68 2 15 78 97 100 60 2 -1 60 74 90 53 1 3 84 105 87 53 1 16 -1 -1 118 92 2 9 -1 -1 143 100 2 3
2014-01-15T16:00:00Z 69 90 90 45 1 15 36.830000 -4.450000 0.170000 0.000000 1029.180000 3.870000 141.000000 69 77 117 54 2 19 60 -1 86 51 1 -1 49 50 77 48 1 9 63 87 71 42 1 23 73 96 82 56 1 28 76 79 102 61 1 13
2014-01-15T15:00:00Z 52 58 80 36 1 19 40.720000 -4.300000 0.140000 0.000000 1029.180000 4.000000 200.000000 59 -1 94 43 1 27 56 -1 78 50 1 -1 46 47 72 47 1 13 50 54 59 35 1 28 54 68 72 53 1 34 74 -1 97 58 1 17
2014-01-15T14:00:00Z 43 45 68 38 1 24 39.910000 0.050000 0.180000 0.670000 1029.620000 1.390000 120.000000 82 -1 123 64 2 25 60 -1 84 58 1 -1 43 -1 59 48 1 20 50 -1 59 35 1 27 41 -1 67 44 1 31 51 -1 86 48 1 15
2014-01-21T21:00:00Z 103 134 98 66 1 1 25.400000 -1.740000 0.300000 0.000000 -1.000000 1.860000 142.000000 97 115 87 54 1 19 107 148 110 68 1 1 97 141 94 66 1 1 105 127 -1 87 2 6 103 120 99 61 2 3 109 168 98 63 2 1
2014-01-21T20:00:00Z 87 108 98 51 1 1 27.240000 -1.700000 0.280000 0.000000 1029.390000 3.520000 147.000000 100 123 85 62 1 23 90 124 114 56 1 1 79 113 88 49 1 1 90 109 -1 58 1 10 90 102 98 52 1 3 97 154 106 59 1 1
2014-01-21T19:00:00Z 62 84 79 33 1 14 31.770000 -6.870000 0.180000 0.000000 1029.390000 6.830000 190.000000 84 101 65 36 1 42 65 92 110 42 1 3 54 86 72 27 1 9 67 82 -1 40 1 22 61 81 76 40 1 22 78 132 106 47 1 1
2014-01-21T18:00:00Z 51 62 61 22 0 31 34.000000 -10.920000 0.130000 0.000000 1029.390000 4.000000 240.000000 48 66 42 21 1 62 52 71 97 28 1 16 56 83 54 29 1 29 55 59 -1 29 1 47 52 59 47 28 0 54 52 66 81 33 1 14
2014-01-22T16:00:00Z 106 122 122 67 2 4 39.000000 -4.960000 0.150000 0.000000 -1.000000 4.000000 170.000000 96 107 120 69 2 21 92 102 150 63 1 6 114 126 118 69 2 1 117 118 -1 71 0 1 110 137 120 82 2 13 116 127 130 91 2 3
2014-01-22T15:00:00Z 95 106 97 59 1 14 42.890000 -6.630000 0.120000 0.000000 -1.000000 7.000000 210.000000 88 -1 102 70 2 29 96 104 140 65 1 10 112 126 106 69 2 5 119 124 -1 63 0 1 117 134 114 83 2 18 117 -1 131 82 2 6
2014-01-22T14:00:00Z 100 105 90 57 1 16 40.710000 -3.990000 0.150000 0.020000 1021.730000 1.850000 109.000000 85 -1 89 87 1 32 95 98 121 76 2 12 98 103 80 64 1 14 118 -1 -1 65 0 1 110 123 117 71 2 13 104 -1 109 83 2 9
2014-01-22T13:00:00Z 96 102 84 53 1 15 39.000000 -5.280000 0.150000 0.000000 1021.730000 1.850000 109.000000 85 -1 76 76 1 33 100 -1 102 102 2 11 96 105 70 54 1 16 113 -1 -1 63 0 1 105 116 102 66 2 13 94 -1 85 74 1 16
2014-01-29T12:00:00Z 101 123 75 106 1 10 34.400000 16.550000 0.480000 0.000000 -1.000000 -1.000000 -1.000000 89 90 54 116 2 34 120 140 85 99 2 10 109 122 62 120 1 8 105 129 -1 116 2 32 91 113 70 118 2 16 106 159 74 116 2 13
2014-01-29T11:00:00Z 88 111 72 101 1 5 31.580000 18.010000 0.570000 0.070000 1014.750000 3.290000 74.000000 80 -1 56 87 1 25 95 114 82 81 2 7 92 112 60 99 1 6 88 114 -1 105 2 25 87 116 72 105 2 9 92 149 75 112 2 8
2014-01-29T10:00:00Z 76 106 68 97 1 2 30.340000 18.120000 0.600000 0.000000 1014.750000 9.000000 200.000000 87 90 72 56 2 14 97 123 88 74 2 1 100 139 72 82 2 1 79 108 -1 100 2 20 69 129 70 98 2 6 85 114 74 109 2 4
2014-01-29T09:00:00Z 77 99 72 80 2 1 28.340000 19.300000 0.680000 0.000000 1014.750000 7.000000 190.000000 89 101 73 42 2 11 90 121 88 62 2 1 83 110 67 66 2 1 74 86 -1 87 1 15 56 81 65 87 1 3 71 95 72 89 2 1
2014-01-30T19:00:00Z 103 149 77 43 1 34 36.720000 11.560000 0.350000 0.000000 -1.000000 7.230000 150.000000 161 207 70 71 2 60 128 178 129 57 1 27 41 62 48 25 0 43 44 76 -1 31 0 58 50 98 44 44 1 59 67 126 65 49 1 37
2014-01-30T18:00:00Z 36 64 49 17 0 49 36.720000 -5.240000 0.160000 0.000000 -1.000000 4.280000 159.000000 126 163 57 54 1 78 71 136 112 40 1 35 31 52 38 18 0 54 37 56 -1 18 0 70 35 82 35 20 0 78 41 84 49 22 0 52
2014-01-30T17:00:00Z 29 50 39 14 0 57 38.390000 -1.920000 0.180000 0.430000 1017.790000 6.640000 170.000000 79 118 42 36 1 84 29 72 94 24 0 46 22 40 33 16 0 57 23 43 -1 15 0 67 22 71 30 16 0 82 27 53 38 18 0 57
2014-01-30T16:00:00Z 22 46 38 13 0 56 44.550000 -6.030000 0.110000 0.000000 1017.790000 9.220000 169.000000 52 91 36 28 1 81 14 40 98 20 0 42 15 26 30 12 0 58 16 29 -1 15 0 63 17 34 31 16 0 80 19 37 35 16 0 58
2014-01-31T15:00:00Z 103 123 38 59 1 40 36.830000 23.460000 0.580000 0.000000 -1.000000 3.780000 128.000000 81 87 44 73 1 46 94 110 73 75 1 31 95 115 36 63 1 40 113 132 -1 64 1 48 113 140 49 73 1 36 105 146 50 71 1 32
2014-01-31T14:00:00Z 76 92 33 64 1 41 36.270000 21.010000 0.530000 0.140000 1018.000000 2.100000 68.000000 80 83 39 75 1 47 82 104 67 74 1 31 83 103 29 63 1 44 89 114 -1 64 1 50 90 116 45 76 1 40 86 102 41 71 1 38
2014-01-31T13:00:00Z 69 88 36 67 1 35 36.720000 19.630000 0.500000 0.000000 1018.000000 7.000000 20.000000 66 78 33 75 1 50 80 99 64 68 1 29 55 77 31 68 0 41 69 80 -1 64 1 48 66 89 43 74 1 41 68 115 45 75 1 32
2014-01-31T12:00:00Z 66 84 37 77 1 30 36.600000 18.780000 0.480000 0.000000 1018.000000 7.000000 20.000000 69 74 32 88 1 48 73 95 58 72 1 29 58 75 30 67 0 38 62 82 -1 70 1 41 64 80 46 76 1 35 68 149 45 81 1 30
2014-02-06T01:00:00Z 112 -1 77 73 1 5 23.000000 10.590000 0.580000 0.000000 -1.000000 2.000000 70.000000 135 -1 74 59 3 7 157 164 106 82 3 1 166 172 81 71 3 1 130 -1 -1 87 2 18 112 126 71 31 2 1 143 162 93 123 2 1
2014-02-06T00:00:00Z 106 -1 70 75 1 12 25.000000 10.420000 0.530000 0.000000 -1.000000 1.990000 72.000000 138 -1 76 68 2 8 121 -1 98 68 2 1 119 -1 69 60 1 1 114 116 -1 75 1 31 106 125 75 30 1 1 120 160 84 83 2 1
2014-02-05T23:00:00Z 106 110 70 68 1 13 25.000000 10.270000 0.530000 0.000000 1029.300000 1.930000 53.000000 135 136 74 77 2 14 115 125 94 77 1 3 108 116 62 58 1 5 109 114 -1 72 1 34 99 117 72 34 1 3 116 168 84 69 2 1
2014-02-05T22:00:00Z 108 118 66 60 1 17 27.000000 10.480000 0.490000 0.000000 1029.300000 3.850000 101.000000 132 154 72 68 1 16 112 135 97 69 1 3 139 157 58 65 1 13 106 121 -1 65 1 42 86 101 64 41 1 11 116 156 77 62 1 2
2014-02-11T14:00:00Z 100 105 82 59 1 34 31.990000 1.180000 0.260000 0.020000 1026.460000 6.360000 188.000000 115 -1 107 71 2 35 96 -1 111 67 1 17 87 -1 69 56 1 22 108 -1 -1 59 1 41 -1 124 88 86 2 27 132 -1 115 83 2 14
2014-02-11T13:00:00Z 81 105 68 50 1 37 32.000000 2.630000 0.280000 0.000000 1026.460000 9.000000 250.000000 90 -1 95 75 2 34 92 -1 91 75 1 18 83 -1 57 55 1 28 63 -1 -1 53 1 42 93 -1 80 71 1 29 93 96 96 68 1 16
2014-02-11T12:00:00Z 81 105 68 50 1 37 30.110000 3.050000 0.310000 0.000000 1026.460000 9.000000 250.000000 -1 -1 -1 -1 -1 -1 -1 -1 -1 -1 -1 -1 -1 -1 -1 -1 -1 -1 -1 -1 -1 -1 -1 -1 -1 -1 -1 -1 -1 -1 -1 -1 -1 -1 -1 -1
2014-02-11T11:00:00Z 64 68 64 54 1 20 27.120000 2.680000 0.340000 0.330000 1029.480000 2.750000 132.000000 71 -1 72 79 1 30 94 100 -1 123 2 9 76 86 55 69 1 14 -1 66 -1 150 4 24 73 -1 72 69 1 115 69 120 72 66 1 12
2014-03-01T23:00:00Z 112 146 95 59 1 13 36.000000 13.460000 0.390000 0.000000 1022.500000 10.380000 111.000000 133 265 122 60 1 12 117 158 200 49 1 2 101 138 82 53 1 19 105 130 68 46 1 38 112 132 87 61 1 27 115 185 102 53 1 8
2014-03-01T22:00:00Z 98 126 89 79 1 22 45.210000 6.450000 0.200000 0.000000 1022.500000 8.670000 219.000000 -1 220 109 53 1 22 102 138 194 44 1 10 85 123 78 68 1 24 89 112 64 32 1 46 77 104 75 34 1 36 88 166 94 34 1 20
2014-03-01T21:00:00Z 74 102 81 34 0 36 44.380000 5.320000 0.200000 0.000000 1022.500000 8.840000 199.000000 -1 234 105 42 1 28 93 131 194 39 1 16 65 109 64 25 0 41 72 98 64 27 1 45 60 83 73 24 1 33 87 -1 104 40 1 13
2014-03-01T20:00:00Z 52 79 75 19 0 43 43.970000 2.860000 0.180000 0.180000 1022.020000 7.390000 208.000000 82 184 85 29 1 46 64 100 180 21 1 23 47 75 55 16 0 46 37 51 49 14 1 59 45 60 57 15 0 52 57 107 80 22 1 34
2014-03-10T18:00:00Z 110 118 96 70 1 37 44.890000 20.200000 0.370000 0.000000 -1.000000 4.090000 146.000000 -1 -1 -1 -1 -1 -1 104 137 108 84 1 25 105 129 86 73 1 30 115 125 73 76 2 53 110 120 76 78 1 53 112 161 79 86 1 54
2014-03-10T17:00:00Z 110 116 90 72 1 43 46.190000 19.980000 0.350000 0.100000 1019.660000 6.560000 153.000000 -1 -1 -1 -1 -1 -1 115 137 106 80 1 32 109 137 83 73 1 36 88 110 62 76 1 64 103 111 76 82 1 54 104 130 69 86 1 62
2014-03-10T16:00:00Z 110 121 85 70 1 52 48.000000 17.080000 0.290000 0.000000 1019.660000 9.000000 80.000000 -1 -1 -1 -1 -1 -1 107 127 96 74 1 40 110 117 77 68 1 39 87 115 60 75 1 70 87 114 73 82 1 58 111 131 74 86 1 60
2014-03-10T15:00:00Z 85 113 84 66 1 43 48.110000 16.820000 0.280000 0.000000 1019.660000 4.000000 170.000000 -1 -1 -1 -1 -1 -1 105 128 96 74 1 32 102 116 73 64 1 37 82 99 59 71 1 64 102 115 68 77 1 61 104 125 67 81 1 66
2014-03-16T16:00:00Z 113 213 48 62 1 115 62.380000 19.430000 0.190000 0.000000 -1.000000 13.000000 100.000000 108 217 62 67 1 102 104 230 67 79 1 86 110 222 49 61 1 100 117 244 42 62 1 122 113 230 39 64 1 128 127 328 40 66 1 128
2014-03-16T15:00:00Z 96 190 56 71 1 90 62.490000 18.110000 0.180000 0.000000 -1.000000 18.000000 110.000000 92 184 60 67 1 91 89 194 65 81 1 77 96 205 53 71 1 82 103 228 48 72 1 100 105 207 46 68 1 107 96 310 43 73 1 113
2014-03-16T14:00:00Z 81 166 54 65 1 80 62.050000 15.940000 0.160000 0.700000 1014.490000 7.680000 120.000000 83 166 56 62 1 86 79 160 59 71 1 73 80 182 49 60 1 74 89 178 48 72 1 89 91 187 52 78 1 86 89 257 49 81 1 92
2014-03-16T13:00:00Z 79 148 51 60 1 76 60.660000 12.130000 0.150000 0.000000 1014.490000 16.000000 70.000000 79 159 56 62 1 78 81 158 63 71 1 65 78 164 46 56 1 73 70 151 40 61 1 88 80 158 48 68 1 79 72 209 44 71 1 86
2014-03-23T07:00:00Z 103 152 114 34 1 2 43.000000 25.980000 0.510000 0.000000 -1.000000 4.000000 340.000000 108 202 88 23 2 7 111 230 118 31 2 2 111 172 110 32 1 2 133 196 102 45 2 6 91 139 77 9 1 5 108 177 110 38 2 4
2014-03-23T06:00:00Z 95 139 100 40 1 15 41.110000 25.880000 0.540000 0.000000 -1.000000 1.600000 101.000000 118 251 95 27 2 6 101 224 119 29 2 2 107 154 105 32 1 2 115 178 98 37 2 5 89 129 84 10 1 4 110 224 82 39 1 27
2014-03-23T05:00:00Z 89 141 100 34 1 8 41.020000 24.970000 0.520000 0.000000 1025.620000 1.790000 96.000000 126 -1 105 29 2 5 107 194 -1 30 1 2 105 175 106 38 1 2 113 169 98 38 1 7 86 117 83 10 1 4 97 194 90 38 1 18
2014-03-23T04:00:00Z 89 144 87 33 1 19 41.110000 21.510000 0.450000 0.000000 1025.620000 1.780000 339.000000 128 -1 114 25 2 6 96 187 120 30 1 -1 103 164 101 37 1 6 108 153 91 37 1 13 80 123 84 11 1 4 84 162 99 34 1 3
2014-03-27T21:00:00Z 109 171 111 39 2 2 54.000000 37.320000 0.530000 0.000000 -1.000000 4.000000 10.000000 157 256 100 24 1 3 117 225 122 40 2 2 116 171 86 47 1 2 115 224 97 42 2 5 94 107 84 20 2 6 91 167 97 39 2 2
2014-03-27T20:00:00Z 101 147 110 39 2 2 55.250000 38.730000 0.540000 0.130000 1009.310000 2.630000 353.000000 132 193 99 27 1 4 107 201 122 42 1 2 113 205 90 42 2 2 101 201 98 48 2 4 86 133 85 23 2 6 88 131 96 38 2 2
2014-03-27T19:00:00Z 97 124 106 38 1 2 55.110000 36.820000 0.500000 0.000000 1009.310000 7.000000 120.000000 152 219 93 26 1 5 94 169 120 43 1 2 92 160 87 43 1 2 92 167 94 44 2 4 92 140 92 31 1 6 86 103 90 36 1 2
2014-03-27T18:00:00Z 89 101 97 38 1 2 57.110000 36.510000 0.460000 0.000000 1009.310000 6.220000 354.000000 167 233 92 26 1 6 83 126 114 47 1 2 85 144 84 40 1 2 80 136 81 38 1 10 84 92 81 37 1 13 38 46 70 41 1 15
2014-03-31T02:00:00Z 112 220 90 -1 0 41 59.630000 32.820000 0.360000 0.000000 1015.380000 3.880000 134.000000 91 270 112 17 0 5 81 234 143 20 0 2 128 279 81 24 1 39 132 208 52 35 1 55 136 177 61 35 1 65 133 205 56 31 1 65
2014-03-31T01:00:00Z 72 159 110 16 0 16 62.660000 31.720000 0.310000 0.000000 1015.380000 8.670000 131.000000 90 289 110 14 1 7 62 154 140 14 0 2 91 231 98 21 0 22 98 211 63 25 1 61 106 164 58 22 1 73 90 201 76 24 1 42
2014-03-31T00:00:00Z 58 119 110 10 0 14 62.660000 29.230000 0.280000 0.000000 1015.380000 6.830000 170.000000 -1 -1 121 13 0 7 50 152 142 12 0 2 60 167 109 14 0 6 66 152 85 17 0 24 62 128 82 15 0 28 66 143 97 19 0 14
2014-03-30T23:00:00Z 48 114 113 7 0 14 63.600000 27.180000 0.250000 0.000000 1016.100000 6.830000 160.000000 -1 347 124 11 1 7 44 158 138 10 0 2 57 208 122 11 0 2 51 125 80 9 0 36 46 108 92 10 0 15 54 109 99 12 0 11
2014-04-23T06:00:00Z 110 126 44 20 0 49 59.110000 52.260000 0.780000 0.000000 -1.000000 6.940000 143.000000 127 174 77 6 1 4 106 130 58 11 0 17 106 153 40 13 0 41 100 138 52 20 1 36 106 115 48 8 0 32 105 121 38 12 0 40
2014-04-23T05:00:00Z 105 129 44 18 0 54 57.970000 50.360000 0.760000 0.000000 1010.880000 3.730000 158.000000 128 170 81 5 0 5 102 129 59 11 0 22 105 183 47 15 0 40 92 123 47 21 0 44 100 106 44 9 0 38 95 115 26 12 0 43
2014-04-23T04:00:00Z 97 126 49 16 0 57 61.000000 51.910000 0.720000 0.000000 1010.880000 6.790000 154.000000 128 178 65 5 0 20 85 130 64 11 0 26 113 -1 53 16 0 42 93 129 41 21 0 56 97 107 46 11 0 46 90 118 31 11 0 48
2014-04-23T03:00:00Z 88 128 41 16 0 73 63.000000 50.300000 0.630000 0.000000 1010.880000 6.940000 163.000000 81 160 59 7 0 25 77 132 72 13 0 26 94 -1 58 16 0 46 81 126 34 21 0 72 96 108 34 17 0 74 88 125 36 12 0 58
2014-05-01T01:00:00Z 110 147 50 15 0 108 64.230000 53.760000 0.690000 0.000000 -1.000000 6.680000 142.000000 121 217 110 8 1 30 99 167 69 16 0 59 105 194 84 15 0 68 94 188 52 19 0 83 101 156 50 11 0 89 103 166 59 12 0 84
2014-05-01T00:00:00Z 110 147 50 15 0 108 68.000000 51.970000 0.570000 0.000000 -1.000000 6.720000 152.000000 -1 -1 -1 -1 -1 -1 -1 -1 -1 -1 -1 -1 -1 -1 -1 -1 -1 -1 -1 -1 -1 -1 -1 -1 -1 -1 -1 -1 -1 -1 -1 -1 -1 -1 -1 -1
2014-04-30T23:00:00Z 96 167 53 16 0 127 68.110000 52.000000 0.560000 0.000000 1008.000000 8.690000 181.000000 105 196 80 9 0 76 88 165 79 16 0 67 88 147 75 15 0 98 76 168 41 19 0 109 92 146 34 13 0 133 88 163 60 14 0 99
2014-04-30T22:00:00Z 83 135 52 15 0 141 70.110000 49.870000 0.490000 0.000000 1008.000000 7.000000 173.000000 105 176 59 11 0 114 84 163 80 15 0 76 86 144 66 15 0 116 74 150 43 17 0 116 78 130 37 12 0 137 80 152 61 13 0 110
2014-05-15T13:00:00Z 65 244 60 11 0 79 82.000000 35.200000 0.190000 0.000000 -1.000000 4.000000 250.000000 -1 262 54 -1 0 82 64 231 77 14 0 57 73 221 53 12 0 72 52 244 44 12 0 87 -1 -1 -1 -1 -1 -1 61 240 50 13 0 89
2014-05-15T12:00:00Z 50 183 65 11 0 55 81.060000 33.380000 0.180000 0.000000 -1.000000 4.000000 40.000000 -1 -1 85 -1 0 39 61 180 91 16 0 34 54 162 60 13 0 49 37 180 49 13 0 68 -1 -1 -1 -1 -1 -1 46 160 59 14 0 64
2014-05-15T11:00:00Z 58 139 76 12 0 32 78.250000 33.530000 0.200000 0.750000 1001.040000 1.830000 145.000000 60 183 86 -1 0 23 43 146 108 17 0 12 42 124 68 10 0 30 23 136 59 11 0 46 42 116 67 -1 0 35 33 118 74 13 0 38
2014-05-15T10:00:00Z 50 137 91 9 0 10 75.000000 35.750000 0.240000 0.750000 1001.040000 4.000000 350.000000 46 96 77 -1 0 19 59 130 108 15 0 3 40 128 67 7 0 18 18 73 63 6 0 30 23 74 64 -1 0 28 31 96 76 10 0 27
2014-05-21T15:00:00Z 111 228 48 36 2 250 86.000000 58.950000 0.400000 0.000000 -1.000000 11.000000 160.000000 112 238 39 33 1 239 118 226 57 41 1 219 127 226 53 33 1 233 128 -1 59 40 1 244 118 208 31 -1 1 241 116 211 37 46 2 242
2014-05-21T14:00:00Z 107 204 61 31 1 205 86.270000 54.380000 0.340000 0.010000 1004.050000 7.990000 191.000000 110 225 60 34 1 189 109 196 80 37 1 168 125 210 67 27 1 178 116 188 63 32 1 200 114 209 41 -1 1 219 110 197 49 41 1 210
2014-05-21T13:00:00Z 100 173 76 28 1 155 84.340000 56.960000 0.390000 0.000000 1004.050000 7.990000 191.000000 108 190 72 33 1 145 105 159 86 34 1 125 106 168 64 27 1 149 111 188 78 26 1 157 67 204 -1 -1 1 154 100 185 66 36 1 154
2014-05-21T12:00:00Z 100 173 76 28 1 155 82.340000 55.140000 0.390000 0.000000 1004.050000 7.990000 191.000000 -1 -1 -1 -1 -1 -1 -1 -1 -1 -1 -1 -1 -1 -1 -1 -1 -1 -1 -1 -1 -1 -1 -1 -1 -1 -1 -1 -1 -1 -1 -1 -1 -1 -1 -1 -1
2014-05-25T03:00:00Z 107 -1 29 2 1 51 66.000000 64.040000 0.930000 0.000000 -1.000000 3.870000 159.000000 103 -1 35 2 0 34 113 -1 30 5 0 37 102 -1 42 2 1 24 117 -1 37 2 1 32 107 -1 26 -1 1 33 104 -1 24 2 1 49
2014-05-25T02:00:00Z 104 -1 39 2 1 43 65.780000 63.620000 0.930000 0.000000 1008.540000 3.510000 142.000000 101 -1 42 2 0 34 98 -1 35 -1 0 45 102 -1 55 3 1 13 107 -1 53 2 1 19 105 -1 46 -1 1 22 96 -1 34 2 1 42
2014-05-25T01:00:00Z 90 -1 34 2 1 53 66.000000 63.910000 0.930000 0.000000 1008.540000 4.000000 130.000000 95 -1 42 2 0 42 97 -1 39 4 0 37 98 -1 48 2 1 18 100 -1 50 2 1 25 92 -1 43 -1 1 28 88 -1 31 2 1 54
2014-05-25T00:00:00Z 91 -1 30 2 1 67 66.110000 63.920000 0.930000 0.000000 1008.540000 3.920000 127.000000 108 -1 45 2 0 36 100 -1 28 4 0 47 100 -1 39 2 0 38 94 -1 33 2 1 49 88 -1 28 -1 1 58 80 -1 24 2 0 71
2014-06-25T07:00:00Z 90 152 90 13 1 12 75.110000 64.110000 0.690000 0.000000 -1.000000 3.930000 115.000000 93 138 62 2 1 28 101 168 77 8 1 14 93 -1 83 8 1 14 85 -1 73 30 1 33 86 144 72 21 1 22 81 106 77 10 1 25
2014-06-25T06:00:00Z 80 99 63 17 1 40 75.110000 64.110000 0.690000 0.000000 -1.000000 7.000000 190.000000 88 131 70 2 1 18 94 164 90 7 1 5 92 -1 98 9 1 5 87 -1 71 27 1 38 80 86 66 16 1 25 71 82 65 8 1 35
2014-06-25T05:00:00Z 81 84 44 16 1 59 72.390000 63.430000 0.740000 0.000000 1002.190000 3.520000 116.000000 79 125 65 2 1 22 84 132 82 9 1 16 75 -1 115 11 1 2 84 -1 77 26 1 40 76 90 52 10 1 36 72 -1 52 6 1 44
2014-06-25T04:00:00Z 79 89 41 16 1 69 73.110000 63.950000 0.730000 0.000000 1002.190000 2.040000 85.000000 -1 -1 -1 -1 -1 -1 74 133 90 11 1 -1 -1 -1 -1 -1 -1 -1 80 -1 48 30 1 68 68 92 47 12 1 39 69 101 45 6 1 54
2014-07-01T09:00:00Z 102 170 98 19 1 49 84.230000 65.950000 0.540000 0.000000 -1.000000 7.000000 180.000000 99 192 76 2 1 58 104 215 94 13 0 37 127 -1 96 16 1 43 132 -1 97 33 1 52 131 200 90 32 1 56 116 170 74 28 1 80
2014-07-01T08:00:00Z 94 149 69 18 1 59 81.440000 65.650000 0.590000 0.120000 1006.090000 5.660000 78.000000 103 182 73 3 1 48 106 236 105 12 1 16 114 -1 111 18 1 9 124 -1 76 30 1 56 114 164 56 28 1 71 105 153 57 21 1 76
2014-07-01T07:00:00Z 92 147 54 18 1 58 81.170000 65.800000 0.600000 0.000000 1006.090000 6.870000 114.000000 92 200 74 4 1 35 78 166 98 12 0 10 96 -1 70 12 0 37 115 -1 46 30 1 71 102 178 40 20 1 55 91 149 46 11 1 60
2014-07-01T06:00:00Z 87 128 54 14 1 53 77.110000 63.880000 0.640000 0.000000 1006.090000 4.000000 100.000000 85 182 72 4 0 32 76 150 97 12 0 7 89 -1 51 12 0 49 107 -1 46 27 1 63 89 149 40 16 1 61 92 138 45 12 1 62
2014-07-02T21:00:00Z 110 -1 35 2 1 90 75.000000 69.940000 0.840000 0.000000 -1.000000 4.160000 139.000000 100 123 44 2 1 89 104 137 70 6 1 46 119 -1 40 2 0 81 119 -1 36 2 1 83 118 164 23 2 1 82 116 129 42 2 1 79
2014-07-02T20:00:00Z 95 -1 35 2 1 101 74.790000 69.460000 0.840000 0.940000 1002.190000 6.480000 117.000000 104 120 39 2 1 113 102 -1 60 7 1 74 100 -1 59 3 0 77 101 -1 23 2 0 107 109 127 14 2 0 107 105 119 33 2 1 99
2014-07-02T19:00:00Z 58 73 48 2 1 111 75.000000 71.860000 0.900000 0.000000 1002.190000 2.110000 90.000000 90 105 31 2 1 129 98 109 76 6 1 68 89 -1 55 2 0 96 100 -1 40 2 1 110 88 107 18 2 0 123 83 89 34 2 1 119
2014-07-02T18:00:00Z 58 69 60 2 1 104 76.890000 70.090000 0.800000 0.000000 1002.190000 7.000000 150.000000 70 -1 25 2 0 134 86 -1 58 6 1 90 84 -1 55 2 0 96 86 -1 51 2 1 103 87 -1 32 2 1 129 88 -1 45 2 1 128
2014-07-05T18:00:00Z 52 -1 19 2 0 158 85.770000 71.980000 0.640000 0.000000 -1.000000 9.000000 160.000000 61 89 16 2 0 180 53 64 25 15 0 150 80 -1 32 4 0 158 96 -1 23 5 0 161 85 95 13 3 0 186 46 -1 20 3 0 162
2014-07-05T17:00:00Z 59 -1 18 2 0 164 87.130000 68.420000 0.540000 0.070000 1005.040000 8.380000 164.000000 72 77 15 2 0 188 60 -1 30 15 0 144 81 -1 28 2 0 170 94 -1 20 5 0 170 86 -1 13 4 0 193 53 -1 16 3 0 170
2014-07-05T16:00:00Z 66 -1 18 2 0 169 87.660000 69.970000 0.560000 0.000000 1005.040000 4.000000 130.000000 72 72 12 2 0 187 72 -1 32 13 0 142 76 -1 22 2 0 172 86 -1 19 5 0 170 84 -1 11 3 0 192 59 -1 15 3 0 182
2014-07-05T15:00:00Z 66 -1 18 2 0 169 87.770000 69.920000 0.560000 0.000000 1005.040000 4.000000 130.000000 -1 -1 -1 -1 -1 -1 -1 -1 -1 -1 -1 -1 -1 -1 -1 -1 -1 -1 -1 -1 -1 -1 -1 -1 -1 -1 -1 -1 -1 -1 -1 -1 -1 -1 -1 -1
2014-07-26T03:00:00Z 112 165 41 8 1 89 73.230000 63.610000 0.720000 0.000000 -1.000000 1.790000 162.000000 101 220 78 4 0 25 110 194 51 12 1 73 114 -1 32 4 1 101 128 -1 33 18 1 104 122 153 33 16 1 121 125 165 41 8 1 112
2014-07-26T02:00:00Z 103 169 39 8 1 101 72.520000 63.220000 0.730000 0.000000 1006.690000 1.750000 209.000000 82 220 66 6 1 40 85 201 64 14 1 68 102 -1 36 7 1 117 111 -1 36 14 1 113 98 125 32 12 1 132 103 148 44 8 1 115
2014-07-26T01:00:00Z 83 182 38 12 1 122 75.110000 63.970000 0.680000 0.000000 1006.690000 3.380000 91.000000 72 197 88 6 1 36 66 174 60 15 0 81 94 -1 56 8 1 111 95 -1 42 14 1 114 83 133 36 12 1 133 88 157 50 8 1 116
2014-07-26T00:00:00Z 63 198 40 12 1 130 79.000000 62.830000 0.580000 0.000000 1006.690000 3.740000 153.000000 75 180 86 6 1 55 49 130 52 13 0 102 84 -1 64 10 1 108 83 -1 45 13 1 125 84 145 40 11 1 145 80 180 52 8 1 128
2014-07-28T02:00:00Z 111 180 28 8 0 101 78.030000 69.390000 0.750000 0.000000 1004.920000 5.640000 132.000000 129 198 45 5 0 71 118 194 49 13 0 81 122 -1 48 7 0 82 122 -1 29 11 0 92 119 144 24 9 0 110 109 157 37 2 1 94
2014-07-28T01:00:00Z 104 176 29 8 0 120 79.110000 67.950000 0.690000 0.000000 1004.920000 3.920000 143.000000 126 181 37 6 1 118 110 175 47 14 0 101 110 -1 41 5 0 112 116 -1 28 12 0 109 105 143 23 10 0 130 104 165 35 7 1 116
2014-07-28T00:00:00Z 98 139 28 9 0 148 81.060000 68.110000 0.650000 0.000000 1004.920000 3.780000 133.000000 121 206 42 5 1 139 109 173 45 15 0 126 106 -1 33 6 0 148 102 -1 30 13 0 123 96 152 27 11 0 144 88 162 36 8 1 134
2014-07-27T23:00:00Z 94 156 29 9 1 165 81.060000 65.920000 0.600000 0.000000 1005.400000 3.990000 145.000000 116 211 46 5 1 159 102 172 52 16 0 130 102 -1 33 6 0 159 99 -1 26 14 0 147 90 120 24 13 0 169 89 136 38 9 1 146
2014-07-29T04:00:00Z 114 140 27 6 0 91 79.000000 69.870000 0.740000 0.000000 -1.000000 3.920000 143.000000 130 179 45 2 0 55 123 161 38 13 0 -1 130 -1 30 4 0 91 126 -1 21 10 0 104 118 126 20 9 0 114 117 -1 27 3 0 113
2014-07-29T03:00:00Z 110 131 24 7 0 97 79.000000 69.870000 0.740000 0.000000 -1.000000 6.750000 141.000000 122 182 52 2 0 54 117 151 35 13 0 71 114 -1 39 4 0 80 119 -1 24 10 0 63 112 128 22 10 0 108 109 122 31 4 1 98
2014-07-29T02:00:00Z 102 131 22 8 0 100 79.690000 68.800000 0.690000 0.000000 1003.160000 7.400000 180.000000 116 190 47 2 0 65 110 155 40 -1 0 74 105 -1 42 3 0 77 108 -1 25 10 0 69 97 121 24 9 0 105 97 118 34 3 0 92
2014-07-29T01:00:00Z 96 129 22 8 0 113 81.000000 67.980000 0.650000 0.000000 1003.160000 6.980000 181.000000 112 193 64 2 1 59 106 164 42 12 0 82 100 -1 28 2 0 107 111 -1 39 7 0 77 106 136 39 6 0 82 90 114 33 3 0 107
2014-07-30T06:00:00Z 84 -1 22 2 1 86 73.340000 72.170000 0.960000 0.000000 -1.000000 3.890000 7.000000 62 -1 19 2 0 97 70 -1 15 7 0 79 116 -1 24 2 0 92 108 -1 20 2 1 94 88 -1 20 2 1 105 72 -1 26 2 0 93
2014-07-30T05:00:00Z 56 -1 21 2 0 88 72.720000 71.360000 0.960000 0.000000 1003.910000 5.710000 13.000000 60 -1 21 2 0 78 60 -1 19 7 0 71 98 -1 17 2 0 88 105 -1 26 2 0 87 57 60 20 2 0 88 44 -1 23 2 0 94
2014-07-30T04:00:00Z 56 -1 21 2 0 88 73.340000 72.170000 0.960000 0.000000 1003.910000 7.000000 120.000000 -1 -1 -1 -1 -1 -1 -1 -1 -1 -1 -1 -1 -1 -1 -1 -1 -1 -1 -1 -1 -1 -1 -1 -1 -1 -1 -1 -1 -1 -1 32 -1 16 2 0 98
2014-07-30T03:00:00Z 34 -1 10 2 0 120 73.340000 70.070000 0.900000 0.000000 1003.910000 7.000000 170.000000 46 -1 25 2 0 67 48 -1 16 6 0 83 38 -1 13 2 0 111 50 -1 17 2 0 118 40 -1 13 2 0 131 30 -1 14 2 0 128
2014-08-21T02:00:00Z 114 142 40 12 1 91 73.230000 67.370000 0.820000 0.000000 1006.980000 1.620000 111.000000 126 222 82 4 0 25 118 185 47 12 0 68 116 155 55 7 0 70 125 167 43 16 1 91 119 140 42 8 1 77 108 130 56 6 1 72
2014-08-21T01:00:00Z 107 126 30 12 1 115 77.110000 66.140000 0.690000 0.000000 1006.980000 1.980000 156.000000 116 179 50 3 1 69 111 168 51 16 0 77 110 146 65 3 0 80 116 152 48 15 1 96 106 140 44 8 1 79 108 133 54 6 1 73
2014-08-21T00:00:00Z 106 126 29 12 1 131 77.110000 66.140000 0.690000 0.000000 1006.980000 3.860000 143.000000 110 194 70 4 1 66 101 146 44 17 0 102 109 130 58 4 0 99 111 133 45 15 1 108 108 132 39 10 1 107 102 120 52 7 1 94
2014-08-20T23:00:00Z 106 126 29 12 1 131 80.770000 65.950000 0.610000 0.000000 1007.800000 3.950000 142.000000 -1 -1 -1 -1 -1 -1 -1 -1 -1 -1 -1 -1 -1 -1 -1 -1 -1 -1 -1 -1 -1 -1 -1 -1 -1 -1 -1 -1 -1 -1 -1 -1 -1 -1 -1 -1
2014-08-23T08:00:00Z 101 134 95 5 1 6 77.640000 69.260000 0.760000 0.080000 1006.350000 2.370000 20.000000 86 -1 69 2 1 21 73 116 69 10 0 4 111 159 92 3 0 2 136 192 89 7 1 23 113 154 92 2 1 5 117 188 92 2 1 9
2014-08-23T07:00:00Z 92 128 96 4 1 2 73.340000 69.920000 0.890000 0.000000 1006.350000 7.000000 190.000000 96 114 77 2 1 4 63 -1 78 9 0 2 104 123 98 4 0 2 117 171 94 6 1 12 86 107 62 2 1 2 100 158 82 2 1 3
2014-08-23T06:00:00Z 92 128 96 4 1 2 72.400000 69.910000 0.920000 0.000000 1006.350000 1.720000 15.000000 -1 -1 -1 -1 -1 -1 -1 -1 -1 -1 -1 -1 -1 -1 -1 -1 -1 -1 -1 -1 -1 -1 -1 -1 -1 -1 -1 -1 -1 -1 -1 -1 -1 -1 -1 -1
2014-08-23T05:00:00Z 92 121 102 3 1 2 71.470000 68.850000 0.910000 0.000000 1006.010000 1.610000 66.000000 106 132 71 2 1 11 91 -1 85 9 0 2 96 98 107 4 0 2 129 139 117 6 1 10 95 -1 72 2 1 2 99 -1 71 2 1 2
2014-08-30T02:00:00Z 99 -1 62 3 1 47 71.090000 66.980000 0.870000 0.000000 1015.970000 3.350000 74.000000 75 155 85 2 1 23 96 143 111 -1 0 2 115 159 131 2 1 2 119 -1 77 4 1 32 92 -1 57 2 1 34 89 105 77 2 1 34
2014-08-30T01:00:00Z 99 -1 62 3 1 47 72.060000 67.910000 0.870000 0.000000 1015.970000 3.820000 63.000000 -1 -1 -1 -1 -1 -1 -1 -1 -1 -1 -1 -1 -1 -1 -1 -1 -1 -1 -1 -1 -1 -1 -1 -1 -1 -1 -1 -1 -1 -1 -1 -1 -1 -1 -1 -1
2014-08-30T00:00:00Z 87 -1 54 4 1 72 73.000000 69.890000 0.900000 0.000000 1015.970000 3.860000 71.000000 87 146 75 3 1 47 80 120 86 8 0 30 125 164 95 2 0 36 -1 -1 71 6 1 65 99 -1 48 2 1 34 88 115 81 2 1 46
2014-08-29T23:00:00Z 95 -1 51 3 1 82 73.110000 69.890000 0.900000 0.000000 1015.800000 3.830000 71.000000 88 139 68 3 1 65 77 121 83 8 0 42 124 159 94 2 1 41 145 153 84 6 1 59 114 -1 60 3 1 46 80 96 57 2 1 84
2014-09-01T06:00:00Z 103 -1 62 3 1 5 70.110000 67.880000 0.930000 0.000000 -1.000000 1.950000 73.000000 102 -1 44 2 1 23 87 -1 59 4 1 2 99 -1 71 2 1 2 104 -1 66 4 2 11 90 -1 52 2 2 2 96 -1 62 2 2 2
2014-09-01T05:00:00Z 100 -1 61 3 1 10 69.270000 67.110000 0.930000 0.000000 1013.460000 1.790000 83.000000 103 -1 50 2 1 25 75 -1 54 4 1 4 92 -1 70 2 1 2 103 -1 66 4 1 13 90 -1 49 2 2 3 89 -1 58 2 2 4
2014-09-01T04:00:00Z 106 -1 53 3 1 20 70.000000 69.880000 1.000000 0.000000 1013.460000 1.990000 79.000000 100 -1 40 2 1 39 74 -1 42 3 1 -1 78 -1 51 2 1 20 100 -1 49 5 1 30 79 -1 45 2 2 7 81 -1 56 2 2 5
2014-09-01T03:00:00Z 106 -1 53 3 1 20 70.110000 69.900000 0.990000 0.000000 1013.460000 1.780000 79.000000 -1 -1 -1 -1 -1 -1 -1 -1 -1 -1 -1 -1 -1 -1 -1 -1 -1 -1 -1 -1 -1 -1 -1 -1 -1 -1 -1 -1 -1 -1 -1 -1 -1 -1 -1 -1
2014-09-19T22:00:00Z 92 102 105 2 1 9 64.340000 62.980000 0.950000 0.000000 -1.000000 3.550000 40.000000 118 -1 -1 2 1 -1 89 136 107 7 1 2 101 166 119 3 1 2 121 142 77 10 1 63 108 -1 81 2 1 34 124 -1 90 2 1 28
2014-09-19T21:00:00Z 85 94 71 2 1 54 64.340000 62.980000 0.950000 0.000000 -1.000000 7.000000 190.000000 115 158 -1 2 1 -1 80 165 102 7 1 23 88 -1 89 5 1 41 94 123 78 10 1 64 87 -1 60 2 1 43 87 128 67 2 1 37
2014-09-19T20:00:00Z 63 99 53 6 1 98 65.730000 61.700000 0.870000 0.910000 1010.630000 2.480000 170.000000 96 189 -1 4 1 -1 61 127 77 12 0 61 78 155 66 7 0 89 61 116 60 7 1 89 72 -1 50 8 0 98 64 181 47 4 1 94
2014-09-19T19:00:00Z 54 68 34 8 0 128 66.340000 62.750000 0.880000 0.000000 1010.630000 4.000000 190.000000 81 119 -1 9 0 -1 56 64 65 14 0 81 59 83 51 7 0 109 61 82 40 10 0 120 68 -1 39 10 0 130 58 -1 44 6 0 114
2014-09-22T09:00:00Z 89 105 70 18 2 20 68.400000 63.170000 0.830000 0.000000 -1.000000 9.000000 130.000000 85 94 67 7 2 -1 86 104 70 19 2 2 102 138 84 9 3 4 95 135 83 29 3 11 94 -1 75 24 3 16 101 145 82 9 3 9
2014-09-22T08:00:00Z 89 105 70 18 2 20 67.270000 62.560000 0.850000 0.920000 1019.400000 1.860000 70.000000 -1 -1 -1 -1 -1 -1 -1 -1 -1 -1 -1 -1 -1 -1 -1 -1 -1 -1 -1 -1 -1 -1 -1 -1 -1 -1 -1 -1 -1 -1 -1 -1 -1 -1 -1 -1
2014-09-22T07:00:00Z 74 105 54 11 1 20 68.000000 61.060000 0.790000 0.000000 1019.400000 1.970000 88.000000 70 -1 -1 6 1 -1 68 -1 51 14 1 10 87 92 62 6 2 11 78 80 60 20 2 19 83 -1 61 20 2 20 79 -1 63 6 2 18
2014-09-22T06:00:00Z 75 105 48 9 1 27 68.000000 61.000000 0.780000 0.000000 1019.400000 2.000000 60.000000 76 87 -1 6 1 -1 80 -1 54 15 0 9 74 -1 47 5 1 24 72 -1 48 14 1 27 73 -1 43 13 1 35 71 -1 50 4 1 26
2014-09-25T08:00:00Z 92 110 66 2 1 2 62.020000 59.130000 0.900000 0.010000 1018.750000 1.550000 71.000000 67 108 56 2 1 -1 83 146 62 8 1 2 88 140 68 6 1 2 84 120 69 3 1 4 92 122 45 2 1 2 99 126 68 2 1 3
2014-09-25T07:00:00Z 92 110 66 2 1 2 62.890000 60.830000 0.930000 0.000000 1018.750000 1.890000 60.000000 -1 -1 -1 -1 -1 -1 -1 -1 -1 -1 -1 -1 -1 -1 -1 -1 -1 -1 -1 -1 -1 -1 -1 -1 -1 -1 -1 -1 -1 -1 -1 -1 -1 -1 -1 -1
2014-09-25T06:00:00Z 73 76 63 2 1 2 60.890000 60.770000 1.000000 0.000000 1018.750000 0.000000 60.000000 73 91 53 2 1 -1 44 55 54 7 0 2 68 96 70 7 1 2 76 107 57 4 1 2 62 -1 16 2 1 2 83 88 42 2 1 2
2014-09-25T05:00:00Z 89 76 53 2 1 2 55.920000 55.600000 0.990000 0.000000 1017.010000 1.680000 56.000000 69 79 53 2 1 -1 60 60 53 7 1 2 75 -1 68 7 1 2 77 78 55 4 1 2 65 -1 18 2 1 2 80 -1 46 2 1 2
2014-09-26T07:00:00Z 107 -1 64 12 1 11 61.650000 58.820000 0.900000 0.080000 1012.310000 3.740000 136.000000 101 117 64 5 1 -1 102 107 70 11 1 2 101 -1 74 8 1 2 106 -1 72 13 1 8 107 -1 51 9 1 2 111 -1 68 3 1 6
2014-09-26T06:00:00Z 108 -1 60 9 1 12 59.740000 57.850000 0.930000 0.080000 1012.290000 4.350000 132.000000 97 -1 65 4 1 -1 95 -1 67 10 1 2 104 -1 56 6 1 13 95 -1 60 16 1 18 102 -1 37 10 1 18 105 -1 66 3 1 6
2014-09-26T05:00:00Z 95 -1 57 7 1 17 58.730000 57.030000 0.940000 0.080000 1012.230000 3.510000 134.000000 92 -1 52 4 0 -1 86 -1 47 12 1 18 105 -1 46 7 1 21 97 -1 45 16 1 30 103 -1 33 11 1 24 109 -1 53 4 1 20
2014-09-26T04:00:00Z 86 -1 60 7 1 20 58.920000 57.060000 0.940000 0.110000 1012.690000 2.760000 148.000000 88 96 58 4 0 -1 82 -1 45 14 1 29 95 -1 41 8 0 26 92 -1 42 18 1 35 99 -1 32 13 1 28 102 -1 52 3 1 28
2014-10-07T12:00:00Z 102 118 70 17 1 33 65.160000 45.200000 0.480000 0.000000 1019.560000 3.030000 149.000000 77 117 72 10 0 42 91 131 103 19 -1 29 97 136 74 16 1 23 87 149 77 18 1 29 101 141 104 19 1 22 78 132 86 16 1 33
2014-10-07T11:00:00Z 70 90 67 16 1 10 61.920000 44.410000 0.530000 0.000000 1020.220000 1.960000 141.000000 70 122 66 8 0 18 80 124 113 14 0 2 66 98 53 11 0 20 53 104 63 11 1 16 72 106 87 16 1 9 57 77 62 9 1 24
2014-10-07T10:00:00Z 70 90 67 16 1 10 58.520000 43.460000 0.570000 0.000000 1020.760000 1.200000 116.000000 70 122 66 8 0 18 80 124 113 14 0 2 66 98 53 11 0 20 53 104 63 11 1 16 72 106 87 16 1 9 57 77 62 9 1 24
2014-10-07T09:00:00Z 70 90 67 16 1 10 55.170000 42.390000 0.620000 0.000000 1021.210000 1.030000 72.000000 -1 -1 -1 -1 -1 -1 -1 -1 -1 -1 -1 -1 -1 -1 -1 -1 -1 -1 -1 -1 -1 -1 -1 -1 -1 -1 -1 -1 -1 -1 -1 -1 -1 -1 -1 -1
