2013-12-26T04:00:00Z 4 6 -1 5 0 60 23.000000 -8.350000 0.240000 -1.000000 -1.000000 18.000000 330.000000 3 16 14 4 0 54 4 6 -1 5 0 60 4 9 5 5 0 54 6 53 16 6 0 51
2013-12-26T03:00:00Z 5 6 6 5 0 71 24.930000 -8.110000 0.220000 -1.000000 -1.000000 21.860000 330.000000 7 28 12 7 0 58 5 6 6 5 0 71 9 20 11 6 0 47 7 20 16 4 0 50
2013-12-26T02:00:00Z 6 6 6 5 0 70 23.920000 -5.640000 0.260000 -1.000000 1033.230000 21.110000 328.000000 7 24 10 3 0 58 6 6 6 5 0 70 6 22 8 6 0 48 8 20 20 7 0 45
2013-12-26T01:00:00Z 7 6 7 6 0 67 24.930000 -8.110000 0.220000 -1.000000 1033.230000 24.750000 330.000000 12 31 17 5 0 49 7 -1 7 6 0 67 9 30 8 5 0 48 8 18 18 8 0 46
2013-12-26T00:00:00Z 5 6 9 6 0 64 26.930000 -7.420000 0.210000 -1.000000 1033.230000 25.000000 330.000000 9 33 20 8 0 46 5 6 9 6 0 64 10 42 9 4 0 48 10 32 18 6 0 44
2013-12-25T23:00:00Z 8 29 8 7 0 64 26.930000 -8.720000 0.200000 -1.000000 1032.400000 24.990000 320.000000 8 64 12 6 -1 52 8 29 8 7 0 64 9 64 7 1 0 48 9 51 18 4 0 43
2014-01-02T23:00:00Z 160 213 139 79 7 16 33.930000 18.120000 0.520000 0.000000 1018.100000 10.670000 350.000000 133 201 91 79 3 10 160 213 139 79 7 16 171 265 128 105 5 1 197 299 134 140 5 1
2014-01-02T22:00:00Z 156 214 151 88 7 16 32.070000 19.070000 0.580000 0.000000 1018.100000 2.050000 358.000000 126 161 94 84 3 8 156 214 151 88 7 16 171 280 133 93 5 1 180 265 127 146 4 1
2014-01-02T21:00:00Z 163 224 144 86 7 16 32.070000 18.360000 0.560000 0.000000 1018.100000 1.930000 38.000000 118 151 90 79 2 8 163 224 144 86 7 16 192 322 135 109 5 1 181 253 127 123 4 1
2014-01-02T20:00:00Z 157 227 149 99 6 15 31.900000 17.850000 0.560000 0.010000 1017.200000 1.990000 296.000000 124 156 90 83 2 10 157 227 149 99 6 15 167 297 130 106 4 1 159 239 126 86 4 1
2014-01-02T19:00:00Z 146 204 150 94 5 14 35.930000 19.440000 0.510000 0.000000 1017.200000 7.000000 340.000000 142 177 98 89 3 12 146 204 150 94 5 14 161 282 130 110 4 1 146 226 120 83 3 1
2014-01-02T18:00:00Z 138 205 152 91 5 13 36.960000 18.460000 0.470000 0.000000 1017.200000 7.000000 330.000000 131 182 106 87 2 12 138 205 152 91 5 13 143 257 128 107 3 1 131 216 120 88 3 1
2014-01-05T05:00:00Z 144 152 100 24 6 11 18.990000 13.610000 0.790000 0.000000 1023.040000 7.650000 357.000000 63 -1 59 49 8 9 144 152 100 24 6 11 142 170 89 41 3 1 170 233 92 41 3 1
2014-01-05T04:00:00Z 155 165 104 21 4 11 21.000000 16.170000 0.810000 0.000000 1023.040000 4.090000 349.000000 110 -1 -1 52 -1 4 155 165 104 21 4 11 151 177 -1 47 2 1 146 180 88 47 3 1
2014-01-05T03:00:00Z 178 202 108 18 6 8 19.140000 12.440000 0.750000 0.000000 1023.040000 6.990000 359.000000 151 164 80 46 -1 11 178 202 108 18 6 8 147 173 93 58 2 1 153 193 93 56 2 1
2014-01-05T02:00:00Z 166 187 99 19 6 9 21.070000 15.740000 0.790000 0.000000 1022.280000 8.600000 358.000000 155 -1 78 44 5 9 166 187 99 19 6 9 154 196 94 51 3 1 145 188 94 63 2 1
2014-01-05T01:00:00Z 169 175 100 25 6 11 24.930000 18.040000 0.750000 0.000000 1022.280000 9.000000 350.000000 226 230 80 36 9 16 169 175 100 25 6 11 150 192 91 53 2 1 142 177 91 51 2 1
2014-01-05T00:00:00Z 180 213 111 30 7 12 21.140000 14.290000 0.740000 0.000000 1022.280000 7.030000 359.000000 142 144 73 31 6 10 180 213 111 30 7 12 153 214 90 57 3 1 147 176 90 66 2 1
2014-01-14T02:00:00Z 122 146 102 93 4 10 14.020000 -4.170000 0.430000 0.000000 1033.690000 7.830000 351.000000 66 74 63 51 1 12 122 146 102 93 4 10 154 -1 110 103 2 1 118 149 90 104 3 1
2014-01-14T01:00:00Z 116 122 98 69 4 13 18.110000 -1.150000 0.420000 0.000000 1033.690000 6.750000 0.000000 68 90 70 50 1 7 116 122 98 69 4 13 -1 167 119 107 3 1 125 161 97 126 3 1
2014-01-14T00:00:00Z 126 133 107 74 3 14 19.070000 17.140000 0.920000 0.000000 1033.690000 3.900000 1.000000 59 -1 66 42 1 8 126 133 107 74 3 14 -1 227 136 100 4 1 144 182 108 140 3 1
2014-01-13T23:00:00Z 164 186 115 83 5 17 19.070000 2.050000 0.470000 0.000000 1032.600000 1.930000 20.000000 120 135 87 83 3 10 164 186 115 83 5 17 -1 263 141 114 4 1 141 180 115 123 3 1
2014-01-13T22:00:00Z 162 195 117 74 4 16 18.250000 14.240000 0.840000 0.000000 1032.600000 3.720000 50.000000 77 89 80 76 1 5 162 195 117 74 4 16 -1 237 131 86 4 1 153 189 126 101 3 1
2014-01-13T21:00:00Z 170 215 116 66 3 17 23.250000 2.060000 0.390000 0.000000 1032.600000 2.030000 147.000000 83 101 82 84 1 6 170 215 116 66 3 17 -1 241 129 84 3 1 149 192 120 100 3 1
2014-01-24T15:00:00Z 134 146 110 69 3 18 49.680000 -6.800000 0.090000 0.000000 -1.000000 8.820000 20.000000 23 32 28 37 0 46 134 146 110 69 3 18 58 -1 72 26 1 14 76 92 61 38 1 18
2014-01-24T14:00:00Z 170 182 125 96 4 18 48.510000 -1.240000 0.120000 0.960000 1017.160000 8.330000 13.000000 59 -1 35 35 0 38 170 182 125 96 4 18 79 -1 83 40 1 7 91 -1 71 55 1 11
2014-01-24T13:00:00Z 184 182 129 118 4 16 47.680000 25.730000 0.420000 0.000000 1017.160000 9.070000 0.000000 231 -1 106 130 3 6 184 -1 129 118 4 16 75 81 94 56 2 4 152 166 97 91 2 1
2014-01-24T12:00:00Z 197 182 129 137 4 16 42.780000 5.520000 0.210000 0.000000 1017.160000 10.990000 350.000000 292 297 126 142 5 5 197 -1 129 137 4 16 -1 6 105 72 2 5 162 174 94 94 2 1
2014-01-24T11:00:00Z 225 229 136 153 4 16 40.410000 4.470000 0.220000 0.100000 1018.910000 6.400000 354.000000 290 300 130 154 5 5 225 229 136 153 4 16 -1 149 104 86 2 1 188 198 93 106 3 1
2014-01-24T10:00:00Z 227 239 136 131 6 18 36.890000 6.080000 0.270000 0.000000 1018.910000 2.000000 320.000000 301 310 129 171 6 4 227 239 136 131 6 18 194 201 117 105 3 1 180 188 94 100 3 1
2014-01-30T01:00:00Z 188 -1 100 77 4 13 25.110000 14.290000 0.630000 0.000000 -1.000000 4.000000 310.000000 182 205 73 80 4 10 188 -1 100 77 4 13 187 224 103 118 2 1 187 198 92 122 3 1
2014-01-30T00:00:00Z 189 189 105 85 4 12 27.110000 14.360000 0.580000 0.000000 -1.000000 4.000000 320.000000 166 204 74 82 3 9 189 189 105 85 4 12 193 230 104 130 2 1 207 220 97 138 3 1
2014-01-29T23:00:00Z 199 203 111 88 4 12 28.070000 16.380000 0.610000 0.000000 1014.100000 3.810000 88.000000 162 196 74 89 3 8 199 203 111 88 4 12 188 231 112 111 2 1 208 224 96 142 3 1
2014-01-29T22:00:00Z 181 192 117 86 3 12 28.070000 16.380000 0.610000 0.000000 1014.100000 2.150000 357.000000 147 176 75 98 2 8 181 192 117 86 3 12 192 240 122 119 3 1 216 231 105 141 3 1
2014-01-29T21:00:00Z 174 179 110 77 3 13 27.040000 16.470000 0.640000 0.000000 1014.100000 6.890000 0.000000 150 184 76 93 2 10 174 179 110 77 3 13 195 246 120 88 3 1 189 207 101 84 2 1
2014-01-29T20:00:00Z 156 164 111 83 3 12 28.160000 16.320000 0.610000 0.000000 1012.880000 4.140000 347.000000 163 204 77 91 2 11 156 164 111 83 3 12 192 253 124 81 3 1 189 207 100 78 2 1
2014-01-31T07:00:00Z 136 161 65 52 2 10 25.000000 18.020000 0.740000 0.000000 -1.000000 4.090000 1.000000 122 171 42 63 1 18 136 161 65 52 2 10 95 127 63 84 1 7 93 118 58 72 1 3
2014-01-31T06:00:00Z 176 200 68 52 2 7 25.000000 16.150000 0.690000 0.000000 -1.000000 4.110000 20.000000 124 169 47 61 1 14 176 200 68 52 2 7 134 167 66 86 2 4 117 140 58 76 1 3
2014-01-31T05:00:00Z 241 273 64 49 2 7 24.270000 17.450000 0.750000 0.000000 1020.080000 2.120000 0.000000 148 198 53 56 1 9 241 273 64 49 2 7 126 165 62 73 2 6 121 148 54 80 1 6
2014-01-31T04:00:00Z 265 324 64 48 1 8 26.780000 16.280000 0.640000 0.000000 1020.080000 9.000000 350.000000 150 205 45 49 1 12 265 324 -1 48 1 8 156 208 57 67 1 8 151 181 54 75 1 5
2014-01-31T03:00:00Z 336 391 59 58 1 9 27.890000 18.360000 0.670000 0.000000 1020.080000 7.000000 40.000000 123 173 38 42 1 19 336 391 59 58 1 9 245 338 58 68 1 4 226 275 50 61 1 2
2014-01-31T02:00:00Z 461 559 64 77 1 8 27.750000 18.690000 0.680000 0.000000 1020.970000 6.410000 119.000000 133 190 33 42 0 24 461 559 64 77 1 8 357 516 58 95 1 3 289 359 49 68 1 1
2014-02-02T09:00:00Z 147 -1 69 40 2 15 42.750000 20.090000 0.400000 0.000000 -1.000000 17.460000 10.000000 47 155 18 41 0 60 147 -1 69 40 2 15 135 -1 64 44 2 1 120 -1 54 35 2 6
2014-02-02T08:00:00Z 149 151 64 19 3 6 36.490000 27.710000 0.700000 0.100000 1013.560000 10.130000 3.000000 133 153 48 43 2 22 149 151 64 19 3 6 151 177 67 31 3 1 136 138 58 28 2 1
2014-02-02T07:00:00Z 149 151 64 19 3 6 30.140000 27.070000 0.880000 0.000000 1013.560000 7.010000 8.000000 -1 -1 -1 -1 -1 -1 -1 -1 -1 -1 -1 -1 -1 -1 -1 -1 -1 -1 -1 -1 -1 -1 -1 -1
2014-02-02T06:00:00Z 166 167 55 25 3 8 32.140000 27.310000 0.820000 0.000000 1013.560000 8.770000 8.000000 136 155 60 32 2 4 166 167 55 25 3 8 163 198 60 31 2 1 151 153 54 24 2 1
2014-02-02T05:00:00Z 166 167 55 27 3 7 33.510000 27.550000 0.780000 0.000000 1011.570000 3.200000 2.000000 137 147 57 34 2 4 166 -1 55 27 3 7 163 190 56 29 2 1 151 -1 50 25 2 1
2014-02-02T04:00:00Z 154 158 55 25 3 7 36.000000 28.110000 0.730000 0.000000 1011.570000 3.950000 182.000000 123 132 -1 26 2 4 154 158 55 25 3 7 162 182 54 27 2 1 146 -1 -1 17 1 1
2014-02-17T05:00:00Z 119 -1 99 75 2 10 26.860000 12.850000 0.550000 0.000000 1033.600000 3.790000 24.000000 135 -1 -1 66 2 9 119 -1 99 75 2 10 -1 -1 -1 -1 -1 -1 41 -1 -1 23 1 16
2014-02-17T04:00:00Z 155 -1 102 82 3 10 27.040000 15.970000 0.630000 0.000000 1033.600000 3.930000 12.000000 191 -1 90 79 2 -1 155 -1 102 82 3 10 -1 -1 -1 -1 -1 -1 74 -1 39 23 1 -1
2014-02-17T03:00:00Z 168 -1 108 88 3 11 30.000000 15.760000 0.550000 0.000000 1033.600000 3.770000 158.000000 218 -1 93 85 -1 4 168 -1 108 88 3 11 -1 -1 -1 -1 -1 -1 81 -1 32 25 -1 15
2014-02-17T02:00:00Z 188 -1 102 87 2 13 29.620000 17.580000 0.600000 0.000000 1033.950000 1.370000 133.000000 253 -1 101 -1 3 6 188 -1 102 87 2 13 -1 -1 -1 -1 -1 -1 123 -1 60 -1 1 15
2014-02-17T01:00:00Z 247 -1 111 97 3 13 31.860000 18.120000 0.560000 0.000000 1033.950000 4.050000 88.000000 248 -1 102 115 3 6 247 -1 111 97 3 13 -1 -1 -1 -1 -1 -1 141 -1 78 71 1 7
2014-02-17T00:00:00Z 276 -1 110 102 4 16 31.930000 18.880000 0.580000 0.000000 1033.950000 3.880000 128.000000 247 -1 95 106 3 8 276 -1 110 102 4 16 -1 -1 -1 -1 -1 -1 201 -1 99 81 2 1
2014-03-04T04:00:00Z 187 -1 -1 88 2 8 30.220000 21.490000 0.700000 0.000000 -1.000000 4.080000 8.000000 44 -1 21 20 0 6 187 -1 -1 88 2 8 184 -1 95 92 2 -1 196 -1 86 68 2 2
2014-03-04T03:00:00Z 254 264 111 71 4 8 32.140000 19.350000 0.590000 0.000000 -1.000000 7.070000 0.000000 77 -1 33 38 1 5 254 264 111 71 4 8 243 320 99 103 -1 4 261 305 86 76 3 2
2014-03-04T02:00:00Z 241 267 107 74 4 8 32.150000 18.970000 0.580000 0.000000 1024.180000 7.060000 341.000000 245 264 80 86 4 3 241 267 107 74 4 8 256 362 102 -1 4 4 265 309 88 97 4 2
2014-03-04T01:00:00Z 236 273 103 80 3 7 36.040000 18.650000 0.490000 0.000000 1024.180000 7.070000 0.000000 250 287 83 87 3 3 236 273 103 80 3 7 251 365 104 120 4 5 274 329 109 134 4 2
2014-03-04T00:00:00Z 241 295 106 79 4 8 37.000000 16.730000 0.430000 0.000000 1024.180000 8.790000 341.000000 269 296 97 106 4 2 241 295 106 79 4 8 224 319 97 108 3 4 262 324 104 133 4 2
2014-03-03T23:00:00Z 249 281 110 82 4 9 36.040000 16.850000 0.450000 0.000000 1022.300000 7.000000 0.000000 280 313 102 115 4 4 249 281 110 82 4 9 220 296 101 111 4 4 247 301 101 128 4 2
2014-03-09T21:00:00Z 132 197 116 36 1 24 36.890000 19.520000 0.490000 -1.000000 -1.000000 10.990000 130.000000 150 225 101 62 2 10 132 197 116 36 1 24 82 132 56 35 1 57 77 123 71 33 1 28
2014-03-09T20:00:00Z 152 186 123 42 1 44 40.330000 11.580000 0.300000 -1.000000 1026.520000 8.600000 149.000000 143 180 89 56 2 33 152 186 123 42 1 44 116 164 82 41 1 49 103 152 97 44 1 15
2014-03-09T19:00:00Z 152 186 123 42 1 44 42.680000 9.880000 0.260000 0.000000 1026.520000 9.140000 149.000000 -1 -1 -1 -1 -1 -1 -1 -1 -1 -1 -1 -1 -1 -1 -1 -1 -1 -1 -1 -1 -1 -1 -1 -1
2014-03-09T18:00:00Z 152 186 123 42 1 44 42.680000 10.710000 0.270000 0.000000 1026.520000 4.300000 132.000000 -1 -1 -1 -1 -1 -1 -1 -1 -1 -1 -1 -1 -1 -1 -1 -1 -1 -1 -1 -1 -1 -1 -1 -1
2014-03-09T17:00:00Z 152 186 123 42 1 44 45.770000 10.510000 0.230000 0.000000 1024.660000 6.660000 158.000000 -1 -1 -1 -1 -1 -1 -1 -1 -1 -1 -1 -1 -1 -1 -1 -1 -1 -1 -1 -1 -1 -1 -1 -1
2014-03-09T16:00:00Z 128 186 56 46 1 103 47.750000 9.750000 0.210000 0.000000 1024.660000 16.000000 150.000000 146 165 83 63 2 55 128 -1 56 46 1 103 97 111 42 52 1 115 102 112 53 46 1 81
2014-03-11T20:00:00Z 152 -1 75 52 1 56 50.860000 12.810000 0.210000 0.730000 1019.900000 16.610000 29.000000 13 31 97 30 2 2 152 -1 75 52 1 56 87 115 65 27 1 51 74 84 63 22 0 30
2014-03-11T19:00:00Z 184 -1 97 64 2 59 53.860000 10.370000 0.170000 0.000000 1019.900000 15.670000 40.000000 124 150 114 41 2 2 184 -1 97 64 2 59 158 176 104 60 1 52 164 185 100 60 1 38
2014-03-11T18:00:00Z 187 222 93 71 2 72 54.820000 11.340000 0.170000 0.000000 1019.900000 12.670000 40.000000 262 299 116 44 2 2 187 222 93 71 2 72 98 142 80 64 1 87 131 157 81 62 1 63
2014-03-11T17:00:00Z 187 222 93 71 2 72 54.460000 21.440000 0.270000 0.080000 1015.520000 6.670000 64.000000 -1 -1 -1 -1 -1 -1 -1 -1 -1 -1 -1 -1 -1 -1 -1 -1 -1 -1 -1 -1 -1 -1 -1 -1
2014-03-11T16:00:00Z 192 222 75 88 2 92 55.140000 21.010000 0.260000 0.000000 1015.520000 6.670000 64.000000 194 234 108 53 2 2 192 -1 75 88 2 92 -1 484 74 93 1 108 163 190 61 76 1 97
2014-03-11T15:00:00Z 193 220 92 110 2 72 55.220000 23.500000 0.290000 0.000000 1015.520000 2.000000 330.000000 230 247 102 67 2 2 193 220 92 110 2 72 210 -1 77 104 2 106 171 201 63 90 1 96
2014-03-17T14:00:00Z 29 276 14 11 0 82 68.800000 15.140000 0.130000 0.730000 1011.110000 19.230000 286.000000 26 342 17 5 0 76 29 276 14 11 0 82 20 247 14 8 0 80 43 336 10 7 0 77
2014-03-17T13:00:00Z 29 276 14 11 0 82 67.860000 12.450000 0.120000 0.000000 1011.110000 17.680000 290.000000 -1 -1 -1 -1 -1 -1 -1 -1 -1 -1 -1 -1 -1 -1 -1 -1 -1 -1 -1 -1 -1 -1 -1 -1
2014-03-17T12:00:00Z 35 356 16 13 0 76 65.820000 12.870000 0.130000 0.000000 1011.110000 17.730000 270.000000 18 324 4 5 0 60 35 356 16 13 0 76 37 317 16 12 0 73 36 287 17 9 0 65
2014-03-17T11:00:00Z 61 533 20 16 0 71 60.150000 14.800000 0.170000 0.060000 1011.990000 10.720000 290.000000 -1 378 21 9 0 66 61 533 20 16 0 71 67 571 21 15 0 64 75 477 38 14 0 48
2014-03-17T10:00:00Z 144 1000 30 26 0 58 58.820000 22.160000 0.240000 0.000000 1011.990000 6.770000 309.000000 47 393 80 57 2 20 144 1000 30 26 0 58 156 1000 65 32 1 26 163 518 88 46 1 9
2014-03-17T09:00:00Z 199 803 75 59 1 20 51.930000 23.770000 0.330000 0.000000 1011.990000 4.000000 260.000000 48 264 78 65 2 10 199 803 75 59 1 20 166 747 102 69 2 6 154 256 101 67 2 2
2014-03-28T11:00:00Z 140 -1 53 24 1 38 63.400000 46.190000 0.530000 0.070000 1007.840000 7.670000 6.000000 96 -1 26 30 0 49 140 -1 53 24 1 38 -1 85 35 35 1 53 113 129 45 24 1 49
2014-03-28T10:00:00Z 160 -1 73 12 1 14 60.930000 47.820000 0.620000 0.000000 1007.840000 8.730000 10.000000 118 132 53 9 1 8 160 -1 73 12 1 14 153 178 58 27 1 46 167 -1 62 -1 1 25
2014-03-28T09:00:00Z 167 182 81 9 2 5 59.000000 46.070000 0.620000 0.000000 1007.840000 12.810000 9.000000 110 140 63 10 2 2 167 182 81 9 2 5 139 201 67 23 1 5 117 140 70 15 1 5
2014-03-28T08:00:00Z 127 141 80 9 2 4 56.410000 48.150000 0.740000 0.100000 1008.600000 6.110000 19.000000 108 131 62 9 1 3 127 141 80 9 2 4 152 264 68 22 1 3 111 124 70 14 1 2
2014-03-28T07:00:00Z 129 145 68 10 2 10 54.180000 47.930000 0.790000 0.000000 1008.600000 9.140000 339.000000 104 120 56 10 1 3 129 145 68 10 2 10 167 329 83 25 2 2 121 146 73 17 1 2
2014-03-28T06:00:00Z 131 171 47 16 1 30 53.930000 45.990000 0.740000 0.000000 1008.600000 6.640000 11.000000 104 114 59 10 1 4 131 171 47 16 1 30 166 418 84 32 2 2 158 188 82 24 1 2
2014-03-29T02:00:00Z 117 -1 54 18 1 28 48.050000 42.950000 0.820000 0.000000 1011.210000 3.780000 345.000000 14 20 6 5 0 71 117 -1 54 18 1 28 90 -1 44 24 1 29 53 -1 70 19 0 7
2014-03-29T01:00:00Z 168 180 98 14 2 6 50.070000 43.430000 0.780000 0.000000 1011.210000 6.670000 332.000000 12 22 11 6 0 65 168 180 98 14 2 6 167 182 103 11 2 2 120 -1 95 26 1 2
2014-03-29T00:00:00Z 184 180 121 15 2 5 54.000000 46.140000 0.750000 0.000000 1011.210000 2.000000 140.000000 3 9 14 6 0 66 184 -1 121 15 2 5 174 190 110 16 2 2 204 249 120 23 3 2
2014-03-28T23:00:00Z 168 221 121 17 2 5 53.930000 45.480000 0.730000 0.000000 1011.500000 1.930000 136.000000 63 -1 26 20 0 58 168 221 121 17 2 5 164 203 114 20 3 2 193 251 113 25 2 2
2014-03-28T22:00:00Z 166 209 114 18 2 10 54.890000 46.400000 0.730000 0.000000 1011.500000 3.770000 158.000000 158 168 69 31 2 33 166 209 114 18 2 10 178 189 111 23 3 3 177 199 105 30 2 11
2014-03-28T21:00:00Z 168 216 98 18 2 30 56.820000 45.200000 0.650000 0.000000 1011.500000 2.000000 140.000000 165 203 72 30 2 42 168 216 98 18 2 30 162 186 101 29 2 19 166 193 106 34 2 18
2014-04-18T19:00:00Z 153 -1 85 9 1 64 58.860000 40.770000 0.510000 0.000000 -1.000000 7.140000 159.000000 200 -1 53 9 1 120 153 -1 85 9 1 64 121 135 74 27 1 68 141 162 90 21 1 52
2014-04-18T18:00:00Z 161 187 54 9 1 141 62.710000 45.670000 0.540000 0.000000 -1.000000 10.990000 150.000000 124 147 43 9 1 140 161 187 54 9 1 141 161 -1 44 15 1 118 165 180 68 13 1 107
2014-04-18T17:00:00Z 161 187 54 9 1 141 65.370000 50.330000 0.580000 0.070000 1018.330000 8.940000 158.000000 -1 -1 -1 -1 -1 -1 -1 -1 -1 -1 -1 -1 -1 -1 -1 -1 -1 -1 -1 -1 -1 -1 -1 -1
2014-04-18T16:00:00Z 161 187 54 9 1 141 67.680000 51.530000 0.560000 0.000000 1018.330000 13.000000 170.000000 -1 -1 -1 -1 -1 -1 -1 -1 -1 -1 -1 -1 -1 -1 -1 -1 -1 -1 -1 -1 -1 -1 -1 -1
2014-04-18T15:00:00Z 230 187 98 14 1 101 67.750000 51.600000 0.560000 0.000000 1018.330000 7.220000 140.000000 220 -1 33 12 1 144 230 -1 98 14 1 101 162 -1 27 18 1 159 111 122 42 14 1 132
2014-04-18T14:00:00Z 172 187 53 26 1 103 67.410000 48.490000 0.510000 0.050000 1018.770000 8.740000 158.000000 178 -1 39 17 1 99 172 -1 53 26 1 103 182 -1 57 28 1 91 181 -1 65 27 1 86
2014-05-07T08:00:00Z 149 219 95 28 2 18 63.060000 44.200000 0.500000 0.000000 1005.580000 8.900000 340.000000 42 64 28 11 0 66 149 219 95 28 2 18 -1 -1 -1 -1 -1 -1 135 227 82 31 1 23
2014-05-07T07:00:00Z 145 222 94 23 2 8 60.930000 46.280000 0.590000 0.000000 1005.580000 11.000000 60.000000 95 124 52 30 1 52 145 222 94 23 2 8 -1 -1 -1 -1 -1 -1 123 199 103 28 1 2
2014-05-07T06:00:00Z 151 191 92 22 2 7 55.140000 46.280000 0.720000 0.000000 1005.580000 2.110000 28.000000 101 123 46 16 1 44 151 191 92 22 2 7 -1 -1 -1 -1 -1 -1 129 189 104 25 1 2
2014-05-07T05:00:00Z 135 178 85 26 2 10 53.770000 45.080000 0.720000 0.000000 1003.180000 4.040000 338.000000 95 116 50 16 1 43 135 178 85 26 2 10 -1 -1 -1 -1 -1 -1 136 194 104 29 2 2
2014-05-07T04:00:00Z 139 177 85 31 2 8 52.250000 46.170000 0.800000 0.000000 1003.180000 1.970000 32.000000 82 102 44 15 1 50 139 177 -1 31 2 8 -1 -1 -1 -1 -1 -1 131 204 100 27 2 2
2014-05-07T03:00:00Z 132 180 100 32 2 11 54.180000 46.130000 0.740000 0.000000 1003.180000 1.700000 0.000000 78 96 43 15 1 58 132 180 100 32 2 11 -1 -1 -1 -1 -1 -1 132 187 104 45 2 2
2014-05-16T07:00:00Z 90 286 93 -1 1 12 72.680000 39.540000 0.300000 0.000000 -1.000000 7.160000 2.000000 29 76 21 4 0 67 90 286 93 -1 1 12 72 211 99 24 1 12 102 270 97 20 0 4
2014-05-16T06:00:00Z 84 263 100 -1 0 4 67.820000 46.260000 0.460000 0.000000 -1.000000 3.990000 359.000000 58 154 23 7 0 73 84 263 100 -1 0 4 69 209 106 18 1 2 106 285 107 22 0 2
2014-05-16T05:00:00Z 82 266 108 -1 1 2 58.820000 45.380000 0.610000 0.000000 1003.840000 3.840000 0.000000 72 180 32 6 0 54 82 266 108 -1 1 2 69 189 108 14 1 2 94 279 111 18 0 2
2014-05-16T04:00:00Z 84 251 111 -1 1 3 59.070000 46.220000 0.620000 0.000000 1003.840000 2.000000 30.000000 80 198 36 6 0 53 84 251 111 -1 1 3 68 178 108 14 1 2 88 272 114 19 0 2
2014-05-16T03:00:00Z 91 261 115 -1 1 3 59.140000 46.150000 0.620000 0.000000 1003.840000 3.710000 10.000000 90 230 51 8 0 40 91 261 115 -1 1 3 68 175 110 18 1 2 159 270 113 25 0 2
2014-05-16T02:00:00Z 92 272 120 -1 1 3 62.760000 44.650000 0.520000 0.000000 1001.440000 1.710000 359.000000 90 215 101 14 0 3 92 272 120 -1 1 3 64 195 110 21 1 3 74 235 111 27 0 2
2014-05-19T02:00:00Z 128 185 27 18 1 156 68.140000 56.950000 0.670000 0.000000 1005.900000 10.350000 10.000000 62 -1 15 3 1 130 128 185 27 18 1 156 94 163 30 19 0 135 79 128 32 17 0 128
2014-05-19T01:00:00Z 117 235 54 24 1 108 68.140000 56.950000 0.670000 0.000000 1005.900000 7.000000 190.000000 92 -1 14 6 1 137 117 235 54 24 1 108 95 177 32 21 0 148 100 234 50 22 0 124
2014-05-19T00:00:00Z 121 226 46 26 1 126 72.960000 56.750000 0.570000 0.000000 1005.900000 4.030000 144.000000 145 209 29 22 1 156 121 226 46 26 1 126 100 180 45 21 1 145 108 216 81 25 0 95
2014-05-18T23:00:00Z 130 229 48 26 1 130 76.860000 55.200000 0.470000 0.000000 1006.000000 6.960000 142.000000 140 217 33 30 1 160 130 229 48 26 1 130 99 178 38 26 1 175 110 229 62 29 0 142
2014-05-18T22:00:00Z 130 229 48 26 1 130 78.780000 55.210000 0.440000 0.000000 1006.000000 6.940000 161.000000 -1 -1 -1 -1 -1 -1 -1 -1 -1 -1 -1 -1 -1 -1 -1 -1 -1 -1 -1 -1 -1 -1 -1 -1
2014-05-18T21:00:00Z 157 298 56 31 1 169 80.860000 53.710000 0.390000 0.000000 1006.000000 7.000000 190.000000 152 274 36 52 1 226 157 298 56 31 1 169 120 198 39 29 1 191 135 231 41 36 0 186
2014-05-20T08:00:00Z 118 -1 58 10 1 78 73.920000 47.780000 0.400000 0.000000 1005.420000 13.930000 20.000000 13 26 17 2 0 67 118 -1 58 10 1 78 50 -1 35 10 0 74 80 185 34 11 0 64
2014-05-20T07:00:00Z 164 205 74 9 1 67 72.960000 46.710000 0.390000 0.000000 1005.420000 2.000000 200.000000 28 -1 23 3 0 60 164 205 74 9 1 67 92 -1 38 10 1 85 102 -1 39 14 0 70
2014-05-20T06:00:00Z 162 218 80 9 1 59 69.930000 52.570000 0.540000 0.000000 1005.420000 10.620000 30.000000 68 -1 26 3 1 74 162 218 80 9 1 59 158 -1 50 11 1 93 137 -1 38 14 1 90
2014-05-20T05:00:00Z 184 245 64 11 1 70 66.790000 54.590000 0.650000 0.000000 1003.980000 7.590000 20.000000 117 -1 -1 4 1 99 184 245 64 11 1 70 206 232 82 17 1 64 192 224 80 14 1 58
2014-05-20T04:00:00Z 170 241 61 10 1 74 66.000000 59.090000 0.780000 0.000000 1003.980000 6.690000 30.000000 146 160 32 4 1 113 170 241 61 10 1 74 230 276 81 19 2 44 220 300 107 16 1 15
2014-05-20T03:00:00Z 176 247 67 10 1 51 66.140000 61.130000 0.840000 0.000000 1003.980000 6.690000 30.000000 143 174 143 5 1 7 176 247 67 10 1 51 219 276 89 21 1 44 217 310 92 18 1 25
2014-05-25T12:00:00Z 81 321 17 2 0 87 81.890000 36.370000 0.200000 0.000000 -1.000000 27.000000 290.000000 20 61 12 2 0 88 81 321 17 2 0 87 75 286 13 2 0 92 74 269 12 2 0 87
2014-05-25T11:00:00Z 115 436 16 2 0 85 79.770000 36.910000 0.210000 0.700000 1006.900000 28.820000 301.000000 97 300 17 2 0 78 115 436 16 2 0 85 124 405 19 2 0 81 155 478 14 2 0 83
2014-05-25T10:00:00Z 132 453 34 6 0 67 78.860000 36.990000 0.220000 0.000000 1006.900000 26.280000 290.000000 155 504 16 4 0 77 132 453 34 6 0 67 130 -1 40 2 0 52 199 601 22 2 0 72
2014-05-25T09:00:00Z 132 453 34 6 0 67 75.000000 38.100000 0.260000 0.000000 1006.900000 11.000000 300.000000 -1 -1 -1 -1 -1 -1 -1 -1 -1 -1 -1 -1 -1 -1 -1 -1 -1 -1 -1 -1 -1 -1 -1 -1
2014-05-25T08:00:00Z 149 453 50 2 1 13 74.040000 48.240000 0.400000 0.080000 1007.720000 11.660000 228.000000 136 -1 30 4 0 51 149 -1 50 2 1 13 146 -1 53 2 1 12 173 -1 23 4 0 68
2014-05-25T07:00:00Z 127 453 48 2 1 7 68.000000 65.900000 0.930000 0.000000 1007.720000 1.890000 8.000000 95 97 47 2 2 7 127 -1 48 2 1 7 140 -1 31 2 1 24 125 -1 38 2 0 20
2014-06-17T03:00:00Z 230 234 32 2 1 120 66.320000 63.060000 0.890000 0.000000 -1.000000 7.000000 200.000000 45 -1 9 3 0 156 230 234 32 2 1 120 216 -1 27 12 1 128 131 -1 12 5 0 128
2014-06-17T02:00:00Z 214 236 33 2 1 127 64.850000 61.400000 0.890000 0.000000 1001.960000 12.170000 180.000000 174 -1 35 4 1 110 214 236 33 2 1 127 232 -1 30 12 1 143 246 -1 16 5 1 127
2014-06-17T01:00:00Z 192 220 39 2 1 122 76.930000 67.920000 0.740000 0.000000 1001.960000 6.990000 181.000000 146 -1 44 3 1 94 192 220 39 2 1 122 222 -1 32 8 1 154 208 -1 28 3 1 138
2014-06-17T00:00:00Z 163 225 64 2 1 92 78.930000 67.800000 0.690000 0.000000 1001.960000 10.800000 171.000000 139 145 38 2 1 97 163 225 64 2 1 92 181 196 38 4 1 138 162 -1 46 2 0 114
2014-06-16T23:00:00Z 163 225 64 2 1 92 78.930000 67.800000 0.690000 0.000000 1001.200000 7.060000 162.000000 -1 -1 -1 -1 -1 -1 -1 -1 -1 -1 -1 -1 -1 -1 -1 -1 -1 -1 -1 -1 -1 -1 -1 -1
2014-06-16T22:00:00Z 140 219 95 2 1 88 79.000000 67.800000 0.690000 0.000000 1001.200000 8.790000 132.000000 137 -1 30 3 1 158 140 219 95 2 1 88 104 114 54 2 1 130 114 -1 55 2 0 132
2014-07-04T21:00:00Z 124 -1 55 2 1 80 78.930000 69.990000 0.740000 0.000000 -1.000000 6.720000 139.000000 206 -1 28 2 1 141 124 -1 55 2 1 80 132 -1 40 2 1 99 178 -1 57 2 1 100
2014-07-04T20:00:00Z 124 -1 55 2 1 80 80.600000 71.230000 0.730000 0.100000 1005.840000 6.520000 149.000000 -1 -1 -1 -1 -1 -1 -1 -1 -1 -1 -1 -1 -1 -1 -1 -1 -1 -1 -1 -1 -1 -1 -1 -1
2014-07-04T19:00:00Z 153 -1 32 2 1 138 81.820000 71.990000 0.720000 0.000000 1005.840000 3.920000 201.000000 225 251 34 4 1 176 153 -1 32 2 1 138 154 -1 30 2 1 139 206 -1 53 2 1 123
2014-07-04T18:00:00Z 153 -1 32 2 1 138 83.750000 73.030000 0.700000 0.000000 1005.840000 12.470000 180.000000 -1 -1 -1 -1 -1 -1 -1 -1 -1 -1 -1 -1 -1 -1 -1 -1 -1 -1 -1 -1 -1 -1 -1 -1
2014-07-04T17:00:00Z 235 261 30 2 1 210 85.280000 73.830000 0.690000 0.080000 1004.690000 9.700000 167.000000 93 121 20 2 0 265 235 261 30 2 1 210 205 -1 26 4 1 210 221 -1 44 3 1 192
2014-07-04T16:00:00Z 198 261 31 2 1 276 87.680000 74.930000 0.660000 0.000000 1004.690000 11.000000 160.000000 74 -1 16 2 0 196 198 -1 31 2 1 276 206 210 26 3 1 246 170 -1 31 3 1 245
2014-07-08T10:00:00Z 122 -1 28 11 0 112 89.930000 68.380000 0.490000 0.000000 -1.000000 9.000000 0.000000 15 -1 11 2 0 76 122 -1 28 11 0 112 126 -1 32 12 1 122 157 -1 37 6 1 95
2014-07-08T09:00:00Z 208 -1 48 9 1 90 84.070000 71.780000 0.670000 0.000000 -1.000000 7.000000 260.000000 50 -1 13 2 0 76 208 -1 48 9 1 90 148 152 36 9 1 94 -1 -1 -1 -1 -1 -1
2014-07-08T08:00:00Z 168 197 50 10 1 68 80.530000 70.560000 0.720000 0.060000 1001.880000 5.760000 0.000000 190 -1 32 6 1 87 168 197 50 10 1 68 135 146 38 7 1 63 137 -1 66 2 1 45
2014-07-08T07:00:00Z 165 166 47 10 1 62 79.180000 71.870000 0.780000 0.000000 1001.880000 3.660000 16.000000 180 -1 26 4 1 85 165 166 47 10 1 62 142 -1 36 5 1 54 141 -1 71 3 0 27
2014-07-08T06:00:00Z 174 166 38 10 1 67 77.180000 72.080000 0.840000 0.000000 1001.880000 4.000000 20.000000 189 -1 42 3 1 68 174 -1 38 10 1 67 164 -1 33 4 1 58 142 -1 82 2 0 14
2014-07-08T05:00:00Z 211 166 39 11 1 63 76.680000 71.650000 0.850000 0.000000 1000.640000 1.730000 11.000000 185 -1 46 5 1 88 211 -1 39 11 1 63 200 -1 40 4 1 59 152 -1 60 4 0 30
2014-07-19T10:00:00Z 132 211 65 2 1 107 93.000000 72.710000 0.520000 0.000000 -1.000000 -1.000000 -1.000000 143 -1 40 5 1 121 132 211 65 2 1 107 65 81 33 2 0 118 72 -1 36 2 0 96
2014-07-19T09:00:00Z 140 247 78 2 1 52 91.000000 75.080000 0.600000 0.000000 -1.000000 -1.000000 -1.000000 148 176 45 4 1 71 140 247 78 2 1 52 81 138 48 2 0 67 87 -1 62 2 0 46
2014-07-19T08:00:00Z 159 247 72 2 1 32 87.200000 75.060000 0.670000 0.060000 1009.420000 3.720000 217.000000 146 151 36 3 1 64 159 -1 72 2 1 32 75 120 49 2 0 35 79 -1 66 2 0 19
2014-07-19T07:00:00Z 159 247 72 2 1 32 86.000000 74.970000 0.700000 0.000000 1009.420000 3.720000 81.000000 -1 -1 -1 -1 -1 -1 -1 -1 -1 -1 -1 -1 69 97 50 2 1 18 -1 -1 -1 -1 -1 -1
2014-07-19T06:00:00Z 155 188 72 2 1 11 82.070000 74.770000 0.790000 0.000000 1009.420000 2.000000 260.000000 156 -1 50 2 1 38 155 188 72 2 1 11 70 86 60 2 1 7 73 -1 72 2 0 2
2014-07-19T05:00:00Z 161 188 70 2 1 2 80.420000 73.110000 0.790000 0.000000 1008.400000 2.170000 155.000000 174 -1 93 2 1 2 161 -1 70 2 1 2 67 70 57 2 0 17 71 -1 66 2 0 9
2014-07-28T12:00:00Z 132 142 28 8 1 225 92.930000 64.400000 0.390000 0.000000 -1.000000 -1.000000 -1.000000 -1 184 30 8 1 244 132 142 28 8 1 225 144 -1 26 29 1 216 145 -1 33 13 1 210
2014-07-28T11:00:00Z 159 142 40 2 1 210 90.420000 66.390000 0.450000 0.020000 1004.740000 6.540000 197.000000 -1 167 25 9 1 178 159 -1 40 2 1 210 144 183 33 18 1 183 173 -1 55 4 1 156
2014-07-28T10:00:00Z 159 142 40 2 1 210 88.070000 69.720000 0.550000 0.000000 1004.740000 9.000000 260.000000 -1 -1 -1 -1 -1 -1 -1 -1 -1 -1 -1 -1 -1 -1 -1 -1 -1 -1 -1 -1 -1 -1 -1 -1
2014-07-28T09:00:00Z 177 227 66 2 1 58 84.070000 71.780000 0.670000 0.000000 1004.740000 11.000000 250.000000 -1 184 92 8 1 52 177 227 66 2 1 58 148 179 50 5 1 82 179 -1 76 4 0 54
2014-07-28T08:00:00Z 170 278 78 2 1 18 81.260000 71.360000 0.720000 0.020000 1005.710000 4.010000 175.000000 -1 167 100 6 1 32 170 278 78 2 1 18 143 174 52 2 1 48 165 -1 60 3 0 44
2014-07-28T07:00:00Z 162 274 82 2 1 13 79.070000 69.980000 0.740000 0.000000 1005.710000 3.910000 144.000000 -1 152 33 3 1 84 162 274 82 2 1 13 136 162 55 2 1 34 155 -1 45 4 0 44
2014-08-03T13:00:00Z 129 -1 26 2 1 271 93.000000 74.860000 0.560000 0.000000 -1.000000 9.000000 120.000000 143 144 18 2 1 213 129 -1 26 2 1 271 145 148 18 2 1 270 101 -1 24 3 0 220
2014-08-03T12:00:00Z 133 -1 33 2 1 222 95.000000 75.040000 0.530000 0.000000 -1.000000 9.000000 120.000000 163 166 28 2 1 212 133 -1 33 2 1 222 131 157 23 2 1 216 106 -1 27 3 0 183
2014-08-03T11:00:00Z 147 -1 42 2 1 166 92.310000 74.330000 0.560000 0.070000 1001.100000 4.130000 1.000000 169 199 58 2 1 142 147 -1 42 2 1 166 102 125 22 2 1 163 101 -1 34 3 0 134
2014-08-03T10:00:00Z 147 -1 42 2 1 166 91.070000 75.070000 0.600000 0.000000 1001.100000 2.000000 30.000000 -1 -1 -1 -1 -1 -1 -1 -1 -1 -1 -1 -1 -1 -1 -1 -1 -1 -1 -1 -1 -1 -1 -1 -1
2014-08-03T09:00:00Z 185 197 56 2 1 90 88.110000 75.120000 0.660000 0.000000 1001.100000 2.000000 30.000000 168 200 101 2 1 40 185 197 56 2 1 90 97 -1 22 2 1 109 108 -1 37 3 0 93
2014-08-03T08:00:00Z 176 229 61 2 1 64 85.280000 74.790000 0.710000 0.070000 1001.450000 3.430000 38.000000 154 185 66 2 1 70 176 229 61 2 1 64 105 -1 22 2 1 104 128 -1 51 2 0 71
2014-08-31T00:00:00Z 124 -1 54 2 1 37 70.070000 67.950000 0.930000 0.000000 -1.000000 3.970000 89.000000 18 -1 12 2 0 102 124 -1 54 2 1 37 95 -1 33 2 1 92 88 -1 28 2 0 97
2014-08-30T23:00:00Z 165 -1 66 2 1 20 70.110000 67.950000 0.930000 0.000000 1013.900000 2.040000 3.000000 82 -1 27 4 1 99 165 -1 66 2 1 20 132 -1 44 2 1 64 107 -1 34 2 0 106
2014-08-30T22:00:00Z 158 -1 66 2 2 22 72.000000 69.790000 0.930000 0.000000 1013.900000 2.000000 80.000000 112 -1 27 5 1 110 158 -1 66 2 2 22 141 -1 57 2 1 52 138 -1 59 2 1 48
2014-08-30T21:00:00Z 148 158 82 2 2 16 72.000000 69.790000 0.930000 0.000000 1013.900000 2.000000 70.000000 148 -1 38 8 2 69 148 158 82 2 2 16 160 -1 84 2 1 32 142 -1 74 2 1 45
2014-08-30T20:00:00Z 151 163 80 2 2 26 71.490000 67.320000 0.870000 0.110000 1013.120000 3.340000 90.000000 145 148 61 9 2 39 151 163 80 2 2 26 157 -1 74 2 1 58 160 -1 83 2 1 39
2014-08-30T19:00:00Z 147 159 70 2 2 42 72.000000 67.840000 0.870000 0.000000 1013.120000 2.000000 120.000000 140 -1 38 8 2 65 147 159 70 2 2 42 182 234 82 2 2 56 156 -1 79 2 2 48
2014-09-21T07:00:00Z 131 -1 -1 12 2 -1 65.930000 55.380000 0.690000 0.000000 -1.000000 4.000000 60.000000 86 100 32 13 1 44 131 -1 -1 12 2 -1 78 -1 67 12 2 22 77 -1 57 12 2 25
2014-09-21T06:00:00Z 156 -1 -1 6 1 -1 63.960000 57.080000 0.780000 0.000000 -1.000000 2.050000 78.000000 91 97 31 14 2 44 156 -1 -1 6 1 -1 81 -1 69 13 3 19 100 -1 57 9 2 23
2014-09-21T05:00:00Z 182 -1 -1 5 1 -1 62.780000 56.170000 0.790000 0.000000 1016.130000 2.200000 22.000000 108 111 30 13 2 42 182 -1 -1 5 1 -1 122 -1 65 6 2 14 134 -1 67 6 2 9
2014-09-21T04:00:00Z 193 -1 -1 4 1 -1 65.890000 57.180000 0.740000 0.000000 1016.130000 4.000000 60.000000 118 127 35 14 2 41 193 -1 -1 4 1 -1 169 -1 55 2 1 28 142 144 73 5 2 4
2014-09-21T03:00:00Z 209 -1 -1 3 1 -1 65.930000 55.290000 0.690000 0.000000 1016.130000 4.000000 80.000000 147 -1 41 10 2 38 209 -1 -1 3 1 -1 184 -1 58 2 1 26 146 -1 71 5 2 5
2014-09-21T02:00:00Z 219 244 -1 2 1 -1 64.940000 56.380000 0.740000 0.000000 1014.740000 4.160000 109.000000 189 -1 40 6 1 47 219 244 -1 2 1 -1 202 -1 73 2 1 18 177 -1 62 4 1 19
2014-09-26T00:00:00Z 153 171 85 2 1 -1 61.340000 57.270000 0.860000 0.250000 1013.940000 5.360000 164.000000 130 -1 55 3 1 36 153 171 85 2 1 -1 84 -1 66 2 1 19 79 -1 67 6 0 17
2014-09-25T23:00:00Z 153 171 85 2 1 -1 61.960000 57.390000 0.850000 0.300000 1014.110000 5.330000 165.000000 -1 -1 -1 -1 -1 -1 -1 -1 -1 -1 -1 -1 -1 -1 -1 -1 -1 -1 -1 -1 -1 -1 -1 -1
2014-09-25T22:00:00Z 185 276 105 2 1 -1 62.960000 57.870000 0.830000 0.250000 1014.390000 5.410000 164.000000 131 -1 28 3 1 76 185 276 105 2 1 -1 145 -1 88 2 2 22 133 -1 88 5 1 28
2014-09-25T21:00:00Z 174 276 87 2 1 -1 64.200000 59.260000 0.840000 0.170000 1014.560000 4.620000 146.000000 127 -1 31 2 1 77 174 -1 87 2 1 -1 147 -1 90 2 1 19 139 -1 80 6 1 33
2014-09-25T20:00:00Z 162 191 72 2 1 -1 65.280000 59.640000 0.820000 0.140000 1014.540000 4.000000 150.000000 142 -1 40 2 1 70 162 191 72 2 1 -1 149 -1 89 2 1 24 138 -1 100 6 1 19
2014-09-25T19:00:00Z 150 163 58 2 1 -1 66.120000 60.090000 0.810000 0.070000 1014.670000 4.020000 151.000000 152 -1 52 2 1 69 150 163 58 2 1 -1 135 152 72 2 1 45 128 133 97 6 1 20
2014-09-27T00:00:00Z 150 -1 74 2 1 -1 59.650000 53.970000 0.810000 0.370000 1014.780000 3.970000 341.000000 21 -1 12 2 0 56 150 -1 74 2 1 -1 126 -1 89 2 1 2 110 -1 87 4 1 2
2014-09-26T23:00:00Z 174 -1 83 3 2 -1 61.150000 55.780000 0.830000 0.340000 1013.610000 6.620000 343.000000 58 -1 39 2 1 14 174 -1 83 3 2 -1 163 -1 99 2 2 2 126 -1 94 4 1 2
2014-09-26T22:00:00Z 193 -1 92 3 2 -1 61.530000 56.870000 0.850000 0.250000 1013.610000 4.240000 344.000000 83 -1 53 2 1 2 193 -1 92 3 2 -1 181 -1 102 2 2 2 150 -1 101 4 1 2
2014-09-26T21:00:00Z 198 -1 101 4 2 -1 61.970000 58.520000 0.880000 0.140000 1013.060000 4.670000 340.000000 100 -1 67 2 1 2 198 -1 101 4 2 -1 180 -1 99 2 2 4 172 -1 108 4 1 2
2014-09-26T20:00:00Z 189 -1 103 4 2 -1 62.720000 58.760000 0.870000 0.080000 1012.150000 2.480000 357.000000 117 -1 76 3 2 2 189 -1 103 4 2 -1 72 149 109 3 2 2 185 -1 115 5 2 2
2014-09-26T19:00:00Z 185 -1 103 5 2 -1 65.710000 61.030000 0.850000 0.060000 1011.510000 3.780000 344.000000 132 -1 86 3 2 2 185 -1 103 5 2 -1 -1 153 100 4 2 14 194 -1 93 5 2 14
2014-10-04T01:00:00Z 140 -1 76 3 1 2 60.070000 58.480000 0.940000 1.000000 1017.680000 4.620000 149.000000 130 -1 46 2 2 11 140 -1 76 3 1 2 105 -1 42 2 1 38 113 -1 54 5 1 19
2014-10-04T00:00:00Z 125 -1 72 4 2 2 60.240000 57.920000 0.920000 1.000000 1017.670000 3.910000 154.000000 129 -1 55 2 2 3 125 -1 72 4 2 -1 137 -1 76 2 3 2 150 159 83 7 3 2
2014-10-03T23:00:00Z 125 -1 72 4 2 2 60.420000 57.340000 0.900000 1.000000 1017.660000 3.240000 160.000000 129 -1 55 2 2 3 125 -1 72 4 2 -1 137 -1 76 2 3 2 150 159 83 7 3 2
2014-10-03T22:00:00Z 125 -1 72 4 2 2 60.410000 56.380000 0.870000 0.930000 1017.710000 3.160000 143.000000 -1 -1 -1 -1 -1 -1 -1 -1 -1 -1 -1 -1 -1 -1 -1 -1 -1 -1 -1 -1 -1 -1 -1 -1
2014-10-03T21:00:00Z 125 140 79 6 2 2 60.340000 55.290000 0.830000 0.830000 1017.770000 3.800000 122.000000 137 144 68 3 2 3 125 140 79 6 2 2 166 -1 90 2 2 3 125 162 76 7 2 2
2014-10-03T20:00:00Z 147 167 98 7 2 2 60.410000 54.460000 0.810000 0.750000 1017.730000 4.290000 112.000000 142 -1 64 3 2 10 147 167 98 7 2 2 193 196 97 2 2 10 126 144 77 8 1 2
2014-10-11T18:00:00Z 228 -1 78 6 2 51 66.100000 48.860000 0.540000 0.000000 1023.900000 8.310000 329.000000 33 -1 37 9 0 30 228 -1 78 6 2 51 167 -1 64 6 1 50 125 -1 -1 -1 -1 -1
2014-10-11T17:00:00Z 275 -1 97 6 2 46 66.820000 51.280000 0.570000 0.490000 1022.380000 4.750000 317.000000 238 -1 65 6 1 24 275 -1 97 6 2 46 231 -1 75 5 2 79 297 -1 -1 -1 -1 -1
2014-10-11T16:00:00Z 275 -1 97 6 2 46 68.200000 54.830000 0.620000 0.010000 1021.660000 2.130000 79.000000 -1 -1 -1 -1 -1 -1 -1 -1 -1 -1 -1 -1 -1 -1 -1 -1 -1 -1 -1 -1 -1 -1 -1 -1
2014-10-11T15:00:00Z 273 -1 89 6 2 52 68.790000 54.700000 0.610000 0.010000 1020.980000 2.490000 104.000000 266 -1 57 9 2 53 273 -1 89 6 2 52 212 -1 70 10 1 99 248 -1 -1 -1 -1 -1
2014-10-11T14:00:00Z 273 -1 89 6 2 52 68.890000 54.520000 0.600000 0.380000 1020.320000 0.870000 149.000000 -1 -1 -1 -1 -1 -1 -1 -1 -1 -1 -1 -1 -1 -1 -1 -1 -1 -1 -1 -1 -1 -1 -1 -1
2014-10-11T13:00:00Z 307 -1 119 4 2 19 68.850000 55.450000 0.620000 0.010000 1020.460000 2.660000 172.000000 268 -1 41 6 2 55 307 -1 119 4 2 19 185 -1 64 12 1 96 256 -1 -1 -1 -1 -1
