2014-01-04T12:00:00Z 101 110 72 56 3 15 34.500000 20.970000 0.570000 0.000000 -1.000000 9.000000 180.000000 92 102 58 60 10 17 101 110 72 56 3 15 138 155 72 52 2 1 133 168 73 65 2 1
2014-01-04T11:00:00Z 98 109 75 46 4 12 31.650000 19.160000 0.590000 0.000000 1024.110000 2.760000 50.000000 99 111 68 65 7 12 98 109 75 46 4 12 135 174 72 45 2 1 106 135 67 62 2 1
2014-01-04T10:00:00Z 94 116 81 33 4 10 30.390000 23.020000 0.740000 0.000000 1024.110000 2.240000 150.000000 85 110 66 56 7 12 94 116 81 33 4 10 118 180 70 37 2 1 92 129 69 54 2 1
2014-01-04T09:00:00Z 89 112 76 26 4 11 28.330000 21.340000 0.750000 0.000000 1024.110000 2.050000 120.000000 95 118 66 59 6 12 89 112 76 26 4 11 98 162 67 27 2 1 84 110 64 48 2 1
2014-01-04T08:00:00Z 94 118 77 27 5 12 25.570000 17.560000 0.710000 0.300000 1025.310000 1.570000 95.000000 62 84 61 46 7 12 94 118 77 27 5 12 79 130 67 24 2 1 72 107 62 52 2 1
2014-01-04T07:00:00Z 86 107 76 23 5 11 26.890000 19.000000 0.720000 0.000000 1025.310000 1.900000 77.000000 57 80 57 39 7 12 86 107 76 23 5 11 71 118 64 21 2 1 73 103 63 45 1 1
2014-01-13T16:00:00Z 112 144 113 74 2 21 34.110000 -7.030000 0.160000 0.000000 -1.000000 1.790000 92.000000 84 100 73 73 1 25 112 144 113 74 2 21 101 -1 115 71 2 7 46 53 72 48 1 11
2014-01-13T15:00:00Z 112 144 113 74 2 21 36.940000 -7.270000 0.140000 0.000000 -1.000000 4.000000 250.000000 -1 -1 -1 -1 -1 -1 -1 -1 -1 -1 -1 -1 -1 -1 -1 -1 -1 -1 -1 -1 -1 -1 -1 -1
2014-01-13T14:00:00Z 49 54 66 62 1 28 36.150000 -5.420000 0.160000 0.000000 1030.030000 1.320000 182.000000 69 -1 55 66 1 34 49 54 66 62 1 28 90 -1 96 64 1 10 66 76 69 62 1 14
2014-01-13T13:00:00Z 49 54 66 62 1 28 36.000000 -6.500000 0.150000 0.000000 1030.030000 1.320000 182.000000 -1 -1 -1 -1 -1 -1 -1 -1 -1 -1 -1 -1 -1 -1 -1 -1 -1 -1 -1 -1 -1 -1 -1 -1
2014-01-13T12:00:00Z 88 105 96 107 2 18 34.000000 -4.480000 0.180000 0.000000 1030.030000 1.320000 182.000000 72 -1 63 87 1 22 88 105 96 107 2 18 113 132 91 68 2 9 87 108 73 75 1 9
2014-01-13T11:00:00Z 89 124 100 124 3 17 28.970000 -0.230000 0.280000 0.000000 1033.170000 1.240000 109.000000 90 -1 72 113 2 11 89 124 100 124 3 17 124 -1 111 76 3 1 72 102 63 68 1 9
2014-01-15T17:00:00Z 98 118 124 68 2 15 33.630000 0.040000 0.230000 0.720000 1029.190000 2.420000 155.000000 80 107 77 66 1 13 98 118 124 68 2 15 -1 -1 143 100 2 3 60 74 90 53 1 3
2014-01-15T16:00:00Z 69 77 117 54 2 19 36.830000 -4.520000 0.160000 0.000000 1029.190000 3.870000 141.000000 94 113 81 81 1 14 69 77 117 54 2 19 76 79 102 61 1 13 49 50 77 48 1 9
2014-01-15T15:00:00Z 59 77 94 43 1 27 40.720000 -4.380000 0.140000 0.000000 1029.190000 4.000000 200.000000 121 137 85 94 1 17 59 -1 94 43 1 27 74 -1 97 58 1 17 46 47 72 47 1 13
2014-01-15T14:00:00Z 82 77 123 64 2 25 39.650000 -0.150000 0.180000 0.660000 1029.650000 1.050000 119.000000 -1 167 102 113 2 16 82 -1 123 64 2 25 51 -1 86 48 1 15 43 -1 59 48 1 20
2014-01-15T13:00:00Z 84 85 111 79 2 26 38.830000 -4.570000 0.150000 0.000000 1029.650000 4.000000 230.000000 -1 -1 117 129 3 14 84 85 111 79 2 26 42 -1 67 49 1 18 43 -1 49 55 1 22
2014-01-15T12:00:00Z 85 92 116 82 2 20 38.830000 -3.680000 0.160000 0.000000 1029.650000 9.000000 240.000000 -1 -1 -1 -1 5 10 85 92 116 82 2 20 -1 -1 -1 -1 -1 -1 49 50 58 49 1 16
2014-01-22T16:00:00Z 96 107 120 69 2 21 39.000000 -4.980000 0.150000 0.000000 -1.000000 4.000000 170.000000 112 119 68 72 1 34 96 107 120 69 2 21 116 127 130 91 2 3 114 126 118 69 2 1
2014-01-22T15:00:00Z 88 107 102 70 2 29 42.890000 -6.650000 0.120000 0.000000 -1.000000 7.000000 210.000000 122 130 74 77 1 32 88 -1 102 70 2 29 117 -1 131 82 2 6 112 126 106 69 2 5
2014-01-22T14:00:00Z 85 107 89 87 1 32 40.760000 -4.040000 0.140000 0.030000 1021.760000 1.490000 102.000000 111 116 77 90 1 24 85 -1 89 87 1 32 104 -1 109 83 2 9 98 103 80 64 1 14
2014-01-22T13:00:00Z 85 107 76 76 1 33 39.000000 -5.290000 0.150000 0.000000 1021.760000 1.490000 102.000000 108 114 77 118 1 19 85 -1 76 76 1 33 94 -1 85 74 1 16 96 105 70 54 1 16
2014-01-22T12:00:00Z 88 89 77 69 2 27 36.940000 -3.080000 0.180000 0.000000 1021.760000 1.490000 102.000000 122 134 84 137 2 15 88 89 77 69 2 27 88 -1 72 64 1 18 85 107 60 52 1 14
2014-01-22T11:00:00Z 89 101 90 75 2 17 32.810000 -2.430000 0.210000 0.000000 1025.770000 1.230000 19.000000 -1 148 90 110 3 8 89 101 90 75 2 17 78 86 77 56 1 6 73 93 50 48 1 12
2014-01-29T12:00:00Z 89 90 54 116 2 34 34.390000 16.540000 0.480000 0.000000 -1.000000 -1.000000 -1.000000 94 102 56 121 1 18 89 90 54 116 2 34 106 159 74 116 2 13 109 122 62 120 1 8
2014-01-29T11:00:00Z 80 90 56 87 1 25 32.020000 18.380000 0.570000 0.040000 1014.750000 3.080000 70.000000 81 91 49 104 1 17 80 -1 56 87 1 25 92 149 75 112 2 8 92 112 60 99 1 6
2014-01-29T10:00:00Z 87 90 72 56 2 14 30.330000 18.120000 0.600000 0.000000 1014.750000 9.000000 200.000000 100 110 53 69 2 13 87 90 72 56 2 14 85 114 74 109 2 4 100 139 72 82 2 1
2014-01-29T09:00:00Z 89 101 73 42 2 11 28.330000 19.300000 0.680000 0.000000 1014.750000 7.000000 190.000000 99 125 61 55 2 9 89 101 73 42 2 11 71 95 72 89 2 1 83 110 67 66 2 1
2014-01-29T08:00:00Z 68 78 74 35 2 9 22.310000 14.910000 0.730000 0.040000 1016.150000 3.130000 154.000000 85 102 55 40 2 6 68 78 74 35 2 9 72 103 77 75 2 1 71 102 67 60 2 1
2014-01-29T07:00:00Z 67 78 75 34 2 8 18.500000 12.420000 0.770000 0.000000 1016.150000 1.890000 70.000000 80 88 50 41 1 8 67 -1 75 34 2 8 70 105 75 64 2 1 69 88 67 57 2 1
2014-01-30T17:00:00Z 79 118 42 36 1 84 38.830000 -1.500000 0.180000 0.420000 1017.660000 6.360000 172.000000 29 54 33 28 0 62 79 118 42 36 1 84 27 53 38 18 0 57 22 40 33 16 0 57
2014-01-30T16:00:00Z 52 91 36 28 1 81 44.550000 -6.130000 0.110000 0.000000 1017.660000 9.210000 169.000000 17 38 18 12 0 73 52 91 36 28 1 81 19 37 35 16 0 58 15 26 30 12 0 58
2014-01-30T15:00:00Z 9 17 16 12 0 83 45.610000 -7.650000 0.100000 0.000000 1017.660000 16.000000 150.000000 14 41 13 11 0 79 9 17 16 12 0 83 10 19 24 14 0 66 17 21 22 12 0 64
2014-01-30T14:00:00Z 7 7 8 7 0 88 45.200000 -8.540000 0.100000 0.000000 1017.830000 6.050000 142.000000 12 25 13 10 0 78 7 7 8 7 0 88 9 -1 19 14 0 68 16 16 16 12 0 70
2014-01-30T13:00:00Z 7 7 9 7 0 85 44.890000 -15.290000 0.070000 0.000000 1017.830000 11.000000 110.000000 11 -1 11 10 0 79 7 -1 9 7 0 85 5 6 20 13 0 64 11 -1 14 12 0 70
2014-01-30T12:00:00Z 8 9 16 10 0 78 45.000000 -13.860000 0.080000 0.000000 1017.830000 13.000000 80.000000 9 16 17 16 0 69 8 9 16 10 0 78 19 -1 29 14 0 56 13 -1 14 13 0 67
2014-01-31T17:00:00Z 98 114 50 57 1 44 35.900000 21.000000 0.540000 0.130000 1017.620000 1.630000 78.000000 89 118 36 63 1 46 98 114 50 57 1 44 135 198 62 68 1 18 129 148 40 62 1 33
2014-01-31T16:00:00Z 82 97 47 69 1 47 36.830000 21.520000 0.530000 0.000000 1017.620000 4.000000 60.000000 89 119 37 74 1 44 82 97 47 69 1 47 128 190 57 71 1 24 119 164 42 65 1 32
2014-01-31T15:00:00Z 81 87 44 73 1 46 36.830000 23.460000 0.580000 0.000000 1017.620000 3.780000 128.000000 95 126 33 68 1 47 81 87 44 73 1 46 105 146 50 71 1 32 95 115 36 63 1 40
2014-01-31T14:00:00Z 80 83 39 75 1 47 36.390000 20.930000 0.530000 0.150000 1017.830000 1.820000 58.000000 101 133 34 68 1 44 80 83 39 75 1 47 86 102 41 71 1 38 83 103 29 63 1 44
2014-01-31T13:00:00Z 66 78 33 75 1 50 36.720000 19.620000 0.500000 0.000000 1017.830000 7.000000 20.000000 120 156 34 67 1 41 66 78 33 75 1 50 68 115 45 75 1 32 55 77 31 68 0 41
2014-01-31T12:00:00Z 69 74 32 88 1 48 36.610000 18.770000 0.480000 0.000000 1017.830000 7.000000 20.000000 129 168 34 72 1 38 69 74 32 88 1 48 68 149 45 81 1 30 58 75 30 67 0 38
2014-02-05T21:00:00Z 108 118 71 70 1 23 25.110000 10.250000 0.530000 0.000000 -1.000000 1.950000 113.000000 114 122 52 53 1 25 108 118 71 70 1 23 102 140 64 66 1 17 78 85 48 54 1 29
2014-02-05T20:00:00Z 108 109 65 76 1 29 26.520000 8.700000 0.460000 0.100000 1028.600000 1.540000 99.000000 131 145 66 73 1 17 108 109 65 76 1 29 74 107 78 61 1 9 79 80 46 60 1 30
2014-02-05T19:00:00Z 104 109 47 73 1 45 27.000000 10.190000 0.490000 0.100000 1028.600000 2.050000 100.000000 117 137 54 62 1 29 104 -1 47 73 1 45 86 113 62 72 1 22 86 88 46 67 0 33
2014-02-05T18:00:00Z 90 109 38 74 1 56 28.000000 9.930000 0.460000 0.100000 1028.600000 2.240000 110.000000 105 125 40 57 1 45 90 -1 38 74 1 56 87 113 51 79 1 31 83 92 40 66 0 38
2014-02-05T17:00:00Z 86 109 29 60 1 64 29.990000 7.420000 0.380000 0.750000 1027.310000 2.660000 135.000000 93 121 38 54 1 49 86 -1 29 60 1 64 87 99 40 73 1 40 86 88 33 62 0 45
2014-02-05T16:00:00Z 102 109 26 56 1 65 32.110000 6.870000 0.340000 0.750000 1027.310000 7.000000 190.000000 104 121 52 65 1 37 102 -1 26 56 1 65 88 107 33 70 1 43 93 101 32 60 1 46
2014-02-19T22:00:00Z 102 136 83 35 1 32 29.830000 18.340000 0.620000 0.000000 -1.000000 6.760000 141.000000 64 84 75 46 1 9 102 136 83 35 1 32 134 -1 -1 -1 -1 -1 121 141 83 44 1 10
2014-02-19T21:00:00Z 78 113 100 38 1 16 31.610000 13.100000 0.460000 0.000000 -1.000000 6.830000 160.000000 61 73 80 48 1 16 78 113 100 38 1 16 124 -1 -1 -1 -1 -1 102 134 72 35 1 20
2014-02-19T20:00:00Z 66 87 88 27 1 25 27.640000 11.750000 0.510000 0.000000 1029.470000 6.030000 167.000000 50 62 64 35 1 29 66 87 88 27 1 25 72 -1 -1 -1 -1 -1 39 60 63 17 0 20
2014-02-19T19:00:00Z 36 63 61 23 0 52 33.670000 9.040000 0.350000 0.000000 1029.470000 8.880000 160.000000 35 51 49 29 0 40 36 63 61 23 0 52 28 -1 -1 -1 -1 -1 31 48 62 15 0 20
2014-02-19T18:00:00Z 36 63 42 17 0 70 35.670000 3.590000 0.250000 0.000000 1029.470000 4.280000 160.000000 19 31 33 18 0 60 -1 -1 42 17 0 70 31 -1 -1 -1 -1 -1 24 33 48 14 0 34
2014-02-19T17:00:00Z 36 63 27 13 0 78 37.570000 20.890000 0.510000 0.000000 1027.670000 6.150000 155.000000 16 20 19 10 0 76 -1 -1 27 13 0 78 27 -1 -1 -1 -1 -1 17 -1 21 13 0 60
2014-03-15T15:00:00Z 92 144 114 36 1 57 70.110000 6.550000 0.080000 0.000000 -1.000000 2.000000 60.000000 98 165 54 43 0 93 92 144 114 36 1 57 130 258 121 52 1 52 116 183 112 47 1 46
2014-03-15T14:00:00Z 94 147 110 40 1 45 68.160000 7.950000 0.090000 0.300000 1009.290000 1.440000 100.000000 96 158 49 40 0 84 94 147 110 40 1 45 114 199 120 45 1 44 109 188 102 44 1 38
2014-03-15T13:00:00Z 94 147 110 40 1 45 66.110000 10.320000 0.110000 0.000000 1009.290000 4.000000 310.000000 -1 -1 -1 -1 -1 -1 -1 -1 -1 -1 -1 -1 -1 -1 -1 -1 -1 -1 -1 -1 -1 -1 -1 -1
2014-03-15T12:00:00Z 93 182 96 57 1 30 63.060000 10.170000 0.120000 0.000000 1009.290000 4.000000 310.000000 97 186 78 51 1 36 93 182 96 57 1 30 92 192 90 46 1 22 93 177 80 44 1 23
2014-03-15T11:00:00Z 87 182 89 60 1 23 57.780000 10.740000 0.150000 0.710000 1011.620000 2.590000 9.000000 99 206 89 89 1 19 87 182 89 60 1 23 -1 -1 -1 -1 -1 -1 93 193 83 47 1 7
2014-03-15T10:00:00Z 77 168 74 46 1 22 52.280000 10.680000 0.190000 0.000000 1011.620000 4.000000 230.000000 108 212 80 55 2 10 77 168 74 46 1 22 91 237 85 55 1 3 73 152 64 42 1 12
2014-03-16T16:00:00Z 108 217 62 67 1 102 62.390000 19.400000 0.190000 0.000000 -1.000000 13.000000 100.000000 10 208 44 69 1 92 108 217 62 67 1 102 127 328 40 66 1 128 110 222 49 61 1 100
2014-03-16T15:00:00Z 92 184 60 67 1 91 62.500000 18.080000 0.180000 0.000000 -1.000000 18.000000 110.000000 3 162 42 58 1 92 92 184 60 67 1 91 96 310 43 73 1 113 96 205 53 71 1 82
2014-03-16T14:00:00Z 83 166 56 62 1 86 62.730000 15.680000 0.160000 0.690000 1014.230000 7.240000 118.000000 37 160 52 62 1 79 83 166 56 62 1 86 89 257 49 81 1 92 80 182 49 60 1 74
2014-03-16T13:00:00Z 79 159 56 62 1 78 60.670000 12.100000 0.150000 0.000000 1014.230000 16.000000 70.000000 63 149 54 62 1 70 79 159 56 62 1 78 72 209 44 71 1 86 78 164 46 56 1 73
2014-03-16T12:00:00Z 68 149 60 63 1 64 60.670000 11.840000 0.140000 0.000000 1014.230000 13.000000 100.000000 50 137 48 67 1 67 68 149 60 63 1 64 63 192 42 68 1 78 79 165 57 64 1 54
2014-03-16T11:00:00Z 62 130 62 63 1 53 59.720000 13.630000 0.160000 0.670000 1017.440000 7.120000 78.000000 64 119 44 66 1 62 62 130 62 63 1 53 58 162 49 70 1 63 69 147 57 66 1 47
2014-04-17T19:00:00Z 105 133 69 9 2 90 58.780000 48.350000 0.680000 0.000000 -1.000000 9.000000 80.000000 114 -1 44 16 1 102 105 133 69 9 2 90 97 112 51 22 1 104 130 147 70 23 1 87
2014-04-17T18:00:00Z 87 108 58 11 2 112 60.780000 50.100000 0.680000 0.000000 -1.000000 11.000000 100.000000 104 -1 39 16 1 114 87 108 58 11 2 112 96 111 58 26 1 104 116 131 68 23 1 89
2014-04-17T17:00:00Z 103 109 54 13 2 111 60.790000 49.790000 0.670000 0.130000 1012.550000 4.050000 150.000000 100 -1 30 16 1 132 103 109 54 13 2 111 110 118 56 28 1 107 83 105 50 24 1 108
2014-04-17T16:00:00Z 111 109 52 24 2 105 62.780000 48.290000 0.590000 0.000000 1012.550000 9.000000 120.000000 104 -1 28 17 1 129 111 -1 52 24 2 105 88 105 39 34 1 120 102 114 43 32 1 108
2014-04-17T15:00:00Z 94 102 60 23 2 83 62.890000 50.190000 0.630000 0.000000 1012.550000 9.000000 80.000000 105 -1 22 22 1 126 94 102 60 23 2 83 82 92 36 39 1 114 83 98 43 35 1 103
2014-04-17T14:00:00Z 95 101 67 16 2 67 63.040000 49.150000 0.610000 0.130000 1012.600000 2.410000 41.000000 109 -1 21 29 1 116 95 101 67 16 2 67 80 93 38 40 1 102 78 97 45 39 1 94
2014-04-23T03:00:00Z 81 160 59 7 0 25 63.000000 50.300000 0.630000 0.000000 -1.000000 6.940000 163.000000 62 72 25 8 0 85 81 160 59 7 0 25 88 125 36 12 0 58 94 -1 58 16 0 46
2014-04-23T02:00:00Z 84 163 60 8 0 30 63.190000 48.790000 0.590000 0.000000 1010.920000 8.130000 165.000000 58 72 23 7 0 86 84 163 60 8 0 30 78 127 35 14 0 66 86 -1 63 18 0 46
2014-04-23T01:00:00Z 88 174 63 10 0 44 64.110000 48.220000 0.560000 0.000000 1010.920000 11.000000 180.000000 60 71 28 9 0 88 88 174 63 10 0 44 73 126 42 20 1 67 83 -1 65 20 0 51
2014-04-23T00:00:00Z 65 168 72 11 0 55 66.110000 48.000000 0.520000 0.000000 1010.920000 8.730000 174.000000 61 87 35 10 0 87 65 168 72 11 0 55 77 147 58 20 1 61 76 -1 66 19 0 58
2014-04-22T23:00:00Z 63 177 76 12 0 61 68.000000 46.120000 0.450000 0.000000 1011.200000 8.980000 193.000000 53 65 46 8 0 72 63 177 76 12 0 61 58 134 62 18 0 64 52 162 54 16 0 76
2014-04-22T22:00:00Z 56 89 36 8 0 104 70.000000 43.520000 0.380000 0.000000 1011.200000 9.000000 230.000000 48 51 42 9 0 85 56 89 36 8 0 104 61 99 70 18 0 58 51 113 74 14 0 60
2014-04-24T06:00:00Z 102 117 36 5 0 56 61.110000 51.630000 0.710000 0.000000 -1.000000 3.990000 145.000000 105 -1 42 6 0 63 102 117 36 5 0 56 103 124 42 10 0 61 100 112 51 10 0 56
2014-04-24T05:00:00Z 100 108 36 6 0 62 59.890000 50.950000 0.720000 0.000000 1012.820000 2.070000 135.000000 101 -1 40 6 0 67 100 108 36 6 0 62 95 98 35 11 0 77 95 107 -1 10 0 40
2014-04-24T04:00:00Z 99 112 33 6 0 66 61.000000 51.610000 0.710000 0.000000 1012.820000 4.080000 164.000000 87 91 37 7 0 79 99 112 33 6 0 66 88 95 30 8 0 82 89 110 27 10 0 74
2014-04-24T03:00:00Z 96 124 46 6 0 61 61.000000 51.700000 0.710000 0.000000 1012.820000 3.970000 162.000000 98 105 39 8 0 86 96 124 46 6 0 61 84 91 26 8 0 94 89 108 29 10 0 81
2014-04-24T02:00:00Z 90 125 43 6 0 70 60.580000 51.280000 0.710000 0.000000 1012.490000 6.100000 181.000000 88 104 45 8 0 82 90 125 43 6 0 70 85 104 38 7 0 78 87 119 49 12 0 58
2014-04-24T01:00:00Z 88 121 31 7 0 86 64.000000 51.880000 0.650000 0.000000 1012.490000 8.700000 152.000000 80 113 47 6 0 81 88 121 31 7 0 86 80 122 33 7 0 84 85 134 50 14 0 68
2014-05-18T17:00:00Z 104 215 42 42 0 238 83.270000 50.970000 0.330000 0.720000 1004.660000 10.990000 211.000000 85 141 21 35 0 253 104 215 42 42 0 238 96 192 26 44 1 250 94 192 36 40 0 231
2014-05-18T16:00:00Z 98 208 61 38 0 211 85.780000 47.960000 0.270000 0.720000 1004.660000 13.060000 188.000000 80 129 23 27 0 256 98 208 61 38 0 211 84 146 23 42 0 247 84 170 34 37 0 228
2014-05-18T15:00:00Z 99 208 56 30 0 209 86.110000 47.970000 0.270000 0.720000 1004.660000 13.000000 210.000000 81 126 42 23 0 227 99 -1 56 30 0 209 79 129 24 38 0 242 88 142 33 33 0 234
2014-05-18T14:00:00Z 99 196 73 28 0 184 85.410000 49.060000 0.290000 0.040000 1006.750000 7.740000 170.000000 61 90 23 16 0 209 99 196 73 28 0 184 90 144 34 38 0 241 112 188 65 32 0 199
2014-05-18T13:00:00Z 89 146 74 25 0 152 84.110000 49.840000 0.310000 0.000000 1006.750000 7.740000 170.000000 48 63 17 13 0 186 89 146 74 25 0 152 90 159 74 31 1 166 104 124 70 28 0 139
2014-05-18T12:00:00Z 89 146 74 25 0 152 82.110000 48.120000 0.310000 0.000000 1006.750000 7.740000 170.000000 -1 -1 -1 -1 -1 -1 -1 -1 -1 -1 -1 -1 -1 -1 -1 -1 -1 -1 -1 -1 -1 -1 -1 -1
2014-05-21T15:00:00Z 112 238 39 33 1 239 86.000000 58.950000 0.400000 0.000000 -1.000000 11.000000 160.000000 135 153 44 25 1 238 112 238 39 33 1 239 116 211 37 46 2 242 127 226 53 33 1 233
2014-05-21T14:00:00Z 110 225 60 34 1 189 86.180000 54.090000 0.340000 0.040000 1003.970000 7.780000 196.000000 114 150 31 24 1 228 110 225 60 34 1 189 110 197 49 41 1 210 125 210 67 27 1 178
2014-05-21T13:00:00Z 108 190 72 33 1 145 84.330000 56.960000 0.390000 0.000000 1003.970000 7.780000 196.000000 110 140 25 22 1 204 108 190 72 33 1 145 100 185 66 36 1 154 106 168 64 27 1 149
2014-05-21T12:00:00Z 108 190 72 33 1 145 82.330000 55.140000 0.390000 0.000000 1003.970000 7.780000 196.000000 -1 -1 -1 -1 -1 -1 -1 -1 -1 -1 -1 -1 -1 -1 -1 -1 -1 -1 -1 -1 -1 -1 -1 -1
2014-05-21T11:00:00Z 101 159 66 30 1 97 81.060000 56.020000 0.420000 0.000000 1006.090000 3.420000 119.000000 100 142 31 28 1 137 101 159 66 30 1 97 91 142 72 38 1 92 101 145 57 29 1 96
2014-05-21T10:00:00Z 92 140 49 31 1 96 77.000000 54.450000 0.460000 0.000000 1006.090000 4.000000 120.000000 104 140 32 29 1 110 92 140 49 31 1 96 93 137 62 42 1 85 102 167 62 28 1 65
2014-05-25T04:00:00Z 111 -1 32 2 0 26 66.000000 63.910000 0.930000 0.000000 -1.000000 2.060000 126.000000 92 -1 49 2 2 5 111 -1 32 2 0 26 122 -1 40 2 1 37 113 -1 27 2 0 38
2014-05-25T03:00:00Z 103 -1 35 2 0 34 66.000000 64.030000 0.930000 0.000000 -1.000000 3.870000 159.000000 88 -1 41 2 1 10 103 -1 35 2 0 34 104 -1 24 2 1 49 102 -1 42 2 1 24
2014-05-25T02:00:00Z 101 -1 42 2 0 34 66.000000 62.950000 0.900000 0.000000 1008.640000 3.280000 150.000000 95 -1 39 2 1 18 101 -1 42 2 0 34 96 -1 34 2 1 42 102 -1 55 3 1 13
2014-05-25T01:00:00Z 95 -1 42 2 0 42 66.000000 63.910000 0.930000 0.000000 1008.640000 4.000000 130.000000 88 -1 36 2 1 27 95 -1 42 2 0 42 88 -1 31 2 1 54 98 -1 48 2 1 18
2014-05-25T00:00:00Z 108 -1 45 2 0 36 66.110000 63.920000 0.930000 0.000000 1008.640000 3.920000 128.000000 84 -1 31 2 0 38 108 -1 45 2 0 36 80 -1 24 2 0 71 100 -1 39 2 0 38
2014-05-24T23:00:00Z 109 -1 55 2 0 21 66.110000 63.920000 0.930000 0.000000 1009.200000 6.820000 119.000000 80 -1 30 2 0 47 109 -1 55 2 0 21 87 -1 26 2 1 68 94 -1 40 2 0 45
2014-05-30T09:00:00Z 90 184 72 58 3 181 89.780000 54.120000 0.300000 -1.000000 -1.000000 16.000000 130.000000 64 124 81 50 2 108 90 184 72 58 3 181 94 186 79 95 3 148 79 -1 104 69 2 78
2014-05-30T08:00:00Z 88 186 83 47 2 138 86.420000 53.790000 0.330000 0.710000 1006.120000 3.320000 94.000000 68 130 115 29 1 34 88 186 83 47 2 138 94 177 71 68 3 151 58 -1 102 37 2 37
2014-05-30T07:00:00Z 88 186 83 47 2 138 81.940000 51.660000 0.350000 0.000000 1006.120000 3.830000 19.000000 -1 -1 -1 -1 -1 -1 -1 -1 -1 -1 -1 -1 -1 -1 -1 -1 -1 -1 -1 -1 -1 -1 -1 -1
2014-05-30T06:00:00Z 75 179 65 34 2 101 75.110000 54.940000 0.500000 0.000000 1006.120000 3.330000 347.000000 41 109 37 19 1 92 75 179 65 34 2 101 91 206 83 48 2 90 50 -1 107 20 1 10
2014-05-30T05:00:00Z 90 206 75 22 1 81 68.880000 53.130000 0.570000 0.000000 1004.400000 2.880000 26.000000 37 55 32 14 0 84 90 206 75 22 1 81 106 185 70 52 2 98 55 -1 -1 13 0 2
2014-05-30T04:00:00Z 72 194 92 13 1 47 70.280000 52.240000 0.530000 0.000000 1004.400000 6.460000 4.000000 38 80 67 13 0 44 72 194 92 13 1 47 106 202 52 39 2 129 99 -1 114 20 1 5
2014-06-25T14:00:00Z -1 5 27 25 0 -1 77.420000 66.470000 0.690000 0.160000 1004.030000 9.560000 191.000000 119 132 43 11 1 179 -1 5 27 25 0 -1 103 112 53 6 1 125 106 -1 30 10 0 158
2014-06-25T13:00:00Z 101 108 23 2 1 140 80.780000 68.240000 0.660000 0.000000 1004.030000 8.120000 180.000000 127 152 50 19 1 162 101 108 23 2 1 140 98 116 43 7 1 134 104 -1 39 13 0 141
2014-06-25T12:00:00Z 101 108 23 2 1 140 80.780000 65.950000 0.610000 0.000000 1004.030000 8.400000 140.000000 -1 -1 -1 -1 -1 -1 -1 -1 -1 -1 -1 -1 -1 -1 -1 -1 -1 -1 -1 -1 -1 -1 -1 -1
2014-06-25T11:00:00Z 101 108 23 2 1 140 79.750000 65.720000 0.620000 0.960000 1004.040000 5.640000 181.000000 -1 -1 -1 -1 -1 -1 -1 -1 -1 -1 -1 -1 -1 -1 -1 -1 -1 -1 -1 -1 -1 -1 -1 -1
2014-06-25T10:00:00Z 106 146 40 2 1 64 80.550000 64.030000 0.570000 0.960000 1004.040000 7.000000 340.000000 88 98 42 25 1 97 106 146 40 2 1 64 92 155 95 21 1 41 111 -1 89 18 1 33
2014-06-25T09:00:00Z 102 156 59 2 1 51 78.890000 63.860000 0.600000 0.000000 1004.040000 2.000000 280.000000 92 103 41 24 1 83 102 156 59 2 1 51 88 124 86 23 1 42 109 -1 90 13 1 21
2014-07-02T21:00:00Z 100 123 44 2 1 89 75.000000 69.940000 0.840000 0.000000 -1.000000 4.160000 139.000000 97 -1 24 2 1 102 100 123 44 2 1 89 116 129 42 2 1 79 119 -1 40 2 0 81
2014-07-02T20:00:00Z 104 120 39 2 1 113 75.020000 69.310000 0.820000 0.930000 1002.080000 6.190000 113.000000 80 -1 26 2 1 114 104 120 39 2 1 113 105 119 33 2 1 99 100 -1 59 3 0 77
2014-07-02T19:00:00Z 90 105 31 2 1 129 75.000000 71.860000 0.900000 0.000000 1002.080000 2.110000 90.000000 83 -1 32 2 1 127 90 105 31 2 1 129 83 89 34 2 1 119 89 -1 55 2 0 96
2014-07-02T18:00:00Z 70 105 25 2 0 134 76.890000 70.090000 0.800000 0.000000 1002.080000 7.000000 150.000000 86 -1 26 2 0 142 70 -1 25 2 0 134 88 -1 45 2 1 128 84 -1 55 2 0 96
2014-07-02T17:00:00Z 70 105 25 2 0 134 77.390000 70.940000 0.810000 0.720000 1000.730000 3.990000 174.000000 -1 -1 -1 -1 -1 -1 -1 -1 -1 -1 -1 -1 -1 -1 -1 -1 -1 -1 -1 -1 -1 -1 -1 -1
2014-07-02T16:00:00Z 66 105 20 2 0 138 78.670000 69.770000 0.740000 0.720000 1000.730000 3.990000 174.000000 71 -1 25 2 0 134 66 -1 20 2 0 138 65 72 40 2 1 135 78 -1 51 2 1 86
2014-07-27T06:00:00Z 106 214 77 10 0 23 75.110000 64.110000 0.690000 0.000000 -1.000000 1.960000 132.000000 -1 98 30 4 0 88 106 214 77 10 0 23 108 161 54 10 1 58 113 -1 49 8 0 63
2014-07-27T05:00:00Z 107 209 77 11 0 27 74.130000 62.880000 0.680000 0.000000 1010.070000 3.420000 96.000000 -1 99 26 5 0 97 107 209 77 11 0 27 104 146 46 16 1 83 108 -1 42 12 0 83
2014-07-27T04:00:00Z 98 188 76 13 0 34 75.110000 62.860000 0.660000 0.000000 1010.070000 6.540000 91.000000 -1 101 29 6 0 98 98 188 76 13 0 34 92 124 40 22 1 101 100 -1 42 16 0 92
2014-07-27T03:00:00Z 90 167 53 14 0 66 77.000000 61.180000 0.580000 0.000000 1010.070000 3.890000 143.000000 -1 132 39 7 0 87 90 167 53 14 0 66 81 113 40 25 1 110 94 -1 45 16 0 98
2014-07-27T02:00:00Z 84 152 51 13 0 76 78.050000 59.870000 0.540000 0.000000 1009.840000 5.910000 145.000000 -1 131 36 8 0 100 84 152 51 13 0 76 74 96 32 18 0 126 85 -1 48 12 0 92
2014-07-27T01:00:00Z 84 152 51 13 0 76 80.890000 61.260000 0.510000 0.000000 1009.840000 6.690000 152.000000 -1 -1 -1 -1 -1 -1 -1 -1 -1 -1 -1 -1 -1 -1 -1 -1 -1 -1 -1 -1 -1 -1 -1 -1
2014-07-30T08:00:00Z 99 -1 30 2 1 98 74.770000 70.850000 0.880000 0.980000 1005.400000 1.360000 22.000000 50 -1 17 2 0 82 99 -1 30 2 1 98 120 -1 42 2 1 74 114 -1 31 2 1 79
2014-07-30T07:00:00Z 99 -1 30 2 1 98 73.450000 72.150000 0.960000 0.000000 1005.400000 9.000000 100.000000 -1 -1 -1 -1 -1 -1 -1 -1 -1 -1 -1 -1 -1 -1 -1 -1 -1 -1 -1 -1 -1 -1 -1 -1
2014-07-30T06:00:00Z 62 -1 19 2 0 97 73.330000 72.170000 0.960000 0.000000 1005.400000 3.900000 7.000000 69 -1 10 2 0 121 62 -1 19 2 0 97 72 -1 26 2 0 93 116 -1 24 2 0 92
2014-07-30T05:00:00Z 60 -1 21 2 0 78 72.610000 71.170000 0.950000 0.000000 1003.890000 5.720000 14.000000 55 -1 10 2 0 126 60 -1 21 2 0 78 44 -1 23 2 0 94 98 -1 17 2 0 88
2014-07-30T04:00:00Z 60 -1 21 2 0 78 73.330000 72.170000 0.960000 0.000000 1003.890000 7.000000 120.000000 -1 -1 -1 -1 -1 -1 -1 -1 -1 -1 -1 -1 32 -1 16 2 0 98 -1 -1 -1 -1 -1 -1
2014-07-30T03:00:00Z 46 -1 25 2 0 67 73.330000 70.070000 0.900000 0.000000 1003.890000 7.000000 170.000000 70 -1 12 2 0 127 46 -1 25 2 0 67 30 -1 14 2 0 128 38 -1 13 2 0 111
2014-08-20T02:00:00Z 110 183 66 4 1 46 72.530000 65.370000 0.780000 0.000000 1009.830000 1.710000 122.000000 80 97 24 4 0 123 110 183 66 4 1 46 74 100 36 7 1 87 88 135 42 3 0 85
2014-08-20T01:00:00Z 110 183 66 4 1 46 75.110000 66.030000 0.730000 0.000000 1009.830000 3.750000 143.000000 -1 -1 -1 -1 -1 -1 -1 -1 -1 -1 -1 -1 -1 -1 -1 -1 -1 -1 -1 -1 -1 -1 -1 -1
2014-08-20T00:00:00Z 104 183 53 6 1 92 75.110000 66.030000 0.730000 0.000000 1009.830000 2.000000 220.000000 92 131 34 3 0 129 104 -1 53 6 1 92 75 93 38 10 1 110 86 142 42 3 0 111
2014-08-19T23:00:00Z 102 189 54 4 1 109 77.110000 65.930000 0.680000 0.000000 1010.400000 3.920000 162.000000 92 143 40 3 1 138 102 189 54 4 1 109 81 109 40 10 1 123 84 137 41 5 0 129
2014-08-19T22:00:00Z 98 172 46 5 1 138 77.110000 65.880000 0.680000 0.000000 1010.400000 3.890000 163.000000 85 141 40 4 0 162 98 172 46 5 1 138 77 98 38 10 1 142 89 142 44 4 0 136
2014-08-19T21:00:00Z 90 174 38 4 1 172 79.110000 66.040000 0.640000 0.000000 1010.400000 4.040000 164.000000 75 132 38 4 0 174 90 174 38 4 1 172 80 134 36 8 1 155 86 138 46 3 0 146
2014-08-30T03:00:00Z 73 120 68 3 1 32 70.170000 67.890000 0.920000 0.000000 -1.000000 4.000000 120.000000 90 105 95 5 1 33 73 120 68 3 1 32 92 110 91 2 1 18 -1 237 122 2 2 2
2014-08-30T02:00:00Z 75 155 85 2 1 23 71.320000 67.030000 0.860000 0.000000 1015.800000 3.330000 77.000000 87 -1 26 5 1 97 75 155 85 2 1 23 89 105 77 2 1 34 115 159 131 2 1 2
2014-08-30T01:00:00Z 75 155 85 2 1 23 72.060000 67.910000 0.870000 0.000000 1015.800000 3.820000 63.000000 -1 -1 -1 -1 -1 -1 -1 -1 -1 -1 -1 -1 -1 -1 -1 -1 -1 -1 -1 -1 -1 -1 -1 -1
2014-08-30T00:00:00Z 87 146 75 3 1 47 73.000000 69.890000 0.900000 0.000000 1015.800000 3.860000 71.000000 72 -1 26 2 0 106 87 146 75 3 1 47 88 115 81 2 1 46 125 164 95 2 0 36
2014-08-29T23:00:00Z 88 139 68 3 1 65 73.110000 69.890000 0.900000 0.000000 1015.800000 3.830000 71.000000 78 81 31 2 1 108 88 139 68 3 1 65 80 96 57 2 1 84 124 159 94 2 1 41
2014-08-29T22:00:00Z 81 164 93 4 1 46 73.110000 69.890000 0.900000 0.000000 1015.800000 1.960000 158.000000 67 72 36 2 0 113 81 164 93 4 1 46 92 122 81 2 1 70 122 163 96 2 1 49
2014-09-05T20:00:00Z 93 168 48 4 1 150 76.160000 68.550000 0.770000 0.030000 1010.340000 6.660000 144.000000 106 149 24 7 1 189 93 168 48 4 1 150 124 200 44 6 1 181 126 249 54 7 1 160
2014-09-05T19:00:00Z 93 168 48 4 1 150 76.890000 68.060000 0.740000 0.000000 1010.340000 4.160000 131.000000 -1 -1 -1 -1 -1 -1 -1 -1 -1 -1 -1 -1 -1 -1 -1 -1 -1 -1 -1 -1 -1 -1 -1 -1
2014-09-05T18:00:00Z 68 127 29 6 0 199 78.890000 67.950000 0.690000 0.000000 1010.340000 4.280000 120.000000 104 157 21 8 1 240 68 127 29 6 0 199 72 107 29 7 1 186 76 117 38 8 0 175
2014-09-05T17:00:00Z 61 124 30 7 0 199 81.820000 66.570000 0.600000 0.040000 1008.770000 7.470000 130.000000 103 138 18 10 1 272 61 124 30 7 0 199 72 94 21 9 0 201 76 118 23 9 0 182
2014-09-05T16:00:00Z 66 124 27 8 0 210 83.890000 68.000000 0.590000 0.000000 1008.770000 7.190000 142.000000 116 170 21 12 1 283 66 124 27 8 0 210 68 94 21 10 1 209 77 106 2 11 0 203
2014-09-05T15:00:00Z 66 124 27 8 0 210 84.000000 65.950000 0.550000 0.000000 1008.770000 9.030000 132.000000 -1 -1 -1 -1 -1 -1 -1 -1 -1 -1 -1 -1 -1 -1 -1 -1 -1 -1 -1 -1 -1 -1 -1 -1
2014-09-22T09:00:00Z 85 94 67 7 2 -1 68.390000 63.170000 0.830000 0.000000 -1.000000 9.000000 130.000000 79 94 38 13 1 35 85 94 67 7 2 -1 101 145 82 9 3 9 102 138 84 9 3 4
2014-09-22T08:00:00Z 85 94 67 7 2 -1 67.220000 62.460000 0.850000 0.910000 1019.300000 1.930000 71.000000 -1 -1 -1 -1 -1 -1 -1 -1 -1 -1 -1 -1 -1 -1 -1 -1 -1 -1 -1 -1 -1 -1 -1 -1
2014-09-22T07:00:00Z 70 94 67 6 1 -1 68.000000 61.060000 0.790000 0.000000 1019.300000 1.980000 88.000000 84 90 34 11 1 33 70 -1 -1 6 1 -1 79 -1 63 6 2 18 87 92 62 6 2 11
2014-09-22T06:00:00Z 76 87 67 6 1 -1 68.000000 61.000000 0.780000 0.000000 1019.300000 2.000000 60.000000 69 -1 21 9 1 53 76 87 -1 6 1 -1 71 -1 50 4 1 26 74 -1 47 5 1 24
2014-09-22T05:00:00Z 83 89 67 5 1 -1 66.790000 60.640000 0.810000 0.000000 1018.220000 3.660000 96.000000 62 -1 18 8 0 60 83 89 -1 5 1 -1 72 -1 51 5 0 25 73 -1 37 5 0 30
2014-09-22T04:00:00Z 102 118 67 4 0 -1 68.000000 61.000000 0.780000 0.000000 1018.220000 2.000000 90.000000 84 86 26 9 1 51 102 118 -1 4 0 -1 72 -1 73 6 1 18 78 -1 54 7 0 16
2014-09-25T09:00:00Z 105 123 62 2 1 -1 61.870000 58.190000 0.880000 0.190000 1018.600000 0.860000 92.000000 51 -1 40 4 0 5 105 123 62 2 1 -1 128 -1 74 2 1 4 113 119 74 6 1 2
2014-09-25T08:00:00Z 67 108 56 2 1 -1 60.080000 57.410000 0.910000 0.000000 1018.710000 1.470000 75.000000 52 56 35 2 0 6 67 108 56 2 1 -1 99 126 68 2 1 3 88 140 68 6 1 2
2014-09-25T07:00:00Z 67 108 56 2 1 -1 58.070000 55.700000 0.920000 0.000000 1018.640000 1.280000 66.000000 -1 -1 -1 -1 -1 -1 -1 -1 -1 -1 -1 -1 -1 -1 -1 -1 -1 -1 -1 -1 -1 -1 -1 -1
2014-09-25T06:00:00Z 73 91 53 2 1 -1 55.560000 54.390000 0.960000 0.000000 1018.300000 0.130000 99.000000 52 -1 31 2 0 6 73 91 53 2 1 -1 83 88 42 2 1 2 68 96 70 7 1 2
2014-09-25T05:00:00Z 69 79 53 2 1 -1 53.100000 52.250000 0.970000 0.010000 1017.600000 0.140000 105.000000 46 -1 31 2 0 6 69 79 53 2 1 -1 80 -1 46 2 1 2 75 -1 68 7 1 2
2014-09-25T04:00:00Z 92 115 59 2 1 -1 53.200000 51.950000 0.950000 0.000000 1017.850000 0.630000 201.000000 52 -1 35 2 0 5 92 115 59 2 1 -1 72 -1 55 2 1 2 79 -1 62 6 1 2
2014-09-26T08:00:00Z 107 116 60 7 1 -1 61.120000 57.910000 0.890000 0.140000 1011.740000 5.030000 144.000000 109 -1 54 6 1 11 107 116 60 7 1 -1 122 -1 66 5 1 8 115 -1 80 8 1 2
2014-09-26T07:00:00Z 101 117 64 5 1 -1 59.470000 56.920000 0.910000 0.170000 1012.150000 3.570000 146.000000 105 -1 54 5 1 9 101 117 64 5 1 -1 111 -1 68 3 1 6 101 -1 74 8 1 2
2014-09-26T06:00:00Z 97 117 65 4 1 -1 57.900000 56.070000 0.940000 0.170000 1012.120000 4.070000 140.000000 96 -1 52 6 1 13 97 -1 65 4 1 -1 105 -1 66 3 1 6 104 -1 56 6 1 13
2014-09-26T05:00:00Z 92 117 52 4 0 -1 57.110000 55.390000 0.940000 0.170000 1012.100000 2.900000 144.000000 77 -1 35 6 1 36 92 -1 52 4 0 -1 109 -1 53 4 1 20 105 -1 46 7 1 21
2014-09-26T04:00:00Z 88 96 58 4 0 -1 57.380000 55.640000 0.940000 0.140000 1012.560000 2.420000 169.000000 77 -1 37 7 1 41 88 96 58 4 0 -1 102 -1 52 3 1 28 95 -1 41 8 0 26
2014-09-26T03:00:00Z 92 96 60 4 0 -1 57.690000 55.950000 0.940000 0.110000 1012.990000 2.410000 187.000000 89 -1 53 6 1 27 92 -1 60 4 0 -1 86 -1 55 3 1 31 82 -1 36 6 0 37
2014-10-03T10:00:00Z 65 112 51 5 1 3 56.010000 47.260000 0.720000 0.530000 1018.570000 2.570000 129.000000 55 78 34 2 1 9 65 112 51 5 1 3 77 -1 56 3 1 2 51 75 41 5 0 2
2014-10-03T09:00:00Z 65 112 51 5 1 3 53.720000 46.180000 0.760000 0.530000 1018.970000 1.400000 101.000000 55 78 34 2 1 9 65 112 51 5 1 3 77 -1 56 3 1 2 51 75 41 5 0 2
2014-10-03T08:00:00Z 64 84 51 4 1 4 51.770000 45.410000 0.790000 0.000000 1019.130000 1.210000 55.000000 36 63 32 2 0 3 64 84 51 4 1 4 -1 -1 65 3 2 2 54 66 43 5 0 2
2014-10-03T07:00:00Z 71 80 52 5 1 3 50.160000 44.960000 0.820000 0.030000 1018.970000 1.230000 49.000000 36 54 22 2 0 15 71 80 52 5 1 3 153 -1 70 2 2 2 54 65 49 6 1 2
2014-10-03T06:00:00Z 73 85 56 6 1 2 48.780000 44.740000 0.860000 0.030000 1018.600000 1.150000 61.000000 32 34 22 2 0 17 73 85 56 6 1 2 145 -1 71 2 2 2 82 90 59 6 1 2
2014-10-03T05:00:00Z 73 85 56 6 1 2 48.070000 44.720000 0.880000 0.030000 1018.260000 1.180000 75.000000 -1 -1 -1 -1 -1 -1 -1 -1 -1 -1 -1 -1 -1 -1 -1 -1 -1 -1 -1 -1 -1 -1 -1 -1
2014-10-07T13:00:00Z 85 113 58 12 0 80 65.890000 46.420000 0.490000 0.000000 1018.710000 4.770000 141.000000 87 113 34 14 1 99 85 113 58 12 0 80 116 154 96 20 1 51 110 142 91 18 1 30
2014-10-07T12:00:00Z 77 117 72 10 0 42 63.580000 45.620000 0.520000 0.010000 1019.380000 4.280000 138.000000 85 109 42 13 1 79 77 117 72 10 0 42 78 132 86 16 1 33 97 136 74 16 1 23
2014-10-07T11:00:00Z 70 122 66 8 0 18 60.690000 44.810000 0.560000 0.010000 1020.050000 0.700000 109.000000 84 122 67 7 0 18 70 122 66 8 0 18 57 77 62 9 1 24 66 98 53 11 0 20
2014-10-07T10:00:00Z 70 122 66 8 0 18 57.580000 43.860000 0.600000 0.010000 1020.640000 0.530000 11.000000 84 122 67 7 0 18 70 122 66 8 0 18 57 77 62 9 1 24 66 98 53 11 0 20
2014-10-07T09:00:00Z 70 122 66 8 0 18 54.450000 42.770000 0.650000 0.010000 1021.150000 1.020000 356.000000 -1 -1 -1 -1 -1 -1 -1 -1 -1 -1 -1 -1 -1 -1 -1 -1 -1 -1 -1 -1 -1 -1 -1 -1
2014-10-07T08:00:00Z 70 122 66 8 0 18 51.770000 41.890000 0.690000 0.010000 1021.420000 1.290000 350.000000 -1 -1 -1 -1 -1 -1 -1 -1 -1 -1 -1 -1 -1 -1 -1 -1 -1 -1 -1 -1 -1 -1 -1 -1
