2013-12-26T10:00:00Z 16 -1 12 12 0 -1 29.890000 -9.550000 0.170000 -1.000000 -1.000000 18.040000 321.000000 14 28 30 25 0 37 11 21 22 16 0 48 10 43 28 8 0 44 4 6 15 4 0 66
2013-12-26T09:00:00Z 21 25 18 12 0 -1 26.930000 -8.720000 0.200000 -1.000000 -1.000000 13.280000 321.000000 12 24 36 25 0 32 10 35 25 17 0 43 9 29 32 11 0 40 6 6 18 4 0 64
2013-12-26T08:00:00Z 19 25 20 11 0 -1 23.670000 -8.600000 0.230000 -1.000000 1036.470000 15.330000 338.000000 12 25 41 22 0 27 6 16 24 16 0 44 7 19 29 8 0 42 3 6 16 5 0 65
2013-12-26T07:00:00Z 18 25 15 11 0 -1 21.000000 -9.240000 0.250000 -1.000000 1036.470000 13.180000 340.000000 12 22 26 14 0 42 8 15 25 17 0 42 5 24 20 7 0 52 5 6 12 4 0 69
2013-12-26T06:00:00Z 19 25 7 10 0 -1 22.930000 -9.270000 0.230000 -1.000000 1036.470000 18.070000 330.000000 8 22 34 19 0 32 7 13 20 13 0 46 5 6 14 7 0 57 3 6 7 4 0 74
2013-12-26T05:00:00Z 19 25 9 11 0 -1 22.020000 -8.160000 0.250000 -1.000000 1034.440000 19.050000 328.000000 5 26 27 13 0 40 5 18 15 9 0 51 4 8 12 7 0 59 3 6 5 4 0 75
2014-01-03T01:00:00Z 174 181 160 51 3 -1 31.860000 16.290000 0.520000 0.000000 -1.000000 2.000000 0.000000 37 54 34 36 0 40 166 219 107 112 3 1 147 200 112 115 3 1 20 67 15 19 2 62
2014-01-03T00:00:00Z 216 254 164 48 5 -1 31.930000 18.320000 0.570000 0.000000 -1.000000 3.910000 339.000000 92 98 65 76 1 20 197 291 120 138 4 1 168 233 128 127 4 1 81 97 56 43 3 36
2014-01-02T23:00:00Z 209 243 169 51 5 -1 33.930000 18.120000 0.520000 0.000000 1018.100000 10.670000 350.000000 133 201 91 79 3 10 197 299 134 140 5 1 170 252 130 -1 4 1 160 213 139 79 7 16
2014-01-02T22:00:00Z 213 249 176 52 5 -1 32.070000 19.070000 0.580000 0.000000 1018.100000 2.050000 358.000000 126 161 94 84 3 8 180 265 127 146 4 1 168 255 129 146 4 1 156 214 151 88 7 16
2014-01-02T21:00:00Z 200 262 179 47 5 -1 32.070000 18.360000 0.560000 0.000000 1018.100000 1.930000 38.000000 118 151 90 79 2 8 181 253 127 123 4 1 154 239 131 90 4 1 163 224 144 86 7 16
2014-01-02T20:00:00Z 195 266 184 46 5 -1 31.900000 17.850000 0.560000 0.010000 1017.200000 1.990000 296.000000 124 156 90 83 2 10 159 239 126 86 4 1 148 232 131 90 4 1 157 227 149 99 6 15
2014-01-11T05:00:00Z 132 182 92 118 5 -1 9.690000 -2.850000 0.560000 0.000000 1032.400000 6.090000 2.000000 96 125 77 73 4 7 113 210 81 75 2 1 177 -1 102 83 4 1 118 140 106 85 5 17
2014-01-11T04:00:00Z 147 189 98 136 5 -1 14.180000 -2.950000 0.460000 0.000000 1032.400000 2.000000 180.000000 96 118 77 71 3 6 156 224 101 101 4 1 182 251 115 110 5 1 126 174 -1 75 3 16
2014-01-11T03:00:00Z 181 189 118 136 6 -1 14.470000 -1.240000 0.490000 0.000000 1032.400000 3.700000 7.000000 113 127 69 79 3 8 -1 -1 120 116 6 1 149 212 109 98 5 1 62 87 86 41 2 4
2014-01-11T02:00:00Z 150 189 117 115 6 -1 14.340000 -1.250000 0.490000 0.000000 1032.490000 1.600000 1.000000 107 132 69 65 3 7 148 -1 -1 97 4 1 90 132 99 49 2 1 60 74 73 44 2 6
2014-01-11T01:00:00Z 149 189 117 101 4 -1 16.320000 -1.220000 0.450000 0.000000 1032.490000 1.920000 358.000000 98 116 67 69 3 10 104 192 109 61 2 1 91 141 104 55 2 1 69 93 77 57 2 10
2014-01-11T00:00:00Z 142 189 108 102 4 -1 18.360000 9.920000 0.690000 0.000000 1032.490000 1.680000 60.000000 45 53 47 47 1 14 98 -1 111 66 2 1 99 148 106 63 2 1 83 102 84 60 3 10
2014-01-15T07:00:00Z 121 146 89 96 5 -1 17.930000 17.930000 1.000000 0.000000 -1.000000 3.860000 340.000000 -1 -1 100 98 6 9 49 -1 66 56 1 1 67 75 75 54 2 1 94 96 96 69 4 14
2014-01-15T06:00:00Z 145 168 98 102 6 -1 14.140000 1.490000 0.560000 0.000000 -1.000000 2.000000 170.000000 -1 -1 93 68 7 9 69 143 71 58 1 1 78 90 78 61 2 1 109 117 105 63 5 15
2014-01-15T05:00:00Z 149 186 102 96 6 -1 15.490000 7.340000 0.700000 0.000000 1033.220000 1.530000 74.000000 130 171 85 60 5 9 72 96 70 71 1 1 138 171 97 101 3 1 114 122 103 52 5 15
2014-01-15T04:00:00Z 162 215 109 108 6 -1 16.070000 14.170000 0.920000 0.000000 1033.220000 3.810000 329.000000 117 149 -1 56 4 9 78 -1 -1 44 1 1 143 179 -1 109 4 1 119 142 -1 54 4 13
2014-01-15T03:00:00Z 148 185 108 103 5 -1 14.180000 1.580000 0.560000 0.000000 1033.220000 3.720000 339.000000 107 144 76 61 4 9 -1 211 88 108 4 1 133 167 111 106 3 1 78 82 75 37 3 13
2014-01-15T02:00:00Z 134 188 103 83 5 -1 14.160000 1.540000 0.560000 0.000000 1034.110000 3.400000 12.000000 68 97 64 43 1 6 -1 -1 104 121 4 1 124 158 108 -1 3 1 83 -1 79 42 3 13
2014-01-24T15:00:00Z 139 154 140 80 3 2 49.680000 -6.800000 0.090000 0.000000 -1.000000 8.820000 20.000000 23 32 28 37 0 46 76 92 61 38 1 18 -1 96 40 30 1 11 134 146 110 69 3 18
2014-01-24T14:00:00Z 198 238 151 106 4 1 48.510000 -1.240000 0.120000 0.960000 1017.160000 8.330000 13.000000 59 -1 35 35 0 38 91 -1 71 55 1 11 -1 -1 -1 -1 -1 -1 170 182 125 96 4 18
2014-01-24T13:00:00Z 199 207 142 120 4 1 47.680000 25.730000 0.420000 0.000000 1017.160000 9.070000 0.000000 231 -1 106 130 3 6 152 166 97 91 2 1 -1 -1 -1 -1 -1 -1 184 -1 129 118 4 16
2014-01-24T12:00:00Z 242 256 152 163 5 1 42.780000 5.520000 0.210000 0.000000 1017.160000 10.990000 350.000000 292 297 126 142 5 5 162 174 94 94 2 1 178 -1 107 88 3 1 197 -1 129 137 4 16
2014-01-24T11:00:00Z 252 290 150 156 5 1 40.410000 4.470000 0.220000 0.100000 1018.910000 6.400000 354.000000 290 300 130 154 5 5 188 198 93 106 3 1 183 192 102 98 3 1 225 229 136 153 4 16
2014-01-24T10:00:00Z 242 274 146 150 5 1 36.890000 6.080000 0.270000 0.000000 1018.910000 2.000000 320.000000 301 310 129 171 6 4 180 188 94 100 3 1 196 -1 106 106 3 1 227 239 136 131 6 18
2014-01-27T14:00:00Z 176 194 136 151 2 13 44.920000 10.810000 0.250000 0.010000 1016.560000 5.680000 49.000000 187 194 79 108 2 30 146 166 84 124 2 17 163 177 97 110 2 18 148 148 79 114 2 40
2014-01-27T13:00:00Z 154 176 109 116 2 12 43.000000 10.030000 0.250000 0.000000 1016.560000 7.000000 270.000000 178 188 81 109 2 21 147 159 82 128 2 12 161 165 86 112 2 16 134 -1 76 105 2 36
2014-01-27T12:00:00Z 154 159 94 113 2 10 41.000000 12.270000 0.300000 0.000000 1016.560000 7.000000 270.000000 176 186 72 104 2 18 133 149 75 126 2 8 151 166 83 105 2 9 135 -1 87 105 2 25
2014-01-27T11:00:00Z 147 159 98 99 2 4 36.360000 12.330000 0.370000 0.000000 1018.080000 6.340000 332.000000 167 175 73 88 2 13 136 162 79 112 2 1 142 169 85 99 2 1 141 148 101 99 4 17
2014-01-27T10:00:00Z 127 154 99 89 3 1 34.110000 14.040000 0.430000 0.000000 1018.080000 9.000000 220.000000 150 155 65 109 2 9 133 154 77 106 2 1 124 144 78 94 2 1 126 133 90 72 4 15
2014-01-27T09:00:00Z 118 156 97 80 3 1 28.220000 18.190000 0.660000 0.000000 1018.080000 6.660000 359.000000 131 135 68 84 2 6 121 148 78 105 2 1 113 140 81 94 2 1 114 -1 68 58 2 14
2014-01-30T03:00:00Z 155 -1 106 79 3 1 27.000000 7.800000 0.440000 0.000000 -1.000000 2.000000 350.000000 42 53 21 29 1 45 89 -1 36 48 1 17 112 -1 82 92 1 1 9 -1 3 9 0 86
2014-01-30T02:00:00Z 172 181 109 95 2 1 23.800000 12.010000 0.600000 0.000000 1015.480000 1.220000 32.000000 190 205 70 80 5 11 170 179 75 100 3 1 159 166 110 155 2 1 60 -1 38 49 1 51
2014-01-30T01:00:00Z 176 187 111 114 2 1 25.110000 14.290000 0.630000 0.000000 1015.480000 4.000000 310.000000 182 205 73 80 4 10 187 198 92 122 3 1 181 186 114 111 3 1 188 -1 100 77 4 13
2014-01-30T00:00:00Z 178 194 118 119 2 1 27.110000 14.360000 0.580000 0.000000 1015.480000 4.000000 320.000000 166 204 74 82 3 9 207 220 97 138 3 1 186 202 118 112 3 1 189 189 105 85 4 12
2014-01-29T23:00:00Z 211 224 126 123 3 1 28.070000 16.380000 0.610000 0.000000 1014.100000 3.810000 88.000000 162 196 74 89 3 8 208 224 96 142 3 1 197 208 123 101 3 1 199 203 111 88 4 12
2014-01-29T22:00:00Z 218 228 136 125 4 1 28.070000 16.380000 0.610000 0.000000 1014.100000 2.150000 357.000000 147 176 75 98 2 8 216 231 105 141 3 1 193 216 131 111 3 1 181 192 117 86 3 12
2014-01-31T07:00:00Z 125 144 79 68 1 6 25.000000 18.020000 0.740000 0.000000 -1.000000 4.090000 1.000000 122 171 42 63 1 18 93 118 58 72 1 3 99 121 52 60 1 5 136 161 65 52 2 10
2014-01-31T06:00:00Z 123 151 80 68 1 3 25.000000 16.150000 0.690000 0.000000 -1.000000 4.110000 20.000000 124 169 47 61 1 14 117 140 58 76 1 3 114 141 52 66 1 4 176 200 68 52 2 7
2014-01-31T05:00:00Z 171 206 84 69 1 1 24.270000 17.450000 0.750000 0.000000 1020.080000 2.120000 0.000000 148 198 53 56 1 9 121 148 54 80 1 6 169 203 57 60 2 1 241 273 64 49 2 7
2014-01-31T04:00:00Z 255 300 84 65 1 1 26.780000 16.280000 0.640000 0.000000 1020.080000 9.000000 350.000000 150 205 45 49 1 12 151 181 54 75 1 5 222 270 53 51 1 1 265 324 -1 48 1 8
2014-01-31T03:00:00Z 349 418 80 75 1 1 27.890000 18.360000 0.670000 0.000000 1020.080000 7.000000 40.000000 123 173 38 42 1 19 226 275 50 61 1 2 292 357 48 48 1 1 336 391 59 58 1 9
2014-01-31T02:00:00Z 254 326 76 51 1 3 27.750000 18.690000 0.680000 0.000000 1020.970000 6.410000 119.000000 133 190 33 42 0 24 289 359 49 68 1 1 240 296 37 39 1 9 461 559 64 77 1 8
2014-02-02T09:00:00Z 157 -1 89 60 2 2 42.750000 20.090000 0.400000 0.000000 -1.000000 17.460000 10.000000 47 155 18 41 0 60 120 -1 54 35 2 6 127 -1 68 52 2 4 147 -1 69 40 2 15
2014-02-02T08:00:00Z 166 167 89 30 3 1 36.490000 27.710000 0.700000 0.100000 1013.560000 10.130000 3.000000 133 153 48 43 2 22 136 138 58 28 2 1 156 158 70 25 2 1 149 151 64 19 3 6
2014-02-02T07:00:00Z 166 167 89 30 3 1 30.140000 27.070000 0.880000 0.000000 1013.560000 7.010000 8.000000 -1 -1 -1 -1 -1 -1 -1 -1 -1 -1 -1 -1 -1 -1 -1 -1 -1 -1 -1 -1 -1 -1 -1 -1
2014-02-02T06:00:00Z 174 167 84 34 3 1 32.140000 27.310000 0.820000 0.000000 1013.560000 8.770000 8.000000 136 155 60 32 2 4 151 153 54 24 2 1 168 171 63 25 2 1 166 167 55 25 3 8
2014-02-02T05:00:00Z 172 167 83 37 2 1 33.510000 27.550000 0.780000 0.000000 1011.570000 3.200000 2.000000 137 147 57 34 2 4 151 -1 50 25 2 1 170 170 62 23 2 1 166 -1 55 27 3 7
2014-02-02T04:00:00Z 169 170 84 38 2 1 36.000000 28.110000 0.730000 0.000000 1011.570000 3.950000 182.000000 123 132 -1 26 2 4 146 -1 -1 17 1 1 161 163 -1 24 2 1 154 158 55 25 3 7
2014-02-08T09:00:00Z 142 -1 82 48 2 4 25.070000 19.200000 0.780000 0.000000 -1.000000 3.900000 19.000000 61 -1 39 45 1 28 134 -1 58 52 2 2 -1 -1 -1 -1 -1 -1 132 -1 70 18 2 12
2014-02-08T08:00:00Z 140 -1 88 21 2 1 24.070000 19.410000 0.820000 0.050000 1026.730000 6.730000 344.000000 116 -1 61 31 2 8 128 -1 62 35 2 1 127 -1 77 38 2 1 128 -1 70 16 2 7
2014-02-08T07:00:00Z 139 -1 89 23 2 1 23.140000 18.880000 0.830000 0.050000 1026.730000 1.860000 70.000000 138 -1 66 30 2 4 127 -1 63 32 2 1 122 -1 77 37 2 1 130 -1 71 16 2 6
2014-02-08T06:00:00Z 150 -1 89 28 2 1 25.000000 19.130000 0.780000 0.050000 1026.730000 3.820000 71.000000 145 -1 65 28 2 4 120 -1 62 30 2 1 131 -1 77 39 2 1 134 -1 69 17 2 7
2014-02-08T05:00:00Z 156 -1 83 25 2 1 24.210000 18.150000 0.770000 0.050000 1024.830000 2.000000 223.000000 143 -1 63 29 2 5 116 -1 66 36 2 1 126 -1 77 36 2 1 129 -1 -1 15 1 10
2014-02-08T04:00:00Z 158 -1 83 20 2 1 25.000000 19.190000 0.780000 0.050000 1024.830000 1.920000 32.000000 136 -1 -1 30 2 6 112 -1 -1 14 1 1 124 -1 -1 18 2 1 105 -1 42 10 1 22
2014-02-17T02:00:00Z 138 -1 115 79 -1 6 29.620000 17.580000 0.600000 0.000000 1033.950000 1.370000 133.000000 253 -1 101 -1 3 6 123 -1 60 -1 1 15 106 -1 56 63 1 28 188 -1 102 87 2 13
2014-02-17T01:00:00Z 160 -1 125 79 2 4 31.860000 18.120000 0.560000 0.000000 1033.950000 4.050000 88.000000 248 -1 102 115 3 6 141 -1 78 71 1 7 137 -1 78 74 1 12 247 -1 111 97 3 13
2014-02-17T00:00:00Z 184 -1 131 78 2 6 31.930000 18.880000 0.580000 0.000000 1033.950000 3.880000 128.000000 247 -1 95 106 3 8 201 -1 99 81 2 1 163 -1 94 76 1 4 276 -1 110 102 4 16
2014-02-16T23:00:00Z 220 -1 140 85 2 2 33.860000 19.080000 0.540000 0.000000 1033.500000 3.780000 156.000000 283 -1 102 104 3 6 232 -1 100 73 2 1 189 -1 92 79 1 6 287 -1 108 103 4 17
2014-02-16T22:00:00Z 269 -1 145 86 3 1 35.780000 20.930000 0.540000 0.000000 1033.500000 3.780000 156.000000 298 -1 101 105 3 8 262 -1 104 77 2 1 248 -1 102 79 2 1 292 -1 105 93 3 20
2014-02-16T21:00:00Z 285 -1 150 87 3 2 33.860000 21.120000 0.590000 0.000000 1033.500000 3.830000 169.000000 275 314 113 104 4 7 268 -1 105 71 3 1 272 -1 112 84 3 1 302 -1 110 82 4 20
2014-03-04T05:00:00Z 117 -1 133 57 2 2 28.440000 21.040000 0.730000 0.000000 1025.070000 6.210000 354.000000 29 -1 26 15 0 7 40 -1 -1 12 0 23 68 -1 -1 50 1 13 85 -1 64 59 1 16
2014-03-04T04:00:00Z 244 258 150 85 4 2 30.220000 21.490000 0.700000 0.000000 1025.070000 4.080000 8.000000 44 -1 21 20 0 6 196 -1 86 68 2 2 143 -1 94 113 2 -1 187 -1 -1 88 2 8
2014-03-04T03:00:00Z 270 320 157 87 5 2 32.140000 19.350000 0.590000 0.000000 1025.070000 7.070000 0.000000 77 -1 33 38 1 5 261 305 86 76 3 2 251 272 107 90 -1 2 254 264 111 71 4 8
2014-03-04T02:00:00Z 270 330 162 107 4 2 32.150000 18.970000 0.580000 0.000000 1024.180000 7.060000 341.000000 245 264 80 86 4 3 265 309 88 97 4 2 256 315 108 -1 4 2 241 267 107 74 4 8
2014-03-04T01:00:00Z 262 323 163 115 4 2 36.040000 18.650000 0.490000 0.000000 1024.180000 7.070000 0.000000 250 287 83 87 3 3 274 329 109 134 4 2 240 320 108 99 4 2 236 273 103 80 3 7
2014-03-04T00:00:00Z 250 316 161 114 5 2 37.000000 16.730000 0.430000 0.000000 1024.180000 8.790000 341.000000 269 296 97 106 4 2 262 324 104 133 4 2 233 290 107 108 4 2 241 295 106 79 4 8
2014-03-09T15:00:00Z 149 167 92 64 1 60 49.820000 10.820000 0.200000 0.000000 -1.000000 16.000000 160.000000 127 144 76 56 1 51 136 147 70 59 1 60 132 -1 75 56 1 80 140 -1 60 53 1 99
2014-03-09T14:00:00Z 136 158 87 73 2 56 49.530000 8.870000 0.190000 0.000000 1025.540000 6.840000 180.000000 129 145 63 65 1 60 155 174 90 64 2 35 131 143 92 70 2 55 154 164 76 66 2 85
2014-03-09T13:00:00Z 168 179 93 85 2 44 47.930000 13.660000 0.250000 0.000000 1025.540000 13.000000 150.000000 125 132 60 63 1 57 143 159 84 60 1 25 150 172 95 85 2 46 194 -1 98 87 2 67
2014-03-09T12:00:00Z 171 213 105 95 2 26 46.070000 16.140000 0.300000 0.000000 1025.540000 13.000000 150.000000 126 141 54 62 1 56 131 147 77 56 1 21 153 187 89 94 2 40 236 267 124 109 3 41
2014-03-09T11:00:00Z 140 180 106 87 2 9 44.650000 13.020000 0.270000 0.000000 1028.050000 1.840000 230.000000 120 141 52 58 1 47 116 132 69 53 1 16 174 192 87 96 2 26 207 274 116 98 3 26
2014-03-09T10:00:00Z 115 154 100 83 3 4 39.220000 11.940000 0.320000 0.000000 1028.050000 1.840000 230.000000 123 149 55 59 1 36 99 114 66 53 1 11 138 166 80 80 2 14 159 253 101 69 2 20
2014-03-11T20:00:00Z 200 232 161 95 2 5 50.860000 12.810000 0.210000 0.730000 1019.900000 16.610000 29.000000 13 31 97 30 2 2 74 84 63 22 0 30 134 214 106 47 1 17 152 -1 75 52 1 56
2014-03-11T19:00:00Z 214 264 165 94 2 12 53.860000 10.370000 0.170000 0.000000 1019.900000 15.670000 40.000000 124 150 114 41 2 2 164 185 100 60 1 38 186 276 156 87 2 10 184 -1 97 64 2 59
2014-03-11T18:00:00Z 174 210 115 77 2 52 54.820000 11.340000 0.170000 0.000000 1019.900000 12.670000 40.000000 262 299 116 44 2 2 131 157 81 62 1 63 153 244 98 56 1 64 187 222 93 71 2 72
2014-03-11T17:00:00Z 174 210 115 77 2 52 54.460000 21.440000 0.270000 0.080000 1015.520000 6.670000 64.000000 -1 -1 -1 -1 -1 -1 -1 -1 -1 -1 -1 -1 -1 -1 -1 -1 -1 -1 -1 -1 -1 -1 -1 -1
2014-03-11T16:00:00Z 168 191 84 108 1 89 55.140000 21.010000 0.260000 0.000000 1015.520000 6.670000 64.000000 194 234 108 53 2 2 163 190 61 76 1 97 188 289 84 80 1 93 192 -1 75 88 2 92
2014-03-11T15:00:00Z 206 220 101 129 2 69 55.220000 23.500000 0.290000 0.000000 1015.520000 2.000000 330.000000 230 247 102 67 2 2 171 201 63 90 1 96 196 328 88 92 2 86 193 220 92 110 2 72
2014-03-16T06:00:00Z 117 167 117 119 3 2 43.070000 13.120000 0.290000 0.000000 -1.000000 13.000000 100.000000 140 189 83 59 2 6 116 245 103 128 3 2 108 173 105 140 4 4 108 160 111 90 3 11
2014-03-16T05:00:00Z 144 208 126 75 3 2 42.380000 14.780000 0.320000 0.000000 1015.790000 1.510000 23.000000 75 158 71 64 2 15 142 437 -1 65 3 2 112 175 -1 122 3 2 133 198 119 82 3 9
2014-03-16T04:00:00Z 148 244 129 78 3 2 41.140000 16.790000 0.370000 0.000000 1015.790000 13.000000 100.000000 172 238 107 72 3 2 119 273 82 93 3 2 116 168 118 118 3 -1 111 175 -1 95 3 13
2014-03-16T03:00:00Z 115 168 120 103 3 2 43.070000 13.120000 0.290000 0.000000 1015.790000 1.560000 255.000000 260 280 117 80 3 2 119 209 79 98 2 2 117 164 117 127 -1 3 110 140 94 98 3 24
2014-03-16T02:00:00Z 153 203 132 97 3 2 44.630000 14.840000 0.300000 0.000000 1014.910000 1.910000 70.000000 83 177 89 94 2 19 137 224 93 116 3 2 166 207 126 -1 2 2 168 249 137 72 2 7
2014-03-16T01:00:00Z 165 252 140 102 2 2 47.890000 13.170000 0.240000 0.000000 1014.910000 3.980000 156.000000 195 253 106 95 2 6 180 257 116 87 2 2 171 242 135 83 3 2 169 264 144 79 2 7
2014-03-17T17:00:00Z 29 259 20 9 0 66 65.190000 13.980000 0.130000 0.750000 1012.100000 23.790000 320.000000 26 278 21 3 0 68 27 381 11 5 0 75 32 226 18 6 0 72 20 233 14 8 0 84
2014-03-17T16:00:00Z 30 274 17 11 0 71 67.930000 11.860000 0.110000 0.750000 1012.100000 21.650000 291.000000 31 302 19 3 0 71 25 253 10 6 0 78 28 209 12 5 0 78 20 232 13 7 0 85
2014-03-17T15:00:00Z 27 256 17 13 0 72 69.930000 13.330000 0.110000 0.750000 1012.100000 24.710000 291.000000 43 325 18 4 0 77 34 272 10 8 0 80 36 255 11 6 0 80 26 233 13 10 0 84
2014-03-17T14:00:00Z 37 335 16 13 0 71 68.800000 15.140000 0.130000 0.730000 1011.110000 19.230000 286.000000 26 342 17 5 0 76 43 336 10 7 0 77 44 290 15 8 0 74 29 276 14 11 0 82
2014-03-17T13:00:00Z 37 335 16 13 0 71 67.860000 12.450000 0.120000 0.000000 1011.110000 17.680000 290.000000 -1 -1 -1 -1 -1 -1 -1 -1 -1 -1 -1 -1 -1 -1 -1 -1 -1 -1 -1 -1 -1 -1 -1 -1
2014-03-17T12:00:00Z 39 250 30 14 0 54 65.820000 12.870000 0.130000 0.000000 1011.110000 17.730000 270.000000 18 324 4 5 0 60 36 287 17 9 0 65 50 297 30 11 0 53 35 356 16 13 0 76
2014-03-29T01:00:00Z 130 -1 110 21 1 4 50.070000 43.430000 0.780000 0.000000 -1.000000 6.670000 332.000000 12 22 11 6 0 65 120 -1 95 26 1 2 131 -1 99 27 1 4 168 180 98 14 2 6
2014-03-29T00:00:00Z 166 220 131 22 2 2 54.000000 46.140000 0.750000 0.000000 -1.000000 2.000000 140.000000 3 9 14 6 0 66 204 249 120 23 3 2 153 181 121 22 3 2 184 -1 121 15 2 5
2014-03-28T23:00:00Z 162 194 135 26 2 2 53.930000 45.480000 0.730000 0.000000 1011.500000 1.930000 136.000000 63 -1 26 20 0 58 193 251 113 25 2 2 150 170 122 26 2 2 168 221 121 17 2 5
2014-03-28T22:00:00Z 164 208 137 30 2 2 54.890000 46.400000 0.730000 0.000000 1011.500000 3.770000 158.000000 158 168 69 31 2 33 177 199 105 30 2 11 136 173 105 28 2 20 166 209 114 18 2 10
2014-03-28T21:00:00Z 158 197 120 36 2 15 56.820000 45.200000 0.650000 0.000000 1011.500000 2.000000 140.000000 165 203 72 30 2 42 166 193 106 34 2 18 154 170 105 30 2 28 168 216 98 18 2 30
2014-03-28T20:00:00Z 146 210 113 34 2 32 60.400000 45.520000 0.580000 0.020000 1008.460000 4.940000 139.000000 144 230 67 23 2 62 140 176 87 35 2 45 144 152 77 30 2 65 155 232 85 19 2 58
2014-03-31T15:00:00Z 185 -1 117 52 2 73 72.820000 34.840000 0.250000 0.000000 -1.000000 13.000000 180.000000 157 -1 53 36 1 94 222 233 83 65 2 108 205 219 99 55 2 110 189 -1 82 40 2 100
2014-03-31T14:00:00Z 245 318 140 66 3 58 70.870000 38.090000 0.300000 0.100000 1014.440000 7.240000 145.000000 204 237 75 62 2 79 270 319 95 74 3 91 252 279 109 65 3 96 214 263 104 47 2 87
2014-03-31T13:00:00Z 243 313 139 63 3 45 70.180000 41.030000 0.350000 0.000000 1014.440000 7.240000 145.000000 220 296 80 68 3 68 261 315 106 76 3 60 240 266 118 63 3 69 202 252 96 51 2 79
2014-03-31T12:00:00Z 230 316 134 64 3 33 66.250000 40.900000 0.400000 0.000000 1014.440000 9.000000 120.000000 171 261 79 61 2 53 257 316 112 65 3 32 229 271 120 59 3 43 194 279 101 51 2 54
2014-03-31T11:00:00Z 205 371 139 52 2 20 63.950000 40.640000 0.420000 0.090000 1016.920000 3.040000 50.000000 167 231 90 64 2 32 224 293 102 60 3 29 186 258 126 45 2 23 155 268 112 40 2 28
2014-03-31T10:00:00Z 163 271 138 48 2 9 64.220000 41.140000 0.430000 0.000000 1016.920000 11.000000 200.000000 178 245 81 72 2 36 180 242 106 51 2 14 153 190 116 44 2 17 141 235 116 33 2 14
2014-04-01T13:00:00Z 150 -1 115 28 1 73 74.930000 32.810000 0.210000 0.000000 -1.000000 -1.000000 -1.000000 142 -1 36 30 1 117 114 -1 54 27 0 109 137 -1 77 24 1 108 158 159 92 27 1 91
2014-04-01T12:00:00Z 139 -1 104 35 1 61 72.960000 34.560000 0.250000 0.000000 -1.000000 -1.000000 -1.000000 146 148 46 33 1 96 127 -1 58 37 0 84 146 -1 72 33 1 94 148 -1 76 35 0 78
2014-04-01T11:00:00Z 161 -1 102 43 1 49 67.510000 36.490000 0.320000 0.010000 1014.050000 1.530000 95.000000 183 -1 52 34 1 65 168 -1 75 46 1 58 164 -1 74 39 1 74 157 -1 76 31 1 58
2014-04-01T10:00:00Z 206 -1 113 43 1 23 64.140000 42.990000 0.460000 0.000000 1014.050000 1.530000 95.000000 158 186 51 32 1 52 208 -1 67 43 1 49 207 -1 88 39 1 42 149 183 81 15 1 36
2014-04-01T09:00:00Z 205 303 117 28 1 4 63.110000 45.190000 0.520000 0.000000 1014.050000 1.530000 95.000000 171 207 45 21 1 41 164 177 72 28 1 28 176 203 96 28 1 14 149 180 90 8 1 14
2014-04-01T08:00:00Z 205 303 117 28 1 4 54.210000 46.650000 0.760000 0.000000 1015.150000 3.200000 355.000000 -1 -1 -1 -1 -1 -1 -1 -1 -1 -1 -1 -1 -1 -1 -1 -1 -1 -1 -1 -1 -1 -1 -1 -1
2014-04-15T08:00:00Z 192 284 120 10 1 2 65.690000 47.900000 0.530000 0.080000 1020.290000 7.380000 143.000000 208 241 122 8 1 8 163 263 -1 10 1 2 198 285 -1 9 1 2 156 221 122 8 1 3
2014-04-15T07:00:00Z 192 284 120 10 1 2 63.040000 48.270000 0.590000 0.000000 1020.290000 7.000000 150.000000 208 241 122 8 1 8 163 263 -1 10 1 2 198 285 -1 9 1 2 156 221 122 8 1 3
2014-04-15T06:00:00Z 192 284 120 10 1 2 59.000000 46.320000 0.630000 0.000000 1020.290000 3.830000 62.000000 208 241 122 8 1 8 163 263 -1 10 1 2 198 285 -1 9 1 2 156 221 122 8 1 3
2014-04-15T05:00:00Z 192 284 120 10 1 2 60.340000 46.760000 0.610000 0.000000 1017.160000 3.410000 150.000000 208 241 122 8 1 8 163 263 -1 10 1 2 198 285 -1 9 1 2 156 221 122 8 1 3
2014-04-15T04:00:00Z 238 363 137 13 1 2 60.930000 46.370000 0.590000 0.000000 1017.160000 6.870000 141.000000 199 231 79 10 1 39 59 141 80 11 0 2 75 140 84 11 0 -1 173 254 122 9 1 2
2014-04-15T03:00:00Z 308 417 136 15 1 2 59.000000 45.420000 0.610000 0.000000 1017.160000 3.880000 82.000000 249 -1 57 10 1 63 55 94 65 11 0 6 47 69 53 14 -1 51 153 269 122 11 1 3
2014-04-18T20:00:00Z 158 -1 113 25 1 27 56.960000 39.510000 0.520000 0.740000 1020.780000 8.470000 140.000000 204 -1 63 12 1 83 95 118 88 25 1 50 99 -1 73 27 1 76 109 126 88 12 1 54
2014-04-18T19:00:00Z 191 -1 108 14 1 37 58.860000 40.770000 0.510000 0.000000 1020.780000 7.140000 159.000000 200 -1 53 9 1 120 141 162 90 21 1 52 142 -1 96 25 1 57 153 -1 85 9 1 64
2014-04-18T18:00:00Z 202 -1 66 11 1 96 62.710000 45.670000 0.540000 0.000000 1020.780000 10.990000 150.000000 124 147 43 9 1 140 165 180 68 13 1 107 175 -1 46 11 1 144 161 187 54 9 1 141
2014-04-18T17:00:00Z 202 -1 66 11 1 96 65.370000 50.330000 0.580000 0.070000 1018.330000 8.940000 158.000000 -1 -1 -1 -1 -1 -1 -1 -1 -1 -1 -1 -1 -1 -1 -1 -1 -1 -1 -1 -1 -1 -1 -1 -1
2014-04-18T16:00:00Z 202 -1 66 11 1 96 67.680000 51.530000 0.560000 0.000000 1018.330000 13.000000 170.000000 -1 -1 -1 -1 -1 -1 -1 -1 -1 -1 -1 -1 -1 -1 -1 -1 -1 -1 -1 -1 -1 -1 -1 -1
2014-04-18T15:00:00Z 182 -1 66 16 1 98 67.750000 51.600000 0.560000 0.000000 1018.330000 7.220000 140.000000 220 -1 33 12 1 144 111 122 42 14 1 132 159 -1 46 13 1 155 230 -1 98 14 1 101
2014-04-23T19:00:00Z 132 175 61 30 1 90 72.960000 52.000000 0.480000 0.000000 -1.000000 12.770000 268.000000 135 -1 44 26 1 129 126 198 34 33 0 139 113 146 42 27 0 145 142 187 38 25 1 134
2014-04-23T18:00:00Z 151 171 62 39 1 100 74.930000 52.120000 0.450000 0.000000 -1.000000 11.170000 201.000000 185 193 48 34 1 145 141 196 36 44 1 147 141 155 36 42 1 168 167 226 43 29 1 143
2014-04-23T17:00:00Z 162 181 53 36 1 110 74.510000 49.680000 0.420000 0.080000 1006.960000 14.780000 190.000000 162 168 35 28 1 167 164 206 35 39 1 150 161 161 40 41 1 164 111 205 40 32 1 146
2014-04-23T16:00:00Z 157 158 50 31 1 114 77.000000 51.990000 0.420000 0.000000 1006.960000 13.000000 210.000000 196 -1 39 32 1 170 159 171 37 39 1 160 211 -1 34 33 1 175 -1 -1 35 28 1 142
2014-04-23T15:00:00Z 178 158 46 34 1 109 77.000000 52.060000 0.420000 0.000000 1006.960000 12.970000 201.000000 188 209 40 32 1 165 177 186 38 38 1 141 173 -1 40 33 1 158 -1 89 27 36 1 135
2014-04-23T14:00:00Z 171 193 51 34 1 91 76.950000 52.780000 0.430000 0.040000 1008.500000 8.800000 193.000000 176 197 52 31 1 151 202 232 35 36 1 121 171 189 40 33 1 132 192 208 28 37 1 118
2014-05-01T17:00:00Z 158 177 39 39 1 135 72.600000 39.830000 0.310000 0.760000 1005.380000 20.290000 297.000000 93 257 29 20 0 105 162 216 28 37 1 192 176 204 34 35 0 209 146 -1 33 34 1 163
2014-05-01T16:00:00Z 173 215 41 48 1 139 81.040000 54.750000 0.400000 0.000000 1005.380000 13.000000 210.000000 180 247 32 43 1 190 168 227 31 39 1 191 192 196 31 46 1 210 185 240 37 36 1 175
2014-05-01T15:00:00Z 167 219 42 45 1 133 81.110000 56.650000 0.430000 0.000000 1005.380000 11.040000 181.000000 183 234 30 53 1 196 165 209 26 42 1 198 189 203 28 40 0 207 188 257 35 30 1 166
2014-05-01T14:00:00Z 166 218 42 47 1 126 80.890000 55.780000 0.420000 0.090000 1004.990000 10.720000 178.000000 183 229 42 43 1 170 154 188 28 37 0 186 157 175 28 40 0 199 188 270 35 34 1 164
2014-05-01T13:00:00Z 164 202 40 42 1 120 79.180000 58.350000 0.490000 0.000000 1004.990000 11.000000 180.000000 191 240 62 27 1 143 162 203 28 40 0 173 163 178 28 41 1 184 184 263 35 36 1 153
2014-05-01T12:00:00Z 163 239 50 35 1 104 79.110000 58.400000 0.490000 0.000000 1004.990000 10.920000 190.000000 186 238 72 25 1 120 157 210 33 39 0 158 171 207 34 41 0 167 179 270 43 26 1 136
2014-05-07T08:00:00Z 126 147 90 33 1 14 63.060000 44.200000 0.500000 0.000000 1005.580000 8.900000 340.000000 42 64 28 11 0 66 135 227 82 31 1 23 112 178 95 31 1 26 149 219 95 28 2 18
2014-05-07T07:00:00Z 122 170 103 15 1 2 60.930000 46.280000 0.590000 0.000000 1005.580000 11.000000 60.000000 95 124 52 30 1 52 123 199 103 28 1 2 124 197 107 28 1 6 145 222 94 23 2 8
2014-05-07T06:00:00Z 118 171 106 10 1 2 55.140000 46.280000 0.720000 0.000000 1005.580000 2.110000 28.000000 101 123 46 16 1 44 129 189 104 25 1 2 119 183 111 25 2 2 151 191 92 22 2 7
2014-05-07T05:00:00Z 121 147 106 12 2 2 53.770000 45.080000 0.720000 0.000000 1003.180000 4.040000 338.000000 95 116 50 16 1 43 136 194 104 29 2 2 132 174 112 35 2 6 135 178 85 26 2 10
2014-05-07T04:00:00Z 125 137 98 10 2 2 52.250000 46.170000 0.800000 0.000000 1003.180000 1.970000 32.000000 82 102 44 15 1 50 131 204 100 27 2 2 128 169 114 35 2 3 139 177 -1 31 2 8
2014-05-07T03:00:00Z 127 176 103 14 2 2 54.180000 46.130000 0.740000 0.000000 1003.180000 1.700000 0.000000 78 96 43 15 1 58 132 187 104 45 2 2 132 169 114 41 2 2 132 180 100 32 2 11
2014-05-20T07:00:00Z 123 -1 72 13 1 48 72.960000 46.710000 0.390000 0.000000 -1.000000 2.000000 200.000000 28 -1 23 3 0 60 102 -1 39 14 0 70 82 -1 44 11 1 77 164 205 74 9 1 67
2014-05-20T06:00:00Z 178 249 124 9 1 10 69.930000 52.570000 0.540000 0.000000 -1.000000 10.620000 30.000000 68 -1 26 3 1 74 137 -1 38 14 1 90 138 -1 51 14 1 93 162 218 80 9 1 59
2014-05-20T05:00:00Z 176 254 123 9 1 7 66.790000 54.590000 0.650000 0.000000 1003.980000 7.590000 20.000000 117 -1 -1 4 1 99 192 224 80 14 1 58 211 263 99 17 2 34 184 245 64 11 1 70
2014-05-20T04:00:00Z 173 246 118 9 1 15 66.000000 59.090000 0.780000 0.000000 1003.980000 6.690000 30.000000 146 160 32 4 1 113 220 300 107 16 1 15 225 304 85 24 2 43 170 241 61 10 1 74
2014-05-20T03:00:00Z 177 248 106 12 1 26 66.140000 61.130000 0.840000 0.000000 1003.980000 6.690000 30.000000 143 174 143 5 1 7 217 310 92 18 1 25 215 306 107 21 2 34 176 247 67 10 1 51
2014-05-20T02:00:00Z 183 288 130 11 1 16 65.750000 60.070000 0.820000 0.000000 1003.410000 1.310000 20.000000 144 174 54 6 1 113 211 329 107 18 1 30 182 310 132 17 2 29 155 249 76 10 1 39
2014-05-22T13:00:00Z 167 -1 48 37 1 239 95.000000 49.880000 0.220000 0.000000 -1.000000 15.720000 182.000000 -1 287 56 59 3 279 173 -1 40 36 1 258 157 -1 41 28 1 268 -1 5 28 500 0 187
2014-05-22T12:00:00Z 167 -1 48 37 1 239 90.110000 56.660000 0.320000 0.000000 -1.000000 9.000000 200.000000 -1 -1 -1 -1 -1 -1 -1 -1 -1 -1 -1 -1 -1 -1 -1 -1 -1 -1 -1 -1 -1 -1 -1 -1
2014-05-22T11:00:00Z 291 371 113 37 2 115 86.110000 62.920000 0.460000 0.010000 1006.950000 6.620000 175.000000 277 333 50 56 2 176 282 354 78 42 2 150 276 351 101 38 2 144 -1 397 94 500 1 107
2014-05-22T10:00:00Z 278 392 119 57 2 66 82.220000 64.000000 0.540000 0.000000 1006.950000 11.000000 250.000000 270 331 48 58 2 128 290 386 88 36 2 89 272 400 126 36 2 79 -1 403 87 500 1 78
2014-05-22T09:00:00Z 256 387 110 49 2 40 79.180000 63.780000 0.590000 0.000000 1006.950000 11.000000 250.000000 239 320 49 48 2 91 276 392 90 30 2 40 250 368 124 37 2 43 -1 351 85 500 1 46
2014-05-22T08:00:00Z 235 360 111 33 1 14 74.920000 63.260000 0.670000 0.010000 1007.170000 3.500000 70.000000 177 234 63 24 1 57 254 370 88 26 1 16 230 353 127 31 2 14 -1 349 94 500 1 17
2014-05-25T11:00:00Z 116 383 19 5 0 71 79.770000 36.910000 0.210000 0.700000 1006.900000 28.820000 301.000000 97 300 17 2 0 78 155 478 14 2 0 83 140 427 28 2 0 74 115 436 16 2 0 85
2014-05-25T10:00:00Z 144 402 53 7 0 36 78.860000 36.990000 0.220000 0.000000 1006.900000 26.280000 290.000000 155 504 16 4 0 77 199 601 22 2 0 72 130 464 46 3 0 56 132 453 34 6 0 67
2014-05-25T09:00:00Z 144 402 53 7 0 36 75.000000 38.100000 0.260000 0.000000 1006.900000 11.000000 300.000000 -1 -1 -1 -1 -1 -1 -1 -1 -1 -1 -1 -1 -1 -1 -1 -1 -1 -1 -1 -1 -1 -1 -1 -1
2014-05-25T08:00:00Z 124 135 33 9 0 46 74.040000 48.240000 0.400000 0.080000 1007.720000 11.660000 228.000000 136 -1 30 4 0 51 173 -1 23 4 0 68 125 -1 45 6 0 43 149 -1 50 2 1 13
2014-05-25T07:00:00Z 126 135 39 5 0 15 68.000000 65.900000 0.930000 0.000000 1007.720000 1.890000 8.000000 95 97 47 2 2 7 125 -1 38 2 0 20 128 -1 39 2 1 24 127 -1 48 2 1 7
2014-05-25T06:00:00Z 123 135 33 5 0 15 66.000000 63.990000 0.930000 0.000000 1007.720000 2.000000 180.000000 95 -1 46 2 2 2 128 -1 34 2 0 17 135 -1 31 2 1 28 125 -1 31 2 0 16
2014-07-08T10:00:00Z 155 -1 52 20 0 82 89.930000 68.380000 0.490000 0.000000 -1.000000 9.000000 0.000000 15 -1 11 2 0 76 157 -1 37 6 1 95 133 -1 36 2 1 94 122 -1 28 11 0 112
2014-07-08T09:00:00Z 206 247 61 18 1 66 84.070000 71.780000 0.670000 0.000000 -1.000000 7.000000 260.000000 50 -1 13 2 0 76 -1 -1 -1 -1 -1 -1 151 -1 50 11 1 74 208 -1 48 9 1 90
2014-07-08T08:00:00Z 142 166 57 13 1 48 80.530000 70.560000 0.720000 0.060000 1001.880000 5.760000 0.000000 190 -1 32 6 1 87 137 -1 66 2 1 45 141 -1 49 12 1 53 168 197 50 10 1 68
2014-07-08T07:00:00Z 148 151 72 10 1 26 79.180000 71.870000 0.780000 0.000000 1001.880000 3.660000 16.000000 180 -1 26 4 1 85 141 -1 71 3 0 27 138 -1 48 11 1 45 165 166 47 10 1 62
2014-07-08T06:00:00Z 155 151 62 10 1 29 77.180000 72.080000 0.840000 0.000000 1001.880000 4.000000 20.000000 189 -1 42 3 1 68 142 -1 82 2 0 14 145 -1 43 12 1 51 174 -1 38 10 1 67
2014-07-08T05:00:00Z 162 151 51 11 1 47 76.680000 71.650000 0.850000 0.000000 1000.640000 1.730000 11.000000 185 -1 46 5 1 88 152 -1 60 4 0 30 169 -1 39 10 1 55 211 -1 39 11 1 63
2014-07-18T19:00:00Z 119 154 47 9 0 156 90.000000 73.160000 0.580000 0.000000 -1.000000 7.000000 190.000000 173 -1 34 7 2 271 114 -1 40 2 0 176 116 148 23 2 1 198 131 179 26 2 1 218
2014-07-18T18:00:00Z 115 154 42 9 0 160 91.000000 72.010000 0.540000 0.000000 -1.000000 7.000000 210.000000 189 -1 30 8 2 294 93 -1 30 4 0 183 100 106 23 2 1 198 120 -1 23 2 1 216
2014-07-18T17:00:00Z 115 154 42 9 0 160 92.680000 72.260000 0.520000 0.070000 1005.550000 10.270000 186.000000 -1 -1 -1 -1 -1 -1 -1 -1 -1 -1 -1 -1 -1 -1 -1 -1 -1 -1 -1 -1 -1 -1 -1 -1
2014-07-18T16:00:00Z 122 154 34 9 0 158 93.000000 72.150000 0.510000 0.000000 1005.550000 10.270000 186.000000 174 180 29 12 2 300 122 -1 27 4 0 209 108 -1 18 2 1 206 128 129 21 2 1 214
2014-07-18T15:00:00Z 122 154 34 9 0 158 93.070000 72.710000 0.520000 0.000000 1005.550000 10.270000 186.000000 -1 -1 -1 -1 -1 -1 -1 -1 -1 -1 -1 -1 -1 -1 -1 -1 -1 -1 -1 -1 -1 -1 -1 -1
2014-07-18T14:00:00Z 181 154 51 11 1 181 91.070000 74.760000 0.590000 0.050000 1006.040000 4.220000 177.000000 162 169 26 15 1 230 183 -1 49 5 1 210 155 158 42 2 1 226 166 193 40 2 1 212
2014-07-28T12:00:00Z 144 -1 39 18 1 192 92.930000 64.400000 0.390000 0.000000 -1.000000 -1.000000 -1.000000 -1 184 30 8 1 244 145 -1 33 13 1 210 144 -1 25 31 1 210 132 142 28 8 1 225
2014-07-28T11:00:00Z 181 -1 61 11 1 142 90.420000 66.390000 0.450000 0.020000 1004.740000 6.540000 197.000000 -1 167 25 9 1 178 173 -1 55 4 1 156 138 -1 40 14 1 183 159 -1 40 2 1 210
2014-07-28T10:00:00Z 181 -1 61 11 1 142 88.070000 69.720000 0.550000 0.000000 1004.740000 9.000000 260.000000 -1 -1 -1 -1 -1 -1 -1 -1 -1 -1 -1 -1 -1 -1 -1 -1 -1 -1 -1 -1 -1 -1 -1 -1
2014-07-28T09:00:00Z 171 216 61 13 0 62 84.070000 71.780000 0.670000 0.000000 1004.740000 11.000000 250.000000 -1 184 92 8 1 52 179 -1 76 4 0 54 155 173 70 9 1 63 177 227 66 2 1 58
2014-07-28T08:00:00Z 152 216 69 9 0 30 81.260000 71.360000 0.720000 0.020000 1005.710000 4.010000 175.000000 -1 167 100 6 1 32 165 -1 60 3 0 44 144 175 50 8 1 49 170 278 78 2 1 18
2014-07-28T07:00:00Z 151 178 70 8 0 23 79.070000 69.980000 0.740000 0.000000 1005.710000 3.910000 144.000000 -1 152 33 3 1 84 155 -1 45 4 0 44 140 163 35 5 1 54 162 274 82 2 1 13
2014-07-29T12:00:00Z 133 -1 25 8 0 147 91.000000 66.020000 0.440000 0.000000 -1.000000 13.000000 190.000000 16 -1 16 4 0 198 126 -1 20 6 0 171 116 -1 17 4 0 171 142 -1 28 2 0 176
2014-07-29T11:00:00Z 132 -1 34 11 0 128 89.390000 67.890000 0.490000 0.080000 1004.120000 10.500000 198.000000 -1 -1 24 7 0 177 127 -1 24 4 0 164 129 -1 18 6 0 167 142 158 29 2 0 160
2014-07-29T10:00:00Z 132 -1 34 11 0 128 90.000000 69.910000 0.520000 0.000000 1004.120000 10.500000 198.000000 -1 -1 -1 -1 -1 -1 -1 -1 -1 -1 -1 -1 -1 -1 -1 -1 -1 -1 -1 -1 -1 -1 -1 -1
2014-07-29T09:00:00Z 177 204 63 20 0 65 88.000000 71.720000 0.590000 0.000000 1004.120000 10.500000 198.000000 -1 191 47 8 1 87 182 -1 52 4 0 97 167 192 39 16 1 109 172 208 45 2 1 84
2014-07-29T08:00:00Z 177 204 63 20 0 65 83.380000 71.120000 0.670000 0.060000 1004.640000 6.470000 159.000000 -1 -1 -1 -1 -1 -1 -1 -1 -1 -1 -1 -1 -1 -1 -1 -1 -1 -1 -1 -1 -1 -1 -1 -1
2014-07-29T07:00:00Z 161 192 55 11 0 48 81.040000 69.730000 0.690000 0.000000 1004.640000 6.800000 141.000000 -1 -1 -1 -1 -1 -1 170 -1 42 3 0 81 164 183 30 9 1 92 154 217 53 2 1 40
2014-08-03T14:00:00Z 121 191 33 11 1 182 92.510000 74.380000 0.560000 0.100000 999.440000 8.170000 162.000000 84 -1 19 2 0 123 98 -1 26 2 0 229 136 -1 33 2 1 264 102 151 24 2 0 212
2014-08-03T13:00:00Z 124 191 26 13 0 203 93.000000 74.860000 0.560000 0.000000 999.440000 9.000000 120.000000 143 144 18 2 1 213 101 -1 24 3 0 220 132 -1 34 2 1 244 129 -1 26 2 1 271
2014-08-03T12:00:00Z 126 191 32 9 0 163 95.000000 75.040000 0.530000 0.000000 999.440000 9.000000 120.000000 163 166 28 2 1 212 106 -1 27 3 0 183 108 120 29 2 1 206 133 -1 33 2 1 222
2014-08-03T11:00:00Z 123 191 37 6 0 123 92.310000 74.330000 0.560000 0.070000 1001.100000 4.130000 1.000000 169 199 58 2 1 142 101 -1 34 3 0 134 102 -1 34 2 1 158 147 -1 42 2 1 166
2014-08-03T10:00:00Z 123 191 37 6 0 123 91.070000 75.070000 0.600000 0.000000 1001.100000 2.000000 30.000000 -1 -1 -1 -1 -1 -1 -1 -1 -1 -1 -1 -1 -1 -1 -1 -1 -1 -1 -1 -1 -1 -1 -1 -1
2014-08-03T09:00:00Z 161 191 65 8 1 52 88.110000 75.120000 0.660000 0.000000 1001.100000 2.000000 30.000000 168 200 101 2 1 40 108 -1 37 3 0 93 106 -1 43 2 1 106 185 197 56 2 1 90
2014-08-21T21:00:00Z 143 -1 39 19 1 139 77.250000 61.250000 0.580000 0.000000 -1.000000 4.000000 190.000000 106 -1 27 7 0 173 119 -1 42 2 1 139 149 -1 34 17 1 162 -1 -1 -1 -1 -1 -1
2014-08-21T20:00:00Z 166 237 70 16 1 143 77.590000 61.580000 0.580000 0.050000 1006.770000 16.710000 42.000000 153 207 37 9 1 211 158 219 53 4 1 168 176 212 37 25 1 198 -1 -1 -1 -1 -1 -1
2014-08-21T19:00:00Z 146 191 57 12 1 164 84.070000 69.890000 0.630000 0.000000 1006.770000 1.980000 124.000000 158 218 34 9 1 260 139 190 54 4 1 180 150 169 37 17 1 199 -1 -1 -1 -1 -1 -1
2014-08-21T18:00:00Z 153 211 42 9 1 198 86.140000 69.780000 0.580000 0.000000 1006.770000 7.000000 220.000000 168 236 41 10 1 348 141 181 43 6 1 219 141 173 34 12 1 218 -1 -1 -1 -1 -1 -1
2014-08-21T17:00:00Z 163 247 54 14 1 249 90.030000 67.370000 0.480000 0.020000 1004.950000 6.560000 200.000000 131 174 37 11 1 309 139 175 43 8 1 244 141 188 30 12 1 257 167 -1 34 6 1 281
2014-08-21T16:00:00Z 196 288 70 16 1 270 90.040000 68.010000 0.490000 0.000000 1004.950000 6.560000 200.000000 127 132 27 10 1 276 165 227 54 5 1 264 183 205 48 13 1 281 180 263 39 7 1 330
2014-08-30T23:00:00Z 147 -1 73 8 1 19 70.110000 67.950000 0.930000 0.000000 1013.900000 2.040000 3.000000 82 -1 27 4 1 99 107 -1 34 2 0 106 117 -1 27 2 1 107 165 -1 66 2 1 20
2014-08-30T22:00:00Z 150 178 86 8 1 11 72.000000 69.790000 0.930000 0.000000 1013.900000 2.000000 80.000000 112 -1 27 5 1 110 138 -1 59 2 1 48 154 -1 74 4 1 41 158 -1 66 2 2 22
2014-08-30T21:00:00Z 148 170 81 8 1 7 72.000000 69.790000 0.930000 0.000000 1013.900000 2.000000 70.000000 148 -1 38 8 2 69 142 -1 74 2 1 45 163 -1 86 4 1 33 148 158 82 2 2 16
2014-08-30T20:00:00Z 134 149 80 10 1 12 71.490000 67.320000 0.870000 0.110000 1013.120000 3.340000 90.000000 145 148 61 9 2 39 160 -1 83 2 1 39 165 -1 89 4 2 35 151 163 80 2 2 26
2014-08-30T19:00:00Z 139 149 73 12 1 23 72.000000 67.840000 0.870000 0.000000 1013.120000 2.000000 120.000000 140 -1 38 8 2 65 156 -1 79 2 2 48 167 -1 76 6 2 64 147 159 70 2 2 42
2014-08-30T18:00:00Z 144 165 74 12 2 35 72.000000 69.720000 0.930000 0.000000 1013.120000 4.000000 170.000000 137 -1 35 10 2 78 152 -1 68 2 2 70 159 -1 66 7 2 71 141 151 66 2 1 53
2014-09-21T06:00:00Z 117 -1 48 19 2 21 63.960000 57.080000 0.780000 0.000000 -1.000000 2.050000 78.000000 91 97 31 14 2 44 100 -1 57 9 2 23 99 -1 52 23 2 31 156 -1 -1 6 1 -1
2014-09-21T05:00:00Z 173 -1 52 11 1 16 62.780000 56.170000 0.790000 0.000000 1016.130000 2.200000 22.000000 108 111 30 13 2 42 134 -1 67 6 2 9 124 -1 50 15 2 30 182 -1 -1 5 1 -1
2014-09-21T04:00:00Z 186 -1 50 10 1 16 65.890000 57.180000 0.740000 0.000000 1016.130000 4.000000 60.000000 118 127 35 14 2 41 142 144 73 5 2 4 177 -1 49 7 1 31 193 -1 -1 4 1 -1
2014-09-21T03:00:00Z 189 -1 48 7 1 26 65.930000 55.290000 0.690000 0.000000 1016.130000 4.000000 80.000000 147 -1 41 10 2 38 146 -1 71 5 2 5 184 -1 49 6 1 29 209 -1 -1 3 1 -1
2014-09-21T02:00:00Z 212 214 70 7 1 20 64.940000 56.380000 0.740000 0.000000 1014.740000 4.160000 109.000000 189 -1 40 6 1 47 177 -1 62 4 1 19 196 -1 55 5 1 36 219 244 -1 2 1 -1
2014-09-21T01:00:00Z 212 214 70 7 1 20 68.000000 57.270000 0.690000 0.000000 1014.740000 8.900000 119.000000 -1 -1 -1 -1 -1 -1 -1 -1 -1 -1 -1 -1 -1 -1 -1 -1 -1 -1 -1 -1 -1 -1 -1 -1
2014-09-25T22:00:00Z 147 -1 88 9 1 14 62.960000 57.870000 0.830000 0.250000 1014.390000 5.410000 164.000000 131 -1 28 3 1 76 133 -1 88 5 1 28 146 -1 75 3 1 38 185 276 105 2 1 -1
2014-09-25T21:00:00Z 138 149 89 8 1 14 64.200000 59.260000 0.840000 0.170000 1014.560000 4.620000 146.000000 127 -1 31 2 1 77 139 -1 80 6 1 33 146 -1 83 3 1 30 174 -1 87 2 1 -1
2014-09-25T20:00:00Z 148 172 110 9 1 2 65.280000 59.640000 0.820000 0.140000 1014.540000 4.000000 150.000000 142 -1 40 2 1 70 138 -1 100 6 1 19 133 136 78 2 1 38 162 191 72 2 1 -1
2014-09-25T19:00:00Z 142 162 94 7 1 19 66.120000 60.090000 0.810000 0.070000 1014.670000 4.020000 151.000000 152 -1 52 2 1 69 128 133 97 6 1 20 130 -1 63 3 1 58 150 163 58 2 1 -1
2014-09-25T18:00:00Z 135 144 72 11 1 47 68.050000 60.700000 0.770000 0.050000 1014.480000 4.170000 154.000000 154 -1 54 2 1 73 142 151 83 6 1 35 127 -1 47 4 1 89 139 164 48 2 1 -1
2014-09-25T17:00:00Z 153 144 54 13 1 64 69.840000 60.980000 0.740000 0.080000 1014.420000 4.920000 152.000000 170 -1 64 2 1 55 151 -1 59 7 1 64 140 -1 38 5 1 100 145 -1 38 3 1 -1
2014-09-26T23:00:00Z 145 -1 81 9 1 2 61.150000 55.780000 0.830000 0.340000 1013.610000 6.620000 343.000000 58 -1 39 2 1 14 126 -1 94 4 1 2 154 -1 90 4 2 3 174 -1 83 3 2 -1
2014-09-26T22:00:00Z 149 -1 80 10 1 2 61.530000 56.870000 0.850000 0.250000 1013.610000 4.240000 344.000000 83 -1 53 2 1 2 150 -1 101 4 1 2 175 -1 88 4 2 3 193 -1 92 3 2 -1
2014-09-26T21:00:00Z 152 -1 93 10 1 2 61.970000 58.520000 0.880000 0.140000 1013.060000 4.670000 340.000000 100 -1 67 2 1 2 172 -1 108 4 1 2 182 -1 98 5 2 5 198 -1 101 4 2 -1
2014-09-26T20:00:00Z 163 -1 93 9 1 2 62.720000 58.760000 0.870000 0.080000 1012.150000 2.480000 357.000000 117 -1 76 3 2 2 185 -1 115 5 2 2 184 -1 98 4 2 6 189 -1 103 4 2 -1
2014-09-26T19:00:00Z 172 -1 93 10 1 2 65.710000 61.030000 0.850000 0.060000 1011.510000 3.780000 344.000000 132 -1 86 3 2 2 194 -1 93 5 2 14 188 -1 101 5 2 9 185 -1 103 5 2 -1
2014-09-26T18:00:00Z 184 -1 89 11 1 7 67.220000 61.020000 0.810000 0.090000 1010.470000 3.300000 329.000000 112 -1 66 3 1 8 188 -1 81 6 2 28 190 -1 94 8 2 21 186 -1 93 6 1 -1
2014-10-11T18:00:00Z 235 -1 79 7 1 19 66.100000 48.860000 0.540000 0.000000 1023.900000 8.310000 329.000000 33 -1 37 9 0 30 125 -1 -1 -1 -1 -1 206 -1 75 7 1 25 228 -1 78 6 2 51
2014-10-11T17:00:00Z 319 -1 97 8 2 17 66.820000 51.280000 0.570000 0.490000 1022.380000 4.750000 317.000000 238 -1 65 6 1 24 297 -1 -1 -1 -1 -1 283 -1 102 6 2 25 275 -1 97 6 2 46
2014-10-11T16:00:00Z 319 -1 97 8 2 17 68.200000 54.830000 0.620000 0.010000 1021.660000 2.130000 79.000000 -1 -1 -1 -1 -1 -1 -1 -1 -1 -1 -1 -1 -1 -1 -1 -1 -1 -1 -1 -1 -1 -1 -1 -1
2014-10-11T15:00:00Z 316 -1 79 10 1 27 68.790000 54.700000 0.610000 0.010000 1020.980000 2.490000 104.000000 266 -1 57 9 2 53 248 -1 -1 -1 -1 -1 246 -1 75 9 2 53 273 -1 89 6 2 52
2014-10-11T14:00:00Z 316 -1 79 10 1 27 68.890000 54.520000 0.600000 0.380000 1020.320000 0.870000 149.000000 -1 -1 -1 -1 -1 -1 -1 -1 -1 -1 -1 -1 -1 -1 -1 -1 -1 -1 -1 -1 -1 -1 -1 -1
2014-10-11T13:00:00Z 293 -1 98 13 1 19 68.850000 55.450000 0.620000 0.010000 1020.460000 2.660000 172.000000 268 -1 41 6 2 55 256 -1 -1 -1 -1 -1 231 -1 70 16 1 75 307 -1 119 4 2 19
