2014-01-02T13:00:00Z -1 195 156 58 3 -1 45.110000 16.140000 0.310000 0.000000 -1.000000 2.000000 280.000000 91 139 62 95 2 28 110 163 84 103 3 2 94 146 83 99 3 8 114 158 108 103 5 19
2014-01-02T12:00:00Z 145 178 131 52 3 -1 43.110000 15.960000 0.330000 0.000000 -1.000000 4.000000 240.000000 85 107 58 99 2 22 100 161 80 103 3 1 94 144 76 100 3 6 112 155 106 104 5 16
2014-01-02T11:00:00Z 145 178 131 52 3 -1 40.220000 16.140000 0.370000 0.000000 1020.560000 1.400000 74.000000 -1 -1 -1 -1 -1 -1 -1 -1 -1 -1 -1 -1 -1 -1 -1 -1 -1 -1 -1 -1 -1 -1 -1 -1
2014-01-02T10:00:00Z 145 178 131 52 3 -1 37.070000 18.560000 0.470000 0.000000 1020.560000 2.000000 70.000000 -1 -1 -1 -1 -1 -1 -1 -1 -1 -1 -1 -1 -1 -1 -1 -1 -1 -1 -1 -1 -1 -1 -1 -1
2014-01-02T09:00:00Z 145 178 131 52 3 -1 34.000000 19.490000 0.550000 0.000000 1020.560000 6.710000 1.000000 -1 -1 -1 -1 -1 -1 -1 -1 -1 -1 -1 -1 -1 -1 -1 -1 -1 -1 -1 -1 -1 -1 -1 -1
2014-01-02T08:00:00Z 145 178 131 52 3 -1 26.260000 18.100000 0.710000 0.000000 1021.040000 3.250000 0.000000 -1 -1 -1 -1 -1 -1 -1 -1 -1 -1 -1 -1 -1 -1 -1 -1 -1 -1 -1 -1 -1 -1 -1 -1
2014-01-04T11:00:00Z 98 138 71 20 2 -1 31.630000 19.670000 0.610000 0.030000 1024.090000 3.200000 45.000000 99 111 68 65 7 12 106 135 67 62 2 1 113 176 74 43 2 1 98 109 75 46 4 12
2014-01-04T10:00:00Z 83 122 76 17 2 -1 30.250000 23.030000 0.740000 0.000000 1024.090000 2.150000 147.000000 85 110 66 56 7 12 92 129 69 54 2 1 106 -1 73 33 2 1 94 116 81 33 4 10
2014-01-04T09:00:00Z 81 122 78 14 2 -1 28.220000 21.260000 0.750000 0.000000 1024.090000 2.030000 117.000000 95 118 66 59 6 12 84 110 64 48 2 1 97 146 71 26 2 1 89 112 76 26 4 11
2014-01-04T08:00:00Z 68 103 79 13 2 -1 25.900000 17.920000 0.710000 0.300000 1025.280000 1.730000 87.000000 62 84 61 46 7 12 72 107 62 52 2 1 71 118 72 37 2 1 94 118 77 27 5 12
2014-01-04T07:00:00Z 67 91 60 13 2 -1 26.930000 18.960000 0.710000 0.000000 1025.280000 1.930000 74.000000 57 80 57 39 7 12 73 103 63 45 1 1 67 102 70 38 2 1 86 107 76 23 5 11
2014-01-04T06:00:00Z 66 94 67 17 1 -1 23.140000 18.240000 0.810000 0.000000 1025.280000 1.980000 134.000000 58 72 58 41 6 10 74 90 60 31 1 1 62 104 68 24 2 1 80 98 73 20 4 10
2014-01-06T11:00:00Z 109 -1 51 18 1 -1 31.140000 24.230000 0.750000 0.960000 1027.850000 5.810000 152.000000 -1 -1 -1 -1 -1 -1 99 -1 51 54 1 3 96 107 54 34 1 12 129 -1 66 40 3 13
2014-01-06T10:00:00Z 111 113 54 17 1 -1 29.930000 23.130000 0.750000 0.000000 1027.850000 6.680000 149.000000 -1 -1 -1 -1 -1 -1 110 116 55 61 1 1 108 120 58 38 1 4 121 -1 76 46 3 19
2014-01-06T09:00:00Z 106 110 53 16 1 -1 29.820000 23.070000 0.760000 0.000000 1027.850000 6.740000 139.000000 137 139 64 58 -1 2 97 105 53 58 1 1 89 99 53 37 1 5 132 -1 72 35 4 8
2014-01-06T08:00:00Z 107 110 55 15 1 -1 28.080000 21.650000 0.760000 0.960000 1027.690000 5.580000 127.000000 134 -1 66 60 5 3 83 83 46 58 1 5 88 -1 47 35 1 8 126 -1 72 31 4 8
2014-01-06T07:00:00Z 102 110 51 14 1 -1 29.680000 22.930000 0.760000 0.000000 1027.690000 3.720000 140.000000 133 -1 65 51 3 1 88 -1 53 58 1 3 85 -1 44 33 1 11 116 -1 70 27 3 7
2014-01-06T06:00:00Z 96 110 45 13 1 -1 29.750000 23.000000 0.760000 0.000000 1027.690000 3.840000 129.000000 132 -1 65 43 3 1 99 -1 57 57 1 1 94 -1 51 30 1 8 117 -1 73 27 4 7
2014-01-13T16:00:00Z 61 74 86 57 1 -1 34.070000 -7.620000 0.160000 0.000000 -1.000000 1.870000 91.000000 84 100 73 73 1 25 46 53 72 48 1 11 81 110 104 54 1 4 112 144 113 74 2 21
2014-01-13T15:00:00Z 61 74 86 57 1 -1 36.960000 -7.940000 0.140000 0.000000 -1.000000 4.000000 250.000000 -1 -1 -1 -1 -1 -1 -1 -1 -1 -1 -1 -1 -1 -1 -1 -1 -1 -1 -1 -1 -1 -1 -1 -1
2014-01-13T14:00:00Z 65 74 74 90 1 -1 36.410000 -6.470000 0.150000 0.000000 1029.950000 1.540000 163.000000 69 -1 55 66 1 34 66 76 69 62 1 14 59 76 70 49 1 19 49 54 66 62 1 28
2014-01-13T13:00:00Z 65 74 74 90 1 -1 36.000000 -7.190000 0.150000 0.000000 1029.950000 1.540000 163.000000 -1 -1 -1 -1 -1 -1 -1 -1 -1 -1 -1 -1 -1 -1 -1 -1 -1 -1 -1 -1 -1 -1 -1 -1
2014-01-13T12:00:00Z 71 74 72 119 1 -1 34.000000 -5.070000 0.180000 0.000000 1029.950000 1.540000 163.000000 72 -1 63 87 1 22 87 108 73 75 1 9 71 88 74 62 1 9 88 105 96 107 2 18
2014-01-13T11:00:00Z 86 103 83 119 2 -1 29.230000 -0.850000 0.270000 0.000000 1033.040000 1.500000 100.000000 90 -1 72 113 2 11 72 102 63 68 1 9 77 116 80 76 2 2 89 124 100 124 3 17
2014-01-14T21:00:00Z 106 131 91 84 2 -1 21.140000 7.480000 0.550000 0.000000 -1.000000 1.960000 134.000000 110 155 89 74 2 6 81 88 89 53 1 1 93 113 90 55 1 1 132 162 97 87 3 17
2014-01-14T20:00:00Z 96 124 91 80 2 -1 26.090000 6.650000 0.430000 0.000000 1034.250000 1.720000 208.000000 -1 -1 101 88 3 8 86 105 93 57 1 1 86 109 92 52 1 1 126 144 95 76 2 15
2014-01-14T19:00:00Z 94 121 93 76 2 -1 31.820000 5.580000 0.320000 0.000000 1034.250000 2.000000 50.000000 137 -1 106 83 2 7 104 108 95 59 2 1 96 115 94 61 1 1 114 133 94 71 2 16
2014-01-14T18:00:00Z 92 101 90 65 1 -1 31.860000 7.450000 0.350000 0.000000 1034.250000 0.000000 50.000000 -1 -1 109 89 2 6 -1 -1 -1 -1 -1 -1 97 109 91 57 1 2 96 114 90 67 1 20
2014-01-14T17:00:00Z 105 119 94 73 2 -1 33.410000 3.110000 0.270000 0.000000 1033.610000 8.060000 202.000000 81 -1 92 118 1 10 105 134 100 75 2 4 100 121 90 60 2 8 89 103 85 64 1 28
2014-01-14T16:00:00Z 105 119 94 73 2 -1 35.930000 -1.330000 0.200000 0.000000 1033.610000 0.000000 202.000000 -1 -1 -1 -1 -1 -1 -1 -1 -1 -1 -1 -1 -1 -1 -1 -1 -1 -1 -1 -1 -1 -1 -1 -1
2014-01-15T17:00:00Z 78 97 100 60 2 -1 33.720000 -1.700000 0.210000 0.730000 1029.130000 2.470000 152.000000 80 107 77 66 1 13 60 74 90 53 1 3 84 103 102 49 1 5 98 118 124 68 2 15
2014-01-15T16:00:00Z 60 97 86 51 1 -1 36.890000 -6.070000 0.150000 0.000000 1029.130000 3.920000 141.000000 94 113 81 81 1 14 49 50 77 48 1 9 69 90 90 45 1 15 69 77 117 54 2 19
2014-01-15T15:00:00Z 56 97 78 50 1 -1 40.820000 -6.040000 0.130000 0.000000 1029.130000 4.000000 200.000000 121 137 85 94 1 17 46 47 72 47 1 13 52 58 80 36 1 19 59 -1 94 43 1 27
2014-01-15T14:00:00Z 60 97 84 58 1 -1 40.220000 -2.130000 0.160000 0.690000 1029.560000 1.520000 108.000000 -1 167 102 113 2 16 43 -1 59 48 1 20 43 45 68 38 1 24 82 -1 123 64 2 25
2014-01-15T13:00:00Z 57 97 76 66 1 -1 38.890000 -6.120000 0.140000 0.000000 1029.560000 4.000000 230.000000 -1 -1 117 129 3 14 43 -1 49 55 1 22 53 60 79 48 1 13 84 85 111 79 2 26
2014-01-15T12:00:00Z 59 97 74 75 1 -1 38.890000 -5.000000 0.150000 0.000000 1029.560000 9.000000 240.000000 -1 -1 -1 -1 5 10 49 50 58 49 1 16 56 68 75 53 1 9 85 92 116 82 2 20
2014-01-22T16:00:00Z 92 102 150 63 1 6 39.000000 -5.370000 0.150000 0.000000 -1.000000 4.000000 170.000000 112 119 68 72 1 34 114 126 118 69 2 1 106 122 122 67 2 4 96 107 120 69 2 21
2014-01-22T15:00:00Z 96 104 140 65 1 10 42.930000 -7.070000 0.110000 0.000000 -1.000000 7.000000 210.000000 122 130 74 77 1 32 112 126 106 69 2 5 95 106 97 59 1 14 88 -1 102 70 2 29
2014-01-22T14:00:00Z 95 98 121 76 2 12 40.780000 -4.610000 0.140000 0.020000 1021.690000 1.820000 97.000000 111 116 77 90 1 24 98 103 80 64 1 14 100 105 90 57 1 16 85 -1 89 87 1 32
2014-01-22T13:00:00Z 100 98 102 102 2 11 39.000000 -5.580000 0.140000 0.000000 1021.690000 1.820000 97.000000 108 114 77 118 1 19 96 105 70 54 1 16 96 102 84 53 1 15 85 -1 76 76 1 33
2014-01-22T12:00:00Z 92 110 102 111 1 9 36.960000 -3.300000 0.170000 0.000000 1021.690000 1.820000 97.000000 122 134 84 137 2 15 85 107 60 52 1 14 85 95 75 50 1 12 88 89 77 69 2 27
2014-01-22T11:00:00Z 87 94 102 125 1 7 33.090000 -2.840000 0.210000 0.000000 1025.610000 1.510000 21.000000 -1 148 90 110 3 8 73 93 50 48 1 12 83 98 79 53 2 2 89 101 90 75 2 17
2014-01-29T11:00:00Z 95 114 82 81 2 7 31.640000 17.980000 0.560000 0.050000 1014.680000 3.500000 72.000000 81 91 49 104 1 17 92 112 60 99 1 6 88 111 72 101 1 5 80 -1 56 87 1 25
2014-01-29T10:00:00Z 97 123 88 74 2 1 30.220000 18.010000 0.600000 0.000000 1014.680000 9.000000 200.000000 100 110 53 69 2 13 100 139 72 82 2 1 76 106 68 97 1 2 87 90 72 56 2 14
2014-01-29T09:00:00Z 90 121 88 62 2 1 28.220000 19.250000 0.690000 0.000000 1014.680000 7.000000 190.000000 99 125 61 55 2 9 83 110 67 66 2 1 77 99 72 80 2 1 89 101 73 42 2 11
2014-01-29T08:00:00Z 78 100 90 54 3 1 22.340000 15.380000 0.740000 0.040000 1016.140000 3.530000 156.000000 85 102 55 40 2 6 71 102 67 60 2 1 68 100 73 61 2 1 68 78 74 35 2 9
2014-01-29T07:00:00Z 72 92 92 54 2 1 18.320000 12.280000 0.770000 0.000000 1016.140000 1.930000 70.000000 80 88 50 41 1 8 69 88 67 57 2 1 69 91 73 67 2 1 67 -1 75 34 2 8
2014-01-29T06:00:00Z 69 85 92 50 2 1 18.360000 12.260000 0.770000 0.000000 1016.140000 6.610000 0.000000 76 88 56 44 2 6 62 73 64 42 1 1 69 87 72 55 2 1 62 66 76 32 2 8
2014-01-30T18:00:00Z 71 136 112 40 1 35 36.820000 -7.120000 0.150000 -1.000000 -1.000000 4.170000 159.000000 71 114 45 46 1 59 31 52 38 18 0 54 36 64 49 17 0 49 126 163 57 54 1 78
2014-01-30T17:00:00Z 29 72 94 24 0 46 38.580000 -4.480000 0.150000 0.450000 1017.790000 6.700000 173.000000 29 54 33 28 0 62 22 40 33 16 0 57 29 50 39 14 0 57 79 118 42 36 1 84
2014-01-30T16:00:00Z 14 40 98 20 0 42 44.710000 -8.230000 0.100000 0.000000 1017.790000 9.140000 169.000000 17 38 18 12 0 73 15 26 30 12 0 58 22 46 38 13 0 56 52 91 36 28 1 81
2014-01-30T15:00:00Z 14 20 89 18 0 47 45.750000 -9.860000 0.090000 0.000000 1017.790000 16.000000 150.000000 14 41 13 11 0 79 17 21 22 12 0 64 14 21 25 10 0 68 9 17 16 12 0 83
2014-01-30T14:00:00Z 8 8 72 17 0 50 45.320000 -10.730000 0.090000 0.000000 1017.900000 6.430000 141.000000 12 25 13 10 0 78 16 16 16 12 0 70 10 15 20 12 0 72 7 7 8 7 0 88
2014-01-30T13:00:00Z 9 8 62 14 0 54 44.930000 -16.330000 0.070000 0.000000 1017.900000 11.000000 110.000000 11 -1 11 10 0 79 11 -1 14 12 0 70 13 17 22 12 0 65 7 -1 9 7 0 85
2014-01-31T16:00:00Z 106 131 76 62 1 31 36.890000 21.350000 0.530000 0.000000 -1.000000 4.000000 60.000000 89 119 37 74 1 44 119 164 42 65 1 32 122 150 42 53 1 36 82 97 47 69 1 47
2014-01-31T15:00:00Z 94 110 73 75 1 31 36.890000 23.370000 0.580000 0.000000 -1.000000 3.860000 129.000000 95 126 33 68 1 47 95 115 36 63 1 40 103 123 38 59 1 40 81 87 44 73 1 46
2014-01-31T14:00:00Z 82 104 67 74 1 31 36.480000 20.970000 0.530000 0.100000 1018.000000 2.060000 69.000000 101 133 34 68 1 44 83 103 29 63 1 44 76 92 33 64 1 41 80 83 39 75 1 47
2014-01-31T13:00:00Z 80 99 64 68 1 29 36.820000 19.460000 0.490000 0.000000 1018.000000 7.000000 20.000000 120 156 34 67 1 41 55 77 31 68 0 41 69 88 36 67 1 35 66 78 33 75 1 50
2014-01-31T12:00:00Z 73 95 58 72 1 29 36.750000 18.560000 0.470000 0.000000 1018.000000 7.000000 20.000000 129 168 34 72 1 38 58 75 30 67 0 38 66 84 37 77 1 30 69 74 32 88 1 48
2014-01-31T11:00:00Z 76 96 62 70 1 21 34.710000 19.350000 0.530000 0.090000 1020.470000 5.990000 37.000000 132 184 36 79 1 32 61 82 31 66 1 36 68 88 44 79 1 18 78 94 37 70 1 41
2014-02-05T22:00:00Z 112 135 97 69 1 3 27.000000 10.290000 0.490000 0.000000 -1.000000 3.900000 101.000000 121 124 53 54 1 22 139 157 58 65 1 13 108 118 66 60 1 17 132 154 72 68 1 16
2014-02-05T21:00:00Z 103 120 83 56 1 17 25.070000 10.120000 0.520000 0.000000 -1.000000 1.970000 112.000000 114 122 52 53 1 25 78 85 48 54 1 29 97 110 55 50 1 33 108 118 71 70 1 23
2014-02-05T20:00:00Z 86 91 83 59 1 23 26.600000 9.110000 0.470000 0.040000 1028.650000 1.730000 105.000000 131 145 66 73 1 17 79 80 46 60 1 30 79 81 52 53 0 41 108 109 65 76 1 29
2014-02-05T19:00:00Z 93 107 87 83 1 20 27.000000 10.110000 0.480000 0.040000 1028.650000 2.030000 97.000000 117 137 54 62 1 29 86 88 46 67 0 33 82 94 51 67 0 42 104 -1 47 73 1 45
2014-02-05T18:00:00Z 88 91 83 81 1 26 28.000000 9.930000 0.460000 0.040000 1028.650000 2.150000 107.000000 105 125 40 57 1 45 83 92 40 66 0 38 81 92 51 69 0 43 90 -1 38 74 1 56
2014-02-05T17:00:00Z 98 91 78 69 1 32 29.900000 7.880000 0.390000 0.750000 1027.430000 2.680000 136.000000 93 121 38 54 1 49 86 88 33 62 0 45 91 92 45 60 0 49 86 -1 29 60 1 64
2014-02-11T14:00:00Z 96 -1 111 67 1 17 31.970000 1.110000 0.260000 0.010000 1026.440000 6.520000 186.000000 72 -1 44 57 1 59 87 -1 69 56 1 22 100 105 82 59 1 34 115 -1 107 71 2 35
2014-02-11T13:00:00Z 92 -1 91 75 1 18 32.000000 2.630000 0.280000 0.000000 1026.440000 9.000000 250.000000 72 73 49 62 1 46 83 -1 57 55 1 28 81 -1 68 50 1 37 90 -1 95 75 2 34
2014-02-11T12:00:00Z 92 -1 91 75 1 18 30.070000 3.060000 0.310000 0.000000 1026.440000 9.000000 250.000000 -1 -1 -1 -1 -1 -1 -1 -1 -1 -1 -1 -1 -1 -1 -1 -1 -1 -1 -1 -1 -1 -1 -1 -1
2014-02-11T11:00:00Z 94 100 91 123 2 9 27.340000 2.820000 0.340000 0.330000 1029.430000 3.080000 124.000000 79 80 63 65 1 24 76 86 55 69 1 14 64 68 64 54 1 20 71 -1 72 79 1 30
2014-02-11T10:00:00Z 91 97 103 111 3 1 25.180000 3.160000 0.380000 0.000000 1029.430000 9.000000 240.000000 62 -1 51 54 1 23 52 -1 44 54 1 13 58 67 70 68 1 1 68 -1 81 71 2 18
2014-02-11T09:00:00Z 80 102 100 83 3 1 21.140000 5.050000 0.490000 0.000000 1029.430000 6.590000 8.000000 52 59 53 56 1 15 48 -1 48 60 1 3 62 73 73 81 2 1 61 -1 83 49 2 12
2014-02-19T22:00:00Z 112 130 148 39 1 6 29.890000 18.160000 0.610000 0.000000 -1.000000 6.840000 141.000000 64 84 75 46 1 9 121 141 83 44 1 10 98 120 89 39 1 16 102 136 83 35 1 32
2014-02-19T21:00:00Z 72 103 144 28 1 7 31.750000 12.740000 0.450000 0.000000 -1.000000 6.890000 160.000000 61 73 80 48 1 16 102 134 72 35 1 20 88 108 94 34 1 11 78 113 100 38 1 16
2014-02-19T20:00:00Z 28 29 144 20 0 6 27.790000 10.860000 0.480000 0.000000 1029.380000 6.420000 168.000000 50 62 64 35 1 29 39 60 63 17 0 20 33 37 69 18 0 24 66 87 88 27 1 25
2014-02-19T19:00:00Z 27 29 142 17 0 8 33.780000 8.430000 0.340000 0.000000 1029.380000 8.920000 160.000000 35 51 49 29 0 40 31 48 62 15 0 20 25 27 60 14 0 33 36 63 61 23 0 52
2014-02-19T18:00:00Z 22 29 135 15 0 11 35.780000 2.680000 0.240000 0.000000 1029.380000 4.180000 160.000000 19 31 33 18 0 60 24 33 48 14 0 34 23 -1 53 14 0 41 -1 -1 42 17 0 70
2014-02-19T17:00:00Z 17 29 117 15 0 16 38.130000 20.170000 0.480000 0.000000 1027.560000 6.280000 154.000000 16 20 19 10 0 76 17 -1 21 13 0 60 14 -1 37 13 0 57 -1 -1 27 13 0 78
2014-03-01T22:00:00Z 102 138 194 44 1 10 45.500000 5.060000 0.180000 0.000000 -1.000000 8.790000 219.000000 67 92 62 35 1 4 85 123 78 68 1 24 98 126 89 79 1 22 -1 220 109 53 1 22
2014-03-01T21:00:00Z 93 131 194 39 1 16 44.610000 4.030000 0.180000 0.000000 -1.000000 8.900000 199.000000 87 125 86 49 1 4 65 109 64 25 0 41 74 102 81 34 0 36 -1 234 105 42 1 28
2014-03-01T20:00:00Z 64 100 180 21 1 23 44.560000 0.860000 0.160000 0.190000 1021.930000 7.840000 209.000000 74 109 85 44 1 5 47 75 55 16 0 46 52 79 75 19 0 43 82 184 85 29 1 46
2014-03-01T19:00:00Z 45 77 164 15 0 33 47.570000 -0.490000 0.130000 0.000000 1021.930000 9.000000 160.000000 40 71 69 34 1 5 42 68 42 13 0 67 42 58 64 13 0 59 60 110 51 14 0 78
2014-03-01T18:00:00Z 43 72 148 15 0 54 47.680000 -2.630000 0.120000 0.000000 1021.930000 8.920000 217.000000 24 43 35 17 0 11 34 63 35 12 0 76 38 56 51 10 0 81 44 62 32 10 0 97
2014-03-01T17:00:00Z 29 63 119 14 0 58 50.990000 -11.400000 0.070000 0.310000 1020.840000 11.690000 290.000000 17 52 21 17 0 12 20 34 16 10 0 82 24 44 38 8 0 90 43 81 26 11 0 111
2014-03-16T16:00:00Z 104 230 67 79 1 86 62.610000 18.760000 0.180000 0.000000 -1.000000 13.000000 100.000000 10 208 44 69 1 92 110 222 49 61 1 100 113 213 48 62 1 115 108 217 62 67 1 102
2014-03-16T15:00:00Z 89 194 65 81 1 77 62.680000 17.410000 0.170000 0.000000 -1.000000 18.000000 110.000000 3 162 42 58 1 92 96 205 53 71 1 82 96 190 56 71 1 90 92 184 60 67 1 91
2014-03-16T14:00:00Z 79 160 59 71 1 73 62.340000 14.610000 0.150000 0.720000 1014.550000 7.480000 120.000000 37 160 52 62 1 79 80 182 49 60 1 74 81 166 54 65 1 80 83 166 56 62 1 86
2014-03-16T13:00:00Z 81 158 63 71 1 65 60.780000 11.320000 0.140000 0.000000 1014.550000 16.000000 70.000000 63 149 54 62 1 70 78 164 46 56 1 73 79 148 51 60 1 76 79 159 56 62 1 78
2014-03-16T12:00:00Z 68 147 65 75 1 53 60.780000 11.150000 0.140000 0.000000 1014.550000 13.000000 100.000000 50 137 48 67 1 67 79 165 57 64 1 54 71 159 53 61 1 64 68 149 60 63 1 64
2014-03-16T11:00:00Z 64 128 65 76 1 44 60.050000 12.720000 0.150000 0.720000 1017.660000 7.040000 80.000000 64 119 44 66 1 62 69 147 57 66 1 47 71 138 60 66 1 48 62 130 62 63 1 53
2014-03-23T08:00:00Z 113 210 115 44 1 2 50.550000 23.680000 0.350000 0.000000 1026.780000 3.490000 70.000000 99 164 51 35 1 32 132 224 110 43 1 2 116 185 112 49 2 2 107 208 91 30 2 9
2014-03-23T07:00:00Z 111 230 118 31 2 2 43.000000 25.690000 0.500000 0.000000 1026.780000 4.000000 340.000000 95 166 35 30 1 48 111 172 110 32 1 2 103 152 114 34 1 2 108 202 88 23 2 7
2014-03-23T06:00:00Z 101 224 119 29 2 2 41.070000 25.630000 0.540000 0.000000 1026.780000 1.740000 105.000000 88 149 31 29 1 48 107 154 105 32 1 2 95 139 100 40 1 15 118 251 95 27 2 6
2014-03-23T05:00:00Z 107 194 119 30 1 2 41.000000 24.970000 0.530000 0.000000 1025.640000 1.850000 97.000000 86 151 35 30 1 45 105 175 106 38 1 2 89 141 100 34 1 8 126 -1 105 29 2 5
2014-03-23T04:00:00Z 96 187 120 30 1 2 41.070000 21.240000 0.450000 0.000000 1025.640000 1.860000 340.000000 79 139 29 28 1 52 103 164 101 37 1 6 89 144 87 33 1 19 128 -1 114 25 2 6
2014-03-23T03:00:00Z 87 191 110 34 1 5 43.070000 21.480000 0.420000 0.000000 1025.640000 1.940000 62.000000 94 170 50 38 1 43 92 168 96 33 1 8 81 117 86 37 1 22 114 186 121 31 2 6
2014-03-31T02:00:00Z 81 234 143 20 0 2 60.010000 32.410000 0.350000 0.000000 1015.350000 3.890000 132.000000 42 91 60 6 0 23 128 279 81 24 1 39 112 220 90 -1 0 41 91 270 112 17 0 5
2014-03-31T01:00:00Z 62 154 140 14 0 2 62.780000 31.190000 0.300000 0.000000 1015.350000 8.790000 131.000000 35 78 44 5 0 35 91 231 98 21 0 22 72 159 110 16 0 16 90 289 110 14 1 7
2014-03-31T00:00:00Z 50 152 142 12 0 2 62.780000 28.640000 0.270000 0.000000 1015.350000 6.890000 170.000000 32 73 45 5 0 34 60 167 109 14 0 6 58 119 110 10 0 14 -1 -1 121 13 0 7
2014-03-30T23:00:00Z 44 158 138 10 0 2 63.750000 26.570000 0.240000 0.000000 1016.100000 6.890000 160.000000 44 99 84 6 0 9 57 208 122 11 0 2 48 114 113 7 0 14 -1 347 124 11 1 7
2014-03-30T22:00:00Z 38 149 126 9 0 6 65.820000 19.810000 0.170000 0.000000 1016.100000 6.820000 160.000000 44 129 98 5 0 2 50 155 114 13 0 3 39 117 100 6 0 26 61 193 114 13 0 9
2014-03-30T21:00:00Z 25 113 112 7 0 18 69.680000 16.920000 0.130000 0.000000 1016.100000 8.790000 219.000000 40 111 68 4 0 40 40 116 87 9 0 27 31 72 81 3 0 45 42 160 93 14 0 30
2014-03-31T23:00:00Z 105 126 153 13 1 2 54.110000 45.220000 0.720000 0.000000 1015.400000 2.150000 123.000000 162 281 54 8 1 48 151 193 118 13 1 2 121 131 132 10 1 3 114 232 128 11 1 4
2014-03-31T22:00:00Z 78 104 154 14 1 2 55.070000 45.060000 0.690000 0.000000 1015.400000 4.090000 129.000000 44 97 42 8 0 54 124 152 121 16 1 2 86 86 112 12 1 25 123 189 140 12 1 6
2014-03-31T21:00:00Z 78 104 154 14 1 2 55.220000 46.160000 0.710000 0.000000 1015.400000 6.730000 119.000000 -1 -1 -1 -1 -1 -1 -1 -1 -1 -1 -1 -1 -1 -1 -1 -1 -1 -1 -1 -1 -1 -1 -1 -1
2014-03-31T20:00:00Z 78 104 154 14 1 2 58.870000 44.530000 0.590000 0.010000 1014.250000 6.060000 151.000000 -1 -1 -1 -1 -1 -1 -1 -1 -1 -1 -1 -1 -1 -1 -1 -1 -1 -1 -1 -1 -1 -1 -1 -1
2014-03-31T19:00:00Z 73 108 102 15 1 49 63.000000 45.130000 0.520000 0.000000 1014.250000 10.730000 150.000000 29 33 32 9 0 87 54 77 47 17 0 82 74 87 68 13 1 86 85 126 68 11 1 73
2014-03-31T18:00:00Z 35 89 62 13 0 70 67.820000 32.560000 0.270000 0.000000 1014.250000 6.430000 320.000000 3 30 31 8 0 94 6 17 29 14 0 89 33 39 48 11 0 89 72 194 55 13 1 94
2014-04-17T21:00:00Z 110 127 91 17 1 41 58.820000 50.090000 0.730000 0.000000 -1.000000 4.020000 157.000000 120 -1 40 15 1 87 108 133 58 16 1 76 130 -1 64 16 1 80 123 134 78 6 2 63
2014-04-17T20:00:00Z 94 113 82 17 1 56 59.890000 49.830000 0.690000 0.090000 1014.340000 2.440000 140.000000 123 -1 42 15 1 93 127 139 60 19 1 87 104 118 61 17 1 96 116 131 75 7 2 71
2014-04-17T19:00:00Z 86 105 86 20 1 61 58.860000 48.250000 0.680000 0.000000 1014.340000 9.000000 80.000000 114 -1 44 16 1 102 130 147 70 23 1 87 98 122 69 21 1 103 105 133 69 9 2 90
2014-04-17T18:00:00Z 78 92 78 21 1 70 60.860000 50.050000 0.680000 0.000000 1014.340000 11.000000 100.000000 104 -1 39 16 1 114 116 131 68 23 1 89 90 108 69 22 1 107 87 108 58 11 2 112
2014-04-17T17:00:00Z 79 87 66 20 1 78 60.450000 49.760000 0.680000 0.090000 1012.700000 4.250000 148.000000 100 -1 30 16 1 132 83 105 50 24 1 108 85 93 60 22 1 116 103 109 54 13 2 111
2014-04-17T16:00:00Z 79 86 52 28 1 86 62.860000 48.180000 0.590000 0.000000 1012.700000 9.000000 120.000000 104 -1 28 17 1 129 102 114 43 32 1 108 85 97 54 27 1 114 111 -1 52 24 2 105
2014-04-23T07:00:00Z 113 150 78 13 1 2 63.000000 53.830000 0.720000 0.000000 -1.000000 4.030000 134.000000 74 122 48 10 0 48 123 164 46 17 0 34 117 141 54 20 0 36 121 168 69 6 1 9
2014-04-23T06:00:00Z 106 130 58 11 0 17 59.070000 52.220000 0.780000 0.000000 -1.000000 6.960000 142.000000 65 68 28 8 0 72 106 153 40 13 0 41 110 126 44 20 0 49 127 174 77 6 1 4
2014-04-23T05:00:00Z 102 129 59 11 0 22 58.240000 50.830000 0.760000 0.000000 1010.850000 3.790000 155.000000 74 83 -1 7 0 59 105 183 47 15 0 40 105 129 44 18 0 54 128 170 81 5 0 5
2014-04-23T04:00:00Z 85 130 64 11 0 26 61.000000 51.910000 0.720000 0.000000 1010.850000 6.870000 153.000000 66 84 29 7 0 59 113 -1 53 16 0 42 97 126 49 16 0 57 128 178 65 5 0 20
2014-04-23T03:00:00Z 77 132 72 13 0 26 63.000000 50.260000 0.630000 0.000000 1010.850000 6.960000 162.000000 62 72 25 8 0 85 94 -1 58 16 0 46 88 128 41 16 0 73 81 160 59 7 0 25
2014-04-23T02:00:00Z 80 137 69 14 0 34 63.250000 48.840000 0.590000 0.000000 1010.920000 7.980000 164.000000 58 72 23 7 0 86 86 -1 63 18 0 46 81 134 43 16 0 76 84 163 60 8 0 30
2014-04-24T07:00:00Z 106 124 64 14 0 34 63.040000 51.650000 0.660000 0.000000 -1.000000 7.000000 150.000000 93 105 51 7 0 56 114 135 50 13 0 57 107 114 57 19 0 64 116 145 69 6 0 27
2014-04-24T06:00:00Z 104 106 47 10 0 43 61.070000 51.730000 0.710000 0.000000 -1.000000 3.990000 143.000000 105 -1 42 6 0 63 100 112 51 10 0 56 101 104 43 17 0 78 102 117 36 5 0 56
2014-04-24T05:00:00Z 93 98 38 11 0 57 60.290000 51.260000 0.720000 0.000000 1012.940000 2.070000 130.000000 101 -1 40 6 0 67 95 107 -1 10 0 40 82 97 -1 15 0 52 100 108 36 6 0 62
2014-04-24T04:00:00Z 86 87 38 10 0 60 61.000000 51.720000 0.710000 0.000000 1012.940000 4.050000 162.000000 87 91 37 7 0 79 89 110 27 10 0 74 76 91 33 13 0 -1 99 112 33 6 0 66
2014-04-24T03:00:00Z 81 87 40 11 0 62 61.000000 51.770000 0.720000 0.000000 1012.940000 3.980000 161.000000 98 105 39 8 0 86 89 108 29 10 0 81 86 86 31 13 -1 93 96 124 46 6 0 61
2014-04-24T02:00:00Z 80 100 41 11 0 68 60.630000 51.400000 0.720000 0.000000 1012.680000 6.510000 180.000000 88 104 45 8 0 82 87 119 49 12 0 58 85 88 36 -1 0 93 90 125 43 6 0 70
2014-05-01T02:00:00Z 109 167 73 15 0 47 63.600000 53.000000 0.680000 0.000000 1007.750000 3.870000 129.000000 94 132 35 8 0 111 114 180 85 14 0 62 117 182 54 15 0 97 130 230 112 7 1 19
2014-05-01T01:00:00Z 99 167 69 16 0 59 64.140000 53.860000 0.690000 0.000000 1007.750000 6.800000 141.000000 94 135 42 11 0 114 105 194 84 15 0 68 110 147 50 15 0 108 121 217 110 8 1 30
2014-05-01T00:00:00Z 99 167 69 16 0 59 68.000000 52.050000 0.570000 0.000000 1007.750000 6.820000 151.000000 -1 -1 -1 -1 -1 -1 -1 -1 -1 -1 -1 -1 -1 -1 -1 -1 -1 -1 -1 -1 -1 -1 -1 -1
2014-04-30T23:00:00Z 88 165 79 16 0 67 68.070000 52.070000 0.570000 0.000000 1008.000000 8.800000 180.000000 100 157 60 13 1 109 88 147 75 15 0 98 96 167 53 16 0 127 105 196 80 9 0 76
2014-04-30T22:00:00Z 84 163 80 15 0 76 70.070000 49.900000 0.490000 0.000000 1008.000000 7.000000 172.000000 99 166 73 15 1 105 86 144 66 15 0 116 83 135 52 15 0 141 105 176 59 11 0 114
2014-04-30T21:00:00Z 83 164 68 18 0 96 72.040000 49.940000 0.460000 0.000000 1008.000000 7.050000 191.000000 98 168 60 18 0 132 90 157 66 16 0 121 89 144 49 15 0 156 106 213 57 12 0 134
2014-05-15T13:00:00Z 64 231 77 14 0 57 82.000000 35.370000 0.190000 0.000000 -1.000000 4.000000 250.000000 70 184 35 9 0 83 73 221 53 12 0 72 65 244 60 11 0 79 -1 262 54 -1 0 82
2014-05-15T12:00:00Z 61 180 91 16 0 34 81.040000 33.420000 0.180000 0.000000 -1.000000 4.000000 40.000000 53 155 38 13 0 69 54 162 60 13 0 49 50 183 65 11 0 55 -1 -1 85 -1 0 39
2014-05-15T11:00:00Z 43 146 108 17 0 12 78.450000 33.770000 0.200000 0.750000 1001.030000 2.440000 143.000000 35 95 33 9 0 63 42 124 68 10 0 30 58 139 76 12 0 32 60 183 86 -1 0 23
2014-05-15T10:00:00Z 59 130 108 15 0 3 75.000000 35.750000 0.240000 0.750000 1001.030000 4.000000 350.000000 34 80 47 6 0 38 40 128 67 7 0 18 50 137 91 9 0 10 46 96 77 -1 0 19
2014-05-15T09:00:00Z 55 133 105 15 0 2 72.000000 37.100000 0.280000 0.750000 1001.030000 4.000000 350.000000 31 100 58 6 0 15 44 126 66 6 0 13 38 94 84 7 0 9 41 132 82 -1 0 10
2014-05-15T08:00:00Z 50 148 91 16 1 2 65.470000 38.180000 0.370000 0.750000 1002.140000 3.310000 33.000000 33 116 58 7 0 5 45 118 76 10 0 2 46 76 83 7 0 5 50 152 79 -1 0 5
2014-05-21T14:00:00Z 109 196 80 37 1 168 86.180000 54.570000 0.340000 0.010000 1004.090000 8.240000 194.000000 114 150 31 24 1 228 125 210 67 27 1 178 107 204 61 31 1 205 110 225 60 34 1 189
2014-05-21T13:00:00Z 105 159 86 34 1 125 84.220000 56.990000 0.400000 0.000000 1004.090000 8.240000 194.000000 110 140 25 22 1 204 106 168 64 27 1 149 100 173 76 28 1 155 108 190 72 33 1 145
2014-05-21T12:00:00Z 105 159 86 34 1 125 82.220000 55.190000 0.400000 0.000000 1004.090000 8.240000 194.000000 -1 -1 -1 -1 -1 -1 -1 -1 -1 -1 -1 -1 -1 -1 -1 -1 -1 -1 -1 -1 -1 -1 -1 -1
2014-05-21T11:00:00Z 98 164 59 37 1 93 80.990000 56.210000 0.430000 0.000000 1006.230000 4.030000 114.000000 100 142 31 28 1 137 101 145 57 29 1 96 94 126 56 26 1 117 101 159 66 30 1 97
2014-05-21T10:00:00Z 92 133 56 39 1 77 77.000000 54.300000 0.450000 0.000000 1006.230000 4.000000 120.000000 104 140 32 29 1 110 102 167 62 28 1 65 88 148 71 30 1 72 92 140 49 31 1 96
2014-05-21T09:00:00Z 96 132 76 42 1 37 72.960000 55.180000 0.540000 0.000000 1006.230000 4.000000 120.000000 104 122 35 27 1 81 89 156 58 33 1 55 77 137 72 36 1 53 91 119 42 30 1 90
2014-06-16T05:00:00Z 102 -1 60 4 0 25 71.210000 67.030000 0.870000 0.000000 1003.890000 6.010000 153.000000 73 85 31 2 0 79 120 -1 40 2 0 72 136 136 34 3 1 73 101 107 54 2 0 41
2014-06-16T04:00:00Z 102 -1 60 4 0 25 70.110000 65.880000 0.860000 0.000000 1003.890000 1.740000 118.000000 -1 -1 -1 -1 -1 -1 -1 -1 -1 -1 -1 -1 -1 -1 -1 -1 -1 -1 -1 -1 -1 -1 -1 -1
2014-06-16T03:00:00Z 102 -1 60 4 0 25 70.110000 67.740000 0.920000 0.000000 1003.890000 6.840000 182.000000 -1 -1 -1 -1 -1 -1 -1 -1 -1 -1 -1 -1 -1 -1 -1 -1 -1 -1 -1 -1 -1 -1 -1 -1
2014-06-16T02:00:00Z 102 -1 60 4 0 25 71.460000 67.090000 0.860000 0.000000 1003.990000 2.020000 185.000000 -1 -1 -1 -1 -1 -1 -1 -1 -1 -1 -1 -1 -1 -1 -1 -1 -1 -1 -1 -1 -1 -1 -1 -1
2014-06-16T01:00:00Z 104 -1 65 4 1 36 70.180000 67.790000 0.920000 0.000000 1003.990000 11.000000 250.000000 48 -1 34 2 0 87 109 -1 55 2 0 94 102 -1 44 2 1 84 82 83 70 2 1 45
2014-06-16T00:00:00Z 105 107 72 4 1 41 70.250000 67.800000 0.920000 0.000000 1003.990000 1.820000 127.000000 49 -1 28 2 0 111 115 -1 50 2 0 99 120 -1 48 2 1 86 84 -1 55 2 1 72
2014-07-01T09:00:00Z 104 215 94 13 0 37 84.140000 65.990000 0.550000 0.000000 -1.000000 7.000000 180.000000 96 146 42 22 1 112 127 -1 96 16 1 43 102 170 98 19 1 49 99 192 76 2 1 58
2014-07-01T08:00:00Z 106 236 105 12 1 16 81.570000 65.810000 0.590000 0.080000 1006.090000 6.040000 75.000000 85 122 41 18 1 94 114 -1 111 18 1 9 94 149 69 18 1 59 103 182 73 3 1 48
2014-07-01T07:00:00Z 78 166 98 12 0 10 81.110000 65.800000 0.600000 0.000000 1006.090000 6.920000 112.000000 84 124 46 13 1 67 96 -1 70 12 0 37 92 147 54 18 1 58 92 200 74 4 1 35
2014-07-01T06:00:00Z 76 150 97 12 0 7 77.070000 63.870000 0.640000 0.000000 1006.090000 4.000000 100.000000 75 131 47 9 0 65 89 -1 51 12 0 49 87 128 54 14 1 53 85 182 72 4 0 32
2014-07-01T05:00:00Z 70 136 79 14 0 34 74.910000 63.670000 0.680000 0.000000 1005.020000 3.700000 86.000000 61 105 37 6 0 76 77 -1 55 11 0 49 78 114 53 11 0 54 80 173 64 4 0 37
2014-07-01T04:00:00Z 63 121 47 14 0 34 75.140000 62.870000 0.660000 0.000000 1005.020000 3.980000 71.000000 68 123 44 7 0 71 68 -1 44 8 0 67 60 102 43 9 0 73 80 193 94 6 0 22
2014-07-02T21:00:00Z 104 137 70 6 1 46 75.000000 69.900000 0.840000 0.000000 -1.000000 4.100000 139.000000 97 -1 24 2 1 102 119 -1 40 2 0 81 110 -1 35 2 1 90 100 123 44 2 1 89
2014-07-02T20:00:00Z 102 137 60 7 1 74 74.840000 69.540000 0.840000 0.960000 1002.190000 6.620000 115.000000 80 -1 26 2 1 114 100 -1 59 3 0 77 95 -1 35 2 1 101 104 120 39 2 1 113
2014-07-02T19:00:00Z 98 109 76 6 1 68 75.000000 71.860000 0.900000 0.000000 1002.190000 2.070000 90.000000 83 -1 32 2 1 127 89 -1 55 2 0 96 58 73 48 2 1 111 90 105 31 2 1 129
2014-07-02T18:00:00Z 86 109 58 6 1 90 76.930000 70.050000 0.790000 0.000000 1002.190000 7.000000 150.000000 86 -1 26 2 0 142 84 -1 55 2 0 96 -1 69 60 2 1 104 70 -1 25 2 0 134
2014-07-02T17:00:00Z 86 109 58 6 1 90 77.000000 71.420000 0.830000 0.730000 1000.850000 4.380000 170.000000 -1 -1 -1 -1 -1 -1 -1 -1 -1 -1 -1 -1 -1 -1 -1 -1 -1 -1 -1 -1 -1 -1 -1 -1
2014-07-02T16:00:00Z 74 77 60 6 1 74 78.780000 69.850000 0.740000 0.730000 1000.850000 4.380000 170.000000 71 -1 25 2 0 134 78 -1 51 2 1 86 75 -1 56 2 1 99 66 -1 20 2 0 138
2014-07-05T18:00:00Z 53 64 25 15 0 150 85.860000 71.960000 0.630000 0.000000 -1.000000 9.000000 160.000000 64 -1 19 2 0 194 80 -1 32 4 0 158 52 -1 19 2 0 158 61 89 16 2 0 180
2014-07-05T17:00:00Z 60 64 30 15 0 144 87.390000 68.300000 0.530000 0.050000 1005.050000 8.540000 165.000000 83 -1 21 2 0 227 81 -1 28 2 0 170 59 -1 18 2 0 164 72 77 15 2 0 188
2014-07-05T16:00:00Z 72 64 32 13 0 142 87.780000 69.900000 0.560000 0.000000 1005.050000 4.000000 130.000000 112 -1 22 2 0 253 76 -1 22 2 0 172 66 -1 18 2 0 169 72 72 12 2 0 187
2014-07-05T15:00:00Z 72 64 32 13 0 142 87.860000 69.870000 0.550000 0.000000 1005.050000 4.000000 130.000000 -1 -1 -1 -1 -1 -1 -1 -1 -1 -1 -1 -1 -1 -1 -1 -1 -1 -1 -1 -1 -1 -1 -1 -1
2014-07-05T14:00:00Z 62 64 25 14 0 148 87.600000 71.280000 0.590000 0.070000 1006.320000 6.940000 157.000000 199 -1 24 6 1 214 89 -1 25 4 0 203 76 -1 29 2 0 187 72 -1 11 2 0 168
2014-07-05T13:00:00Z 99 64 36 14 0 176 85.860000 72.810000 0.650000 0.000000 1006.320000 9.000000 70.000000 196 -1 24 3 1 203 100 -1 28 5 0 194 98 -1 39 2 0 193 88 -1 16 2 0 183
2014-07-30T08:00:00Z 113 -1 35 4 1 64 74.890000 71.360000 0.890000 0.980000 1005.420000 1.730000 21.000000 50 -1 17 2 0 82 114 -1 31 2 1 79 121 -1 39 2 1 69 99 -1 30 2 1 98
2014-07-30T07:00:00Z 113 -1 35 4 1 64 73.290000 72.130000 0.960000 0.000000 1005.420000 9.000000 100.000000 -1 -1 -1 -1 -1 -1 -1 -1 -1 -1 -1 -1 -1 -1 -1 -1 -1 -1 -1 -1 -1 -1 -1 -1
2014-07-30T06:00:00Z 70 -1 15 7 0 79 73.220000 72.150000 0.960000 0.000000 1005.420000 3.930000 5.000000 69 -1 10 2 0 121 116 -1 24 2 0 92 84 -1 22 2 1 86 62 -1 19 2 0 97
2014-07-30T05:00:00Z 60 -1 19 7 0 71 72.750000 71.550000 0.960000 0.000000 1003.910000 6.070000 12.000000 55 -1 10 2 0 126 98 -1 17 2 0 88 56 -1 21 2 0 88 60 -1 21 2 0 78
2014-07-30T04:00:00Z 60 -1 19 7 0 71 73.220000 72.150000 0.960000 0.000000 1003.910000 7.000000 120.000000 -1 -1 -1 -1 -1 -1 -1 -1 -1 -1 -1 -1 -1 -1 -1 -1 -1 -1 -1 -1 -1 -1 -1 -1
2014-07-30T03:00:00Z 48 -1 16 6 0 83 73.220000 70.010000 0.900000 0.000000 1003.910000 7.000000 170.000000 70 -1 12 2 0 127 38 -1 13 2 0 111 34 -1 10 2 0 120 46 -1 25 2 0 67
2014-08-20T02:00:00Z 97 153 44 -1 0 65 72.540000 65.560000 0.790000 0.000000 1009.840000 1.660000 115.000000 80 97 24 4 0 123 88 135 42 3 0 85 92 108 29 13 0 93 110 183 66 4 1 46
2014-08-20T01:00:00Z 97 153 44 -1 0 65 75.070000 66.060000 0.740000 0.000000 1009.840000 3.830000 142.000000 -1 -1 -1 -1 -1 -1 -1 -1 -1 -1 -1 -1 -1 -1 -1 -1 -1 -1 -1 -1 -1 -1 -1 -1
2014-08-20T00:00:00Z 99 178 59 19 0 82 75.070000 66.060000 0.740000 0.000000 1009.840000 2.000000 220.000000 92 131 34 3 0 129 86 142 42 3 0 111 92 128 36 11 1 115 104 -1 53 6 1 92
2014-08-19T23:00:00Z 92 166 55 22 0 98 77.070000 65.970000 0.690000 0.000000 1010.400000 3.950000 162.000000 92 143 40 3 1 138 84 137 41 5 0 129 88 128 35 14 1 134 102 189 54 4 1 109
2014-08-19T22:00:00Z 90 157 53 20 0 117 77.070000 65.940000 0.690000 0.000000 1010.400000 3.930000 162.000000 85 141 40 4 0 162 89 142 44 4 0 136 91 122 35 13 1 152 98 172 46 5 1 138
2014-08-19T21:00:00Z 82 135 49 17 0 134 79.070000 66.100000 0.650000 0.000000 1010.400000 4.020000 163.000000 75 132 38 4 0 174 86 138 46 3 0 146 79 115 32 10 1 164 90 174 38 4 1 172
2014-08-21T01:00:00Z 111 168 51 16 0 77 77.070000 66.100000 0.690000 0.000000 -1.000000 1.980000 154.000000 102 139 47 9 1 92 110 146 65 3 0 80 107 126 30 12 1 115 116 179 50 3 1 69
2014-08-21T00:00:00Z 101 146 44 17 0 102 77.070000 66.100000 0.690000 0.000000 -1.000000 3.910000 142.000000 95 133 39 11 1 119 109 130 58 4 0 99 106 126 29 12 1 131 110 194 70 4 1 66
2014-08-20T23:00:00Z 101 146 44 17 0 102 80.860000 65.890000 0.610000 0.000000 1007.800000 3.970000 141.000000 -1 -1 -1 -1 -1 -1 -1 -1 -1 -1 -1 -1 -1 -1 -1 -1 -1 -1 -1 -1 -1 -1 -1 -1
2014-08-20T22:00:00Z 89 143 52 15 0 111 81.000000 65.780000 0.600000 0.000000 1007.800000 3.910000 114.000000 116 163 39 16 1 163 94 142 62 4 0 103 91 114 31 10 0 143 92 152 36 6 0 129
2014-08-20T21:00:00Z 90 129 50 20 0 132 81.000000 65.780000 0.600000 0.000000 1007.800000 4.050000 152.000000 118 180 40 23 1 193 93 124 55 5 0 133 83 105 28 11 0 158 99 171 48 7 1 138
2014-08-20T20:00:00Z 101 164 48 23 1 162 81.850000 66.100000 0.590000 0.720000 1007.010000 3.920000 151.000000 112 158 39 26 1 230 99 144 49 7 0 174 94 120 30 16 1 186 115 220 47 12 1 173
2014-08-30T02:00:00Z 96 143 111 -1 0 2 71.320000 67.210000 0.870000 0.000000 1015.950000 3.560000 73.000000 87 -1 26 5 1 97 115 159 131 2 1 2 99 -1 62 3 1 47 75 155 85 2 1 23
2014-08-30T01:00:00Z 96 143 111 -1 0 2 72.040000 67.910000 0.870000 0.000000 1015.950000 3.880000 62.000000 -1 -1 -1 -1 -1 -1 -1 -1 -1 -1 -1 -1 -1 -1 -1 -1 -1 -1 -1 -1 -1 -1 -1 -1
2014-08-30T00:00:00Z 80 120 86 8 0 30 73.000000 69.890000 0.900000 0.000000 1015.950000 3.910000 71.000000 72 -1 26 2 0 106 125 164 95 2 0 36 87 -1 54 4 1 72 87 146 75 3 1 47
2014-08-29T23:00:00Z 77 121 83 8 0 42 73.070000 69.890000 0.900000 0.000000 1015.800000 3.890000 71.000000 78 81 31 2 1 108 124 159 94 2 1 41 95 -1 51 3 1 82 88 139 68 3 1 65
2014-08-29T22:00:00Z 73 130 98 5 1 36 73.070000 69.890000 0.900000 0.000000 1015.800000 1.980000 158.000000 67 72 36 2 0 113 122 163 96 2 1 49 81 111 66 3 1 78 81 164 93 4 1 46
2014-08-29T21:00:00Z 70 130 78 6 0 65 72.110000 69.810000 0.920000 0.000000 1015.800000 2.000000 100.000000 82 100 48 2 1 119 120 159 80 2 1 82 89 -1 60 4 1 100 75 139 64 3 1 93
2014-09-22T09:00:00Z 86 104 70 19 2 2 68.250000 63.100000 0.840000 0.000000 -1.000000 9.000000 130.000000 79 94 38 13 1 35 102 138 84 9 3 4 89 105 70 18 2 20 85 94 67 7 2 -1
2014-09-22T08:00:00Z 86 104 70 19 2 2 67.430000 62.650000 0.850000 0.950000 1019.400000 1.880000 69.000000 -1 -1 -1 -1 -1 -1 -1 -1 -1 -1 -1 -1 -1 -1 -1 -1 -1 -1 -1 -1 -1 -1 -1 -1
2014-09-22T07:00:00Z 68 104 51 14 1 10 68.000000 60.990000 0.780000 0.000000 1019.400000 1.980000 89.000000 84 90 34 11 1 33 87 92 62 6 2 11 74 -1 54 11 1 20 70 -1 -1 6 1 -1
2014-09-22T06:00:00Z 80 104 54 15 0 9 68.000000 60.950000 0.780000 0.000000 1019.400000 2.000000 60.000000 69 -1 21 9 1 53 74 -1 47 5 1 24 75 -1 48 9 1 27 76 87 -1 6 1 -1
2014-09-22T05:00:00Z 68 71 60 14 1 8 67.190000 60.760000 0.800000 0.000000 1018.310000 3.580000 91.000000 62 -1 18 8 0 60 73 -1 37 5 0 30 76 -1 58 11 1 20 83 89 -1 5 1 -1
2014-09-22T04:00:00Z 81 71 77 13 1 2 68.000000 60.950000 0.780000 0.000000 1018.310000 2.000000 90.000000 84 86 26 9 1 51 78 -1 54 7 0 16 72 -1 62 12 1 25 102 118 -1 4 0 -1
2014-09-25T08:00:00Z 83 146 62 8 1 2 62.230000 59.390000 0.900000 0.010000 1018.730000 1.610000 70.000000 52 56 35 2 0 6 88 140 68 6 1 2 92 110 66 2 1 2 67 108 56 2 1 -1
2014-09-25T07:00:00Z 83 146 62 8 1 2 60.530000 58.130000 0.920000 0.000000 1018.650000 1.440000 67.000000 -1 -1 -1 -1 -1 -1 -1 -1 -1 -1 -1 -1 -1 -1 -1 -1 -1 -1 -1 -1 -1 -1 -1 -1
2014-09-25T06:00:00Z 44 55 54 7 0 2 57.510000 56.460000 0.960000 0.000000 1018.300000 0.370000 99.000000 52 -1 31 2 0 6 68 96 70 7 1 2 73 76 63 2 1 2 73 91 53 2 1 -1
2014-09-25T05:00:00Z 60 60 53 7 1 2 54.930000 54.300000 0.980000 0.010000 1017.590000 0.480000 101.000000 46 -1 31 2 0 6 75 -1 68 7 1 2 89 -1 53 2 1 2 69 79 53 2 1 -1
2014-09-25T04:00:00Z 72 76 56 9 1 2 55.130000 54.080000 0.960000 0.010000 1017.840000 0.760000 165.000000 52 -1 35 2 0 5 79 -1 62 6 1 2 95 -1 58 2 1 2 92 115 59 2 1 -1
2014-09-25T03:00:00Z 86 76 59 8 1 2 55.840000 55.360000 0.980000 0.010000 1017.770000 1.900000 194.000000 50 -1 29 2 0 12 87 -1 69 5 1 2 86 92 61 3 1 2 99 127 62 2 1 -1
2014-09-26T08:00:00Z 112 -1 71 16 1 2 62.870000 59.310000 0.880000 0.100000 1011.830000 5.270000 137.000000 109 -1 54 6 1 11 115 -1 80 8 1 2 115 -1 64 10 1 11 107 116 60 7 1 -1
2014-09-26T07:00:00Z 102 107 70 11 1 2 61.640000 58.840000 0.910000 0.080000 1012.310000 3.730000 135.000000 105 -1 54 5 1 9 101 -1 74 8 1 2 107 -1 64 12 1 11 101 117 64 5 1 -1
2014-09-26T06:00:00Z 95 107 67 10 1 2 59.740000 57.860000 0.940000 0.080000 1012.290000 4.350000 132.000000 96 -1 52 6 1 13 104 -1 56 6 1 13 108 -1 60 9 1 12 97 -1 65 4 1 -1
2014-09-26T05:00:00Z 86 107 47 12 1 18 58.750000 57.090000 0.940000 0.080000 1012.230000 3.480000 133.000000 77 -1 35 6 1 36 105 -1 46 7 1 21 95 -1 57 7 1 17 92 -1 52 4 0 -1
2014-09-26T04:00:00Z 82 107 45 14 1 29 58.920000 57.060000 0.940000 0.110000 1012.690000 2.760000 148.000000 77 -1 37 7 1 41 95 -1 41 8 0 26 86 -1 60 7 1 20 88 96 58 4 0 -1
2014-09-26T03:00:00Z 74 107 50 12 1 26 59.260000 57.140000 0.930000 0.130000 1013.080000 2.560000 168.000000 89 -1 53 6 1 27 82 -1 36 6 0 37 79 -1 57 8 1 31 92 -1 60 4 0 -1
2014-10-07T13:00:00Z 106 129 106 19 1 46 67.860000 46.010000 0.450000 0.000000 1018.880000 4.070000 151.000000 87 113 34 14 1 99 110 142 91 18 1 30 119 125 78 18 1 45 85 113 58 12 0 80
2014-10-07T12:00:00Z 91 131 103 19 1 29 65.100000 45.150000 0.480000 0.000000 1019.560000 3.030000 149.000000 85 109 42 13 1 79 97 136 74 16 1 23 102 118 70 17 1 33 77 117 72 10 0 42
2014-10-07T11:00:00Z 80 124 113 14 0 2 61.830000 44.330000 0.530000 0.000000 1020.220000 1.960000 141.000000 84 122 67 7 0 18 66 98 53 11 0 20 70 90 67 16 1 10 70 122 66 8 0 18
2014-10-07T10:00:00Z 80 124 113 14 0 2 58.410000 43.360000 0.570000 0.000000 1020.760000 1.200000 116.000000 84 122 67 7 0 18 66 98 53 11 0 20 70 90 67 16 1 10 70 122 66 8 0 18
2014-10-07T09:00:00Z 80 124 113 14 0 2 55.050000 42.280000 0.620000 0.000000 1021.210000 1.030000 72.000000 -1 -1 -1 -1 -1 -1 -1 -1 -1 -1 -1 -1 -1 -1 -1 -1 -1 -1 -1 -1 -1 -1 -1 -1
2014-10-07T08:00:00Z 80 124 113 14 0 2 52.330000 41.430000 0.660000 0.000000 1021.460000 1.160000 46.000000 -1 -1 -1 -1 -1 -1 -1 -1 -1 -1 -1 -1 -1 -1 -1 -1 -1 -1 -1 -1 -1 -1 -1 -1
